105373265
94025
112268252
2122
113218482
201625
11148
102723849
79098
4057
26226
