1381
284111
2125
11081
1515
246
56896
160728
114569
27134
100419743
5225
