Interaction,name,Pearson,selected,shared interaction,shared name,Weight
100652781,6332,0.8945397725458354,false,100652781,6332,0.8945397725458354
100652781,105180391,0.8366597108044038,false,100652781,105180391,0.8366597108044038
100652781,2277,0.8479824589074872,false,100652781,2277,0.8479824589074872
100652781,113218482,0.9191522910928959,false,100652781,113218482,0.9191522910928959
100652781,120892,0.8516441017935003,false,100652781,120892,0.8516441017935003
100652781,8091,0.8665660239253264,false,100652781,8091,0.8665660239253264
100652781,11148,0.9218822317949268,false,100652781,11148,0.9218822317949268
100652781,5349,0.8879270381943365,false,100652781,5349,0.8879270381943365
100652781,388743,0.9115834565960911,false,100652781,388743,0.9115834565960911
100652781,102466759,0.858090372805749,false,100652781,102466759,0.858090372805749
100652781,105180390,0.8443974271714252,false,100652781,105180390,0.8443974271714252
100652781,163131,0.8404480974183375,false,100652781,163131,0.8404480974183375
100652781,6523,0.9210680924680247,false,100652781,6523,0.9210680924680247
100652781,1577,0.8334054854170421,false,100652781,1577,0.8334054854170421
100652781,102724057,0.8465429875165434,false,100652781,102724057,0.8465429875165434
100652781,131873,0.876965949686324,false,100652781,131873,0.876965949686324
100652781,503640,0.9101718962685635,false,100652781,503640,0.9101718962685635
100652781,79098,0.8848786995882557,false,100652781,79098,0.8848786995882557
100652781,4057,0.8885301405019956,false,100652781,4057,0.8885301405019956
100652781,200879,0.8953261704370599,false,100652781,200879,0.8953261704370599
100652781,440352,0.9883456485351306,false,100652781,440352,0.9883456485351306
100652781,284323,0.8007456242463725,false,100652781,284323,0.8007456242463725
100652781,4680,0.8950291985755554,false,100652781,4680,0.8950291985755554
100652781,389852,0.8223446903771423,false,100652781,389852,0.8223446903771423
100652781,112268422,0.881708003960298,false,100652781,112268422,0.881708003960298
100652781,3856,0.9110561412538111,false,100652781,3856,0.9110561412538111
100652781,105373265,0.9150110521943129,false,100652781,105373265,0.9150110521943129
100652781,284434,0.7828960936623905,false,100652781,284434,0.7828960936623905
100652781,5346,0.8390880432612229,false,100652781,5346,0.8390880432612229
100652781,645843,0.8721836891004019,false,100652781,645843,0.8721836891004019
100652781,102723849,0.8955870613655686,false,100652781,102723849,0.8955870613655686
100652781,503645,0.8754755065897591,false,100652781,503645,0.8754755065897591
100652781,5545,0.8106561334409889,false,100652781,5545,0.8106561334409889
100652781,388555,0.8401364447449423,false,100652781,388555,0.8401364447449423
100652781,306,0.8611826969220702,false,100652781,306,0.8611826969220702
100652781,728643,0.8167394288014227,false,100652781,728643,0.8167394288014227
100652781,6337,0.9167110515038076,false,100652781,6337,0.9167110515038076
100652781,641776,0.789189089990759,false,100652781,641776,0.789189089990759
100652781,105372793,0.9191834898782287,false,100652781,105372793,0.9191834898782287
100652781,201625,0.8970641927601074,false,100652781,201625,0.8970641927601074
100652781,112268252,0.9239989573285072,false,100652781,112268252,0.9239989573285072
100652781,2327,0.8236342273885718,false,100652781,2327,0.8236342273885718
780,105180391,0.7338070036667664,false,780,105180391,0.7338070036667664
780,2277,0.7256154285476182,false,780,2277,0.7256154285476182
780,113218482,0.7088408498345993,false,780,113218482,0.7088408498345993
780,120892,0.7192732180643133,false,780,120892,0.7192732180643133
780,11148,0.7293506827757614,false,780,11148,0.7293506827757614
780,541473,0.74100168280288,false,780,541473,0.74100168280288
780,5349,0.7873791965471768,false,780,5349,0.7873791965471768
780,388743,0.7060011711896443,false,780,388743,0.7060011711896443
780,102466759,0.7860780562093168,false,780,102466759,0.7860780562093168
780,105180390,0.7373290998462529,false,780,105180390,0.7373290998462529
780,163131,0.7212508229287982,false,780,163131,0.7212508229287982
780,285989,0.7667907463290199,false,780,285989,0.7667907463290199
780,1577,0.718660516037396,false,780,1577,0.718660516037396
780,131873,0.8046455606922467,false,780,131873,0.8046455606922467
780,503640,0.7320649583833533,false,780,503640,0.7320649583833533
780,284323,0.7880591370471175,false,780,284323,0.7880591370471175
780,102723849,0.7400038707850819,false,780,102723849,0.7400038707850819
780,503645,0.7610426644523279,false,780,503645,0.7610426644523279
780,5545,0.7518737582488896,false,780,5545,0.7518737582488896
780,6337,0.7265656600615233,false,780,6337,0.7265656600615233
780,641776,0.7346997884101819,false,780,641776,0.7346997884101819
780,105372793,0.7030751433780892,false,780,105372793,0.7030751433780892
780,201625,0.7169588716073279,false,780,201625,0.7169588716073279
780,112268252,0.7021399184413682,false,780,112268252,0.7021399184413682
6332,105180391,0.9007191730866649,false,6332,105180391,0.9007191730866649
6332,2277,0.892332859017841,false,6332,2277,0.892332859017841
6332,113218482,0.9391198580465239,false,6332,113218482,0.9391198580465239
6332,120892,0.9092943454396308,false,6332,120892,0.9092943454396308
6332,8091,0.8809771347077772,false,6332,8091,0.8809771347077772
6332,11148,0.9424040879365144,false,6332,11148,0.9424040879365144
6332,541473,0.7227833188242091,false,6332,541473,0.7227833188242091
6332,5349,0.9024152059339742,false,6332,5349,0.9024152059339742
6332,388743,0.9234801594285479,false,6332,388743,0.9234801594285479
6332,102466759,0.8112292079566239,false,6332,102466759,0.8112292079566239
6332,105180390,0.8985008890770301,false,6332,105180390,0.8985008890770301
6332,163131,0.802227602932202,false,6332,163131,0.802227602932202
6332,6523,0.9153388012099631,false,6332,6523,0.9153388012099631
6332,1577,0.8495070510456759,false,6332,1577,0.8495070510456759
6332,102724057,0.8337199560998177,false,6332,102724057,0.8337199560998177
6332,131873,0.8911906995201949,false,6332,131873,0.8911906995201949
6332,503640,0.8850981747954327,false,6332,503640,0.8850981747954327
6332,79098,0.9302932048167627,false,6332,79098,0.9302932048167627
6332,4057,0.9399106558459537,false,6332,4057,0.9399106558459537
6332,200879,0.9367784872757086,false,6332,200879,0.9367784872757086
6332,440352,0.8619523804057438,false,6332,440352,0.8619523804057438
6332,284323,0.7546804109346129,false,6332,284323,0.7546804109346129
6332,4680,0.9411236172767785,false,6332,4680,0.9411236172767785
6332,389852,0.888486390628611,false,6332,389852,0.888486390628611
6332,112268422,0.9455560468750929,false,6332,112268422,0.9455560468750929
6332,3856,0.9364130891568064,false,6332,3856,0.9364130891568064
6332,105373265,0.9111615165856249,false,6332,105373265,0.9111615165856249
6332,284434,0.9104247259506816,false,6332,284434,0.9104247259506816
6332,5346,0.9205158271088644,false,6332,5346,0.9205158271088644
6332,645843,0.9485703846248712,false,6332,645843,0.9485703846248712
6332,102723849,0.928032597402167,false,6332,102723849,0.928032597402167
6332,503645,0.9240665111509949,false,6332,503645,0.9240665111509949
6332,5545,0.871814497069951,false,6332,5545,0.871814497069951
6332,388555,0.9075462872790065,false,6332,388555,0.9075462872790065
6332,306,0.9050932730814902,false,6332,306,0.9050932730814902
6332,728643,0.8987732114572744,false,6332,728643,0.8987732114572744
6332,6337,0.9371511735479175,false,6332,6337,0.9371511735479175
6332,641776,0.8647302222162576,false,6332,641776,0.8647302222162576
6332,105372793,0.9519066399321474,false,6332,105372793,0.9519066399321474
6332,201625,0.8888935699125465,false,6332,201625,0.8888935699125465
6332,112268252,0.9533844065933293,false,6332,112268252,0.9533844065933293
6332,2327,0.8076880289541601,false,6332,2327,0.8076880289541601
105180391,2277,0.8832410032834682,false,105180391,2277,0.8832410032834682
105180391,113218482,0.9212452488818037,false,105180391,113218482,0.9212452488818037
105180391,120892,0.8807152679137551,false,105180391,120892,0.8807152679137551
105180391,8091,0.8534564604966562,false,105180391,8091,0.8534564604966562
105180391,11148,0.9264513516746009,false,105180391,11148,0.9264513516746009
105180391,541473,0.8292854241873981,false,105180391,541473,0.8292854241873981
105180391,5349,0.9182534899660113,false,105180391,5349,0.9182534899660113
105180391,388743,0.9050912060007839,false,105180391,388743,0.9050912060007839
105180391,102466759,0.88330768757766,false,105180391,102466759,0.88330768757766
105180391,105180390,0.993363836277284,false,105180391,105180390,0.993363836277284
105180391,163131,0.8378264656614561,false,105180391,163131,0.8378264656614561
105180391,285989,0.7767638295512039,false,105180391,285989,0.7767638295512039
105180391,6523,0.9134337222148763,false,105180391,6523,0.9134337222148763
105180391,1577,0.8692039136105087,false,105180391,1577,0.8692039136105087
105180391,102724057,0.8170799224604935,false,105180391,102724057,0.8170799224604935
105180391,131873,0.9540293037461155,false,105180391,131873,0.9540293037461155
105180391,503640,0.874884790205554,false,105180391,503640,0.874884790205554
105180391,79098,0.9178744968213094,false,105180391,79098,0.9178744968213094
105180391,4057,0.9137037028571878,false,105180391,4057,0.9137037028571878
105180391,200879,0.9317109075310827,false,105180391,200879,0.9317109075310827
105180391,440352,0.8082192573471035,false,105180391,440352,0.8082192573471035
105180391,284323,0.8157752644867478,false,105180391,284323,0.8157752644867478
105180391,4680,0.9022620475123817,false,105180391,4680,0.9022620475123817
105180391,389852,0.8390806452305379,false,105180391,389852,0.8390806452305379
105180391,112268422,0.923352782217868,false,105180391,112268422,0.923352782217868
105180391,3856,0.9125179369784081,false,105180391,3856,0.9125179369784081
105180391,105373265,0.8832943272365309,false,105180391,105373265,0.8832943272365309
105180391,284434,0.9036650199284866,false,105180391,284434,0.9036650199284866
105180391,5346,0.8797885456946464,false,105180391,5346,0.8797885456946464
105180391,645843,0.8755832886106301,false,105180391,645843,0.8755832886106301
105180391,102723849,0.9743278005747508,false,105180391,102723849,0.9743278005747508
105180391,503645,0.910988444883706,false,105180391,503645,0.910988444883706
105180391,5545,0.9074603510225385,false,105180391,5545,0.9074603510225385
105180391,388555,0.8794139110977879,false,105180391,388555,0.8794139110977879
105180391,306,0.8983175238607233,false,105180391,306,0.8983175238607233
105180391,728643,0.9034518324889458,false,105180391,728643,0.9034518324889458
105180391,6337,0.9088078882196943,false,105180391,6337,0.9088078882196943
105180391,641776,0.9938826970247349,false,105180391,641776,0.9938826970247349
105180391,105372793,0.9325766546591574,false,105180391,105372793,0.9325766546591574
105180391,201625,0.916916646146274,false,105180391,201625,0.916916646146274
105180391,112268252,0.9266183340607995,false,105180391,112268252,0.9266183340607995
105180391,2327,0.8409796105714064,false,105180391,2327,0.8409796105714064
2277,113218482,0.9324310867069933,false,2277,113218482,0.9324310867069933
2277,120892,0.890395524273947,false,2277,120892,0.890395524273947
2277,8091,0.8171614136817573,false,2277,8091,0.8171614136817573
2277,11148,0.922612107392629,false,2277,11148,0.922612107392629
2277,541473,0.7959406682064903,false,2277,541473,0.7959406682064903
2277,5349,0.9483407028064871,false,2277,5349,0.9483407028064871
2277,388743,0.9180001344600793,false,2277,388743,0.9180001344600793
2277,102466759,0.8381697494671394,false,2277,102466759,0.8381697494671394
2277,105180390,0.8707900150212516,false,2277,105180390,0.8707900150212516
2277,163131,0.8196632164310208,false,2277,163131,0.8196632164310208
2277,285989,0.7052442842121691,false,2277,285989,0.7052442842121691
2277,6523,0.939807727969286,false,2277,6523,0.939807727969286
2277,1577,0.7773675289857134,false,2277,1577,0.7773675289857134
2277,102724057,0.8283962453920982,false,2277,102724057,0.8283962453920982
2277,131873,0.877549013494925,false,2277,131873,0.877549013494925
2277,503640,0.8870074472110435,false,2277,503640,0.8870074472110435
2277,79098,0.9013875228012452,false,2277,79098,0.9013875228012452
2277,4057,0.91155497021683,false,2277,4057,0.91155497021683
2277,200879,0.9052130193161829,false,2277,200879,0.9052130193161829
2277,440352,0.8401577280482901,false,2277,440352,0.8401577280482901
2277,284323,0.8047760185623464,false,2277,284323,0.8047760185623464
2277,4680,0.8890025158918837,false,2277,4680,0.8890025158918837
2277,389852,0.8766866047663735,false,2277,389852,0.8766866047663735
2277,112268422,0.9177272368360182,false,2277,112268422,0.9177272368360182
2277,3856,0.9426527443387778,false,2277,3856,0.9426527443387778
2277,105373265,0.8604188636672248,false,2277,105373265,0.8604188636672248
2277,284434,0.8777856394374228,false,2277,284434,0.8777856394374228
2277,5346,0.9286798889322653,false,2277,5346,0.9286798889322653
2277,645843,0.8788654423836977,false,2277,645843,0.8788654423836977
2277,102723849,0.8956569528649402,false,2277,102723849,0.8956569528649402
2277,503645,0.9063493361515128,false,2277,503645,0.9063493361515128
2277,5545,0.8256267363130398,false,2277,5545,0.8256267363130398
2277,388555,0.871798271887575,false,2277,388555,0.871798271887575
2277,306,0.8804871978340758,false,2277,306,0.8804871978340758
2277,728643,0.8439897010907186,false,2277,728643,0.8439897010907186
2277,6337,0.9499083623376424,false,2277,6337,0.9499083623376424
2277,641776,0.8549865229437709,false,2277,641776,0.8549865229437709
2277,105372793,0.9461305257830124,false,2277,105372793,0.9461305257830124
2277,201625,0.8552500806635583,false,2277,201625,0.8552500806635583
2277,112268252,0.9158606117734992,false,2277,112268252,0.9158606117734992
113218482,120892,0.9121879051486915,false,113218482,120892,0.9121879051486915
113218482,8091,0.9424949534358191,false,113218482,8091,0.9424949534358191
113218482,11148,0.98429749501926,false,113218482,11148,0.98429749501926
113218482,541473,0.742416627688973,false,113218482,541473,0.742416627688973
113218482,5349,0.9611435998854889,false,113218482,5349,0.9611435998854889
113218482,388743,0.9787697243175887,false,113218482,388743,0.9787697243175887
113218482,102466759,0.8786421307481492,false,113218482,102466759,0.8786421307481492
113218482,105180390,0.9262465440946777,false,113218482,105180390,0.9262465440946777
113218482,163131,0.8754219483821246,false,113218482,163131,0.8754219483821246
113218482,285989,0.7187656194833472,false,113218482,285989,0.7187656194833472
113218482,6523,0.9709464993572536,false,113218482,6523,0.9709464993572536
113218482,1577,0.8631131118058978,false,113218482,1577,0.8631131118058978
113218482,102724057,0.8664754373406943,false,113218482,102724057,0.8664754373406943
113218482,131873,0.9444965969581571,false,113218482,131873,0.9444965969581571
113218482,503640,0.8981040795543924,false,113218482,503640,0.8981040795543924
113218482,79098,0.9436147953442571,false,113218482,79098,0.9436147953442571
113218482,4057,0.9729642786114716,false,113218482,4057,0.9729642786114716
113218482,200879,0.9731923962132952,false,113218482,200879,0.9731923962132952
113218482,440352,0.9013810892727134,false,113218482,440352,0.9013810892727134
113218482,284323,0.8601816006464988,false,113218482,284323,0.8601816006464988
113218482,4680,0.9773956938779704,false,113218482,4680,0.9773956938779704
113218482,389852,0.8825201221859973,false,113218482,389852,0.8825201221859973
113218482,112268422,0.972905201247125,false,113218482,112268422,0.972905201247125
113218482,3856,0.9909438026640854,false,113218482,3856,0.9909438026640854
113218482,105373265,0.9466203703594496,false,113218482,105373265,0.9466203703594496
113218482,284434,0.9096086932733585,false,113218482,284434,0.9096086932733585
113218482,5346,0.91360775261815,false,113218482,5346,0.91360775261815
113218482,645843,0.9187976264805987,false,113218482,645843,0.9187976264805987
113218482,102723849,0.9651298325409009,false,113218482,102723849,0.9651298325409009
113218482,503645,0.9332407838568278,false,113218482,503645,0.9332407838568278
113218482,5545,0.8811196901768953,false,113218482,5545,0.8811196901768953
113218482,388555,0.9491138630092273,false,113218482,388555,0.9491138630092273
113218482,306,0.941212533963811,false,113218482,306,0.941212533963811
113218482,728643,0.9351367044593493,false,113218482,728643,0.9351367044593493
113218482,6337,0.9773925607229569,false,113218482,6337,0.9773925607229569
113218482,641776,0.893014136304645,false,113218482,641776,0.893014136304645
113218482,105372793,0.97395082122601,false,113218482,105372793,0.97395082122601
113218482,201625,0.9258948122414353,false,113218482,201625,0.9258948122414353
113218482,112268252,0.9896858896242764,false,113218482,112268252,0.9896858896242764
113218482,2327,0.7609067648361217,false,113218482,2327,0.7609067648361217
120892,8091,0.8186485592086525,false,120892,8091,0.8186485592086525
120892,11148,0.9149206939549128,false,120892,11148,0.9149206939549128
120892,541473,0.8592526088071991,false,120892,541473,0.8592526088071991
120892,5349,0.8787832495979556,false,120892,5349,0.8787832495979556
120892,388743,0.9009464669967314,false,120892,388743,0.9009464669967314
120892,102466759,0.8158811525808825,false,120892,102466759,0.8158811525808825
120892,105180390,0.8793942023525249,false,120892,105180390,0.8793942023525249
120892,163131,0.7655293359502849,false,120892,163131,0.7655293359502849
120892,6523,0.8776098010814825,false,120892,6523,0.8776098010814825
120892,1577,0.8324885130044197,false,120892,1577,0.8324885130044197
120892,102724057,0.7739458746230703,false,120892,102724057,0.7739458746230703
120892,131873,0.8736318927243297,false,120892,131873,0.8736318927243297
120892,503640,0.8568203001271728,false,120892,503640,0.8568203001271728
120892,79098,0.8912021774819486,false,120892,79098,0.8912021774819486
120892,4057,0.8750709928139215,false,120892,4057,0.8750709928139215
120892,200879,0.8778758185146118,false,120892,200879,0.8778758185146118
120892,440352,0.8184777911539833,false,120892,440352,0.8184777911539833
120892,284323,0.8028653059641229,false,120892,284323,0.8028653059641229
120892,4680,0.8737865517959185,false,120892,4680,0.8737865517959185
120892,389852,0.9217749965686013,false,120892,389852,0.9217749965686013
120892,112268422,0.8777341876078604,false,120892,112268422,0.8777341876078604
120892,3856,0.915546739083502,false,120892,3856,0.915546739083502
120892,105373265,0.8527831085595147,false,120892,105373265,0.8527831085595147
120892,284434,0.8992155439695082,false,120892,284434,0.8992155439695082
120892,5346,0.8849966256057324,false,120892,5346,0.8849966256057324
120892,645843,0.8167193250108715,false,120892,645843,0.8167193250108715
120892,102723849,0.9088532786174177,false,120892,102723849,0.9088532786174177
120892,503645,0.9373969885317454,false,120892,503645,0.9373969885317454
120892,5545,0.8521315659235299,false,120892,5545,0.8521315659235299
120892,388555,0.8716448067456846,false,120892,388555,0.8716448067456846
120892,306,0.837912409696901,false,120892,306,0.837912409696901
120892,728643,0.8158981769371255,false,120892,728643,0.8158981769371255
120892,6337,0.923649556098359,false,120892,6337,0.923649556098359
120892,641776,0.8419366937562515,false,120892,641776,0.8419366937562515
120892,105372793,0.9408611386740116,false,120892,105372793,0.9408611386740116
120892,201625,0.8624612078862749,false,120892,201625,0.8624612078862749
120892,112268252,0.9071138821025836,false,120892,112268252,0.9071138821025836
120892,2327,0.7710028865705679,false,120892,2327,0.7710028865705679
8091,11148,0.9535872681763433,false,8091,11148,0.9535872681763433
8091,5349,0.9062466491668284,false,8091,5349,0.9062466491668284
8091,388743,0.946904521784774,false,8091,388743,0.946904521784774
8091,102466759,0.8446070446080385,false,8091,102466759,0.8446070446080385
8091,105180390,0.868611274567053,false,8091,105180390,0.868611274567053
8091,163131,0.8485390843017748,false,8091,163131,0.8485390843017748
8091,285989,0.7124628939375309,false,8091,285989,0.7124628939375309
8091,6523,0.8818633073433704,false,8091,6523,0.8818633073433704
8091,1577,0.8595578994083911,false,8091,1577,0.8595578994083911
8091,102724057,0.8357218931930389,false,8091,102724057,0.8357218931930389
8091,131873,0.9090466017833495,false,8091,131873,0.9090466017833495
8091,503640,0.8348706263951542,false,8091,503640,0.8348706263951542
8091,79098,0.9278111509284914,false,8091,79098,0.9278111509284914
8091,4057,0.967604447954582,false,8091,4057,0.967604447954582
8091,200879,0.9543886527309683,false,8091,200879,0.9543886527309683
8091,440352,0.844689466902447,false,8091,440352,0.844689466902447
8091,284323,0.8326680828616321,false,8091,284323,0.8326680828616321
8091,4680,0.9772103923520943,false,8091,4680,0.9772103923520943
8091,389852,0.8077816023496859,false,8091,389852,0.8077816023496859
8091,112268422,0.9549711564328666,false,8091,112268422,0.9549711564328666
8091,3856,0.9093985321529994,false,8091,3856,0.9093985321529994
8091,105373265,0.9489388579796624,false,8091,105373265,0.9489388579796624
8091,284434,0.8578967298761097,false,8091,284434,0.8578967298761097
8091,5346,0.7948254506030015,false,8091,5346,0.7948254506030015
8091,645843,0.8767193329560875,false,8091,645843,0.8767193329560875
8091,102723849,0.9143495064146695,false,8091,102723849,0.9143495064146695
8091,503645,0.886268419096995,false,8091,503645,0.886268419096995
8091,5545,0.8809902496779752,false,8091,5545,0.8809902496779752
8091,388555,0.9517701281476952,false,8091,388555,0.9517701281476952
8091,306,0.9450219948178367,false,8091,306,0.9450219948178367
8091,728643,0.923566168648887,false,8091,728643,0.923566168648887
8091,6337,0.9129712251466595,false,8091,6337,0.9129712251466595
8091,641776,0.8345221667437009,false,8091,641776,0.8345221667437009
8091,105372793,0.9095836517196124,false,8091,105372793,0.9095836517196124
8091,201625,0.8744493950788442,false,8091,201625,0.8744493950788442
8091,112268252,0.9604353735281825,false,8091,112268252,0.9604353735281825
8091,2327,0.7002873467363201,false,8091,2327,0.7002873467363201
11148,541473,0.7339026451403396,false,11148,541473,0.7339026451403396
11148,5349,0.9764203382865378,false,11148,5349,0.9764203382865378
11148,388743,0.986314365156059,false,11148,388743,0.986314365156059
11148,102466759,0.9062146131312891,false,11148,102466759,0.9062146131312891
11148,105180390,0.9356195811130665,false,11148,105180390,0.9356195811130665
11148,163131,0.8973880639375812,false,11148,163131,0.8973880639375812
11148,285989,0.7843729658981723,false,11148,285989,0.7843729658981723
11148,6523,0.9565948497830885,false,11148,6523,0.9565948497830885
11148,1577,0.9109423217686502,false,11148,1577,0.9109423217686502
11148,102724057,0.8744155224111374,false,11148,102724057,0.8744155224111374
11148,131873,0.9644768299973203,false,11148,131873,0.9644768299973203
11148,503640,0.9053663866400053,false,11148,503640,0.9053663866400053
11148,79098,0.9627429289228826,false,11148,79098,0.9627429289228826
11148,4057,0.9889128609868618,false,11148,4057,0.9889128609868618
11148,200879,0.987320056210423,false,11148,200879,0.987320056210423
11148,440352,0.8932484510538964,false,11148,440352,0.8932484510538964
11148,284323,0.8982951191148469,false,11148,284323,0.8982951191148469
11148,4680,0.9873420124047783,false,11148,4680,0.9873420124047783
11148,389852,0.9044956886769566,false,11148,389852,0.9044956886769566
11148,112268422,0.9842518492637399,false,11148,112268422,0.9842518492637399
11148,3856,0.9640331699016992,false,11148,3856,0.9640331699016992
11148,105373265,0.9580775015216698,false,11148,105373265,0.9580775015216698
11148,284434,0.905115348567651,false,11148,284434,0.905115348567651
11148,5346,0.8799915867950011,false,11148,5346,0.8799915867950011
11148,645843,0.9294537631826952,false,11148,645843,0.9294537631826952
11148,102723849,0.9710336187896653,false,11148,102723849,0.9710336187896653
11148,503645,0.9456596787360629,false,11148,503645,0.9456596787360629
11148,5545,0.9206979457058176,false,11148,5545,0.9206979457058176
11148,388555,0.9621640702969666,false,11148,388555,0.9621640702969666
11148,306,0.9701653892580091,false,11148,306,0.9701653892580091
11148,728643,0.9258707517438206,false,11148,728643,0.9258707517438206
11148,6337,0.9862958921719255,false,11148,6337,0.9862958921719255
11148,641776,0.9014594262655518,false,11148,641776,0.9014594262655518
11148,105372793,0.9753904872518735,false,11148,105372793,0.9753904872518735
11148,201625,0.9459377131023992,false,11148,201625,0.9459377131023992
11148,112268252,0.9944876384462803,false,11148,112268252,0.9944876384462803
11148,2327,0.7922942561491285,false,11148,2327,0.7922942561491285
541473,5349,0.7312248669993673,false,541473,5349,0.7312248669993673
541473,388743,0.7286542120432329,false,541473,388743,0.7286542120432329
541473,105180390,0.7842035851046278,false,541473,105180390,0.7842035851046278
541473,285989,0.7047621261926199,false,541473,285989,0.7047621261926199
541473,6523,0.7554302871845566,false,541473,6523,0.7554302871845566
541473,131873,0.7854886634327727,false,541473,131873,0.7854886634327727
541473,503640,0.8113379926040937,false,541473,503640,0.8113379926040937
541473,79098,0.7434248362456642,false,541473,79098,0.7434248362456642
541473,200879,0.7103761640946615,false,541473,200879,0.7103761640946615
541473,389852,0.8462220871925057,false,541473,389852,0.8462220871925057
541473,112268422,0.7016470807326565,false,541473,112268422,0.7016470807326565
541473,3856,0.7748634031225485,false,541473,3856,0.7748634031225485
541473,284434,0.7354562309435395,false,541473,284434,0.7354562309435395
541473,5346,0.8059810559963503,false,541473,5346,0.8059810559963503
541473,102723849,0.7625998857435291,false,541473,102723849,0.7625998857435291
541473,503645,0.8128281140014456,false,541473,503645,0.8128281140014456
541473,5545,0.7760085174354038,false,541473,5545,0.7760085174354038
541473,6337,0.7624600333935412,false,541473,6337,0.7624600333935412
541473,641776,0.7972415329173491,false,541473,641776,0.7972415329173491
541473,105372793,0.8220211632141627,false,541473,105372793,0.8220211632141627
541473,201625,0.782786241954911,false,541473,201625,0.782786241954911
541473,112268252,0.7113594131545691,false,541473,112268252,0.7113594131545691
541473,2327,0.7861656908621991,false,541473,2327,0.7861656908621991
5349,388743,0.9492480704968647,false,5349,388743,0.9492480704968647
5349,102466759,0.9293837159183554,false,5349,102466759,0.9293837159183554
5349,105180390,0.9228204476354429,false,5349,105180390,0.9228204476354429
5349,163131,0.9322191971724485,false,5349,163131,0.9322191971724485
5349,285989,0.8265525501168011,false,5349,285989,0.8265525501168011
5349,6523,0.9559102919199018,false,5349,6523,0.9559102919199018
5349,1577,0.9114269738544408,false,5349,1577,0.9114269738544408
5349,102724057,0.9019754689272405,false,5349,102724057,0.9019754689272405
5349,131873,0.9616762977073188,false,5349,131873,0.9616762977073188
5349,503640,0.915517300132651,false,5349,503640,0.915517300132651
5349,79098,0.9194584792128332,false,5349,79098,0.9194584792128332
5349,4057,0.9706242639200645,false,5349,4057,0.9706242639200645
5349,200879,0.9619098643064,false,5349,200879,0.9619098643064
5349,440352,0.8568665933161119,false,5349,440352,0.8568665933161119
5349,284323,0.9153077679700533,false,5349,284323,0.9153077679700533
5349,4680,0.9523045665394171,false,5349,4680,0.9523045665394171
5349,389852,0.8679365155632617,false,5349,389852,0.8679365155632617
5349,112268422,0.9752538246549622,false,5349,112268422,0.9752538246549622
5349,3856,0.939986960806828,false,5349,3856,0.939986960806828
5349,105373265,0.9207488696788517,false,5349,105373265,0.9207488696788517
5349,284434,0.8860532733555013,false,5349,284434,0.8860532733555013
5349,5346,0.8711700205802524,false,5349,5346,0.8711700205802524
5349,645843,0.8960807941560693,false,5349,645843,0.8960807941560693
5349,102723849,0.9550524997305001,false,5349,102723849,0.9550524997305001
5349,503645,0.9347768780316031,false,5349,503645,0.9347768780316031
5349,5545,0.913045070960498,false,5349,5545,0.913045070960498
5349,388555,0.9453059749775261,false,5349,388555,0.9453059749775261
5349,306,0.9672738897459892,false,5349,306,0.9672738897459892
5349,728643,0.894100361976007,false,5349,728643,0.894100361976007
5349,6337,0.9803067156739382,false,5349,6337,0.9803067156739382
5349,641776,0.8978232726282146,false,5349,641776,0.8978232726282146
5349,105372793,0.9585839353831949,false,5349,105372793,0.9585839353831949
5349,201625,0.9223130528585551,false,5349,201625,0.9223130528585551
5349,112268252,0.9711067629717626,false,5349,112268252,0.9711067629717626
5349,2327,0.7673657633804928,false,5349,2327,0.7673657633804928
388743,102466759,0.8556003609203692,false,388743,102466759,0.8556003609203692
388743,105180390,0.9128309519448925,false,388743,105180390,0.9128309519448925
388743,163131,0.8722901599054509,false,388743,163131,0.8722901599054509
388743,285989,0.733970111764144,false,388743,285989,0.733970111764144
388743,6523,0.9343990885990293,false,388743,6523,0.9343990885990293
388743,1577,0.8639399496143394,false,388743,1577,0.8639399496143394
388743,102724057,0.8379945508406613,false,388743,102724057,0.8379945508406613
388743,131873,0.9291617923028924,false,388743,131873,0.9291617923028924
388743,503640,0.8777378203804144,false,388743,503640,0.8777378203804144
388743,79098,0.963063441863892,false,388743,79098,0.963063441863892
388743,4057,0.9710723166233122,false,388743,4057,0.9710723166233122
388743,200879,0.9747632355000705,false,388743,200879,0.9747632355000705
388743,440352,0.8919945754017882,false,388743,440352,0.8919945754017882
388743,284323,0.8860223737203745,false,388743,284323,0.8860223737203745
388743,4680,0.9752782743893137,false,388743,4680,0.9752782743893137
388743,389852,0.9170335497868616,false,388743,389852,0.9170335497868616
388743,112268422,0.9619389183473712,false,388743,112268422,0.9619389183473712
388743,3856,0.9718956305031202,false,388743,3856,0.9718956305031202
388743,105373265,0.9356516617982574,false,388743,105373265,0.9356516617982574
388743,284434,0.8950672077559452,false,388743,284434,0.8950672077559452
388743,5346,0.8929652923234903,false,388743,5346,0.8929652923234903
388743,645843,0.9298627549744465,false,388743,645843,0.9298627549744465
388743,102723849,0.9430733227165953,false,388743,102723849,0.9430733227165953
388743,503645,0.9235058537546246,false,388743,503645,0.9235058537546246
388743,5545,0.871019161783547,false,388743,5545,0.871019161783547
388743,388555,0.9382988345006852,false,388743,388555,0.9382988345006852
388743,306,0.9401190500808552,false,388743,306,0.9401190500808552
388743,728643,0.9380125823589358,false,388743,728643,0.9380125823589358
388743,6337,0.9706015337859298,false,388743,6337,0.9706015337859298
388743,641776,0.8769466204765598,false,388743,641776,0.8769466204765598
388743,105372793,0.9588838629213422,false,388743,105372793,0.9588838629213422
388743,201625,0.9185947138345211,false,388743,201625,0.9185947138345211
388743,112268252,0.975561758914659,false,388743,112268252,0.975561758914659
388743,2327,0.7680314778230569,false,388743,2327,0.7680314778230569
102466759,105180390,0.9025758326938496,false,102466759,105180390,0.9025758326938496
102466759,163131,0.9087463351505219,false,102466759,163131,0.9087463351505219
102466759,285989,0.7680313948040663,false,102466759,285989,0.7680313948040663
102466759,6523,0.8657459244631105,false,102466759,6523,0.8657459244631105
102466759,1577,0.8938809164001743,false,102466759,1577,0.8938809164001743
102466759,102724057,0.8657248535011167,false,102466759,102724057,0.8657248535011167
102466759,131873,0.9272494095276934,false,102466759,131873,0.9272494095276934
102466759,503640,0.8624581404814435,false,102466759,503640,0.8624581404814435
102466759,79098,0.8373523691718929,false,102466759,79098,0.8373523691718929
102466759,4057,0.888561000637766,false,102466759,4057,0.888561000637766
102466759,200879,0.8608843348434584,false,102466759,200879,0.8608843348434584
102466759,440352,0.804828541715973,false,102466759,440352,0.804828541715973
102466759,284323,0.8770575014321529,false,102466759,284323,0.8770575014321529
102466759,4680,0.8751006116488269,false,102466759,4680,0.8751006116488269
102466759,389852,0.754626117171431,false,102466759,389852,0.754626117171431
102466759,112268422,0.8818323371202819,false,102466759,112268422,0.8818323371202819
102466759,3856,0.8376789547494803,false,102466759,3856,0.8376789547494803
102466759,105373265,0.8445150381351499,false,102466759,105373265,0.8445150381351499
102466759,284434,0.7660422898392044,false,102466759,284434,0.7660422898392044
102466759,5346,0.726250811636313,false,102466759,5346,0.726250811636313
102466759,645843,0.7869408712501552,false,102466759,645843,0.7869408712501552
102466759,102723849,0.9268760289226884,false,102466759,102723849,0.9268760289226884
102466759,503645,0.8584858002959832,false,102466759,503645,0.8584858002959832
102466759,5545,0.8653504583084548,false,102466759,5545,0.8653504583084548
102466759,388555,0.8474328840342075,false,102466759,388555,0.8474328840342075
102466759,306,0.918548609162339,false,102466759,306,0.918548609162339
102466759,728643,0.7756454578611521,false,102466759,728643,0.7756454578611521
102466759,6337,0.9001040886637599,false,102466759,6337,0.9001040886637599
102466759,641776,0.8745898728121508,false,102466759,641776,0.8745898728121508
102466759,105372793,0.8785185710678932,false,102466759,105372793,0.8785185710678932
102466759,201625,0.8432137089694676,false,102466759,201625,0.8432137089694676
102466759,112268252,0.9083608098488183,false,102466759,112268252,0.9083608098488183
102466759,2327,0.7792809407383544,false,102466759,2327,0.7792809407383544
105180390,163131,0.8562138297439538,false,105180390,163131,0.8562138297439538
105180390,285989,0.7618866244134398,false,105180390,285989,0.7618866244134398
105180390,6523,0.9115044547287647,false,105180390,6523,0.9115044547287647
105180390,1577,0.8934695246124996,false,105180390,1577,0.8934695246124996
105180390,102724057,0.7966269948362376,false,105180390,102724057,0.7966269948362376
105180390,131873,0.9522081302011074,false,105180390,131873,0.9522081302011074
105180390,503640,0.8489249064058751,false,105180390,503640,0.8489249064058751
105180390,79098,0.914110338654194,false,105180390,79098,0.914110338654194
105180390,4057,0.9230537663928605,false,105180390,4057,0.9230537663928605
105180390,200879,0.9359569042449192,false,105180390,200879,0.9359569042449192
105180390,440352,0.8089789794364779,false,105180390,440352,0.8089789794364779
105180390,284323,0.8441049934111251,false,105180390,284323,0.8441049934111251
105180390,4680,0.9152870587032599,false,105180390,4680,0.9152870587032599
105180390,389852,0.82229606799349,false,105180390,389852,0.82229606799349
105180390,112268422,0.9244834655301005,false,105180390,112268422,0.9244834655301005
105180390,3856,0.9097654373612734,false,105180390,3856,0.9097654373612734
105180390,105373265,0.884808424292342,false,105180390,105373265,0.884808424292342
105180390,284434,0.8971604622146664,false,105180390,284434,0.8971604622146664
105180390,5346,0.8603153323171385,false,105180390,5346,0.8603153323171385
105180390,645843,0.8658111705555739,false,105180390,645843,0.8658111705555739
105180390,102723849,0.9861483400606799,false,105180390,102723849,0.9861483400606799
105180390,503645,0.8993657424232284,false,105180390,503645,0.8993657424232284
105180390,5545,0.8949735328582444,false,105180390,5545,0.8949735328582444
105180390,388555,0.8901625694911984,false,105180390,388555,0.8901625694911984
105180390,306,0.9177996440876538,false,105180390,306,0.9177996440876538
105180390,728643,0.8951573068023215,false,105180390,728643,0.8951573068023215
105180390,6337,0.9120571726122317,false,105180390,6337,0.9120571726122317
105180390,641776,0.9907357181467672,false,105180390,641776,0.9907357181467672
105180390,105372793,0.9242194091928416,false,105180390,105372793,0.9242194091928416
105180390,201625,0.9104226665729097,false,105180390,201625,0.9104226665729097
105180390,112268252,0.935901428208326,false,105180390,112268252,0.935901428208326
105180390,2327,0.8240579204204872,false,105180390,2327,0.8240579204204872
163131,285989,0.8093468152490381,false,163131,285989,0.8093468152490381
163131,6523,0.8455742201033215,false,163131,6523,0.8455742201033215
163131,1577,0.9346255203818493,false,163131,1577,0.9346255203818493
163131,102724057,0.8788546638892234,false,163131,102724057,0.8788546638892234
163131,131873,0.8867397569491454,false,163131,131873,0.8867397569491454
163131,503640,0.8349500167280951,false,163131,503640,0.8349500167280951
163131,79098,0.7924273809813571,false,163131,79098,0.7924273809813571
163131,4057,0.8924287821650625,false,163131,4057,0.8924287821650625
163131,200879,0.8739430339645831,false,163131,200879,0.8739430339645831
163131,440352,0.7899001007947865,false,163131,440352,0.7899001007947865
163131,284323,0.9552712264344188,false,163131,284323,0.9552712264344188
163131,4680,0.8747093827758629,false,163131,4680,0.8747093827758629
163131,389852,0.7928875372069004,false,163131,389852,0.7928875372069004
163131,112268422,0.8925831003716802,false,163131,112268422,0.8925831003716802
163131,3856,0.8575066387740818,false,163131,3856,0.8575066387740818
163131,105373265,0.8096666082418789,false,163131,105373265,0.8096666082418789
163131,284434,0.7517103758035154,false,163131,284434,0.7517103758035154
163131,5346,0.7845593130482661,false,163131,5346,0.7845593130482661
163131,645843,0.7904974883469392,false,163131,645843,0.7904974883469392
163131,102723849,0.8864900467683896,false,163131,102723849,0.8864900467683896
163131,503645,0.8240800756931395,false,163131,503645,0.8240800756931395
163131,5545,0.8143832958338773,false,163131,5545,0.8143832958338773
163131,388555,0.8636653988714879,false,163131,388555,0.8636653988714879
163131,306,0.9302393270049302,false,163131,306,0.9302393270049302
163131,728643,0.8257481966953109,false,163131,728643,0.8257481966953109
163131,6337,0.9094731507633417,false,163131,6337,0.9094731507633417
163131,641776,0.8137224976268197,false,163131,641776,0.8137224976268197
163131,105372793,0.8658074232262415,false,163131,105372793,0.8658074232262415
163131,201625,0.8234146040274026,false,163131,201625,0.8234146040274026
163131,112268252,0.8925242774718906,false,163131,112268252,0.8925242774718906
163131,2327,0.7798738872462717,false,163131,2327,0.7798738872462717
285989,6523,0.7402209498863361,false,285989,6523,0.7402209498863361
285989,1577,0.8381383190764804,false,285989,1577,0.8381383190764804
285989,102724057,0.8062258302813203,false,285989,102724057,0.8062258302813203
285989,131873,0.8681705239949434,false,285989,131873,0.8681705239949434
285989,503640,0.7852950566663252,false,285989,503640,0.7852950566663252
285989,79098,0.7371416970714679,false,285989,79098,0.7371416970714679
285989,4057,0.7807885824037424,false,285989,4057,0.7807885824037424
285989,200879,0.79455531588021,false,285989,200879,0.79455531588021
285989,284323,0.8217722562001729,false,285989,284323,0.8217722562001729
285989,4680,0.7414396775148736,false,285989,4680,0.7414396775148736
285989,389852,0.7561888391995606,false,285989,389852,0.7561888391995606
285989,112268422,0.8005421431558877,false,285989,112268422,0.8005421431558877
285989,105373265,0.7357711268115549,false,285989,105373265,0.7357711268115549
285989,102723849,0.7681969249095121,false,285989,102723849,0.7681969249095121
285989,503645,0.7587188763963032,false,285989,503645,0.7587188763963032
285989,5545,0.8938644890341445,false,285989,5545,0.8938644890341445
285989,388555,0.7472175281091492,false,285989,388555,0.7472175281091492
285989,306,0.7871351301183639,false,285989,306,0.7871351301183639
285989,728643,0.704440309221142,false,285989,728643,0.704440309221142
285989,6337,0.7777956115073388,false,285989,6337,0.7777956115073388
285989,641776,0.7695381208125663,false,285989,641776,0.7695381208125663
285989,105372793,0.7908261814145854,false,285989,105372793,0.7908261814145854
285989,201625,0.8541194208123326,false,285989,201625,0.8541194208123326
285989,112268252,0.7507140711943283,false,285989,112268252,0.7507140711943283
285989,2327,0.7420346786254537,false,285989,2327,0.7420346786254537
6523,1577,0.843055941186208,false,6523,1577,0.843055941186208
6523,102724057,0.8398392181000581,false,6523,102724057,0.8398392181000581
6523,131873,0.9359663317268898,false,6523,131873,0.9359663317268898
6523,503640,0.9045188511236338,false,6523,503640,0.9045188511236338
6523,79098,0.9097260099121076,false,6523,79098,0.9097260099121076
6523,4057,0.9430948554914221,false,6523,4057,0.9430948554914221
6523,200879,0.9586437043655007,false,6523,200879,0.9586437043655007
6523,440352,0.9207632478088092,false,6523,440352,0.9207632478088092
6523,284323,0.8250301285797266,false,6523,284323,0.8250301285797266
6523,4680,0.9373162164171004,false,6523,4680,0.9373162164171004
6523,389852,0.8391629230355877,false,6523,389852,0.8391629230355877
6523,112268422,0.9465618708100082,false,6523,112268422,0.9465618708100082
6523,3856,0.9611935613641205,false,6523,3856,0.9611935613641205
6523,105373265,0.9435235513278711,false,6523,105373265,0.9435235513278711
6523,284434,0.8787768889701676,false,6523,284434,0.8787768889701676
6523,5346,0.9023012111565724,false,6523,5346,0.9023012111565724
6523,645843,0.9010333527077441,false,6523,645843,0.9010333527077441
6523,102723849,0.9498405802113434,false,6523,102723849,0.9498405802113434
6523,503645,0.9098904110196608,false,6523,503645,0.9098904110196608
6523,5545,0.8751614680708688,false,6523,5545,0.8751614680708688
6523,388555,0.9203118454329338,false,6523,388555,0.9203118454329338
6523,306,0.91615928487503,false,6523,306,0.91615928487503
6523,728643,0.8736752307060679,false,6523,728643,0.8736752307060679
6523,6337,0.9632864405713304,false,6523,6337,0.9632864405713304
6523,641776,0.885971692595834,false,6523,641776,0.885971692595834
6523,105372793,0.959476843877924,false,6523,105372793,0.959476843877924
6523,201625,0.9462764293221787,false,6523,201625,0.9462764293221787
6523,112268252,0.958856448323946,false,6523,112268252,0.958856448323946
6523,2327,0.7523340453716886,false,6523,2327,0.7523340453716886
1577,102724057,0.8110193616942525,false,1577,102724057,0.8110193616942525
1577,131873,0.9129747116548794,false,1577,131873,0.9129747116548794
1577,503640,0.8312585845904013,false,1577,503640,0.8312585845904013
1577,79098,0.8098097600196714,false,1577,79098,0.8098097600196714
1577,4057,0.9069446653566541,false,1577,4057,0.9069446653566541
1577,200879,0.8945546663321232,false,1577,200879,0.8945546663321232
1577,440352,0.7705637990869242,false,1577,440352,0.7705637990869242
1577,284323,0.9268003415703053,false,1577,284323,0.9268003415703053
1577,4680,0.895007721526593,false,1577,4680,0.895007721526593
1577,389852,0.8170189881073039,false,1577,389852,0.8170189881073039
1577,112268422,0.8975954492577597,false,1577,112268422,0.8975954492577597
1577,3856,0.8281036175742174,false,1577,3856,0.8281036175742174
1577,105373265,0.834351408647795,false,1577,105373265,0.834351408647795
1577,284434,0.8041658864910579,false,1577,284434,0.8041658864910579
1577,5346,0.7729078321508158,false,1577,5346,0.7729078321508158
1577,645843,0.7859436167083709,false,1577,645843,0.7859436167083709
1577,102723849,0.9218095772117798,false,1577,102723849,0.9218095772117798
1577,503645,0.8736617118841035,false,1577,503645,0.8736617118841035
1577,5545,0.894358848450056,false,1577,5545,0.894358848450056
1577,388555,0.9084826910775551,false,1577,388555,0.9084826910775551
1577,306,0.9410890690090356,false,1577,306,0.9410890690090356
1577,728643,0.8000769681215999,false,1577,728643,0.8000769681215999
1577,6337,0.9034348208324817,false,1577,6337,0.9034348208324817
1577,641776,0.8485496119725658,false,1577,641776,0.8485496119725658
1577,105372793,0.8760103647313646,false,1577,105372793,0.8760103647313646
1577,201625,0.8643926813765725,false,1577,201625,0.8643926813765725
1577,112268252,0.90165338389608,false,1577,112268252,0.90165338389608
1577,2327,0.8373933822244404,false,1577,2327,0.8373933822244404
102724057,131873,0.9025618764603033,false,102724057,131873,0.9025618764603033
102724057,503640,0.9419653046998687,false,102724057,503640,0.9419653046998687
102724057,79098,0.8383462409745256,false,102724057,79098,0.8383462409745256
102724057,4057,0.8687861553969227,false,102724057,4057,0.8687861553969227
102724057,200879,0.8491125005285913,false,102724057,200879,0.8491125005285913
102724057,440352,0.807742783803237,false,102724057,440352,0.807742783803237
102724057,284323,0.7840258372266188,false,102724057,284323,0.7840258372266188
102724057,4680,0.8522983178855921,false,102724057,4680,0.8522983178855921
102724057,389852,0.8060837336216153,false,102724057,389852,0.8060837336216153
102724057,112268422,0.9014631703893694,false,102724057,112268422,0.9014631703893694
102724057,3856,0.8494009595004309,false,102724057,3856,0.8494009595004309
102724057,105373265,0.8469847581709522,false,102724057,105373265,0.8469847581709522
102724057,284434,0.7638272213099274,false,102724057,284434,0.7638272213099274
102724057,5346,0.7783437564992758,false,102724057,5346,0.7783437564992758
102724057,645843,0.8406245197858822,false,102724057,645843,0.8406245197858822
102724057,102723849,0.8353423056526434,false,102724057,102723849,0.8353423056526434
102724057,503645,0.876336127676929,false,102724057,503645,0.876336127676929
102724057,5545,0.8807731019785798,false,102724057,5545,0.8807731019785798
102724057,388555,0.8217395894739047,false,102724057,388555,0.8217395894739047
102724057,306,0.8476110285186869,false,102724057,306,0.8476110285186869
102724057,728643,0.8548163467673794,false,102724057,728643,0.8548163467673794
102724057,6337,0.8782979661411641,false,102724057,6337,0.8782979661411641
102724057,641776,0.7812226143382293,false,102724057,641776,0.7812226143382293
102724057,105372793,0.8906561447461016,false,102724057,105372793,0.8906561447461016
102724057,201625,0.8502509979259137,false,102724057,201625,0.8502509979259137
102724057,112268252,0.8863537967777835,false,102724057,112268252,0.8863537967777835
102724057,2327,0.8055451488193873,false,102724057,2327,0.8055451488193873
131873,503640,0.9251403435209378,false,131873,503640,0.9251403435209378
131873,79098,0.9258927916816433,false,131873,79098,0.9258927916816433
131873,4057,0.9526215322524618,false,131873,4057,0.9526215322524618
131873,200879,0.9577770069017587,false,131873,200879,0.9577770069017587
131873,440352,0.8422303688817412,false,131873,440352,0.8422303688817412
131873,284323,0.872022573735189,false,131873,284323,0.872022573735189
131873,4680,0.9440877826728616,false,131873,4680,0.9440877826728616
131873,389852,0.8584852177087939,false,131873,389852,0.8584852177087939
131873,112268422,0.9614746971313779,false,131873,112268422,0.9614746971313779
131873,3856,0.9133728477551869,false,131873,3856,0.9133728477551869
131873,105373265,0.9278698768530694,false,131873,105373265,0.9278698768530694
131873,284434,0.8712916607696511,false,131873,284434,0.8712916607696511
131873,5346,0.8277655829999007,false,131873,5346,0.8277655829999007
131873,645843,0.8828922102917967,false,131873,645843,0.8828922102917967
131873,102723849,0.9687991103045603,false,131873,102723849,0.9687991103045603
131873,503645,0.9360250774382924,false,131873,503645,0.9360250774382924
131873,5545,0.9691585445344967,false,131873,5545,0.9691585445344967
131873,388555,0.9242283220267143,false,131873,388555,0.9242283220267143
131873,306,0.9374510130670969,false,131873,306,0.9374510130670969
131873,728643,0.9042849193713451,false,131873,728643,0.9042849193713451
131873,6337,0.943153894380798,false,131873,6337,0.943153894380798
131873,641776,0.9410892130610231,false,131873,641776,0.9410892130610231
131873,105372793,0.9509888358951948,false,131873,105372793,0.9509888358951948
131873,201625,0.9642906636930517,false,131873,201625,0.9642906636930517
131873,112268252,0.9607852699945597,false,131873,112268252,0.9607852699945597
131873,2327,0.8454261325706622,false,131873,2327,0.8454261325706622
503640,79098,0.8735970495736194,false,503640,79098,0.8735970495736194
503640,4057,0.8864087585014494,false,503640,4057,0.8864087585014494
503640,200879,0.8817306980471233,false,503640,200879,0.8817306980471233
503640,440352,0.8875884126669923,false,503640,440352,0.8875884126669923
503640,284323,0.7691703116751558,false,503640,284323,0.7691703116751558
503640,4680,0.8735559747789646,false,503640,4680,0.8735559747789646
503640,389852,0.8670517916285333,false,503640,389852,0.8670517916285333
503640,112268422,0.9050678315323389,false,503640,112268422,0.9050678315323389
503640,3856,0.8913210120944185,false,503640,3856,0.8913210120944185
503640,105373265,0.8803717677742676,false,503640,105373265,0.8803717677742676
503640,284434,0.8354446758402896,false,503640,284434,0.8354446758402896
503640,5346,0.8643293090947589,false,503640,5346,0.8643293090947589
503640,645843,0.8782404642662615,false,503640,645843,0.8782404642662615
503640,102723849,0.8811868661666186,false,503640,102723849,0.8811868661666186
503640,503645,0.9521087578377244,false,503640,503645,0.9521087578377244
503640,5545,0.9137500243544772,false,503640,5545,0.9137500243544772
503640,388555,0.8603036143178302,false,503640,388555,0.8603036143178302
503640,306,0.8512050605133917,false,503640,306,0.8512050605133917
503640,728643,0.8457910481522458,false,503640,728643,0.8457910481522458
503640,6337,0.9144669224814096,false,503640,6337,0.9144669224814096
503640,641776,0.8309561983815467,false,503640,641776,0.8309561983815467
503640,105372793,0.9336332474004553,false,503640,105372793,0.9336332474004553
503640,201625,0.8950099735235199,false,503640,201625,0.8950099735235199
503640,112268252,0.9077932460981024,false,503640,112268252,0.9077932460981024
503640,2327,0.8818762885681153,false,503640,2327,0.8818762885681153
79098,4057,0.9517935343928942,false,79098,4057,0.9517935343928942
79098,200879,0.9636360671851335,false,79098,200879,0.9636360671851335
79098,440352,0.8704352157952457,false,79098,440352,0.8704352157952457
79098,284323,0.7957432272698884,false,79098,284323,0.7957432272698884
79098,4680,0.9485966353746577,false,79098,4680,0.9485966353746577
79098,389852,0.8809752800241174,false,79098,389852,0.8809752800241174
79098,112268422,0.9550778981676128,false,79098,112268422,0.9550778981676128
79098,3856,0.929926838105426,false,79098,3856,0.929926838105426
79098,105373265,0.9561697844361899,false,79098,105373265,0.9561697844361899
79098,284434,0.9022415557679117,false,79098,284434,0.9022415557679117
79098,5346,0.853961547528578,false,79098,5346,0.853961547528578
79098,645843,0.937348836064957,false,79098,645843,0.937348836064957
79098,102723849,0.9287517888719959,false,79098,102723849,0.9287517888719959
79098,503645,0.9174860569415089,false,79098,503645,0.9174860569415089
79098,5545,0.8963185317993245,false,79098,5545,0.8963185317993245
79098,388555,0.8993453343851598,false,79098,388555,0.8993453343851598
79098,306,0.904483363720425,false,79098,306,0.904483363720425
79098,728643,0.9331534735999831,false,79098,728643,0.9331534735999831
79098,6337,0.9291570913079887,false,79098,6337,0.9291570913079887
79098,641776,0.8994178600719124,false,79098,641776,0.8994178600719124
79098,105372793,0.9510844539936769,false,79098,105372793,0.9510844539936769
79098,201625,0.9284526664608742,false,79098,201625,0.9284526664608742
79098,112268252,0.9565422826319686,false,79098,112268252,0.9565422826319686
79098,2327,0.747115171857538,false,79098,2327,0.747115171857538
4057,200879,0.9871303320998889,false,4057,200879,0.9871303320998889
4057,440352,0.8598100789188939,false,4057,440352,0.8598100789188939
4057,284323,0.8729760599237559,false,4057,284323,0.8729760599237559
4057,4680,0.9950628859577562,false,4057,4680,0.9950628859577562
4057,389852,0.8734760798893789,false,4057,389852,0.8734760798893789
4057,112268422,0.9932165684180762,false,4057,112268422,0.9932165684180762
4057,3856,0.9484276067139409,false,4057,3856,0.9484276067139409
4057,105373265,0.9500517875219634,false,4057,105373265,0.9500517875219634
4057,284434,0.8964742054387901,false,4057,284434,0.8964742054387901
4057,5346,0.875386660541582,false,4057,5346,0.875386660541582
4057,645843,0.9229385011946637,false,4057,645843,0.9229385011946637
4057,102723849,0.9600315686726791,false,4057,102723849,0.9600315686726791
4057,503645,0.9284583647060185,false,4057,503645,0.9284583647060185
4057,5545,0.9240467732770484,false,4057,5545,0.9240467732770484
4057,388555,0.9710925385644529,false,4057,388555,0.9710925385644529
4057,306,0.9832029460532128,false,4057,306,0.9832029460532128
4057,728643,0.9276308472917519,false,4057,728643,0.9276308472917519
4057,6337,0.9705796049714687,false,4057,6337,0.9705796049714687
4057,641776,0.8943591595549721,false,4057,641776,0.8943591595549721
4057,105372793,0.9637926803492736,false,4057,105372793,0.9637926803492736
4057,201625,0.9219350022916352,false,4057,201625,0.9219350022916352
4057,112268252,0.9889657389600468,false,4057,112268252,0.9889657389600468
4057,2327,0.7559754207785233,false,4057,2327,0.7559754207785233
200879,440352,0.8793861212255397,false,200879,440352,0.8793861212255397
200879,284323,0.8709626391044507,false,200879,284323,0.8709626391044507
200879,4680,0.983260799240224,false,200879,4680,0.983260799240224
200879,389852,0.8784947580111088,false,200879,389852,0.8784947580111088
200879,112268422,0.9867172861792386,false,200879,112268422,0.9867172861792386
200879,3856,0.9537987956988491,false,200879,3856,0.9537987956988491
200879,105373265,0.969818575054621,false,200879,105373265,0.969818575054621
200879,284434,0.9117189819831368,false,200879,284434,0.9117189819831368
200879,5346,0.8797409433974543,false,200879,5346,0.8797409433974543
200879,645843,0.936546433816744,false,200879,645843,0.936546433816744
200879,102723849,0.9629835519372187,false,200879,102723849,0.9629835519372187
200879,503645,0.9245505140386483,false,200879,503645,0.9245505140386483
200879,5545,0.9210116729845177,false,200879,5545,0.9210116729845177
200879,388555,0.9633425539220297,false,200879,388555,0.9633425539220297
200879,306,0.9638489664763596,false,200879,306,0.9638489664763596
200879,728643,0.9434973641058771,false,200879,728643,0.9434973641058771
200879,6337,0.9670020197695791,false,200879,6337,0.9670020197695791
200879,641776,0.9123147472077583,false,200879,641776,0.9123147472077583
200879,105372793,0.9630293597822503,false,200879,105372793,0.9630293597822503
200879,201625,0.9581017562302121,false,200879,201625,0.9581017562302121
200879,112268252,0.9824346770805759,false,200879,112268252,0.9824346770805759
200879,2327,0.7683706766435003,false,200879,2327,0.7683706766435003
440352,284323,0.7538486247395578,false,440352,284323,0.7538486247395578
440352,4680,0.8663560351257544,false,440352,4680,0.8663560351257544
440352,389852,0.7928469879534293,false,440352,389852,0.7928469879534293
440352,112268422,0.853153601462691,false,440352,112268422,0.853153601462691
440352,3856,0.9010437383294324,false,440352,3856,0.9010437383294324
440352,105373265,0.9127735804001887,false,440352,105373265,0.9127735804001887
440352,284434,0.7587281077748529,false,440352,284434,0.7587281077748529
440352,5346,0.8330661595543483,false,440352,5346,0.8330661595543483
440352,645843,0.8537989696442337,false,440352,645843,0.8537989696442337
440352,102723849,0.8612738014921618,false,440352,102723849,0.8612738014921618
440352,503645,0.842170255679632,false,440352,503645,0.842170255679632
440352,5545,0.7725033205928853,false,440352,5545,0.7725033205928853
440352,388555,0.810954071669287,false,440352,388555,0.810954071669287
440352,306,0.8211123548713075,false,440352,306,0.8211123548713075
440352,728643,0.7957033969970115,false,440352,728643,0.7957033969970115
440352,6337,0.8912856466350962,false,440352,6337,0.8912856466350962
440352,641776,0.7590409213382372,false,440352,641776,0.7590409213382372
440352,105372793,0.9002308386763095,false,440352,105372793,0.9002308386763095
440352,201625,0.886934817313621,false,440352,201625,0.886934817313621
440352,112268252,0.8940574958438623,false,440352,112268252,0.8940574958438623
440352,2327,0.7720344704813887,false,440352,2327,0.7720344704813887
284323,4680,0.8593135494661872,false,284323,4680,0.8593135494661872
284323,389852,0.8218491236938903,false,284323,389852,0.8218491236938903
284323,112268422,0.8620447004575926,false,284323,112268422,0.8620447004575926
284323,3856,0.8381480300198919,false,284323,3856,0.8381480300198919
284323,105373265,0.7994491509444266,false,284323,105373265,0.7994491509444266
284323,284434,0.7583666752045081,false,284323,284434,0.7583666752045081
284323,5346,0.7374317770874937,false,284323,5346,0.7374317770874937
284323,645843,0.7491546640740661,false,284323,645843,0.7491546640740661
284323,102723849,0.8727498085015071,false,284323,102723849,0.8727498085015071
284323,503645,0.8142353531767381,false,284323,503645,0.8142353531767381
284323,5545,0.7984323866047689,false,284323,5545,0.7984323866047689
284323,388555,0.8666292735659069,false,284323,388555,0.8666292735659069
284323,306,0.9104709640560426,false,284323,306,0.9104709640560426
284323,728643,0.7934153038577054,false,284323,728643,0.7934153038577054
284323,6337,0.9050441756479009,false,284323,6337,0.9050441756479009
284323,641776,0.7966871658331268,false,284323,641776,0.7966871658331268
284323,105372793,0.8440275384660489,false,284323,105372793,0.8440275384660489
284323,201625,0.8306501163497044,false,284323,201625,0.8306501163497044
284323,112268252,0.871198968816521,false,284323,112268252,0.871198968816521
284323,2327,0.720723359924951,false,284323,2327,0.720723359924951
4680,389852,0.8693027380708716,false,4680,389852,0.8693027380708716
4680,112268422,0.9845663029578554,false,4680,112268422,0.9845663029578554
4680,3856,0.9521163677989688,false,4680,3856,0.9521163677989688
4680,105373265,0.9516049517285083,false,4680,105373265,0.9516049517285083
4680,284434,0.8926018365622043,false,4680,284434,0.8926018365622043
4680,5346,0.8664470427755894,false,4680,5346,0.8664470427755894
4680,645843,0.9255131937059075,false,4680,645843,0.9255131937059075
4680,102723849,0.9565657027158552,false,4680,102723849,0.9565657027158552
4680,503645,0.9212861950808191,false,4680,503645,0.9212861950808191
4680,5545,0.9092994323158823,false,4680,5545,0.9092994323158823
4680,388555,0.9701694105218803,false,4680,388555,0.9701694105218803
4680,306,0.9735654713913874,false,4680,306,0.9735654713913874
4680,728643,0.932015350281642,false,4680,728643,0.932015350281642
4680,6337,0.9631646432571047,false,4680,6337,0.9631646432571047
4680,641776,0.8809215203975382,false,4680,641776,0.8809215203975382
4680,105372793,0.9549692377671766,false,4680,105372793,0.9549692377671766
4680,201625,0.9166824155855012,false,4680,201625,0.9166824155855012
4680,112268252,0.9901565924020729,false,4680,112268252,0.9901565924020729
4680,2327,0.7554113970948616,false,4680,2327,0.7554113970948616
389852,112268422,0.8746576149882234,false,389852,112268422,0.8746576149882234
389852,3856,0.9019147710525602,false,389852,3856,0.9019147710525602
389852,105373265,0.8141302952516848,false,389852,105373265,0.8141302952516848
389852,284434,0.8291375379838721,false,389852,284434,0.8291375379838721
389852,5346,0.8885477589105043,false,389852,5346,0.8885477589105043
389852,645843,0.8647501222478104,false,389852,645843,0.8647501222478104
389852,102723849,0.8455036671111713,false,389852,102723849,0.8455036671111713
389852,503645,0.9010709279956467,false,389852,503645,0.9010709279956467
389852,5545,0.8508045575669377,false,389852,5545,0.8508045575669377
389852,388555,0.8469356992042271,false,389852,388555,0.8469356992042271
389852,306,0.8375347729006386,false,389852,306,0.8375347729006386
389852,728643,0.8387536195224148,false,389852,728643,0.8387536195224148
389852,6337,0.9249667113296788,false,389852,6337,0.9249667113296788
389852,641776,0.7908015338138218,false,389852,641776,0.7908015338138218
389852,105372793,0.9276548045574243,false,389852,105372793,0.9276548045574243
389852,201625,0.8608791545526416,false,389852,201625,0.8608791545526416
389852,112268252,0.8769933578836272,false,389852,112268252,0.8769933578836272
389852,2327,0.8215791258753233,false,389852,2327,0.8215791258753233
112268422,3856,0.9508703883041477,false,112268422,3856,0.9508703883041477
112268422,105373265,0.9544643276094469,false,112268422,105373265,0.9544643276094469
112268422,284434,0.9135424167622979,false,112268422,284434,0.9135424167622979
112268422,5346,0.8832566619313102,false,112268422,5346,0.8832566619313102
112268422,645843,0.9331987787691461,false,112268422,645843,0.9331987787691461
112268422,102723849,0.9572505015222792,false,112268422,102723849,0.9572505015222792
112268422,503645,0.9392468182562784,false,112268422,503645,0.9392468182562784
112268422,5545,0.9350168560178502,false,112268422,5545,0.9350168560178502
112268422,388555,0.965968921645785,false,112268422,388555,0.965968921645785
112268422,306,0.970434721745529,false,112268422,306,0.970434721745529
112268422,728643,0.9471663197718418,false,112268422,728643,0.9471663197718418
112268422,6337,0.9685048477650507,false,112268422,6337,0.9685048477650507
112268422,641776,0.9029998298217824,false,112268422,641776,0.9029998298217824
112268422,105372793,0.9683416999413743,false,112268422,105372793,0.9683416999413743
112268422,201625,0.9337812179415201,false,112268422,201625,0.9337812179415201
112268422,112268252,0.9878389328381935,false,112268422,112268252,0.9878389328381935
112268422,2327,0.766051788076599,false,112268422,2327,0.766051788076599
3856,105373265,0.9177752144879373,false,3856,105373265,0.9177752144879373
3856,284434,0.9012189249516813,false,3856,284434,0.9012189249516813
3856,5346,0.9495219584303898,false,3856,5346,0.9495219584303898
3856,645843,0.9133869443333058,false,3856,645843,0.9133869443333058
3856,102723849,0.943370812051263,false,3856,102723849,0.943370812051263
3856,503645,0.9195143932293388,false,3856,503645,0.9195143932293388
3856,5545,0.8439272494702714,false,3856,5545,0.8439272494702714
3856,388555,0.9192065261197776,false,3856,388555,0.9192065261197776
3856,306,0.9089323313484601,false,3856,306,0.9089323313484601
3856,728643,0.9291824529685232,false,3856,728643,0.9291824529685232
3856,6337,0.969460604384579,false,3856,6337,0.969460604384579
3856,641776,0.877203314476983,false,3856,641776,0.877203314476983
3856,105372793,0.9722363841733063,false,3856,105372793,0.9722363841733063
3856,201625,0.9042884705374401,false,3856,201625,0.9042884705374401
3856,112268252,0.967701970061594,false,3856,112268252,0.967701970061594
3856,2327,0.7610305998437473,false,3856,2327,0.7610305998437473
105373265,284434,0.8888778800238397,false,105373265,284434,0.8888778800238397
105373265,5346,0.8122208338440121,false,105373265,5346,0.8122208338440121
105373265,645843,0.9197098324510719,false,105373265,645843,0.9197098324510719
105373265,102723849,0.9257953181729071,false,105373265,102723849,0.9257953181729071
105373265,503645,0.9088585530227152,false,105373265,503645,0.9088585530227152
105373265,5545,0.8968559640011169,false,105373265,5545,0.8968559640011169
105373265,388555,0.9339162350345555,false,105373265,388555,0.9339162350345555
105373265,306,0.9176160245535676,false,105373265,306,0.9176160245535676
105373265,728643,0.9086753450424644,false,105373265,728643,0.9086753450424644
105373265,6337,0.9302704310768974,false,105373265,6337,0.9302704310768974
105373265,641776,0.8589958330574139,false,105373265,641776,0.8589958330574139
105373265,105372793,0.9339421795695138,false,105373265,105372793,0.9339421795695138
105373265,201625,0.9472091553142391,false,105373265,201625,0.9472091553142391
105373265,112268252,0.9622471823317984,false,105373265,112268252,0.9622471823317984
105373265,2327,0.7266543044975803,false,105373265,2327,0.7266543044975803
284434,5346,0.8752483056492311,false,284434,5346,0.8752483056492311
284434,645843,0.8922739867633681,false,284434,645843,0.8922739867633681
284434,102723849,0.9046471373261655,false,284434,102723849,0.9046471373261655
284434,503645,0.9465505011413261,false,284434,503645,0.9465505011413261
284434,5545,0.8479767149007881,false,284434,5545,0.8479767149007881
284434,388555,0.9312124644406746,false,284434,388555,0.9312124644406746
284434,306,0.861607414900821,false,284434,306,0.861607414900821
284434,728643,0.9183502103758782,false,284434,728643,0.9183502103758782
284434,6337,0.8923887682828012,false,284434,6337,0.8923887682828012
284434,641776,0.8837477151353668,false,284434,641776,0.8837477151353668
284434,105372793,0.889140516734888,false,284434,105372793,0.889140516734888
284434,201625,0.8417393323244226,false,284434,201625,0.8417393323244226
284434,112268252,0.9126812327616655,false,284434,112268252,0.9126812327616655
284434,2327,0.7054540358047735,false,284434,2327,0.7054540358047735
5346,645843,0.8626787934529886,false,5346,645843,0.8626787934529886
5346,102723849,0.87673492403799,false,5346,102723849,0.87673492403799
5346,503645,0.885664607143729,false,5346,503645,0.885664607143729
5346,5545,0.7854539964068797,false,5346,5545,0.7854539964068797
5346,388555,0.8455584432213392,false,5346,388555,0.8455584432213392
5346,306,0.8274798522101214,false,5346,306,0.8274798522101214
5346,728643,0.8618606374708532,false,5346,728643,0.8618606374708532
5346,6337,0.9067763035989719,false,5346,6337,0.9067763035989719
5346,641776,0.836845462911729,false,5346,641776,0.836845462911729
5346,105372793,0.9315563774829049,false,5346,105372793,0.9315563774829049
5346,201625,0.8224164871013561,false,5346,201625,0.8224164871013561
5346,112268252,0.8833613460065889,false,5346,112268252,0.8833613460065889
5346,2327,0.7633277821324034,false,5346,2327,0.7633277821324034
645843,102723849,0.8832276755038903,false,645843,102723849,0.8832276755038903
645843,503645,0.893710011248717,false,645843,503645,0.893710011248717
645843,5545,0.842602907316108,false,645843,5545,0.842602907316108
645843,388555,0.8887453840525601,false,645843,388555,0.8887453840525601
645843,306,0.8893150855550807,false,645843,306,0.8893150855550807
645843,728643,0.9322763991963408,false,645843,728643,0.9322763991963408
645843,6337,0.9177519937468666,false,645843,6337,0.9177519937468666
645843,641776,0.8453143922818666,false,645843,641776,0.8453143922818666
645843,105372793,0.9051986763426536,false,645843,105372793,0.9051986763426536
645843,201625,0.8892091817935207,false,645843,201625,0.8892091817935207
645843,112268252,0.931986800015726,false,645843,112268252,0.931986800015726
645843,2327,0.7816799051780314,false,645843,2327,0.7816799051780314
102723849,503645,0.9270152401636449,false,102723849,503645,0.9270152401636449
102723849,5545,0.9146038364969195,false,102723849,5545,0.9146038364969195
102723849,388555,0.9341999651420129,false,102723849,388555,0.9341999651420129
102723849,306,0.9524165412859329,false,102723849,306,0.9524165412859329
102723849,728643,0.9011225030838705,false,102723849,728643,0.9011225030838705
102723849,6337,0.9529845437590969,false,102723849,6337,0.9529845437590969
102723849,641776,0.9617720656927161,false,102723849,641776,0.9617720656927161
102723849,105372793,0.9569821989528445,false,102723849,105372793,0.9569821989528445
102723849,201625,0.9329002598788995,false,102723849,201625,0.9329002598788995
102723849,112268252,0.9744588582309626,false,102723849,112268252,0.9744588582309626
102723849,2327,0.816920365674202,false,102723849,2327,0.816920365674202
503645,5545,0.9318694793664326,false,503645,5545,0.9318694793664326
503645,388555,0.9407864586542095,false,503645,388555,0.9407864586542095
503645,306,0.8951973814543969,false,503645,306,0.8951973814543969
503645,728643,0.892312641580231,false,503645,728643,0.892312641580231
503645,6337,0.9419979551055372,false,503645,6337,0.9419979551055372
503645,641776,0.8763545359119012,false,503645,641776,0.8763545359119012
503645,105372793,0.947854908107008,false,503645,105372793,0.947854908107008
503645,201625,0.8950445925667267,false,503645,201625,0.8950445925667267
503645,112268252,0.945261947199167,false,503645,112268252,0.945261947199167
503645,2327,0.8307444329069019,false,503645,2327,0.8307444329069019
5545,388555,0.9075895237335456,false,5545,388555,0.9075895237335456
5545,306,0.9017233902213772,false,5545,306,0.9017233902213772
5545,728643,0.8548719169711227,false,5545,728643,0.8548719169711227
5545,6337,0.8960212575399448,false,5545,6337,0.8960212575399448
5545,641776,0.8929400501564565,false,5545,641776,0.8929400501564565
5545,105372793,0.9231464901392082,false,5545,105372793,0.9231464901392082
5545,201625,0.9332662678055091,false,5545,201625,0.9332662678055091
5545,112268252,0.9146395343923551,false,5545,112268252,0.9146395343923551
5545,2327,0.8330335885487694,false,5545,2327,0.8330335885487694
388555,306,0.9631701031112097,false,388555,306,0.9631701031112097
388555,728643,0.9071955524055091,false,388555,728643,0.9071955524055091
388555,6337,0.9504607359840607,false,388555,6337,0.9504607359840607
388555,641776,0.8569408561628977,false,388555,641776,0.8569408561628977
388555,105372793,0.9224122100044797,false,388555,105372793,0.9224122100044797
388555,201625,0.8867845077597952,false,388555,201625,0.8867845077597952
388555,112268252,0.9640119559393631,false,388555,112268252,0.9640119559393631
388555,2327,0.7220991272386412,false,388555,2327,0.7220991272386412
306,728643,0.8846386950420202,false,306,728643,0.8846386950420202
306,6337,0.9600596444290342,false,306,6337,0.9600596444290342
306,641776,0.8840387284457445,false,306,641776,0.8840387284457445
306,105372793,0.9287817625386533,false,306,105372793,0.9287817625386533
306,201625,0.8888026203691798,false,306,201625,0.8888026203691798
306,112268252,0.9681073468195127,false,306,112268252,0.9681073468195127
306,2327,0.748942229741351,false,306,2327,0.748942229741351
728643,6337,0.8935364462783024,false,728643,6337,0.8935364462783024
728643,641776,0.8854269492125888,false,728643,641776,0.8854269492125888
728643,105372793,0.9007130405836,false,728643,105372793,0.9007130405836
728643,201625,0.8799832843601039,false,728643,201625,0.8799832843601039
728643,112268252,0.9343398637031095,false,728643,112268252,0.9343398637031095
728643,2327,0.7461674329710416,false,728643,2327,0.7461674329710416
6337,641776,0.8744025565059352,false,6337,641776,0.8744025565059352
6337,105372793,0.9786270949541118,false,6337,105372793,0.9786270949541118
6337,201625,0.926132300190074,false,6337,201625,0.926132300190074
6337,112268252,0.97869390653753,false,6337,112268252,0.97869390653753
6337,2327,0.7900892708543926,false,6337,2327,0.7900892708543926
641776,105372793,0.8987922306787831,false,641776,105372793,0.8987922306787831
641776,201625,0.8949656626150148,false,641776,201625,0.8949656626150148
641776,112268252,0.9018519326668157,false,641776,112268252,0.9018519326668157
641776,2327,0.8005651454246424,false,641776,2327,0.8005651454246424
105372793,201625,0.9418559188420285,false,105372793,201625,0.9418559188420285
105372793,112268252,0.9727828670301398,false,105372793,112268252,0.9727828670301398
105372793,2327,0.8133027351540314,false,105372793,2327,0.8133027351540314
201625,112268252,0.9338347364003594,false,201625,112268252,0.9338347364003594
201625,2327,0.82033892279585,false,201625,2327,0.82033892279585
112268252,2327,0.7847049051426157,false,112268252,2327,0.7847049051426157
