1381
6751
57111
4222
6441
441581
6262
9771
7060
2627
105
