1381
388555
441151
54084
8153
11081
100033430
246
3780
56896
1286
160728
5225
27134
100419743
57524
776
762
