100652781
5544
692213
388743
222183
163131
6523
1577
255928
7546
57524
284323
200879
1080
692072
33
8153
503645
5545
306
131873
