80004
110806280
5675
2537
9622
219793
285429
196335
4693
632
6354
4852
