100652781
6332
730
66002
100874095
57110
1556
10129
503640
100129460
3240
1999
9370
10551
284434
100505495
7225
342892
164312
1048
5346
63924
563
201625
1579
2327
