Interaction,name,Pearson,selected,shared interaction,shared name,Weight
84518,3206,0.8945891228713336,false,84518,3206,0.8945891228713336
84518,4604,0.8586312637368793,false,84518,4604,0.8586312637368793
84518,7203,0.8300975376685983,false,84518,7203,0.8300975376685983
84518,401492,0.8595791089334134,false,84518,401492,0.8595791089334134
84518,6496,0.7123154823397072,false,84518,6496,0.7123154823397072
84518,100996301,0.8684318387979014,false,84518,100996301,0.8684318387979014
84518,401089,0.856163305915293,false,84518,401089,0.856163305915293
84518,84700,0.8387692912273713,false,84518,84700,0.8387692912273713
84518,29895,0.8762142919517437,false,84518,29895,0.8762142919517437
84518,11081,0.9019034498007369,false,84518,11081,0.9019034498007369
84518,3481,0.7306012772400332,false,84518,3481,0.7306012772400332
84518,4062,0.8641385891401614,false,84518,4062,0.8641385891401614
84518,7125,0.863544155370486,false,84518,7125,0.863544155370486
84518,1132,0.8397817452299485,false,84518,1132,0.8397817452299485
84518,3229,0.862284467250779,false,84518,3229,0.862284467250779
84518,7060,0.8648127509340772,false,84518,7060,0.8648127509340772
84518,54112,0.856163305915293,false,84518,54112,0.856163305915293
84518,4892,0.8635962076052149,false,84518,4892,0.8635962076052149
84518,3207,0.7508195238865673,false,84518,3207,0.7508195238865673
84518,644649,0.8568963883871616,false,84518,644649,0.8568963883871616
84518,3929,0.8801764696344285,false,84518,3929,0.8801764696344285
84518,105369937,0.8561633059152929,false,84518,105369937,0.8561633059152929
84518,27022,0.8684318387979008,false,84518,27022,0.8684318387979008
84518,107984498,0.8647139534076872,false,84518,107984498,0.8647139534076872
84518,284111,0.8835691010823546,false,84518,284111,0.8835691010823546
84518,23562,0.8774409112742677,false,84518,23562,0.8774409112742677
84518,100130701,0.8384687186072594,false,84518,100130701,0.8384687186072594
84518,441151,0.7597543227189857,false,84518,441151,0.7597543227189857
84518,128674,0.8561633059152929,false,84518,128674,0.8561633059152929
84518,222183,0.8695343156414777,false,84518,222183,0.8695343156414777
84518,7780,0.8690593032978433,false,84518,7780,0.8690593032978433
84518,101928580,0.8561989677996128,false,84518,101928580,0.8561989677996128
84518,1028,0.9051192332859582,false,84518,1028,0.9051192332859582
84518,57110,0.8662462385654522,false,84518,57110,0.8662462385654522
84518,646480,0.8955124225847414,false,84518,646480,0.8955124225847414
84518,4606,0.8633728735691675,false,84518,4606,0.8633728735691675
54854,100652781,0.881609501018855,false,54854,100652781,0.881609501018855
54854,595135,0.9967980519784421,false,54854,595135,0.9967980519784421
54854,27283,0.985660230308123,false,54854,27283,0.985660230308123
54854,6505,0.9922505337928654,false,54854,6505,0.9922505337928654
54854,8395,0.997856524676667,false,54854,8395,0.997856524676667
54854,79818,0.9911046775691025,false,54854,79818,0.9911046775691025
54854,102725051,0.9971498121032991,false,54854,102725051,0.9971498121032991
54854,8796,0.8785883493895644,false,54854,8796,0.8785883493895644
54854,10071,0.9959889542540888,false,54854,10071,0.9959889542540888
54854,100302161,0.9993189584030685,false,54854,100302161,0.9993189584030685
54854,55289,0.916404133403293,false,54854,55289,0.916404133403293
54854,1999,0.7334162828384795,false,54854,1999,0.7334162828384795
54854,51208,0.9795759652251762,false,54854,51208,0.9795759652251762
54854,218,0.9887878312538559,false,54854,218,0.9887878312538559
54854,3909,0.9865445790048655,false,54854,3909,0.9865445790048655
54854,92086,0.9763800162413367,false,54854,92086,0.9763800162413367
54854,541473,0.970991368934188,false,54854,541473,0.970991368934188
54854,4233,0.827438393485176,false,54854,4233,0.827438393485176
54854,9365,0.974010082151005,false,54854,9365,0.974010082151005
54854,51554,0.9947805164965587,false,54854,51554,0.9947805164965587
54854,55329,0.990461573487696,false,54854,55329,0.990461573487696
54854,116228,0.9693619821805771,false,54854,116228,0.9693619821805771
54854,79977,0.8376125345033177,false,54854,79977,0.8376125345033177
54854,9208,0.7958902982883458,false,54854,9208,0.7958902982883458
54854,112268252,0.9456126414419969,false,54854,112268252,0.9456126414419969
54854,277,0.9300534903859975,false,54854,277,0.9300534903859975
54854,80736,0.9423282445902533,false,54854,80736,0.9423282445902533
54854,163131,0.9285989276554708,false,54854,163131,0.9285989276554708
54854,25901,0.9963245460968555,false,54854,25901,0.9963245460968555
54854,100302170,0.9992072945099169,false,54854,100302170,0.9992072945099169
54854,51365,0.9982385746748971,false,54854,51365,0.9982385746748971
54854,7225,0.9406439886415252,false,54854,7225,0.9406439886415252
54854,4128,0.7387837765952187,false,54854,4128,0.7387837765952187
54854,27134,0.991045170124675,false,54854,27134,0.991045170124675
54854,654412,0.9980532705525156,false,54854,654412,0.9980532705525156
54854,55892,0.9052373959509317,false,54854,55892,0.9052373959509317
54854,8999,0.9308121617240094,false,54854,8999,0.9308121617240094
54854,306,0.8140995997221528,false,54854,306,0.8140995997221528
54854,157310,0.7911520059836107,false,54854,157310,0.7911520059836107
54854,5340,0.9880900265214095,false,54854,5340,0.9880900265214095
54854,4582,0.9932836204282716,false,54854,4582,0.9932836204282716
54854,3248,0.970604755157913,false,54854,3248,0.970604755157913
54854,255189,0.9798906481087203,false,54854,255189,0.9798906481087203
54854,641384,0.9986011757216453,false,54854,641384,0.9986011757216453
54854,100130449,0.9858991272538032,false,54854,100130449,0.9858991272538032
54854,10103,0.979885094941787,false,54854,10103,0.979885094941787
54854,3856,0.8705436775060487,false,54854,3856,0.8705436775060487
54854,1048,0.9995712860726969,false,54854,1048,0.9995712860726969
54854,100419743,0.9995458781146722,false,54854,100419743,0.9995458781146722
54854,79838,0.8672154841469546,false,54854,79838,0.8672154841469546
54854,3983,0.9911433316215258,false,54854,3983,0.9911433316215258
54854,3694,0.8807902624089663,false,54854,3694,0.8807902624089663
54854,22941,0.9159433664466253,false,54854,22941,0.9159433664466253
54854,285989,0.9812365551354302,false,54854,285989,0.9812365551354302
54854,2627,0.9510896176632121,false,54854,2627,0.9510896176632121
54854,503640,0.9946727407245524,false,54854,503640,0.9946727407245524
54854,259290,0.9716915213460459,false,54854,259290,0.9716915213460459
54854,1555,0.9728670525221201,false,54854,1555,0.9728670525221201
54854,57528,0.9993265051554551,false,54854,57528,0.9993265051554551
54854,201456,0.9970025645791543,false,54854,201456,0.9970025645791543
54854,142827,0.9576691067989852,false,54854,142827,0.9576691067989852
54854,57186,0.8559560965406687,false,54854,57186,0.8559560965406687
54854,6751,0.9929090594597566,false,54854,6751,0.9929090594597566
54854,79908,0.7270400766733036,false,54854,79908,0.7270400766733036
54854,6473,0.7317140113225772,false,54854,6473,0.7317140113225772
54854,102723508,0.9752787051294551,false,54854,102723508,0.9752787051294551
54854,28984,0.7617051994781457,false,54854,28984,0.7617051994781457
54854,130367,0.820597363166502,false,54854,130367,0.820597363166502
54854,285335,0.7149469953413037,false,54854,285335,0.7149469953413037
54854,9356,0.982478798514567,false,54854,9356,0.982478798514567
54854,1910,0.7109047185145426,false,54854,1910,0.7109047185145426
54854,641776,0.9818351992010859,false,54854,641776,0.9818351992010859
54854,100506658,0.9000532050113257,false,54854,100506658,0.9000532050113257
54854,341676,0.9655923970692821,false,54854,341676,0.9655923970692821
54854,148213,0.9938579846404039,false,54854,148213,0.9938579846404039
54854,10595,0.9326654674105602,false,54854,10595,0.9326654674105602
54854,4583,0.9125508213726244,false,54854,4583,0.9125508213726244
54854,728643,0.930992707917552,false,54854,728643,0.930992707917552
54854,55567,0.9544524127827649,false,54854,55567,0.9544524127827649
54854,54997,0.9971573033830357,false,54854,54997,0.9971573033830357
54854,79848,0.9600576504101094,false,54854,79848,0.9600576504101094
54854,219790,0.7215057035513258,false,54854,219790,0.7215057035513258
54854,115677,0.7964472274565064,false,54854,115677,0.7964472274565064
54854,5961,0.9880556062776896,false,54854,5961,0.9880556062776896
54854,7851,0.9912970617717615,false,54854,7851,0.9912970617717615
54854,692072,0.9905581373114194,false,54854,692072,0.9905581373114194
54854,109136579,0.9610485234399574,false,54854,109136579,0.9610485234399574
54854,503645,0.9253217365122655,false,54854,503645,0.9253217365122655
54854,55808,0.9983687432208626,false,54854,55808,0.9983687432208626
54854,999,0.9378261732178286,false,54854,999,0.9378261732178286
54854,126353,0.9807177721497808,false,54854,126353,0.9807177721497808
54854,26226,0.9744140005988344,false,54854,26226,0.9744140005988344
54854,64332,0.9055444421562114,false,54854,64332,0.9055444421562114
54854,346007,0.8053221669331195,false,54854,346007,0.8053221669331195
54854,388743,0.9992356308156021,false,54854,388743,0.9992356308156021
54854,137872,0.9882963507480897,false,54854,137872,0.9882963507480897
54854,1577,0.98580074340444,false,54854,1577,0.98580074340444
54854,100033430,0.9456154961314186,false,54854,100033430,0.9456154961314186
54854,340267,0.9912783113373311,false,54854,340267,0.9912783113373311
54854,200879,0.9989592707215315,false,54854,200879,0.9989592707215315
54854,1510,0.9946272197018244,false,54854,1510,0.9946272197018244
54854,441251,0.900990320340124,false,54854,441251,0.900990320340124
54854,102723849,0.9912011572976281,false,54854,102723849,0.9912011572976281
54854,9196,0.7795517296977507,false,54854,9196,0.7795517296977507
54854,6337,0.8772294971494857,false,54854,6337,0.8772294971494857
54854,57669,0.9249429531404849,false,54854,57669,0.9249429531404849
54854,619383,0.9661889342509399,false,54854,619383,0.9661889342509399
54854,89765,0.7995001157648752,false,54854,89765,0.7995001157648752
54854,57111,0.9934563284350412,false,54854,57111,0.9934563284350412
54854,278,0.8229318530076059,false,54854,278,0.8229318530076059
54854,116844,0.973599200734188,false,54854,116844,0.973599200734188
54854,10129,0.9849016776577852,false,54854,10129,0.9849016776577852
54854,4586,0.9994000186498443,false,54854,4586,0.9994000186498443
54854,100158262,0.9765015767425612,false,54854,100158262,0.9765015767425612
54854,10551,0.997205345813458,false,54854,10551,0.997205345813458
54854,378938,0.9608342415950226,false,54854,378938,0.9608342415950226
54854,54897,0.8966950972162667,false,54854,54897,0.8966950972162667
54854,117155,0.9980167396866407,false,54854,117155,0.9980167396866407
54854,112268155,0.9841572109436371,false,54854,112268155,0.9841572109436371
54854,1152,0.9347126839266694,false,54854,1152,0.9347126839266694
54854,79083,0.9968941013121125,false,54854,79083,0.9968941013121125
54854,66002,0.9996102275138327,false,54854,66002,0.9996102275138327
54854,1556,0.9884200053662207,false,54854,1556,0.9884200053662207
54854,22996,0.9884884431433353,false,54854,22996,0.9884884431433353
54854,55930,0.9902907708777869,false,54854,55930,0.9902907708777869
54854,7620,0.8464196521924614,false,54854,7620,0.8464196521924614
54854,7113,0.9743520341881147,false,54854,7113,0.9743520341881147
54854,54861,0.9240120475174474,false,54854,54861,0.9240120475174474
54854,222256,0.8972868281346863,false,54854,222256,0.8972868281346863
54854,105180391,0.9809468845950526,false,54854,105180391,0.9809468845950526
54854,100529240,0.9908729091043104,false,54854,100529240,0.9908729091043104
54854,113218482,0.9994013503481975,false,54854,113218482,0.9994013503481975
54854,647024,0.9463593614509624,false,54854,647024,0.9463593614509624
54854,255928,0.996708408571302,false,54854,255928,0.996708408571302
54854,151531,0.9603818093631245,false,54854,151531,0.9603818093631245
54854,8537,0.9607034519757582,false,54854,8537,0.9607034519757582
54854,10018,0.9977021567038199,false,54854,10018,0.9977021567038199
54854,115019,0.999042171172696,false,54854,115019,0.999042171172696
54854,201625,0.7804759744343922,false,54854,201625,0.7804759744343922
54854,105180390,0.9823399064154863,false,54854,105180390,0.9823399064154863
54854,692058,0.969979364816646,false,54854,692058,0.969979364816646
54854,276,0.7526961814673458,false,54854,276,0.7526961814673458
54854,168374,0.9542992116610255,false,54854,168374,0.9542992116610255
54854,83481,0.95532458750688,false,54854,83481,0.95532458750688
54854,645843,0.9593374752618633,false,54854,645843,0.9593374752618633
54854,143884,0.9586759019620268,false,54854,143884,0.9586759019620268
54854,80004,0.8842029254426418,false,54854,80004,0.8842029254426418
54854,121512,0.9443530583760751,false,54854,121512,0.9443530583760751
54854,3993,0.9679752951174279,false,54854,3993,0.9679752951174279
54854,389852,0.9966652495572232,false,54854,389852,0.9966652495572232
54854,342892,0.9674543644879698,false,54854,342892,0.9674543644879698
54854,164312,0.986402204124672,false,54854,164312,0.986402204124672
54854,84239,0.9321963089602308,false,54854,84239,0.9321963089602308
54854,2065,0.9564555568927362,false,54854,2065,0.9564555568927362
54854,57402,0.8998113375797893,false,54854,57402,0.8998113375797893
54854,776,0.8256000194479061,false,54854,776,0.8256000194479061
54854,780,0.9057394354766328,false,54854,780,0.9057394354766328
54854,135656,0.9995205809028469,false,54854,135656,0.9995205809028469
54854,3880,0.8366216449820937,false,54854,3880,0.8366216449820937
54854,94059,0.994698570773874,false,54854,94059,0.994698570773874
54854,26769,0.9256332516973584,false,54854,26769,0.9256332516973584
54854,3960,0.9997233737910313,false,54854,3960,0.9997233737910313
54854,7433,0.8897297690136196,false,54854,7433,0.8897297690136196
54854,284323,0.9920981289120465,false,54854,284323,0.9920981289120465
54854,100129460,0.7761275139156554,false,54854,100129460,0.7761275139156554
54854,65217,0.8158932699064065,false,54854,65217,0.8158932699064065
54854,23584,0.9864480196216215,false,54854,23584,0.9864480196216215
54854,692213,0.9967178623178604,false,54854,692213,0.9967178623178604
54854,153643,0.9287332966408981,false,54854,153643,0.9287332966408981
54854,112268422,0.9990856440473997,false,54854,112268422,0.9990856440473997
54854,259294,0.9941198074802517,false,54854,259294,0.9941198074802517
54854,79740,0.9087757114376943,false,54854,79740,0.9087757114376943
54854,2266,0.990940343813498,false,54854,2266,0.990940343813498
54854,745,0.995291483805557,false,54854,745,0.995291483805557
54854,440352,0.9298289947389808,false,54854,440352,0.9298289947389808
100652781,595135,0.8718673091690691,false,100652781,595135,0.8718673091690691
100652781,27283,0.8340988141071491,false,100652781,27283,0.8340988141071491
100652781,6505,0.9132989017676197,false,100652781,6505,0.9132989017676197
100652781,8395,0.8983975898656366,false,100652781,8395,0.8983975898656366
100652781,79818,0.8748349886058446,false,100652781,79818,0.8748349886058446
100652781,102725051,0.8467055671699266,false,100652781,102725051,0.8467055671699266
100652781,8796,0.9647052904632405,false,100652781,8796,0.9647052904632405
100652781,10071,0.9091614591345818,false,100652781,10071,0.9091614591345818
100652781,100302161,0.8752158672480561,false,100652781,100302161,0.8752158672480561
100652781,55289,0.8771808316370143,false,100652781,55289,0.8771808316370143
100652781,1999,0.9019787795794904,false,100652781,1999,0.9019787795794904
100652781,51208,0.9453912117285691,false,100652781,51208,0.9453912117285691
100652781,218,0.9330274901575306,false,100652781,218,0.9330274901575306
100652781,3909,0.9101803000152334,false,100652781,3909,0.9101803000152334
100652781,92086,0.8656655722870854,false,100652781,92086,0.8656655722870854
100652781,541473,0.8117742256214433,false,100652781,541473,0.8117742256214433
100652781,11148,0.8902118322761511,false,100652781,11148,0.8902118322761511
100652781,4233,0.9146323899487905,false,100652781,4233,0.9146323899487905
100652781,9365,0.9315381232416284,false,100652781,9365,0.9315381232416284
100652781,51554,0.8662097573469105,false,100652781,51554,0.8662097573469105
100652781,55329,0.8807762401410554,false,100652781,55329,0.8807762401410554
100652781,116228,0.8584272072644851,false,100652781,116228,0.8584272072644851
100652781,79977,0.967209058468689,false,100652781,79977,0.967209058468689
100652781,9208,0.8925375060738403,false,100652781,9208,0.8925375060738403
100652781,112268252,0.946143779736408,false,100652781,112268252,0.946143779736408
100652781,277,0.9576855068562815,false,100652781,277,0.9576855068562815
100652781,80736,0.9506784979369893,false,100652781,80736,0.9506784979369893
100652781,163131,0.8257134707964313,false,100652781,163131,0.8257134707964313
100652781,25901,0.8539676016978842,false,100652781,25901,0.8539676016978842
100652781,100302170,0.8817686947873208,false,100652781,100302170,0.8817686947873208
100652781,51365,0.862555413883021,false,100652781,51365,0.862555413883021
100652781,7225,0.9119045317824849,false,100652781,7225,0.9119045317824849
100652781,4128,0.9035680497606968,false,100652781,4128,0.9035680497606968
100652781,27134,0.9357133151248082,false,100652781,27134,0.9357133151248082
100652781,654412,0.9015772432381581,false,100652781,654412,0.9015772432381581
100652781,55892,0.8184069832219143,false,100652781,55892,0.8184069832219143
100652781,8999,0.842706886390895,false,100652781,8999,0.842706886390895
100652781,306,0.9567152775129844,false,100652781,306,0.9567152775129844
100652781,157310,0.9515121350450918,false,100652781,157310,0.9515121350450918
100652781,5340,0.910967526716486,false,100652781,5340,0.910967526716486
100652781,4582,0.9238768535074026,false,100652781,4582,0.9238768535074026
100652781,3248,0.896724140647519,false,100652781,3248,0.896724140647519
100652781,255189,0.932524548427695,false,100652781,255189,0.932524548427695
100652781,641384,0.874099496128586,false,100652781,641384,0.874099496128586
100652781,100130449,0.9207498608994673,false,100652781,100130449,0.9207498608994673
100652781,10103,0.9325994139198225,false,100652781,10103,0.9325994139198225
100652781,3856,0.9458858384879367,false,100652781,3856,0.9458858384879367
100652781,1048,0.879479892168461,false,100652781,1048,0.879479892168461
100652781,100419743,0.8788553175387975,false,100652781,100419743,0.8788553175387975
100652781,79838,0.970613530863758,false,100652781,79838,0.970613530863758
100652781,10529,0.8053397241434632,false,100652781,10529,0.8053397241434632
100652781,3983,0.8792705366685912,false,100652781,3983,0.8792705366685912
100652781,3694,0.9940612038911123,false,100652781,3694,0.9940612038911123
100652781,22941,0.9377620846770004,false,100652781,22941,0.9377620846770004
100652781,285989,0.9125131629732912,false,100652781,285989,0.9125131629732912
100652781,2627,0.9617589852915841,false,100652781,2627,0.9617589852915841
100652781,503640,0.8823089273987674,false,100652781,503640,0.8823089273987674
100652781,259290,0.836049061369297,false,100652781,259290,0.836049061369297
100652781,1555,0.9494709289180708,false,100652781,1555,0.9494709289180708
100652781,57528,0.8718714035875778,false,100652781,57528,0.8718714035875778
100652781,201456,0.8861143933444282,false,100652781,201456,0.8861143933444282
100652781,142827,0.9004808516586466,false,100652781,142827,0.9004808516586466
100652781,163720,0.703624687247917,false,100652781,163720,0.703624687247917
100652781,57186,0.9161414085183952,false,100652781,57186,0.9161414085183952
100652781,6751,0.8551970008620943,false,100652781,6751,0.8551970008620943
100652781,79908,0.8512519430998323,false,100652781,79908,0.8512519430998323
100652781,102723508,0.80720883915838,false,100652781,102723508,0.80720883915838
100652781,28984,0.935569616820378,false,100652781,28984,0.935569616820378
100652781,130367,0.9323948417559992,false,100652781,130367,0.9323948417559992
100652781,285335,0.8668180379859142,false,100652781,285335,0.8668180379859142
100652781,9356,0.8660898991019006,false,100652781,9356,0.8660898991019006
100652781,1910,0.9042416464142606,false,100652781,1910,0.9042416464142606
100652781,641776,0.9090352702377815,false,100652781,641776,0.9090352702377815
100652781,100506658,0.9476343634191151,false,100652781,100506658,0.9476343634191151
100652781,200373,0.8656230822486072,false,100652781,200373,0.8656230822486072
100652781,168090,0.8803089364584956,false,100652781,168090,0.8803089364584956
100652781,341676,0.9463004043233804,false,100652781,341676,0.9463004043233804
100652781,148213,0.9119869350367416,false,100652781,148213,0.9119869350367416
100652781,10595,0.9420215219993242,false,100652781,10595,0.9420215219993242
100652781,4583,0.9357519125581522,false,100652781,4583,0.9357519125581522
100652781,728643,0.8251234635124521,false,100652781,728643,0.8251234635124521
100652781,55567,0.9701852622276183,false,100652781,55567,0.9701852622276183
100652781,6103,0.7802080230228089,false,100652781,6103,0.7802080230228089
100652781,54997,0.8822205167151549,false,100652781,54997,0.8822205167151549
100652781,79848,0.8460155580472244,false,100652781,79848,0.8460155580472244
100652781,115677,0.8522297815801214,false,100652781,115677,0.8522297815801214
100652781,5961,0.862738551323869,false,100652781,5961,0.862738551323869
100652781,7851,0.9215207054684837,false,100652781,7851,0.9215207054684837
100652781,692072,0.8776036167700185,false,100652781,692072,0.8776036167700185
100652781,109136579,0.8971287168377658,false,100652781,109136579,0.8971287168377658
100652781,503645,0.8317039036117636,false,100652781,503645,0.8317039036117636
100652781,55808,0.9041269354495876,false,100652781,55808,0.9041269354495876
100652781,999,0.9642948582470354,false,100652781,999,0.9642948582470354
100652781,126353,0.9407340051352261,false,100652781,126353,0.9407340051352261
100652781,26226,0.879358893871653,false,100652781,26226,0.879358893871653
100652781,64332,0.8417436782195892,false,100652781,64332,0.8417436782195892
100652781,346007,0.7568292334421177,false,100652781,346007,0.7568292334421177
100652781,388743,0.892045044597993,false,100652781,388743,0.892045044597993
100652781,137872,0.8111766772459635,false,100652781,137872,0.8111766772459635
100652781,1577,0.9042281746535953,false,100652781,1577,0.9042281746535953
100652781,100033430,0.9369554757898607,false,100652781,100033430,0.9369554757898607
100652781,340267,0.9227533028045518,false,100652781,340267,0.9227533028045518
100652781,200879,0.8882207758441553,false,100652781,200879,0.8882207758441553
100652781,1510,0.9171371667269236,false,100652781,1510,0.9171371667269236
100652781,441251,0.9293451835121425,false,100652781,441251,0.9293451835121425
100652781,102723849,0.8953224558666903,false,100652781,102723849,0.8953224558666903
100652781,6337,0.9726623150570591,false,100652781,6337,0.9726623150570591
100652781,5284,0.8482159852773015,false,100652781,5284,0.8482159852773015
100652781,57669,0.8872919772931667,false,100652781,57669,0.8872919772931667
100652781,619383,0.9105492892207792,false,100652781,619383,0.9105492892207792
100652781,89765,0.9161126520924848,false,100652781,89765,0.9161126520924848
100652781,57111,0.9206704648626242,false,100652781,57111,0.9206704648626242
100652781,278,0.9253415823846636,false,100652781,278,0.9253415823846636
100652781,116844,0.9332351308202654,false,100652781,116844,0.9332351308202654
100652781,10129,0.898974754204237,false,100652781,10129,0.898974754204237
100652781,4586,0.8819790492639175,false,100652781,4586,0.8819790492639175
100652781,100158262,0.8178401202964618,false,100652781,100158262,0.8178401202964618
100652781,10551,0.8995243359618061,false,100652781,10551,0.8995243359618061
100652781,688,0.862150457281956,false,100652781,688,0.862150457281956
100652781,6101,0.884651410517275,false,100652781,6101,0.884651410517275
100652781,378938,0.8978817202123791,false,100652781,378938,0.8978817202123791
100652781,54897,0.8532108647551412,false,100652781,54897,0.8532108647551412
100652781,117155,0.8651436159993204,false,100652781,117155,0.8651436159993204
100652781,112268155,0.8985993118088696,false,100652781,112268155,0.8985993118088696
100652781,1152,0.9528225693108798,false,100652781,1152,0.9528225693108798
100652781,27074,0.836962174255519,false,100652781,27074,0.836962174255519
100652781,79083,0.8895134463991234,false,100652781,79083,0.8895134463991234
100652781,66002,0.8923331479796776,false,100652781,66002,0.8923331479796776
100652781,1556,0.9335883886376413,false,100652781,1556,0.9335883886376413
100652781,22996,0.9396976031351669,false,100652781,22996,0.9396976031351669
100652781,55930,0.935333600158982,false,100652781,55930,0.935333600158982
100652781,7620,0.7247747270279161,false,100652781,7620,0.7247747270279161
100652781,7113,0.9459495498119647,false,100652781,7113,0.9459495498119647
100652781,54861,0.9096407213597503,false,100652781,54861,0.9096407213597503
100652781,222256,0.9519585393458749,false,100652781,222256,0.9519585393458749
100652781,105180391,0.893754755339741,false,100652781,105180391,0.893754755339741
100652781,26084,0.8737863976508321,false,100652781,26084,0.8737863976508321
100652781,100529240,0.9072024743984941,false,100652781,100529240,0.9072024743984941
100652781,113218482,0.8878746913441719,false,100652781,113218482,0.8878746913441719
100652781,647024,0.96138521929193,false,100652781,647024,0.96138521929193
100652781,255928,0.8511142313513181,false,100652781,255928,0.8511142313513181
100652781,151531,0.881663106501368,false,100652781,151531,0.881663106501368
100652781,8537,0.8246356892476872,false,100652781,8537,0.8246356892476872
100652781,10018,0.89274373965692,false,100652781,10018,0.89274373965692
100652781,115019,0.8958893338860693,false,100652781,115019,0.8958893338860693
100652781,201625,0.9589937093081166,false,100652781,201625,0.9589937093081166
100652781,105180390,0.9032330110540031,false,100652781,105180390,0.9032330110540031
100652781,1043,0.8092966622905726,false,100652781,1043,0.8092966622905726
100652781,692058,0.9232927864927838,false,100652781,692058,0.9232927864927838
100652781,276,0.900466528724287,false,100652781,276,0.900466528724287
100652781,168374,0.9267638331192128,false,100652781,168374,0.9267638331192128
100652781,83481,0.9720974367841997,false,100652781,83481,0.9720974367841997
100652781,645843,0.9406149709025743,false,100652781,645843,0.9406149709025743
100652781,143884,0.7819142803859765,false,100652781,143884,0.7819142803859765
100652781,1579,0.8464078921103647,false,100652781,1579,0.8464078921103647
100652781,80004,0.9493044247392559,false,100652781,80004,0.9493044247392559
100652781,121512,0.9049699817342887,false,100652781,121512,0.9049699817342887
100652781,3993,0.9292343118247205,false,100652781,3993,0.9292343118247205
100652781,389852,0.896691304304522,false,100652781,389852,0.896691304304522
100652781,342892,0.8697596912223639,false,100652781,342892,0.8697596912223639
100652781,164312,0.9366932166349154,false,100652781,164312,0.9366932166349154
100652781,84239,0.9659415173868675,false,100652781,84239,0.9659415173868675
100652781,2065,0.9650748393584911,false,100652781,2065,0.9650748393584911
100652781,57402,0.9031742402119696,false,100652781,57402,0.9031742402119696
100652781,1513,0.7675915889752669,false,100652781,1513,0.7675915889752669
100652781,776,0.743696154957479,false,100652781,776,0.743696154957479
100652781,780,0.9487458853518818,false,100652781,780,0.9487458853518818
100652781,135656,0.8799111284753497,false,100652781,135656,0.8799111284753497
100652781,3880,0.9848288636098502,false,100652781,3880,0.9848288636098502
100652781,94059,0.8999367969804238,false,100652781,94059,0.8999367969804238
100652781,26769,0.9240415520040722,false,100652781,26769,0.9240415520040722
100652781,3960,0.8801581743293938,false,100652781,3960,0.8801581743293938
100652781,7433,0.8423621359073337,false,100652781,7433,0.8423621359073337
100652781,284323,0.8540493323095788,false,100652781,284323,0.8540493323095788
100652781,100129460,0.8861533820708251,false,100652781,100129460,0.8861533820708251
100652781,65217,0.8213870527578665,false,100652781,65217,0.8213870527578665
100652781,1286,0.707358399913848,false,100652781,1286,0.707358399913848
100652781,23584,0.8776671814840148,false,100652781,23584,0.8776671814840148
100652781,692213,0.9096240298397633,false,100652781,692213,0.9096240298397633
100652781,79784,0.7054249935848976,false,100652781,79784,0.7054249935848976
100652781,153643,0.9499373688378626,false,100652781,153643,0.9499373688378626
100652781,112268422,0.8710725384404254,false,100652781,112268422,0.8710725384404254
100652781,649946,0.7798645186860508,false,100652781,649946,0.7798645186860508
100652781,259294,0.8671110284228927,false,100652781,259294,0.8671110284228927
100652781,79740,0.9839210574164944,false,100652781,79740,0.9839210574164944
100652781,2266,0.870311002613356,false,100652781,2266,0.870311002613356
100652781,745,0.9186290292630167,false,100652781,745,0.9186290292630167
100652781,440352,0.9201997179798671,false,100652781,440352,0.9201997179798671
107984406,2160,0.8362170407398433,false,107984406,2160,0.8362170407398433
107984406,158798,0.741050839006865,false,107984406,158798,0.741050839006865
107984406,4629,0.8738356526053178,false,107984406,4629,0.8738356526053178
107984406,222389,0.8245509565246928,false,107984406,222389,0.8245509565246928
107984406,345895,0.8256268739466008,false,107984406,345895,0.8256268739466008
107984406,58524,0.7173257561736116,false,107984406,58524,0.7173257561736116
107984406,6262,0.7287384910463646,false,107984406,6262,0.7287384910463646
107984406,4318,0.9217460682551843,false,107984406,4318,0.9217460682551843
107984406,10568,0.7146180173613986,false,107984406,10568,0.7146180173613986
107984406,10917,0.8525303483276159,false,107984406,10917,0.8525303483276159
107984406,10529,0.8338798905492031,false,107984406,10529,0.8338798905492031
107984406,11254,0.7379734088727521,false,107984406,11254,0.7379734088727521
107984406,5555,0.7660157646423424,false,107984406,5555,0.7660157646423424
107984406,163720,0.7971307794223885,false,107984406,163720,0.7971307794223885
107984406,10579,0.7930802267157319,false,107984406,10579,0.7930802267157319
107984406,730,0.7692606219119446,false,107984406,730,0.7692606219119446
107984406,1910,0.7115125600336762,false,107984406,1910,0.7115125600336762
107984406,5787,0.7438508207580776,false,107984406,5787,0.7438508207580776
107984406,474354,0.912623802457645,false,107984406,474354,0.912623802457645
107984406,100129940,0.8267615000355651,false,107984406,100129940,0.8267615000355651
107984406,1906,0.8217751615038446,false,107984406,1906,0.8217751615038446
107984406,3240,0.8313864325807413,false,107984406,3240,0.8313864325807413
107984406,221395,0.8920991196139817,false,107984406,221395,0.8920991196139817
107984406,6103,0.7997424275533368,false,107984406,6103,0.7997424275533368
107984406,653082,0.7870413561464379,false,107984406,653082,0.7870413561464379
107984406,8091,0.8817016539225442,false,107984406,8091,0.8817016539225442
107984406,109729184,0.9007304924284194,false,107984406,109729184,0.9007304924284194
107984406,101927516,0.9832659308734107,false,107984406,101927516,0.9832659308734107
107984406,27074,0.7135586184920549,false,107984406,27074,0.7135586184920549
107984406,54848,0.701285089221204,false,107984406,54848,0.701285089221204
107984406,79632,0.8329882218753838,false,107984406,79632,0.8329882218753838
107984406,54,0.7900828628689457,false,107984406,54,0.7900828628689457
107984406,2122,0.8505942979197493,false,107984406,2122,0.8505942979197493
107984406,84059,0.8258098951835806,false,107984406,84059,0.8258098951835806
107984406,9411,0.804827112285065,false,107984406,9411,0.804827112285065
107984406,1579,0.7688610595101181,false,107984406,1579,0.7688610595101181
107984406,57477,0.9090674494999509,false,107984406,57477,0.9090674494999509
107984406,9771,0.8557504557912036,false,107984406,9771,0.8557504557912036
107984406,120892,0.8152962507258434,false,107984406,120892,0.8152962507258434
107984406,693188,0.8257893187988186,false,107984406,693188,0.8257893187988186
107984406,84851,0.8207315687011228,false,107984406,84851,0.8207315687011228
107984406,10203,0.9510733112072017,false,107984406,10203,0.9510733112072017
107984406,4069,0.7027653934223996,false,107984406,4069,0.7027653934223996
107984406,1080,0.8668909461111652,false,107984406,1080,0.8668909461111652
107984406,1286,0.866824359603823,false,107984406,1286,0.866824359603823
107984406,105372793,0.7271586434332704,false,107984406,105372793,0.7271586434332704
107984406,144535,0.7743537223693147,false,107984406,144535,0.7743537223693147
107984406,649946,0.7444204440143461,false,107984406,649946,0.7444204440143461
595135,27283,0.9754799384811783,false,595135,27283,0.9754799384811783
595135,6505,0.9918891453285583,false,595135,6505,0.9918891453285583
595135,8395,0.9955538907545931,false,595135,8395,0.9955538907545931
595135,79818,0.994964936414337,false,595135,79818,0.994964936414337
595135,102725051,0.9959764054727643,false,595135,102725051,0.9959764054727643
595135,8796,0.8681162578538495,false,595135,8796,0.8681162578538495
595135,10071,0.9890387798654126,false,595135,10071,0.9890387798654126
595135,100302161,0.9950360081033313,false,595135,100302161,0.9950360081033313
595135,55289,0.9332237810233687,false,595135,55289,0.9332237810233687
595135,1999,0.7088058266104844,false,595135,1999,0.7088058266104844
595135,51208,0.9777033575249212,false,595135,51208,0.9777033575249212
595135,218,0.9788234778604946,false,595135,218,0.9788234778604946
595135,3909,0.9908948124917635,false,595135,3909,0.9908948124917635
595135,92086,0.9895262846450606,false,595135,92086,0.9895262846450606
595135,541473,0.984876080754366,false,595135,541473,0.984876080754366
595135,4233,0.8059262332225091,false,595135,4233,0.8059262332225091
595135,9365,0.9685731123671945,false,595135,9365,0.9685731123671945
595135,51554,0.9905986575939397,false,595135,51554,0.9905986575939397
595135,55329,0.9848855662052824,false,595135,55329,0.9848855662052824
595135,116228,0.9531333375774727,false,595135,116228,0.9531333375774727
595135,79977,0.8244570210023381,false,595135,79977,0.8244570210023381
595135,9208,0.7778436853752143,false,595135,9208,0.7778436853752143
595135,112268252,0.9361129370924562,false,595135,112268252,0.9361129370924562
595135,277,0.9130659713992919,false,595135,277,0.9130659713992919
595135,80736,0.9413806802102019,false,595135,80736,0.9413806802102019
595135,163131,0.9382299000150485,false,595135,163131,0.9382299000150485
595135,25901,0.990437102881564,false,595135,25901,0.990437102881564
595135,100302170,0.9941997337666802,false,595135,100302170,0.9941997337666802
595135,51365,0.9961974852604105,false,595135,51365,0.9961974852604105
595135,7225,0.9498771915897095,false,595135,7225,0.9498771915897095
595135,4128,0.7318022024203025,false,595135,4128,0.7318022024203025
595135,27134,0.9861703555700793,false,595135,27134,0.9861703555700793
595135,654412,0.9917354708484468,false,595135,654412,0.9917354708484468
595135,55892,0.8982968455998958,false,595135,55892,0.8982968455998958
595135,8999,0.9546256915950936,false,595135,8999,0.9546256915950936
595135,306,0.8242741270068588,false,595135,306,0.8242741270068588
595135,157310,0.7789990981344711,false,595135,157310,0.7789990981344711
595135,5340,0.989255086248554,false,595135,5340,0.989255086248554
595135,4582,0.9866845657103183,false,595135,4582,0.9866845657103183
595135,3248,0.9790735838063052,false,595135,3248,0.9790735838063052
595135,255189,0.9778845311969393,false,595135,255189,0.9778845311969393
595135,641384,0.9936518222129787,false,595135,641384,0.9936518222129787
595135,100130449,0.9758946348897765,false,595135,100130449,0.9758946348897765
595135,10103,0.9698281294917691,false,595135,10103,0.9698281294917691
595135,3856,0.8524532455349867,false,595135,3856,0.8524532455349867
595135,1048,0.9955037982663819,false,595135,1048,0.9955037982663819
595135,100419743,0.9954733319898509,false,595135,100419743,0.9954733319898509
595135,79838,0.8547134265705123,false,595135,79838,0.8547134265705123
595135,3983,0.9909050620488096,false,595135,3983,0.9909050620488096
595135,3694,0.8748690869807796,false,595135,3694,0.8748690869807796
595135,22941,0.9282443963555688,false,595135,22941,0.9282443963555688
595135,285989,0.9771233405364651,false,595135,285989,0.9771233405364651
595135,2627,0.9515342875047365,false,595135,2627,0.9515342875047365
595135,503640,0.9937761154451397,false,595135,503640,0.9937761154451397
595135,259290,0.975115791619639,false,595135,259290,0.975115791619639
595135,1555,0.9612022175570661,false,595135,1555,0.9612022175570661
595135,57528,0.9972195695818024,false,595135,57528,0.9972195695818024
595135,201456,0.9987864650503274,false,595135,201456,0.9987864650503274
595135,142827,0.9523170160078456,false,595135,142827,0.9523170160078456
595135,57186,0.8669636493255681,false,595135,57186,0.8669636493255681
595135,6751,0.9933880120392478,false,595135,6751,0.9933880120392478
595135,79908,0.7575965408881148,false,595135,79908,0.7575965408881148
595135,102723508,0.9742224248892217,false,595135,102723508,0.9742224248892217
595135,28984,0.7411686304936519,false,595135,28984,0.7411686304936519
595135,130367,0.7963528884615769,false,595135,130367,0.7963528884615769
595135,9356,0.9916676626828935,false,595135,9356,0.9916676626828935
595135,1910,0.7121677828328594,false,595135,1910,0.7121677828328594
595135,641776,0.982833907150612,false,595135,641776,0.982833907150612
595135,100506658,0.9120862655391601,false,595135,100506658,0.9120862655391601
595135,341676,0.9539787724552353,false,595135,341676,0.9539787724552353
595135,148213,0.9879726145703742,false,595135,148213,0.9879726145703742
595135,10595,0.9134229929204514,false,595135,10595,0.9134229929204514
595135,4583,0.8914873105776465,false,595135,4583,0.8914873105776465
595135,728643,0.9531281068937684,false,595135,728643,0.9531281068937684
595135,55567,0.9440212308176796,false,595135,55567,0.9440212308176796
595135,54997,0.9983110325988307,false,595135,54997,0.9983110325988307
595135,79848,0.961148964979202,false,595135,79848,0.961148964979202
595135,219790,0.7671695849076159,false,595135,219790,0.7671695849076159
595135,115677,0.8195516490003842,false,595135,115677,0.8195516490003842
595135,5961,0.9902575515972535,false,595135,5961,0.9902575515972535
595135,7851,0.9856493313647741,false,595135,7851,0.9856493313647741
595135,692072,0.9811755844705096,false,595135,692072,0.9811755844705096
595135,109136579,0.9546620658460965,false,595135,109136579,0.9546620658460965
595135,503645,0.9347676523420961,false,595135,503645,0.9347676523420961
595135,55808,0.9942969798224494,false,595135,55808,0.9942969798224494
595135,999,0.9226329564562793,false,595135,999,0.9226329564562793
595135,126353,0.9699091783926139,false,595135,126353,0.9699091783926139
595135,26226,0.9734850330937307,false,595135,26226,0.9734850330937307
595135,64332,0.8948451878555193,false,595135,64332,0.8948451878555193
595135,346007,0.8189043899740043,false,595135,346007,0.8189043899740043
595135,388743,0.9944478322272129,false,595135,388743,0.9944478322272129
595135,116984,0.7043941864785338,false,595135,116984,0.7043941864785338
595135,137872,0.9817566580263759,false,595135,137872,0.9817566580263759
595135,1577,0.9768543695828388,false,595135,1577,0.9768543695828388
595135,100033430,0.930484338408634,false,595135,100033430,0.930484338408634
595135,340267,0.9828677561188779,false,595135,340267,0.9828677561188779
595135,200879,0.9964476748624399,false,595135,200879,0.9964476748624399
595135,1510,0.9870000277240591,false,595135,1510,0.9870000277240591
595135,441251,0.8872841100368114,false,595135,441251,0.8872841100368114
595135,102723849,0.9874199827589422,false,595135,102723849,0.9874199827589422
595135,9196,0.806418709794604,false,595135,9196,0.806418709794604
595135,6337,0.8846995017622249,false,595135,6337,0.8846995017622249
595135,57669,0.9442034198911167,false,595135,57669,0.9442034198911167
595135,619383,0.9575098817241952,false,595135,619383,0.9575098817241952
595135,89765,0.7800336858305071,false,595135,89765,0.7800336858305071
595135,57111,0.986972942169786,false,595135,57111,0.986972942169786
595135,278,0.7951966467453337,false,595135,278,0.7951966467453337
595135,116844,0.9610289962927306,false,595135,116844,0.9610289962927306
595135,10129,0.9797858386039252,false,595135,10129,0.9797858386039252
595135,4586,0.9949340007646127,false,595135,4586,0.9949340007646127
595135,100158262,0.9687669211078216,false,595135,100158262,0.9687669211078216
595135,10551,0.9918686975252387,false,595135,10551,0.9918686975252387
595135,378938,0.9544169103978166,false,595135,378938,0.9544169103978166
595135,54897,0.9240022763278394,false,595135,54897,0.9240022763278394
595135,117155,0.999349617552625,false,595135,117155,0.999349617552625
595135,112268155,0.9811670073220502,false,595135,112268155,0.9811670073220502
595135,1152,0.9302865622012182,false,595135,1152,0.9302865622012182
595135,79083,0.9962841163551484,false,595135,79083,0.9962841163551484
595135,66002,0.9961303218757135,false,595135,66002,0.9961303218757135
595135,1556,0.9883659487079888,false,595135,1556,0.9883659487079888
595135,22996,0.9826826110440134,false,595135,22996,0.9826826110440134
595135,55930,0.985755054335489,false,595135,55930,0.985755054335489
595135,7620,0.8344687115925128,false,595135,7620,0.8344687115925128
595135,7113,0.9646904127126791,false,595135,7113,0.9646904127126791
595135,54861,0.9317346863848086,false,595135,54861,0.9317346863848086
595135,222256,0.8757420305578467,false,595135,222256,0.8757420305578467
595135,105180391,0.9848779449286182,false,595135,105180391,0.9848779449286182
595135,100529240,0.987244027926588,false,595135,100529240,0.987244027926588
595135,113218482,0.9951462412278285,false,595135,113218482,0.9951462412278285
595135,647024,0.9308780592658894,false,595135,647024,0.9308780592658894
595135,255928,0.9924438677819449,false,595135,255928,0.9924438677819449
595135,151531,0.9504976446327386,false,595135,151531,0.9504976446327386
595135,8537,0.9405243147229874,false,595135,8537,0.9405243147229874
595135,10018,0.9910066111140937,false,595135,10018,0.9910066111140937
595135,115019,0.9948758068719513,false,595135,115019,0.9948758068719513
595135,201625,0.7705804317411419,false,595135,201625,0.7705804317411419
595135,105180390,0.9841964803647272,false,595135,105180390,0.9841964803647272
595135,692058,0.9554547762786931,false,595135,692058,0.9554547762786931
595135,276,0.7221013100961172,false,595135,276,0.7221013100961172
595135,168374,0.9431873947219619,false,595135,168374,0.9431873947219619
595135,83481,0.9411461607818121,false,595135,83481,0.9411461607818121
595135,645843,0.9506283171757651,false,595135,645843,0.9506283171757651
595135,143884,0.9586333464742318,false,595135,143884,0.9586333464742318
595135,80004,0.8702151156545607,false,595135,80004,0.8702151156545607
595135,121512,0.9501593558441039,false,595135,121512,0.9501593558441039
595135,3993,0.9687771972396599,false,595135,3993,0.9687771972396599
595135,389852,0.9913479033388548,false,595135,389852,0.9913479033388548
595135,342892,0.9720489700550434,false,595135,342892,0.9720489700550434
595135,164312,0.9853306806766317,false,595135,164312,0.9853306806766317
595135,84239,0.9342507695863692,false,595135,84239,0.9342507695863692
595135,2065,0.9480962087709199,false,595135,2065,0.9480962087709199
595135,57402,0.9164522810748154,false,595135,57402,0.9164522810748154
595135,776,0.8472623762232033,false,595135,776,0.8472623762232033
595135,780,0.8845619301906242,false,595135,780,0.8845619301906242
595135,135656,0.995462187819579,false,595135,135656,0.995462187819579
595135,3880,0.8212740526123988,false,595135,3880,0.8212740526123988
595135,94059,0.9921303922566285,false,595135,94059,0.9921303922566285
595135,26769,0.9041921674395345,false,595135,26769,0.9041921674395345
595135,3960,0.9957346519503921,false,595135,3960,0.9957346519503921
595135,7433,0.9169990048090154,false,595135,7433,0.9169990048090154
595135,284323,0.9929578608187489,false,595135,284323,0.9929578608187489
595135,100129460,0.757255531836184,false,595135,100129460,0.757255531836184
595135,65217,0.8425854846116227,false,595135,65217,0.8425854846116227
595135,23584,0.9951194282067862,false,595135,23584,0.9951194282067862
595135,692213,0.9888814770920863,false,595135,692213,0.9888814770920863
595135,153643,0.9103865517851537,false,595135,153643,0.9103865517851537
595135,112268422,0.9948592532316498,false,595135,112268422,0.9948592532316498
595135,259294,0.9920169864993801,false,595135,259294,0.9920169864993801
595135,79740,0.9103790108207797,false,595135,79740,0.9103790108207797
595135,2266,0.993951755329679,false,595135,2266,0.993951755329679
595135,745,0.9934556037368304,false,595135,745,0.9934556037368304
595135,440352,0.9331298415952972,false,595135,440352,0.9331298415952972
27283,6505,0.966121766608481,false,27283,6505,0.966121766608481
27283,8395,0.9812425626143223,false,27283,8395,0.9812425626143223
27283,79818,0.9708925669180091,false,27283,79818,0.9708925669180091
27283,102725051,0.9890699434544022,false,27283,102725051,0.9890699434544022
27283,8796,0.8341329397538102,false,27283,8796,0.8341329397538102
27283,10071,0.9790753852067745,false,27283,10071,0.9790753852067745
27283,100302161,0.9905594481490213,false,27283,100302161,0.9905594481490213
27283,55289,0.8605830593035158,false,27283,55289,0.8605830593035158
27283,51208,0.939853897364877,false,27283,51208,0.939853897364877
27283,218,0.9670800911316391,false,27283,218,0.9670800911316391
27283,3909,0.9626820608558672,false,27283,3909,0.9626820608558672
27283,92086,0.9443984590278077,false,27283,92086,0.9443984590278077
27283,541473,0.9509397459025245,false,27283,541473,0.9509397459025245
27283,4233,0.8073310576704421,false,27283,4233,0.8073310576704421
27283,9365,0.9485550056851778,false,27283,9365,0.9485550056851778
27283,51554,0.9935646254564835,false,27283,51554,0.9935646254564835
27283,55329,0.9928304984512277,false,27283,55329,0.9928304984512277
27283,116228,0.9850854731094831,false,27283,116228,0.9850854731094831
27283,79977,0.7885937526818744,false,27283,79977,0.7885937526818744
27283,9208,0.7718285702707205,false,27283,9208,0.7718285702707205
27283,112268252,0.9028906921286027,false,27283,112268252,0.9028906921286027
27283,277,0.9073274310706987,false,27283,277,0.9073274310706987
27283,80736,0.8918505484518704,false,27283,80736,0.8918505484518704
27283,163131,0.9336039842252523,false,27283,163131,0.9336039842252523
27283,25901,0.9961998208058974,false,27283,25901,0.9961998208058974
27283,100302170,0.9892334425960975,false,27283,100302170,0.9892334425960975
27283,51365,0.9867632944693935,false,27283,51365,0.9867632944693935
27283,7225,0.9056156402094019,false,27283,7225,0.9056156402094019
27283,4128,0.7294880189447207,false,27283,4128,0.7294880189447207
27283,27134,0.9644910615281198,false,27283,27134,0.9644910615281198
27283,654412,0.9821855766827059,false,27283,654412,0.9821855766827059
27283,55892,0.9402189079492497,false,27283,55892,0.9402189079492497
27283,8999,0.8857211525821296,false,27283,8999,0.8857211525821296
27283,306,0.7282590463191245,false,27283,306,0.7282590463191245
27283,157310,0.7259581168626064,false,27283,157310,0.7259581168626064
27283,5340,0.9675264269402613,false,27283,5340,0.9675264269402613
27283,4582,0.9723597144651622,false,27283,4582,0.9723597144651622
27283,3248,0.9476601866865275,false,27283,3248,0.9476601866865275
27283,255189,0.9456664753032197,false,27283,255189,0.9456664753032197
27283,641384,0.9922843027394648,false,27283,641384,0.9922843027394648
27283,100130449,0.9688012890104789,false,27283,100130449,0.9688012890104789
27283,10103,0.9554873311568337,false,27283,10103,0.9554873311568337
27283,3856,0.8232689092461561,false,27283,3856,0.8232689092461561
27283,1048,0.9880990294615177,false,27283,1048,0.9880990294615177
27283,100419743,0.9880995842615256,false,27283,100419743,0.9880995842615256
27283,79838,0.8216449858323118,false,27283,79838,0.8216449858323118
27283,3983,0.9636146853125407,false,27283,3983,0.9636146853125407
27283,3694,0.8226077329616368,false,27283,3694,0.8226077329616368
27283,22941,0.8535134930962808,false,27283,22941,0.8535134930962808
27283,285989,0.9684958276956798,false,27283,285989,0.9684958276956798
27283,2627,0.9070811650746762,false,27283,2627,0.9070811650746762
27283,503640,0.9843759028318573,false,27283,503640,0.9843759028318573
27283,259290,0.9773030343091251,false,27283,259290,0.9773030343091251
27283,1555,0.9477037502513965,false,27283,1555,0.9477037502513965
27283,57528,0.9852774947755771,false,27283,57528,0.9852774947755771
27283,201456,0.9788776546483743,false,27283,201456,0.9788776546483743
27283,142827,0.9293640434542841,false,27283,142827,0.9293640434542841
27283,57186,0.7949785023446327,false,27283,57186,0.7949785023446327
27283,6751,0.9829098147063149,false,27283,6751,0.9829098147063149
27283,6473,0.8347467166402693,false,27283,6473,0.8347467166402693
27283,102723508,0.9900850590616048,false,27283,102723508,0.9900850590616048
27283,28984,0.7386399134558338,false,27283,28984,0.7386399134558338
27283,130367,0.7868120249947432,false,27283,130367,0.7868120249947432
27283,9356,0.9619588074135644,false,27283,9356,0.9619588074135644
27283,641776,0.9569931126715711,false,27283,641776,0.9569931126715711
27283,100506658,0.8226068032829276,false,27283,100506658,0.8226068032829276
27283,341676,0.944709121679794,false,27283,341676,0.944709121679794
27283,148213,0.9780987176527421,false,27283,148213,0.9780987176527421
27283,10595,0.9106511187937466,false,27283,10595,0.9106511187937466
27283,4583,0.8906564893569695,false,27283,4583,0.8906564893569695
27283,728643,0.9030525086391812,false,27283,728643,0.9030525086391812
27283,55567,0.9225039390247418,false,27283,55567,0.9225039390247418
27283,54997,0.9799890644148478,false,27283,54997,0.9799890644148478
27283,79848,0.9710026658707355,false,27283,79848,0.9710026658707355
27283,115677,0.7380235631349609,false,27283,115677,0.7380235631349609
27283,5961,0.9826000719203014,false,27283,5961,0.9826000719203014
27283,7851,0.9708219088717137,false,27283,7851,0.9708219088717137
27283,692072,0.9947466802436675,false,27283,692072,0.9947466802436675
27283,109136579,0.9555888318525998,false,27283,109136579,0.9555888318525998
27283,503645,0.9257053819901013,false,27283,503645,0.9257053819901013
27283,55808,0.9786844093094438,false,27283,55808,0.9786844093094438
27283,999,0.9060646918260631,false,27283,999,0.9060646918260631
27283,126353,0.9531714731511922,false,27283,126353,0.9531714731511922
27283,26226,0.971444210747793,false,27283,26226,0.971444210747793
27283,64332,0.9150121330909367,false,27283,64332,0.9150121330909367
27283,346007,0.7780339796645573,false,27283,346007,0.7780339796645573
27283,388743,0.9849440581461537,false,27283,388743,0.9849440581461537
27283,137872,0.9936083689750783,false,27283,137872,0.9936083689750783
27283,1577,0.9834349509839991,false,27283,1577,0.9834349509839991
27283,100033430,0.9241744487632298,false,27283,100033430,0.9241744487632298
27283,340267,0.9767170052488593,false,27283,340267,0.9767170052488593
27283,200879,0.9847729609482847,false,27283,200879,0.9847729609482847
27283,1510,0.9744468420962238,false,27283,1510,0.9744468420962238
27283,441251,0.8817869902776423,false,27283,441251,0.8817869902776423
27283,102723849,0.9806310580598367,false,27283,102723849,0.9806310580598367
27283,9196,0.7917689298239959,false,27283,9196,0.7917689298239959
27283,6337,0.8018628311621854,false,27283,6337,0.8018628311621854
27283,57669,0.8763983407805142,false,27283,57669,0.8763983407805142
27283,619383,0.9626885537268263,false,27283,619383,0.9626885537268263
27283,89765,0.7292556710245663,false,27283,89765,0.7292556710245663
27283,57111,0.9738349325092645,false,27283,57111,0.9738349325092645
27283,278,0.81441200304183,false,27283,278,0.81441200304183
27283,116844,0.9540745393844376,false,27283,116844,0.9540745393844376
27283,10129,0.9798284282151293,false,27283,10129,0.9798284282151293
27283,4586,0.9877690597567818,false,27283,4586,0.9877690597567818
27283,100158262,0.9970053558545329,false,27283,100158262,0.9970053558545329
27283,10551,0.9828767180858132,false,27283,10551,0.9828767180858132
27283,378938,0.9552343492578783,false,27283,378938,0.9552343492578783
27283,54897,0.8428704115652799,false,27283,54897,0.8428704115652799
27283,285,0.7151131022891333,false,27283,285,0.7151131022891333
27283,117155,0.9796175373486348,false,27283,117155,0.9796175373486348
27283,112268155,0.9650080501442638,false,27283,112268155,0.9650080501442638
27283,1152,0.9227509287360721,false,27283,1152,0.9227509287360721
27283,79083,0.9819276644522963,false,27283,79083,0.9819276644522963
27283,66002,0.9828199117804767,false,27283,66002,0.9828199117804767
27283,1556,0.9584314200093096,false,27283,1556,0.9584314200093096
27283,22996,0.9607351629593196,false,27283,22996,0.9607351629593196
27283,55930,0.9647892662079243,false,27283,55930,0.9647892662079243
27283,7620,0.9074425406572673,false,27283,7620,0.9074425406572673
27283,7113,0.94536909397933,false,27283,7113,0.94536909397933
27283,54861,0.8951763954368394,false,27283,54861,0.8951763954368394
27283,222256,0.8805017535909587,false,27283,222256,0.8805017535909587
27283,105180391,0.9589404170249084,false,27283,105180391,0.9589404170249084
27283,100529240,0.9773555913209789,false,27283,100529240,0.9773555913209789
27283,113218482,0.9828298779450392,false,27283,113218482,0.9828298779450392
27283,647024,0.9135963314959896,false,27283,647024,0.9135963314959896
27283,255928,0.9837717971153761,false,27283,255928,0.9837717971153761
27283,151531,0.9276501309227932,false,27283,151531,0.9276501309227932
27283,8537,0.9908286854343406,false,27283,8537,0.9908286854343406
27283,10018,0.9891972042647789,false,27283,10018,0.9891972042647789
27283,115019,0.981940459608824,false,27283,115019,0.981940459608824
27283,201625,0.7255920862451812,false,27283,201625,0.7255920862451812
27283,105180390,0.9608637673386108,false,27283,105180390,0.9608637673386108
27283,692058,0.9631936064389107,false,27283,692058,0.9631936064389107
27283,276,0.7368698947343834,false,27283,276,0.7368698947343834
27283,168374,0.9441095441010929,false,27283,168374,0.9441095441010929
27283,83481,0.9256400902562176,false,27283,83481,0.9256400902562176
27283,645843,0.9431155524870879,false,27283,645843,0.9431155524870879
27283,143884,0.9799058307394276,false,27283,143884,0.9799058307394276
27283,80004,0.8283703139236614,false,27283,80004,0.8283703139236614
27283,121512,0.895631740646926,false,27283,121512,0.895631740646926
27283,3993,0.9217685715219719,false,27283,3993,0.9217685715219719
27283,389852,0.9820155407589337,false,27283,389852,0.9820155407589337
27283,342892,0.9644069337319015,false,27283,342892,0.9644069337319015
27283,164312,0.9516237714997273,false,27283,164312,0.9516237714997273
27283,84239,0.886766536583674,false,27283,84239,0.886766536583674
27283,2065,0.9231957913708316,false,27283,2065,0.9231957913708316
27283,57402,0.8349695080037025,false,27283,57402,0.8349695080037025
27283,1513,0.7002965270810845,false,27283,1513,0.7002965270810845
27283,776,0.8306575313317366,false,27283,776,0.8306575313317366
27283,780,0.8694177507498964,false,27283,780,0.8694177507498964
27283,135656,0.988011614606027,false,27283,135656,0.988011614606027
27283,3880,0.778995354168437,false,27283,3880,0.778995354168437
27283,94059,0.979049119269049,false,27283,94059,0.979049119269049
27283,26769,0.9222894602653152,false,27283,26769,0.9222894602653152
27283,3960,0.9877613646846806,false,27283,3960,0.9877613646846806
27283,7433,0.8313499325067567,false,27283,7433,0.8313499325067567
27283,284323,0.9887226049345749,false,27283,284323,0.9887226049345749
27283,100129460,0.7528460578734428,false,27283,100129460,0.7528460578734428
27283,65217,0.7725039976984458,false,27283,65217,0.7725039976984458
27283,23584,0.9576460387754541,false,27283,23584,0.9576460387754541
27283,692213,0.9832912703034622,false,27283,692213,0.9832912703034622
27283,153643,0.9010352298421495,false,27283,153643,0.9010352298421495
27283,112268422,0.9913199157481061,false,27283,112268422,0.9913199157481061
27283,259294,0.9917632600908097,false,27283,259294,0.9917632600908097
27283,79740,0.8521890726386511,false,27283,79740,0.8521890726386511
27283,2266,0.96955891112948,false,27283,2266,0.96955891112948
27283,745,0.968348838796173,false,27283,745,0.968348838796173
27283,440352,0.8887482031482233,false,27283,440352,0.8887482031482233
55081,2160,0.7591212098561123,false,55081,2160,0.7591212098561123
55081,28824,0.8283339984801027,false,55081,28824,0.8283339984801027
55081,246,0.7842897550369116,false,55081,246,0.7842897550369116
55081,80122,0.7973699129038009,false,55081,80122,0.7973699129038009
55081,158798,0.8378227399151671,false,55081,158798,0.8378227399151671
55081,9173,0.823375048667797,false,55081,9173,0.823375048667797
55081,1528,0.7506816296780827,false,55081,1528,0.7506816296780827
55081,284340,0.7429703464023389,false,55081,284340,0.7429703464023389
55081,222389,0.8372978476971417,false,55081,222389,0.8372978476971417
55081,6523,0.8321291634627058,false,55081,6523,0.8321291634627058
55081,155465,0.8089517917503133,false,55081,155465,0.8089517917503133
55081,58524,0.8472295454721457,false,55081,58524,0.8472295454721457
55081,399949,0.8182034862063711,false,55081,399949,0.8182034862063711
55081,5265,0.779512364942302,false,55081,5265,0.779512364942302
55081,4318,0.765322529133292,false,55081,4318,0.765322529133292
55081,105377033,0.783143549317626,false,55081,105377033,0.783143549317626
55081,33,0.7802455247611382,false,55081,33,0.7802455247611382
55081,10917,0.8231979101866944,false,55081,10917,0.8231979101866944
55081,11254,0.8406167308284126,false,55081,11254,0.8406167308284126
55081,60494,0.8407664651519104,false,55081,60494,0.8407664651519104
55081,3240,0.7908759993874092,false,55081,3240,0.7908759993874092
55081,7033,0.8416380225702277,false,55081,7033,0.8416380225702277
55081,718,0.8452276301008141,false,55081,718,0.8452276301008141
55081,64073,0.757191477041906,false,55081,64073,0.757191477041906
55081,56892,0.8047552437179214,false,55081,56892,0.8047552437179214
55081,8091,0.7973985005348565,false,55081,8091,0.7973985005348565
55081,160728,0.7268241377363901,false,55081,160728,0.7268241377363901
55081,7356,0.7456247359965016,false,55081,7356,0.7456247359965016
55081,109729127,0.7578134040573025,false,55081,109729127,0.7578134040573025
55081,400578,0.8239503393979131,false,55081,400578,0.8239503393979131
55081,94025,0.7875746268538236,false,55081,94025,0.7875746268538236
55081,109729184,0.7789945593303045,false,55081,109729184,0.7789945593303045
55081,728276,0.7759725511859814,false,55081,728276,0.7759725511859814
55081,5545,0.7906875475612379,false,55081,5545,0.7906875475612379
55081,727897,0.7991252952489033,false,55081,727897,0.7991252952489033
55081,54848,0.7553154156999482,false,55081,54848,0.7553154156999482
55081,117156,0.7043396656306479,false,55081,117156,0.7043396656306479
55081,195814,0.7862180645600785,false,55081,195814,0.7862180645600785
55081,140766,0.9042556146376395,false,55081,140766,0.9042556146376395
55081,105,0.8387417693519528,false,55081,105,0.8387417693519528
55081,4057,0.8270180732955368,false,55081,4057,0.8270180732955368
55081,220136,0.8882116978010028,false,55081,220136,0.8882116978010028
55081,112577518,0.8367019957361761,false,55081,112577518,0.8367019957361761
55081,9370,0.8201861272190332,false,55081,9370,0.8201861272190332
55081,693188,0.8900896878109126,false,55081,693188,0.8900896878109126
55081,6799,0.8251230198275608,false,55081,6799,0.8251230198275608
55081,563,0.8326447381880667,false,55081,563,0.8326447381880667
55081,123872,0.7388318265190148,false,55081,123872,0.7388318265190148
55081,105372793,0.8774634649114933,false,55081,105372793,0.8774634649114933
55081,100874095,0.8201861272190332,false,55081,100874095,0.8201861272190332
55081,144571,0.7763697919926996,false,55081,144571,0.7763697919926996
55081,100033436,0.7991023418857144,false,55081,100033436,0.7991023418857144
6505,8395,0.9908233672939565,false,6505,8395,0.9908233672939565
6505,79818,0.9807327435439906,false,6505,79818,0.9807327435439906
6505,102725051,0.9829560728209467,false,6505,102725051,0.9829560728209467
6505,8796,0.8839479631246622,false,6505,8796,0.8839479631246622
6505,10071,0.9881946602877071,false,6505,10071,0.9881946602877071
6505,100302161,0.98843630257423,false,6505,100302161,0.98843630257423
6505,55289,0.9548912660799644,false,6505,55289,0.9548912660799644
6505,1999,0.7357305070923568,false,6505,1999,0.7357305070923568
6505,51208,0.993306757290531,false,6505,51208,0.993306757290531
6505,218,0.9884127257062779,false,6505,218,0.9884127257062779
6505,3909,0.9880136629780593,false,6505,3909,0.9880136629780593
6505,92086,0.9830423779625973,false,6505,92086,0.9830423779625973
6505,541473,0.9603754510918501,false,6505,541473,0.9603754510918501
6505,4233,0.8158153605161154,false,6505,4233,0.8158153605161154
6505,9365,0.966036771155259,false,6505,9365,0.966036771155259
6505,51554,0.9802443821573831,false,6505,51554,0.9802443821573831
6505,55329,0.9818082199195053,false,6505,55329,0.9818082199195053
6505,116228,0.9426452700031617,false,6505,116228,0.9426452700031617
6505,79977,0.8497152034829135,false,6505,79977,0.8497152034829135
6505,9208,0.7824465822476028,false,6505,9208,0.7824465822476028
6505,112268252,0.9697355890975878,false,6505,112268252,0.9697355890975878
6505,277,0.9258227261022023,false,6505,277,0.9258227261022023
6505,80736,0.9742737664962557,false,6505,80736,0.9742737664962557
6505,163131,0.9238000335912168,false,6505,163131,0.9238000335912168
6505,25901,0.9816639298348953,false,6505,25901,0.9816639298348953
6505,100302170,0.988285624859945,false,6505,100302170,0.988285624859945
6505,51365,0.9843082279574719,false,6505,51365,0.9843082279574719
6505,7225,0.9411406947650975,false,6505,7225,0.9411406947650975
6505,4128,0.7810324235667507,false,6505,4128,0.7810324235667507
6505,27134,0.9952134653329029,false,6505,27134,0.9952134653329029
6505,654412,0.9905385363476109,false,6505,654412,0.9905385363476109
6505,55892,0.8994996545758757,false,6505,55892,0.8994996545758757
6505,8999,0.9500212782879072,false,6505,8999,0.9500212782879072
6505,306,0.8689507132227057,false,6505,306,0.8689507132227057
6505,157310,0.8481892344895058,false,6505,157310,0.8481892344895058
6505,5340,0.9838473060891807,false,6505,5340,0.9838473060891807
6505,4582,0.9891240564323059,false,6505,4582,0.9891240564323059
6505,3248,0.9711674615585743,false,6505,3248,0.9711674615585743
6505,255189,0.9960726292545602,false,6505,255189,0.9960726292545602
6505,641384,0.9867382425272118,false,6505,641384,0.9867382425272118
6505,100130449,0.9755051150579795,false,6505,100130449,0.9755051150579795
6505,10103,0.9727212176227308,false,6505,10103,0.9727212176227308
6505,3856,0.8713009909673013,false,6505,3856,0.8713009909673013
6505,1048,0.9890140917783774,false,6505,1048,0.9890140917783774
6505,100419743,0.9887863300939912,false,6505,100419743,0.9887863300939912
6505,79838,0.8761318751516024,false,6505,79838,0.8761318751516024
6505,3983,0.9788966336744125,false,6505,3983,0.9788966336744125
6505,3694,0.9082348448902263,false,6505,3694,0.9082348448902263
6505,22941,0.9561242095070985,false,6505,22941,0.9561242095070985
6505,285989,0.9706556409105939,false,6505,285989,0.9706556409105939
6505,2627,0.9592371450715245,false,6505,2627,0.9592371450715245
6505,503640,0.9839566558133835,false,6505,503640,0.9839566558133835
6505,259290,0.9601812301925067,false,6505,259290,0.9601812301925067
6505,1555,0.9702966960992983,false,6505,1555,0.9702966960992983
6505,57528,0.9882259726005962,false,6505,57528,0.9882259726005962
6505,201456,0.9940148289421908,false,6505,201456,0.9940148289421908
6505,142827,0.9799510070002733,false,6505,142827,0.9799510070002733
6505,57186,0.8654653229092961,false,6505,57186,0.8654653229092961
6505,6751,0.9907803468132486,false,6505,6751,0.9907803468132486
6505,79908,0.78588574355245,false,6505,79908,0.78588574355245
6505,102723508,0.9564559062452651,false,6505,102723508,0.9564559062452651
6505,28984,0.7735397137300288,false,6505,28984,0.7735397137300288
6505,130367,0.8179030647311304,false,6505,130367,0.8179030647311304
6505,285335,0.708001978058782,false,6505,285335,0.708001978058782
6505,9356,0.9784986169002285,false,6505,9356,0.9784986169002285
6505,1910,0.7338437011946788,false,6505,1910,0.7338437011946788
6505,641776,0.973574553349026,false,6505,641776,0.973574553349026
6505,100506658,0.9377381806567541,false,6505,100506658,0.9377381806567541
6505,341676,0.9592601530107152,false,6505,341676,0.9592601530107152
6505,148213,0.9852655773116024,false,6505,148213,0.9852655773116024
6505,10595,0.9232332728075288,false,6505,10595,0.9232332728075288
6505,4583,0.9011115511084071,false,6505,4583,0.9011115511084071
6505,728643,0.939164047110539,false,6505,728643,0.939164047110539
6505,55567,0.9585696628037393,false,6505,55567,0.9585696628037393
6505,54997,0.989673208363143,false,6505,54997,0.989673208363143
6505,79848,0.9500252081035195,false,6505,79848,0.9500252081035195
6505,219790,0.7473780228980168,false,6505,219790,0.7473780228980168
6505,115677,0.8110309411149575,false,6505,115677,0.8110309411149575
6505,5961,0.9771944427320192,false,6505,5961,0.9771944427320192
6505,7851,0.9846433804883933,false,6505,7851,0.9846433804883933
6505,692072,0.9750004568817225,false,6505,692072,0.9750004568817225
6505,109136579,0.9430006630014122,false,6505,109136579,0.9430006630014122
6505,503645,0.9147162860545371,false,6505,503645,0.9147162860545371
6505,55808,0.9931668435335677,false,6505,55808,0.9931668435335677
6505,999,0.9381073200855545,false,6505,999,0.9381073200855545
6505,126353,0.9799737870494647,false,6505,126353,0.9799737870494647
6505,26226,0.9598291159160734,false,6505,26226,0.9598291159160734
6505,64332,0.87257886536775,false,6505,64332,0.87257886536775
6505,346007,0.7768844980516436,false,6505,346007,0.7768844980516436
6505,388743,0.990492455952619,false,6505,388743,0.990492455952619
6505,137872,0.9699834035616222,false,6505,137872,0.9699834035616222
6505,1577,0.973158601899913,false,6505,1577,0.973158601899913
6505,100033430,0.9340640891897539,false,6505,100033430,0.9340640891897539
6505,340267,0.9845804331567617,false,6505,340267,0.9845804331567617
6505,200879,0.9903093650988612,false,6505,200879,0.9903093650988612
6505,1510,0.9900415825250883,false,6505,1510,0.9900415825250883
6505,441251,0.8884427969497533,false,6505,441251,0.8884427969497533
6505,102723849,0.9785571137068032,false,6505,102723849,0.9785571137068032
6505,9196,0.7733066321243961,false,6505,9196,0.7733066321243961
6505,6337,0.9148816363636888,false,6505,6337,0.9148816363636888
6505,57669,0.9348027340915764,false,6505,57669,0.9348027340915764
6505,619383,0.9518064570382141,false,6505,619383,0.9518064570382141
6505,89765,0.8143985911897484,false,6505,89765,0.8143985911897484
6505,57111,0.9877606903115334,false,6505,57111,0.9877606903115334
6505,278,0.8164713335453981,false,6505,278,0.8164713335453981
6505,116844,0.9640554262957995,false,6505,116844,0.9640554262957995
6505,10129,0.9724031078398467,false,6505,10129,0.9724031078398467
6505,4586,0.9886913433488138,false,6505,4586,0.9886913433488138
6505,100158262,0.9555544858978019,false,6505,100158262,0.9555544858978019
6505,10551,0.9875046763831972,false,6505,10551,0.9875046763831972
6505,378938,0.9429524869076327,false,6505,378938,0.9429524869076327
6505,54897,0.9239481579725313,false,6505,54897,0.9239481579725313
6505,117155,0.9892741277098129,false,6505,117155,0.9892741277098129
6505,112268155,0.9697205358807509,false,6505,112268155,0.9697205358807509
6505,1152,0.9485083074567663,false,6505,1152,0.9485083074567663
6505,79083,0.9887877862028627,false,6505,79083,0.9887877862028627
6505,66002,0.994947691830947,false,6505,66002,0.994947691830947
6505,1556,0.991699688822835,false,6505,1556,0.991699688822835
6505,22996,0.994826632597677,false,6505,22996,0.994826632597677
6505,55930,0.997126162028469,false,6505,55930,0.997126162028469
6505,7620,0.8324435429717991,false,6505,7620,0.8324435429717991
6505,7113,0.9714535898075823,false,6505,7113,0.9714535898075823
6505,54861,0.9234652962502721,false,6505,54861,0.9234652962502721
6505,222256,0.8920332219842574,false,6505,222256,0.8920332219842574
6505,105180391,0.97218487202496,false,6505,105180391,0.97218487202496
6505,100529240,0.9814750956165214,false,6505,100529240,0.9814750956165214
6505,113218482,0.990727087120235,false,6505,113218482,0.990727087120235
6505,647024,0.9476282331822734,false,6505,647024,0.9476282331822734
6505,255928,0.9824016457919686,false,6505,255928,0.9824016457919686
6505,151531,0.9424410171665324,false,6505,151531,0.9424410171665324
6505,8537,0.937574645790241,false,6505,8537,0.937574645790241
6505,10018,0.9874571445870649,false,6505,10018,0.9874571445870649
6505,115019,0.991488162040919,false,6505,115019,0.991488162040919
6505,201625,0.8025451975173238,false,6505,201625,0.8025451975173238
6505,105180390,0.9739679286908351,false,6505,105180390,0.9739679286908351
6505,692058,0.9563704758155935,false,6505,692058,0.9563704758155935
6505,276,0.748129734738803,false,6505,276,0.748129734738803
6505,168374,0.941236278048056,false,6505,168374,0.941236278048056
6505,83481,0.9629563895852821,false,6505,83481,0.9629563895852821
6505,645843,0.9521528106443159,false,6505,645843,0.9521528106443159
6505,143884,0.9335325782294328,false,6505,143884,0.9335325782294328
6505,80004,0.8893148601234077,false,6505,80004,0.8893148601234077
6505,121512,0.938367225511031,false,6505,121512,0.938367225511031
6505,3993,0.9889855490220807,false,6505,3993,0.9889855490220807
6505,389852,0.9855967394348352,false,6505,389852,0.9855967394348352
6505,342892,0.9618435829799105,false,6505,342892,0.9618435829799105
6505,164312,0.9970060194582362,false,6505,164312,0.9970060194582362
6505,84239,0.944191821142802,false,6505,84239,0.944191821142802
6505,2065,0.9588322995500516,false,6505,2065,0.9588322995500516
6505,57402,0.944355210477954,false,6505,57402,0.944355210477954
6505,776,0.8357168245299468,false,6505,776,0.8357168245299468
6505,780,0.9286352919377618,false,6505,780,0.9286352919377618
6505,135656,0.988899516619933,false,6505,135656,0.988899516619933
6505,3880,0.8637889136434186,false,6505,3880,0.8637889136434186
6505,94059,0.9852492571944752,false,6505,94059,0.9852492571944752
6505,26769,0.9094674435558981,false,6505,26769,0.9094674435558981
6505,3960,0.9897359248184573,false,6505,3960,0.9897359248184573
6505,7433,0.9259888358823913,false,6505,7433,0.9259888358823913
6505,284323,0.9814334981435996,false,6505,284323,0.9814334981435996
6505,100129460,0.7635510286264114,false,6505,100129460,0.7635510286264114
6505,65217,0.8280604725889658,false,6505,65217,0.8280604725889658
6505,23584,0.9918595763750261,false,6505,23584,0.9918595763750261
6505,692213,0.9917042157986224,false,6505,692213,0.9917042157986224
6505,153643,0.922961487380587,false,6505,153643,0.922961487380587
6505,112268422,0.9874203848651131,false,6505,112268422,0.9874203848651131
6505,259294,0.9828528996813037,false,6505,259294,0.9828528996813037
6505,79740,0.9466870536936357,false,6505,79740,0.9466870536936357
6505,2266,0.9780395832455075,false,6505,2266,0.9780395832455075
6505,745,0.9960201639204878,false,6505,745,0.9960201639204878
6505,440352,0.9676621683644255,false,6505,440352,0.9676621683644255
3206,4604,0.732748145046738,false,3206,4604,0.732748145046738
3206,401492,0.7337752685667592,false,3206,401492,0.7337752685667592
3206,100996301,0.748122240357566,false,3206,100996301,0.748122240357566
3206,401089,0.7306937708517556,false,3206,401089,0.7306937708517556
3206,29895,0.7480046359647131,false,3206,29895,0.7480046359647131
3206,11081,0.7760271100691489,false,3206,11081,0.7760271100691489
3206,4062,0.7393276453189876,false,3206,4062,0.7393276453189876
3206,7125,0.7373264067503665,false,3206,7125,0.7373264067503665
3206,1132,0.7577478214593945,false,3206,1132,0.7577478214593945
3206,3229,0.7373110551299512,false,3206,3229,0.7373110551299512
3206,7060,0.7327053208685989,false,3206,7060,0.7327053208685989
3206,54112,0.7306937708517556,false,3206,54112,0.7306937708517556
3206,4892,0.7373778245345243,false,3206,4892,0.7373778245345243
3206,644649,0.752728943002864,false,3206,644649,0.752728943002864
3206,3929,0.7492435586713609,false,3206,3929,0.7492435586713609
3206,105369937,0.7306937708517554,false,3206,105369937,0.7306937708517554
3206,27022,0.7481222403575652,false,3206,27022,0.7481222403575652
3206,107984498,0.7399546521209139,false,3206,107984498,0.7399546521209139
3206,284111,0.7572494795988362,false,3206,284111,0.7572494795988362
3206,23562,0.8066065456311923,false,3206,23562,0.8066065456311923
3206,441151,0.7239887691168359,false,3206,441151,0.7239887691168359
3206,128674,0.7306937708517554,false,3206,128674,0.7306937708517554
3206,222183,0.7915868856146648,false,3206,222183,0.7915868856146648
3206,7780,0.7423694055751672,false,3206,7780,0.7423694055751672
3206,101928580,0.71718611340482,false,3206,101928580,0.71718611340482
3206,1028,0.8204393032772895,false,3206,1028,0.8204393032772895
3206,57110,0.7398119126448425,false,3206,57110,0.7398119126448425
3206,646480,0.7746788530289407,false,3206,646480,0.7746788530289407
3206,4606,0.7383436887743332,false,3206,4606,0.7383436887743332
8395,79818,0.9954561607866137,false,8395,79818,0.9954561607866137
8395,102725051,0.9938160513089087,false,8395,102725051,0.9938160513089087
8395,8796,0.9021519180907209,false,8395,8796,0.9021519180907209
8395,10071,0.9975275934173452,false,8395,10071,0.9975275934173452
8395,100302161,0.9976496135872766,false,8395,100302161,0.9976496135872766
8395,55289,0.9143049520098216,false,8395,55289,0.9143049520098216
8395,1999,0.7622593422904329,false,8395,1999,0.7622593422904329
8395,51208,0.9812506575400106,false,8395,51208,0.9812506575400106
8395,218,0.9899350074664333,false,8395,218,0.9899350074664333
8395,3909,0.9933172404547265,false,8395,3909,0.9933172404547265
8395,92086,0.9778994640802067,false,8395,92086,0.9778994640802067
8395,541473,0.9733088674198823,false,8395,541473,0.9733088674198823
8395,4233,0.854412309825259,false,8395,4233,0.854412309825259
8395,9365,0.985094152082376,false,8395,9365,0.985094152082376
8395,51554,0.9953895470828068,false,8395,51554,0.9953895470828068
8395,55329,0.9916114074878861,false,8395,55329,0.9916114074878861
8395,116228,0.9731148499501439,false,8395,116228,0.9731148499501439
8395,79977,0.8634638505182604,false,8395,79977,0.8634638505182604
8395,9208,0.8273892956675114,false,8395,9208,0.8273892956675114
8395,112268252,0.9419092340820684,false,8395,112268252,0.9419092340820684
8395,277,0.9451304378930686,false,8395,277,0.9451304378930686
8395,80736,0.9417725376185806,false,8395,80736,0.9417725376185806
8395,163131,0.9406680636474494,false,8395,163131,0.9406680636474494
8395,25901,0.9926217058230387,false,8395,25901,0.9926217058230387
8395,100302170,0.9982860708942802,false,8395,100302170,0.9982860708942802
8395,51365,0.9968901877726013,false,8395,51365,0.9968901877726013
8395,7225,0.9598484351981325,false,8395,7225,0.9598484351981325
8395,4128,0.7659480047035337,false,8395,4128,0.7659480047035337
8395,27134,0.9932150523269075,false,8395,27134,0.9932150523269075
8395,654412,0.9979637469091935,false,8395,654412,0.9979637469091935
8395,55892,0.9125717759664239,false,8395,55892,0.9125717759664239
8395,8999,0.9360092156972737,false,8395,8999,0.9360092156972737
8395,306,0.8316991457431945,false,8395,306,0.8316991457431945
8395,157310,0.7962657263278454,false,8395,157310,0.7962657263278454
8395,5340,0.9958041884646454,false,8395,5340,0.9958041884646454
8395,4582,0.9963805997161588,false,8395,4582,0.9963805997161588
8395,3248,0.9816092525640513,false,8395,3248,0.9816092525640513
8395,255189,0.9780453235978503,false,8395,255189,0.9780453235978503
8395,641384,0.9972423260373211,false,8395,641384,0.9972423260373211
8395,100130449,0.9910654358431343,false,8395,100130449,0.9910654358431343
8395,10103,0.9859225064505236,false,8395,10103,0.9859225064505236
8395,3856,0.8870902341497451,false,8395,3856,0.8870902341497451
8395,1048,0.998354595864121,false,8395,1048,0.998354595864121
8395,100419743,0.9983005383777821,false,8395,100419743,0.9983005383777821
8395,79838,0.8906645589400077,false,8395,79838,0.8906645589400077
8395,3983,0.9928338253081886,false,8395,3983,0.9928338253081886
8395,3694,0.899944648383965,false,8395,3694,0.899944648383965
8395,22941,0.9221540759883352,false,8395,22941,0.9221540759883352
8395,285989,0.9912169623802303,false,8395,285989,0.9912169623802303
8395,2627,0.9666411394449734,false,8395,2627,0.9666411394449734
8395,503640,0.9980483166356682,false,8395,503640,0.9980483166356682
8395,259290,0.97592305256069,false,8395,259290,0.97592305256069
8395,1555,0.980284990677948,false,8395,1555,0.980284990677948
8395,57528,0.9978534117566389,false,8395,57528,0.9978534117566389
8395,201456,0.9973714104372229,false,8395,201456,0.9973714104372229
8395,142827,0.947906116575866,false,8395,142827,0.947906116575866
8395,57186,0.8854724056460602,false,8395,57186,0.8854724056460602
8395,6751,0.9868440903435403,false,8395,6751,0.9868440903435403
8395,79908,0.7539278350085566,false,8395,79908,0.7539278350085566
8395,6473,0.7144571093842388,false,8395,6473,0.7144571093842388
8395,102723508,0.9740082732755053,false,8395,102723508,0.9740082732755053
8395,28984,0.7945214928389118,false,8395,28984,0.7945214928389118
8395,130367,0.8435025549635071,false,8395,130367,0.8435025549635071
8395,285335,0.7390601287759461,false,8395,285335,0.7390601287759461
8395,9356,0.9874394482622563,false,8395,9356,0.9874394482622563
8395,1910,0.7521433024844784,false,8395,1910,0.7521433024844784
8395,641776,0.9916825411052487,false,8395,641776,0.9916825411052487
8395,100506658,0.91028113881815,false,8395,100506658,0.91028113881815
8395,341676,0.9766406359613106,false,8395,341676,0.9766406359613106
8395,148213,0.998018260967106,false,8395,148213,0.998018260967106
8395,10595,0.9446707011832713,false,8395,10595,0.9446707011832713
8395,4583,0.9268526296196794,false,8395,4583,0.9268526296196794
8395,728643,0.9397925435824067,false,8395,728643,0.9397925435824067
8395,55567,0.9666209071333107,false,8395,55567,0.9666209071333107
8395,54997,0.9986995751701525,false,8395,54997,0.9986995751701525
8395,79848,0.9672138911699832,false,8395,79848,0.9672138911699832
8395,219790,0.7454714479854498,false,8395,219790,0.7454714479854498
8395,115677,0.831081957267414,false,8395,115677,0.831081957267414
8395,5961,0.9917639526376035,false,8395,5961,0.9917639526376035
8395,7851,0.9964898653064824,false,8395,7851,0.9964898653064824
8395,692072,0.9919003182689617,false,8395,692072,0.9919003182689617
8395,109136579,0.9751203451359725,false,8395,109136579,0.9751203451359725
8395,503645,0.9416530485267048,false,8395,503645,0.9416530485267048
8395,55808,0.9987183876310562,false,8395,55808,0.9987183876310562
8395,999,0.950235860723088,false,8395,999,0.950235860723088
8395,126353,0.983772357691861,false,8395,126353,0.983772357691861
8395,26226,0.9846807398569846,false,8395,26226,0.9846807398569846
8395,64332,0.9254469278774843,false,8395,64332,0.9254469278774843
8395,346007,0.837200951649881,false,8395,346007,0.837200951649881
8395,388743,0.9989115232919863,false,8395,388743,0.9989115232919863
8395,116984,0.7055603785146536,false,8395,116984,0.7055603785146536
8395,137872,0.9787397521097777,false,8395,137872,0.9787397521097777
8395,1577,0.9918982750618999,false,8395,1577,0.9918982750618999
8395,100033430,0.9584475505267167,false,8395,100033430,0.9584475505267167
8395,340267,0.9955555173071411,false,8395,340267,0.9955555173071411
8395,200879,0.999658456346599,false,8395,200879,0.999658456346599
8395,1510,0.9953960929611582,false,8395,1510,0.9953960929611582
8395,441251,0.9233727300679838,false,8395,441251,0.9233727300679838
8395,102723849,0.9969295660841122,false,8395,102723849,0.9969295660841122
8395,9196,0.798109023158274,false,8395,9196,0.798109023158274
8395,6337,0.8945800443654028,false,8395,6337,0.8945800443654028
8395,57669,0.942428553269309,false,8395,57669,0.942428553269309
8395,619383,0.9787644778680623,false,8395,619383,0.9787644778680623
8395,89765,0.8107641550177189,false,8395,89765,0.8107641550177189
8395,57111,0.9969429677169316,false,8395,57111,0.9969429677169316
8395,278,0.8474151988564986,false,8395,278,0.8474151988564986
8395,116844,0.9811716224108447,false,8395,116844,0.9811716224108447
8395,10129,0.9925754233820192,false,8395,10129,0.9925754233820192
8395,4586,0.9985232147361186,false,8395,4586,0.9985232147361186
8395,100158262,0.9740967714163145,false,8395,100158262,0.9740967714163145
8395,10551,0.9990991414978302,false,8395,10551,0.9990991414978302
8395,378938,0.9749834787011258,false,8395,378938,0.9749834787011258
8395,54897,0.9082866766603724,false,8395,54897,0.9082866766603724
8395,117155,0.9960317046724184,false,8395,117155,0.9960317046724184
8395,112268155,0.99219606369166,false,8395,112268155,0.99219606369166
8395,1152,0.9501782740709355,false,8395,1152,0.9501782740709355
8395,79083,0.9994579033082571,false,8395,79083,0.9994579033082571
8395,66002,0.9976789120456409,false,8395,66002,0.9976789120456409
8395,1556,0.9945037055648739,false,8395,1556,0.9945037055648739
8395,22996,0.9899361224114585,false,8395,22996,0.9899361224114585
8395,55930,0.9915380478440107,false,8395,55930,0.9915380478440107
8395,7620,0.8491416377020754,false,8395,7620,0.8491416377020754
8395,7113,0.9818014545697902,false,8395,7113,0.9818014545697902
8395,54861,0.9465451410887425,false,8395,54861,0.9465451410887425
8395,222256,0.9156288763874169,false,8395,222256,0.9156288763874169
8395,105180391,0.9906412311954724,false,8395,105180391,0.9906412311954724
8395,100529240,0.9972498586655698,false,8395,100529240,0.9972498586655698
8395,113218482,0.9980694645022018,false,8395,113218482,0.9980694645022018
8395,647024,0.9553768142664033,false,8395,647024,0.9553768142664033
8395,255928,0.9911182745942336,false,8395,255928,0.9911182745942336
8395,151531,0.9631505907957134,false,8395,151531,0.9631505907957134
8395,8537,0.9557338231314081,false,8395,8537,0.9557338231314081
8395,10018,0.9981341178882229,false,8395,10018,0.9981341178882229
8395,115019,0.9990114308936595,false,8395,115019,0.9990114308936595
8395,201625,0.8123827697923461,false,8395,201625,0.8123827697923461
8395,105180390,0.9921110452579514,false,8395,105180390,0.9921110452579514
8395,692058,0.9788763302614966,false,8395,692058,0.9788763302614966
8395,276,0.7811491980328634,false,8395,276,0.7811491980328634
8395,168374,0.9691518109841285,false,8395,168374,0.9691518109841285
8395,83481,0.9631338419322782,false,8395,83481,0.9631338419322782
8395,645843,0.9740631924066994,false,8395,645843,0.9740631924066994
8395,143884,0.9604001121600173,false,8395,143884,0.9604001121600173
8395,80004,0.8982139135173149,false,8395,80004,0.8982139135173149
8395,121512,0.9594345426599589,false,8395,121512,0.9594345426599589
8395,3993,0.9653566744441926,false,8395,3993,0.9653566744441926
8395,389852,0.9987191829820202,false,8395,389852,0.9987191829820202
8395,342892,0.9765783853228542,false,8395,342892,0.9765783853228542
8395,164312,0.9879122534463104,false,8395,164312,0.9879122534463104
8395,84239,0.951584275099862,false,8395,84239,0.951584275099862
8395,2065,0.9694592719599013,false,8395,2065,0.9694592719599013
8395,57402,0.902087417171637,false,8395,57402,0.902087417171637
8395,1513,0.7130131967716009,false,8395,1513,0.7130131967716009
8395,776,0.8416500687308428,false,8395,776,0.8416500687308428
8395,780,0.9029909588228484,false,8395,780,0.9029909588228484
8395,135656,0.9984504175668558,false,8395,135656,0.9984504175668558
8395,3880,0.8551652913138648,false,8395,3880,0.8551652913138648
8395,94059,0.9991250473249225,false,8395,94059,0.9991250473249225
8395,26769,0.9401201498364324,false,8395,26769,0.9401201498364324
8395,3960,0.998298606489002,false,8395,3960,0.998298606489002
8395,7433,0.8944589798268492,false,8395,7433,0.8944589798268492
8395,284323,0.9921081983659865,false,8395,284323,0.9921081983659865
8395,100129460,0.8091947794593667,false,8395,100129460,0.8091947794593667
8395,65217,0.8463507276271762,false,8395,65217,0.8463507276271762
8395,23584,0.9862269294764904,false,8395,23584,0.9862269294764904
8395,692213,0.9965826518418704,false,8395,692213,0.9965826518418704
8395,153643,0.9411074464791487,false,8395,153643,0.9411074464791487
8395,112268422,0.9971552376872007,false,8395,112268422,0.9971552376872007
8395,649946,0.7346109487634641,false,8395,649946,0.7346109487634641
8395,259294,0.9948040922942192,false,8395,259294,0.9948040922942192
8395,79740,0.9206066160268425,false,8395,79740,0.9206066160268425
8395,2266,0.9947453887994855,false,8395,2266,0.9947453887994855
8395,745,0.9969501532756876,false,8395,745,0.9969501532756876
8395,440352,0.9267520374933033,false,8395,440352,0.9267520374933033
79818,102725051,0.9916375994519264,false,79818,102725051,0.9916375994519264
79818,8796,0.8919626834066622,false,79818,8796,0.8919626834066622
79818,10071,0.9880859189838475,false,79818,10071,0.9880859189838475
79818,100302161,0.9911817025713028,false,79818,100302161,0.9911817025713028
79818,55289,0.9099307508664546,false,79818,55289,0.9099307508664546
79818,1999,0.7408368041830518,false,79818,1999,0.7408368041830518
79818,51208,0.9682803420826868,false,79818,51208,0.9682803420826868
79818,218,0.9738918275583677,false,79818,218,0.9738918275583677
79818,3909,0.9940108075692496,false,79818,3909,0.9940108075692496
79818,92086,0.9842250297313994,false,79818,92086,0.9842250297313994
79818,541473,0.9882691364387854,false,79818,541473,0.9882691364387854
79818,4233,0.8408557382382166,false,79818,4233,0.8408557382382166
79818,9365,0.9810213757730597,false,79818,9365,0.9810213757730597
79818,51554,0.9913327843497544,false,79818,51554,0.9913327843497544
79818,55329,0.9835276279349302,false,79818,55329,0.9835276279349302
79818,116228,0.96234078038271,false,79818,116228,0.96234078038271
79818,79977,0.8484771905618701,false,79818,79977,0.8484771905618701
79818,9208,0.8202768268586129,false,79818,9208,0.8202768268586129
79818,112268252,0.9143839228287688,false,79818,112268252,0.9143839228287688
79818,277,0.9284312372765369,false,79818,277,0.9284312372765369
79818,80736,0.9212991854744536,false,79818,80736,0.9212991854744536
79818,163131,0.9514982406096256,false,79818,163131,0.9514982406096256
79818,25901,0.9852355162522333,false,79818,25901,0.9852355162522333
79818,100302170,0.9913359150079768,false,79818,100302170,0.9913359150079768
79818,51365,0.9944080948904126,false,79818,51365,0.9944080948904126
79818,7225,0.9711411832621136,false,79818,7225,0.9711411832621136
79818,4128,0.7443047192081328,false,79818,4128,0.7443047192081328
79818,27134,0.9811017297219923,false,79818,27134,0.9811017297219923
79818,654412,0.9884811521223638,false,79818,654412,0.9884811521223638
79818,55892,0.9036691367695828,false,79818,55892,0.9036691367695828
79818,8999,0.9501257988497632,false,79818,8999,0.9501257988497632
79818,306,0.8208886895242937,false,79818,306,0.8208886895242937
79818,157310,0.7555689384957502,false,79818,157310,0.7555689384957502
79818,5340,0.9958555044749893,false,79818,5340,0.9958555044749893
79818,4582,0.9863299247229768,false,79818,4582,0.9863299247229768
79818,3248,0.9887372398337495,false,79818,3248,0.9887372398337495
79818,255189,0.9624800500148036,false,79818,255189,0.9624800500148036
79818,641384,0.990551061530972,false,79818,641384,0.990551061530972
79818,100130449,0.9808057319497078,false,79818,100130449,0.9808057319497078
79818,10103,0.9746515519767142,false,79818,10103,0.9746515519767142
79818,3856,0.8683708940211405,false,79818,3856,0.8683708940211405
79818,1048,0.9921892515976611,false,79818,1048,0.9921892515976611
79818,100419743,0.9922104684803641,false,79818,100419743,0.9922104684803641
79818,79838,0.8767248084734369,false,79818,79838,0.8767248084734369
79818,3983,0.9930043253949676,false,79818,3983,0.9930043253949676
79818,3694,0.8835058879917215,false,79818,3694,0.8835058879917215
79818,22941,0.9151447575428545,false,79818,22941,0.9151447575428545
79818,285989,0.9890491665629855,false,79818,285989,0.9890491665629855
79818,2627,0.9638011645450243,false,79818,2627,0.9638011645450243
79818,503640,0.9970009535088993,false,79818,503640,0.9970009535088993
79818,259290,0.9800225239449101,false,79818,259290,0.9800225239449101
79818,1555,0.9657396552198444,false,79818,1555,0.9657396552198444
79818,57528,0.9940313279721142,false,79818,57528,0.9940313279721142
79818,201456,0.9948663857750877,false,79818,201456,0.9948663857750877
79818,142827,0.9232174192169981,false,79818,142827,0.9232174192169981
79818,57186,0.8993222159472748,false,79818,57186,0.8993222159472748
79818,6751,0.9801460883662324,false,79818,6751,0.9801460883662324
79818,79908,0.767100211550551,false,79818,79908,0.767100211550551
79818,102723508,0.9743972800220813,false,79818,102723508,0.9743972800220813
79818,28984,0.773971924815314,false,79818,28984,0.773971924815314
79818,130367,0.8218843661801084,false,79818,130367,0.8218843661801084
79818,285335,0.7097820749956409,false,79818,285335,0.7097820749956409
79818,9356,0.9951662925339317,false,79818,9356,0.9951662925339317
79818,1910,0.7543477467936189,false,79818,1910,0.7543477467936189
79818,641776,0.9942375084613426,false,79818,641776,0.9942375084613426
79818,100506658,0.90593038013316,false,79818,100506658,0.90593038013316
79818,341676,0.9650597760417433,false,79818,341676,0.9650597760417433
79818,148213,0.9909924392188191,false,79818,148213,0.9909924392188191
79818,10595,0.926764518260388,false,79818,10595,0.926764518260388
79818,4583,0.9087953122068723,false,79818,4583,0.9087953122068723
79818,728643,0.9579336903951786,false,79818,728643,0.9579336903951786
79818,55567,0.9523202629853786,false,79818,55567,0.9523202629853786
79818,54997,0.9979211010517761,false,79818,54997,0.9979211010517761
79818,79848,0.969087247435222,false,79818,79848,0.969087247435222
79818,219790,0.7883648197944713,false,79818,219790,0.7883648197944713
79818,115677,0.8578878534422801,false,79818,115677,0.8578878534422801
79818,5961,0.9941997141184878,false,79818,5961,0.9941997141184878
79818,7851,0.9893273273037098,false,79818,7851,0.9893273273037098
79818,692072,0.9828174404798672,false,79818,692072,0.9828174404798672
79818,109136579,0.9752370563210486,false,79818,109136579,0.9752370563210486
79818,503645,0.9565009187319363,false,79818,503645,0.9565009187319363
79818,55808,0.99086819742701,false,79818,55808,0.99086819742701
79818,999,0.9326748473636872,false,79818,999,0.9326748473636872
79818,126353,0.9678200778276568,false,79818,126353,0.9678200778276568
79818,26226,0.987704477220012,false,79818,26226,0.987704477220012
79818,64332,0.9296492964324206,false,79818,64332,0.9296492964324206
79818,346007,0.8713435355987739,false,79818,346007,0.8713435355987739
79818,388743,0.991520769366081,false,79818,388743,0.991520769366081
79818,116984,0.7406876146584497,false,79818,116984,0.7406876146584497
79818,137872,0.9701868251543118,false,79818,137872,0.9701868251543118
79818,1577,0.9838027806018675,false,79818,1577,0.9838027806018675
79818,100033430,0.9461549579016976,false,79818,100033430,0.9461549579016976
79818,340267,0.9849640544519039,false,79818,340267,0.9849640544519039
79818,200879,0.9950535914257096,false,79818,200879,0.9950535914257096
79818,1510,0.983586282598582,false,79818,1510,0.983586282598582
79818,441251,0.9166305765587048,false,79818,441251,0.9166305765587048
79818,102723849,0.9944628875815728,false,79818,102723849,0.9944628875815728
79818,9196,0.8313561566462937,false,79818,9196,0.8313561566462937
79818,6337,0.8878623568433117,false,79818,6337,0.8878623568433117
79818,57669,0.9601946248672037,false,79818,57669,0.9601946248672037
79818,619383,0.9741442889950473,false,79818,619383,0.9741442889950473
79818,89765,0.7832967486157384,false,79818,89765,0.7832967486157384
79818,57111,0.9878156569947448,false,79818,57111,0.9878156569947448
79818,278,0.8236825864005299,false,79818,278,0.8236825864005299
79818,116844,0.9687092318430085,false,79818,116844,0.9687092318430085
79818,10129,0.9891893434929008,false,79818,10129,0.9891893434929008
79818,4586,0.9921158785846578,false,79818,4586,0.9921158785846578
79818,100158262,0.9676609394242589,false,79818,100158262,0.9676609394242589
79818,10551,0.9923281228640886,false,79818,10551,0.9923281228640886
79818,378938,0.9750231764426834,false,79818,378938,0.9750231764426834
79818,54897,0.9252057393455116,false,79818,54897,0.9252057393455116
79818,117155,0.9948098512399532,false,79818,117155,0.9948098512399532
79818,112268155,0.9924314299911858,false,79818,112268155,0.9924314299911858
79818,1152,0.9388763315346219,false,79818,1152,0.9388763315346219
79818,79083,0.9973523582588194,false,79818,79083,0.9973523582588194
79818,66002,0.9893646277270067,false,79818,66002,0.9893646277270067
79818,1556,0.9894798798488263,false,79818,1556,0.9894798798488263
79818,22996,0.9756254673397879,false,79818,22996,0.9756254673397879
79818,55930,0.978252900717033,false,79818,55930,0.978252900717033
79818,7620,0.8367059919402337,false,79818,7620,0.8367059919402337
79818,7113,0.9696650872172321,false,79818,7113,0.9696650872172321
79818,54861,0.95779399817811,false,79818,54861,0.95779399817811
79818,222256,0.8956523553280303,false,79818,222256,0.8956523553280303
79818,105180391,0.9964979245998236,false,79818,105180391,0.9964979245998236
79818,100529240,0.9937785698235375,false,79818,100529240,0.9937785698235375
79818,113218482,0.9909247938008763,false,79818,113218482,0.9909247938008763
79818,647024,0.935846540025049,false,79818,647024,0.935846540025049
79818,255928,0.9849573069859187,false,79818,255928,0.9849573069859187
79818,151531,0.9560904477082396,false,79818,151531,0.9560904477082396
79818,8537,0.935759823050928,false,79818,8537,0.935759823050928
79818,10018,0.9894933584756729,false,79818,10018,0.9894933584756729
79818,115019,0.9919248407691873,false,79818,115019,0.9919248407691873
79818,201625,0.7990439980247059,false,79818,201625,0.7990439980247059
79818,105180390,0.9955447877594932,false,79818,105180390,0.9955447877594932
79818,692058,0.9663265466323837,false,79818,692058,0.9663265466323837
79818,276,0.7554415737744431,false,79818,276,0.7554415737744431
79818,168374,0.9623077320165594,false,79818,168374,0.9623077320165594
79818,83481,0.9416090536709105,false,79818,83481,0.9416090536709105
79818,645843,0.9672376097975632,false,79818,645843,0.9672376097975632
79818,143884,0.96574276636603,false,79818,143884,0.96574276636603
79818,80004,0.8812092531724743,false,79818,80004,0.8812092531724743
79818,121512,0.9687667332821326,false,79818,121512,0.9687667332821326
79818,3993,0.9507358815846513,false,79818,3993,0.9507358815846513
79818,389852,0.9926512951669285,false,79818,389852,0.9926512951669285
79818,342892,0.9812092509674661,false,79818,342892,0.9812092509674661
79818,164312,0.9770119461056249,false,79818,164312,0.9770119461056249
79818,84239,0.9502444618325443,false,79818,84239,0.9502444618325443
79818,2065,0.9584995603075913,false,79818,2065,0.9584995603075913
79818,57402,0.8966146331372532,false,79818,57402,0.8966146331372532
79818,1513,0.7119424347607352,false,79818,1513,0.7119424347607352
79818,776,0.8608675211670864,false,79818,776,0.8608675211670864
79818,780,0.8637769329721693,false,79818,780,0.8637769329721693
79818,135656,0.9923757832490143,false,79818,135656,0.9923757832490143
79818,3880,0.8286664641659439,false,79818,3880,0.8286664641659439
79818,94059,0.9961735300226813,false,79818,94059,0.9961735300226813
79818,26769,0.9233572887031113,false,79818,26769,0.9233572887031113
79818,3960,0.9918996324933015,false,79818,3960,0.9918996324933015
79818,7433,0.9050386740136196,false,79818,7433,0.9050386740136196
79818,284323,0.9916405681809544,false,79818,284323,0.9916405681809544
79818,100129460,0.8014483983916956,false,79818,100129460,0.8014483983916956
79818,65217,0.876238366066256,false,79818,65217,0.876238366066256
79818,23584,0.9875163013393632,false,79818,23584,0.9875163013393632
79818,692213,0.9842631325696,false,79818,692213,0.9842631325696
79818,153643,0.9228031834409155,false,79818,153643,0.9228031834409155
79818,112268422,0.9909902267165152,false,79818,112268422,0.9909902267165152
79818,649946,0.7502535701813466,false,79818,649946,0.7502535701813466
79818,259294,0.9915887311075063,false,79818,259294,0.9915887311075063
79818,79740,0.9048697196912947,false,79818,79740,0.9048697196912947
79818,2266,0.9993426771471566,false,79818,2266,0.9993426771471566
79818,745,0.9894911219441508,false,79818,745,0.9894911219441508
79818,440352,0.9072393075673374,false,79818,440352,0.9072393075673374
102725051,8796,0.8517858408728081,false,102725051,8796,0.8517858408728081
102725051,10071,0.9887303272566046,false,102725051,10071,0.9887303272566046
102725051,100302161,0.9979747499231759,false,102725051,100302161,0.9979747499231759
102725051,55289,0.9023032617448203,false,102725051,55289,0.9023032617448203
102725051,51208,0.9629508728880848,false,102725051,51208,0.9629508728880848
102725051,218,0.9754606612032954,false,102725051,218,0.9754606612032954
102725051,3909,0.9816396591256319,false,102725051,3909,0.9816396591256319
102725051,92086,0.9757799103819315,false,102725051,92086,0.9757799103819315
102725051,541473,0.9799009324269016,false,102725051,541473,0.9799009324269016
102725051,4233,0.8032287973891323,false,102725051,4233,0.8032287973891323
102725051,9365,0.9635665963080007,false,102725051,9365,0.9635665963080007
102725051,51554,0.9960485054450914,false,102725051,51554,0.9960485054450914
102725051,55329,0.9892010977830809,false,102725051,55329,0.9892010977830809
102725051,116228,0.9690036528771233,false,102725051,116228,0.9690036528771233
102725051,79977,0.8046326325096226,false,102725051,79977,0.8046326325096226
102725051,9208,0.7729567742284408,false,102725051,9208,0.7729567742284408
102725051,112268252,0.9199699727493201,false,102725051,112268252,0.9199699727493201
102725051,277,0.9089798607634756,false,102725051,277,0.9089798607634756
102725051,80736,0.9177879414874414,false,102725051,80736,0.9177879414874414
102725051,163131,0.935515229243658,false,102725051,163131,0.935515229243658
102725051,25901,0.99767331186547,false,102725051,25901,0.99767331186547
102725051,100302170,0.996844376450443,false,102725051,100302170,0.996844376450443
102725051,51365,0.9990227530388038,false,102725051,51365,0.9990227530388038
102725051,7225,0.9341040522065519,false,102725051,7225,0.9341040522065519
102725051,4128,0.7085201242897905,false,102725051,4128,0.7085201242897905
102725051,27134,0.978575114861668,false,102725051,27134,0.978575114861668
102725051,654412,0.9918369709036822,false,102725051,654412,0.9918369709036822
102725051,55892,0.9079701510126187,false,102725051,55892,0.9079701510126187
102725051,8999,0.9298372175227585,false,102725051,8999,0.9298372175227585
102725051,306,0.7768726093260692,false,102725051,306,0.7768726093260692
102725051,157310,0.7439369354180172,false,102725051,157310,0.7439369354180172
102725051,5340,0.9833615129278801,false,102725051,5340,0.9833615129278801
102725051,4582,0.9836263236154895,false,102725051,4582,0.9836263236154895
102725051,3248,0.968354441923714,false,102725051,3248,0.968354441923714
102725051,255189,0.9644455378331438,false,102725051,255189,0.9644455378331438
102725051,641384,0.9975977173649653,false,102725051,641384,0.9975977173649653
102725051,100130449,0.9762814547389196,false,102725051,100130449,0.9762814547389196
102725051,10103,0.9671103807328171,false,102725051,10103,0.9671103807328171
102725051,3856,0.8406822448924463,false,102725051,3856,0.8406822448924463
102725051,1048,0.9975223782861056,false,102725051,1048,0.9975223782861056
102725051,100419743,0.9975807235040558,false,102725051,100419743,0.9975807235040558
102725051,79838,0.8373151200991722,false,102725051,79838,0.8373151200991722
102725051,3983,0.9881650534226245,false,102725051,3983,0.9881650534226245
102725051,3694,0.8472858096718054,false,102725051,3694,0.8472858096718054
102725051,22941,0.8940799818507363,false,102725051,22941,0.8940799818507363
102725051,285989,0.9760298018657703,false,102725051,285989,0.9760298018657703
102725051,2627,0.933784779861959,false,102725051,2627,0.933784779861959
102725051,503640,0.9942381305424856,false,102725051,503640,0.9942381305424856
102725051,259290,0.9784019007178782,false,102725051,259290,0.9784019007178782
102725051,1555,0.95664004194877,false,102725051,1555,0.95664004194877
102725051,57528,0.9984486593009058,false,102725051,57528,0.9984486593009058
102725051,201456,0.9947225154672773,false,102725051,201456,0.9947225154672773
102725051,142827,0.9408128602361384,false,102725051,142827,0.9408128602361384
102725051,57186,0.8388063743543043,false,102725051,57186,0.8388063743543043
102725051,6751,0.9928482568420081,false,102725051,6751,0.9928482568420081
102725051,79908,0.7032324347895033,false,102725051,79908,0.7032324347895033
102725051,6473,0.7531990035081567,false,102725051,6473,0.7531990035081567
102725051,102723508,0.9847719804901034,false,102725051,102723508,0.9847719804901034
102725051,28984,0.7274869643901483,false,102725051,28984,0.7274869643901483
102725051,130367,0.7888314593646291,false,102725051,130367,0.7888314593646291
102725051,9356,0.9845484870765717,false,102725051,9356,0.9845484870765717
102725051,641776,0.9769111065008501,false,102725051,641776,0.9769111065008501
102725051,100506658,0.8743643344976975,false,102725051,100506658,0.8743643344976975
102725051,341676,0.9508714939451614,false,102725051,341676,0.9508714939451614
102725051,148213,0.987319284748196,false,102725051,148213,0.987319284748196
102725051,10595,0.9127088017982092,false,102725051,10595,0.9127088017982092
102725051,4583,0.8913811849417299,false,102725051,4583,0.8913811849417299
102725051,728643,0.935884998582912,false,102725051,728643,0.935884998582912
102725051,55567,0.9339316824395687,false,102725051,55567,0.9339316824395687
102725051,54997,0.9959687569508399,false,102725051,54997,0.9959687569508399
102725051,79848,0.9649413259597667,false,102725051,79848,0.9649413259597667
102725051,219790,0.7281988455365036,false,102725051,219790,0.7281988455365036
102725051,115677,0.7860814221188219,false,102725051,115677,0.7860814221188219
102725051,5961,0.9911159320754066,false,102725051,5961,0.9911159320754066
102725051,7851,0.9828626924240674,false,102725051,7851,0.9828626924240674
102725051,692072,0.9892766825870236,false,102725051,692072,0.9892766825870236
102725051,109136579,0.9575088451076503,false,102725051,109136579,0.9575088451076503
102725051,503645,0.9320627439255124,false,102725051,503645,0.9320627439255124
102725051,55808,0.9920274876805211,false,102725051,55808,0.9920274876805211
102725051,999,0.9150333100910619,false,102725051,999,0.9150333100910619
102725051,126353,0.9650252073704788,false,102725051,126353,0.9650252073704788
102725051,26226,0.9753529205026671,false,102725051,26226,0.9753529205026671
102725051,64332,0.906201779556116,false,102725051,64332,0.906201779556116
102725051,346007,0.8114097204581786,false,102725051,346007,0.8114097204581786
102725051,388743,0.9950780741549882,false,102725051,388743,0.9950780741549882
102725051,137872,0.9932471045262632,false,102725051,137872,0.9932471045262632
102725051,1577,0.9810430474532037,false,102725051,1577,0.9810430474532037
102725051,100033430,0.9295244425258837,false,102725051,100033430,0.9295244425258837
102725051,340267,0.9823505570301637,false,102725051,340267,0.9823505570301637
102725051,200879,0.9962867219172921,false,102725051,200879,0.9962867219172921
102725051,1510,0.985098628837819,false,102725051,1510,0.985098628837819
102725051,441251,0.8844827099954504,false,102725051,441251,0.8844827099954504
102725051,102723849,0.9885916525976232,false,102725051,102723849,0.9885916525976232
102725051,9196,0.8003875356330933,false,102725051,9196,0.8003875356330933
102725051,6337,0.8467260402883854,false,102725051,6337,0.8467260402883854
102725051,57669,0.9199654098134059,false,102725051,57669,0.9199654098134059
102725051,619383,0.9603741713818743,false,102725051,619383,0.9603741713818743
102725051,89765,0.7593688940233841,false,102725051,89765,0.7593688940233841
102725051,57111,0.9846586118299193,false,102725051,57111,0.9846586118299193
102725051,278,0.7953833146971704,false,102725051,278,0.7953833146971704
102725051,116844,0.9605174393844796,false,102725051,116844,0.9605174393844796
102725051,10129,0.9820085302788056,false,102725051,10129,0.9820085302788056
102725051,4586,0.9969761980695727,false,102725051,4586,0.9969761980695727
102725051,100158262,0.9832518574263712,false,102725051,100158262,0.9832518574263712
102725051,10551,0.9924056584588767,false,102725051,10551,0.9924056584588767
102725051,378938,0.9571573537702761,false,102725051,378938,0.9571573537702761
102725051,54897,0.8918023572463359,false,102725051,54897,0.8918023572463359
102725051,117155,0.9980341997380445,false,102725051,117155,0.9980341997380445
102725051,112268155,0.9802195853830163,false,102725051,112268155,0.9802195853830163
102725051,1152,0.9191263328414928,false,102725051,1152,0.9191263328414928
102725051,79083,0.9948321494685635,false,102725051,79083,0.9948321494685635
102725051,66002,0.9947841899056136,false,102725051,66002,0.9947841899056136
102725051,1556,0.9781934989855482,false,102725051,1556,0.9781934989855482
102725051,22996,0.9744074052188704,false,102725051,22996,0.9744074052188704
102725051,55930,0.9775842976275103,false,102725051,55930,0.9775842976275103
102725051,7620,0.8556181226977604,false,102725051,7620,0.8556181226977604
102725051,7113,0.9588846579050184,false,102725051,7113,0.9588846579050184
102725051,54861,0.9173057730662236,false,102725051,54861,0.9173057730662236
102725051,222256,0.873655075627602,false,102725051,222256,0.873655075627602
102725051,105180391,0.9791708956509955,false,102725051,105180391,0.9791708956509955
102725051,100529240,0.9863333844464334,false,102725051,100529240,0.9863333844464334
102725051,113218482,0.9953498820646358,false,102725051,113218482,0.9953498820646358
102725051,647024,0.9236042858633099,false,102725051,647024,0.9236042858633099
102725051,255928,0.996651506707026,false,102725051,255928,0.996651506707026
102725051,151531,0.9505788705080257,false,102725051,151531,0.9505788705080257
102725051,8537,0.9615786424386804,false,102725051,8537,0.9615786424386804
102725051,10018,0.9937918312725813,false,102725051,10018,0.9937918312725813
102725051,115019,0.9941934704445634,false,102725051,115019,0.9941934704445634
102725051,201625,0.7434607080988169,false,102725051,201625,0.7434607080988169
102725051,105180390,0.9789264269497411,false,102725051,105180390,0.9789264269497411
102725051,692058,0.9595371728174511,false,102725051,692058,0.9595371728174511
102725051,276,0.7195561542183734,false,102725051,276,0.7195561542183734
102725051,168374,0.943983310782419,false,102725051,168374,0.943983310782419
102725051,83481,0.9322628266377663,false,102725051,83481,0.9322628266377663
102725051,645843,0.947330506947331,false,102725051,645843,0.947330506947331
102725051,143884,0.9720241584419543,false,102725051,143884,0.9720241584419543
102725051,80004,0.8545350555583074,false,102725051,80004,0.8545350555583074
102725051,121512,0.935384758463668,false,102725051,121512,0.935384758463668
102725051,3993,0.9503121710774136,false,102725051,3993,0.9503121710774136
102725051,389852,0.9922668244992328,false,102725051,389852,0.9922668244992328
102725051,342892,0.9696302188880721,false,102725051,342892,0.9696302188880721
102725051,164312,0.9727408966524081,false,102725051,164312,0.9727408966524081
102725051,84239,0.9134202994143368,false,102725051,84239,0.9134202994143368
102725051,2065,0.9376500216074917,false,102725051,2065,0.9376500216074917
102725051,57402,0.8801300357415917,false,102725051,57402,0.8801300357415917
102725051,776,0.8353568288637017,false,102725051,776,0.8353568288637017
102725051,780,0.8728231878574433,false,102725051,780,0.8728231878574433
102725051,135656,0.9974563564470696,false,102725051,135656,0.9974563564470696
102725051,3880,0.7962581990041606,false,102725051,3880,0.7962581990041606
102725051,94059,0.9909886129856109,false,102725051,94059,0.9909886129856109
102725051,26769,0.9102066246043756,false,102725051,26769,0.9102066246043756
102725051,3960,0.9974638801904017,false,102725051,3960,0.9974638801904017
102725051,7433,0.8821775109757332,false,102725051,7433,0.8821775109757332
102725051,284323,0.9954766412224642,false,102725051,284323,0.9954766412224642
102725051,100129460,0.7520327226641698,false,102725051,100129460,0.7520327226641698
102725051,65217,0.8137579132425794,false,102725051,65217,0.8137579132425794
102725051,23584,0.9840419802229836,false,102725051,23584,0.9840419802229836
102725051,692213,0.9889979103162696,false,102725051,692213,0.9889979103162696
102725051,153643,0.9066980404769713,false,102725051,153643,0.9066980404769713
102725051,112268422,0.9983717463987096,false,102725051,112268422,0.9983717463987096
102725051,259294,0.9955034911018402,false,102725051,259294,0.9955034911018402
102725051,79740,0.8794488688329541,false,102725051,79740,0.8794488688329541
102725051,2266,0.9916118665311582,false,102725051,2266,0.9916118665311582
102725051,745,0.9864628003439158,false,102725051,745,0.9864628003439158
102725051,440352,0.9092503645500754,false,102725051,440352,0.9092503645500754
8796,10071,0.9148412613819358,false,8796,10071,0.9148412613819358
8796,100302161,0.8761028260154151,false,8796,100302161,0.8761028260154151
8796,55289,0.7971890548440248,false,8796,55289,0.7971890548440248
8796,1999,0.9594755925517559,false,8796,1999,0.9594755925517559
8796,51208,0.9182458574476116,false,8796,51208,0.9182458574476116
8796,218,0.92511774180335,false,8796,218,0.92511774180335
8796,3909,0.906127065138833,false,8796,3909,0.906127065138833
8796,92086,0.8463573018940156,false,8796,92086,0.8463573018940156
8796,541473,0.8250529017235442,false,8796,541473,0.8250529017235442
8796,11148,0.9196447094464267,false,8796,11148,0.9196447094464267
8796,4233,0.9794168728590853,false,8796,4233,0.9794168728590853
8796,9365,0.9598528475096458,false,8796,9365,0.9598528475096458
8796,114569,0.7661919197741555,false,8796,114569,0.7661919197741555
8796,51554,0.873426395885388,false,8796,51554,0.873426395885388
8796,55329,0.872475049920817,false,8796,55329,0.872475049920817
8796,116228,0.8886720188603806,false,8796,116228,0.8886720188603806
8796,4883,0.7760043681009879,false,8796,4883,0.7760043681009879
8796,79977,0.9954959452049862,false,8796,79977,0.9954959452049862
8796,9208,0.9722396548074832,false,8796,9208,0.9722396548074832
8796,112268252,0.890699110475529,false,8796,112268252,0.890699110475529
8796,277,0.9845505803825458,false,8796,277,0.9845505803825458
8796,80736,0.8865407132600979,false,8796,80736,0.8865407132600979
8796,163131,0.8226768066163325,false,8796,163131,0.8226768066163325
8796,25901,0.8540676600159234,false,8796,25901,0.8540676600159234
8796,100302170,0.8850164498908698,false,8796,100302170,0.8850164498908698
8796,51365,0.8729520801184926,false,8796,51365,0.8729520801184926
8796,7225,0.9391313755913467,false,8796,7225,0.9391313755913467
8796,4128,0.8331012290269119,false,8796,4128,0.8331012290269119
8796,27134,0.9216134741065446,false,8796,27134,0.9216134741065446
8796,654412,0.9030348077414616,false,8796,654412,0.9030348077414616
8796,55892,0.7898084830851332,false,8796,55892,0.7898084830851332
8796,8999,0.8095510464172712,false,8796,8999,0.8095510464172712
8796,306,0.8971488855262661,false,8796,306,0.8971488855262661
8796,157310,0.8551899197928139,false,8796,157310,0.8551899197928139
8796,5340,0.9197471496024715,false,8796,5340,0.9197471496024715
8796,4582,0.9266400580847064,false,8796,4582,0.9266400580847064
8796,3248,0.9005188697929613,false,8796,3248,0.9005188697929613
8796,255189,0.8896971237285035,false,8796,255189,0.8896971237285035
8796,641384,0.8759811163934385,false,8796,641384,0.8759811163934385
8796,100130449,0.9392393448608929,false,8796,100130449,0.9392393448608929
8796,10103,0.9508280374131123,false,8796,10103,0.9508280374131123
8796,3856,0.9847715931878301,false,8796,3856,0.9847715931878301
8796,1048,0.8824236034374701,false,8796,1048,0.8824236034374701
8796,100419743,0.8822125012428964,false,8796,100419743,0.8822125012428964
8796,79838,0.9989035904561563,false,8796,79838,0.9989035904561563
8796,10529,0.8691891129219406,false,8796,10529,0.8691891129219406
8796,3983,0.9031446187213978,false,8796,3983,0.9031446187213978
8796,3694,0.9803700223722578,false,8796,3694,0.9803700223722578
8796,22941,0.8728828892713258,false,8796,22941,0.8728828892713258
8796,285989,0.9346976922549459,false,8796,285989,0.9346976922549459
8796,2627,0.9734952012969974,false,8796,2627,0.9734952012969974
8796,503640,0.8915295220124957,false,8796,503640,0.8915295220124957
8796,259290,0.8357994049042549,false,8796,259290,0.8357994049042549
8796,1555,0.960121283230325,false,8796,1555,0.960121283230325
8796,57528,0.8774177683837152,false,8796,57528,0.8774177683837152
8796,201456,0.878062984080739,false,8796,201456,0.878062984080739
8796,142827,0.8273217505846282,false,8796,142827,0.8273217505846282
8796,163720,0.7585338823732587,false,8796,163720,0.7585338823732587
8796,57186,0.9611842618592953,false,8796,57186,0.9611842618592953
8796,6751,0.8288768641284509,false,8796,6751,0.8288768641284509
8796,79908,0.7909403713536449,false,8796,79908,0.7909403713536449
8796,10579,0.708271101253647,false,8796,10579,0.708271101253647
8796,102723508,0.8089010672935127,false,8796,102723508,0.8089010672935127
8796,28984,0.9583356413808051,false,8796,28984,0.9583356413808051
8796,130367,0.9812440804280931,false,8796,130367,0.9812440804280931
8796,285335,0.9304110242990795,false,8796,285335,0.9304110242990795
8796,9356,0.8686910762744637,false,8796,9356,0.8686910762744637
8796,1910,0.9418403142252332,false,8796,1910,0.9418403142252332
8796,641776,0.9342710745172326,false,8796,641776,0.9342710745172326
8796,100506658,0.907425587923184,false,8796,100506658,0.907425587923184
8796,200373,0.9067199575408383,false,8796,200373,0.9067199575408383
8796,168090,0.8670048161497208,false,8796,168090,0.8670048161497208
8796,474354,0.7457147864785183,false,8796,474354,0.7457147864785183
8796,341676,0.9683484997554118,false,8796,341676,0.9683484997554118
8796,148213,0.9226417944419143,false,8796,148213,0.9226417944419143
8796,10595,0.9760667037992634,false,8796,10595,0.9760667037992634
8796,4583,0.9789621330368061,false,8796,4583,0.9789621330368061
8796,54842,0.7422681242188245,false,8796,54842,0.7422681242188245
8796,728643,0.8103322483629067,false,8796,728643,0.8103322483629067
8796,55567,0.9782632825025379,false,8796,55567,0.9782632825025379
8796,6103,0.8702520417103642,false,8796,6103,0.8702520417103642
8796,54997,0.8859692929413006,false,8796,54997,0.8859692929413006
8796,79848,0.8433832255831715,false,8796,79848,0.8433832255831715
8796,115677,0.8910505240450058,false,8796,115677,0.8910505240450058
8796,5961,0.8686495734778619,false,8796,5961,0.8686495734778619
8796,7851,0.9330100893062931,false,8796,7851,0.9330100893062931
8796,692072,0.8850953694128078,false,8796,692072,0.8850953694128078
8796,109136579,0.9385747849313376,false,8796,109136579,0.9385747849313376
8796,503645,0.8528820426409974,false,8796,503645,0.8528820426409974
8796,55808,0.9034614175047404,false,8796,55808,0.9034614175047404
8796,999,0.9829606220014818,false,8796,999,0.9829606220014818
8796,126353,0.9417221395847142,false,8796,126353,0.9417221395847142
8796,26226,0.9033409722596566,false,8796,26226,0.9033409722596566
8796,64332,0.9180950864815983,false,8796,64332,0.9180950864815983
8796,346007,0.8694444583771658,false,8796,346007,0.8694444583771658
8796,388743,0.8944853609967047,false,8796,388743,0.8944853609967047
8796,116984,0.8036956949580296,false,8796,116984,0.8036956949580296
8796,137872,0.8067129258133416,false,8796,137872,0.8067129258133416
8796,1577,0.917601176640313,false,8796,1577,0.917601176640313
8796,100033430,0.9757646086417623,false,8796,100033430,0.9757646086417623
8796,340267,0.9286731310720348,false,8796,340267,0.9286731310720348
8796,200879,0.8915904815891744,false,8796,200879,0.8915904815891744
8796,1510,0.916785079405367,false,8796,1510,0.916785079405367
8796,441251,0.9848478449257899,false,8796,441251,0.9848478449257899
8796,102723849,0.9136053301201414,false,8796,102723849,0.9136053301201414
8796,6337,0.9435411404132346,false,8796,6337,0.9435411404132346
8796,5284,0.8922895378381416,false,8796,5284,0.8922895378381416
8796,57669,0.8992321399899517,false,8796,57669,0.8992321399899517
8796,619383,0.9396668569457148,false,8796,619383,0.9396668569457148
8796,89765,0.9339263301255035,false,8796,89765,0.9339263301255035
8796,57111,0.9266120109004636,false,8796,57111,0.9266120109004636
8796,278,0.9659990210259177,false,8796,278,0.9659990210259177
8796,116844,0.9562356510936767,false,8796,116844,0.9562356510936767
8796,10129,0.9160200205113916,false,8796,10129,0.9160200205113916
8796,4586,0.8860139168874946,false,8796,4586,0.8860139168874946
8796,100158262,0.8193257553952059,false,8796,100158262,0.8193257553952059
8796,10551,0.9078978350954743,false,8796,10551,0.9078978350954743
8796,688,0.887144577520677,false,8796,688,0.887144577520677
8796,6101,0.8579048953507419,false,8796,6101,0.8579048953507419
8796,378938,0.9391806711321549,false,8796,378938,0.9391806711321549
8796,54897,0.8185041889565293,false,8796,54897,0.8185041889565293
8796,117155,0.8672343175980032,false,8796,117155,0.8672343175980032
8796,112268155,0.9316456643909734,false,8796,112268155,0.9316456643909734
8796,1152,0.92693102518364,false,8796,1152,0.92693102518364
8796,27074,0.8600882818810235,false,8796,27074,0.8600882818810235
8796,79083,0.8948944504474426,false,8796,79083,0.8948944504474426
8796,66002,0.8843671317855595,false,8796,66002,0.8843671317855595
8796,1556,0.9297374587736761,false,8796,1556,0.9297374587736761
8796,79632,0.7481512548361903,false,8796,79632,0.7481512548361903
8796,4585,0.752971737494165,false,8796,4585,0.752971737494165
8796,22996,0.9205273365491604,false,8796,22996,0.9205273365491604
8796,55930,0.9126154787424662,false,8796,55930,0.9126154787424662
8796,7113,0.9600767364472447,false,8796,7113,0.9600767364472447
8796,54861,0.9403982425506174,false,8796,54861,0.9403982425506174
8796,222256,0.9834037159434136,false,8796,222256,0.9834037159434136
8796,105180391,0.9172088654311968,false,8796,105180391,0.9172088654311968
8796,26084,0.7648103646405534,false,8796,26084,0.7648103646405534
8796,100529240,0.921171400065247,false,8796,100529240,0.921171400065247
8796,113218482,0.8902837434729959,false,8796,113218482,0.8902837434729959
8796,647024,0.9729714810301516,false,8796,647024,0.9729714810301516
8796,255928,0.8573079845795699,false,8796,255928,0.8573079845795699
8796,151531,0.9273616213180637,false,8796,151531,0.9273616213180637
8796,8537,0.822164571770511,false,8796,8537,0.822164571770511
8796,10018,0.8956870449751889,false,8796,10018,0.8956870449751889
8796,115019,0.8981192777790525,false,8796,115019,0.8981192777790525
8796,201625,0.9791055239015097,false,8796,201625,0.9791055239015097
8796,105180390,0.9257754710805857,false,8796,105180390,0.9257754710805857
8796,1043,0.8820475230541539,false,8796,1043,0.8820475230541539
8796,692058,0.9482839297127399,false,8796,692058,0.9482839297127399
8796,276,0.951292026708026,false,8796,276,0.951292026708026
8796,168374,0.9624354998744056,false,8796,168374,0.9624354998744056
8796,83481,0.9638291380148352,false,8796,83481,0.9638291380148352
8796,645843,0.9664515780329022,false,8796,645843,0.9664515780329022
8796,84059,0.7063928457222859,false,8796,84059,0.7063928457222859
8796,143884,0.7984543239778434,false,8796,143884,0.7984543239778434
8796,1579,0.9103175323262402,false,8796,1579,0.9103175323262402
8796,80004,0.9796229340503289,false,8796,80004,0.9796229340503289
8796,121512,0.9523631974881525,false,8796,121512,0.9523631974881525
8796,3993,0.8832009700502902,false,8796,3993,0.8832009700502902
8796,389852,0.908813222567016,false,8796,389852,0.908813222567016
8796,342892,0.8700977814285414,false,8796,342892,0.8700977814285414
8796,164312,0.9123991773901019,false,8796,164312,0.9123991773901019
8796,84239,0.9760552394398627,false,8796,84239,0.9760552394398627
8796,2065,0.9792068605255295,false,8796,2065,0.9792068605255295
8796,57402,0.8234704001738463,false,8796,57402,0.8234704001738463
8796,1513,0.8265643079513769,false,8796,1513,0.8265643079513769
8796,776,0.712719859065862,false,8796,776,0.712719859065862
8796,84851,0.7244281108623215,false,8796,84851,0.7244281108623215
8796,780,0.8957807579835386,false,8796,780,0.8957807579835386
8796,135656,0.8832653290815439,false,8796,135656,0.8832653290815439
8796,3880,0.9733047181669597,false,8796,3880,0.9733047181669597
8796,94059,0.9123588962308644,false,8796,94059,0.9123588962308644
8796,26769,0.9636241304455014,false,8796,26769,0.9636241304455014
8796,3960,0.8818012186975631,false,8796,3960,0.8818012186975631
8796,7433,0.7794365448692817,false,8796,7433,0.7794365448692817
8796,284323,0.8521294595762092,false,8796,284323,0.8521294595762092
8796,100129460,0.966386692583685,false,8796,100129460,0.966386692583685
8796,65217,0.8461968149195438,false,8796,65217,0.8461968149195438
8796,1286,0.763439126574314,false,8796,1286,0.763439126574314
8796,23584,0.8565010820562512,false,8796,23584,0.8565010820562512
8796,692213,0.9034632084738136,false,8796,692213,0.9034632084738136
8796,153643,0.9804083472931391,false,8796,153643,0.9804083472931391
8796,112268422,0.8726030775623004,false,8796,112268422,0.8726030775623004
8796,649946,0.8648353541093854,false,8796,649946,0.8648353541093854
8796,259294,0.8673047828892226,false,8796,259294,0.8673047828892226
8796,79740,0.9306229959697399,false,8796,79740,0.9306229959697399
8796,2266,0.8936253636978253,false,8796,2266,0.8936253636978253
8796,745,0.9115100883142617,false,8796,745,0.9115100883142617
8796,440352,0.8303824025624766,false,8796,440352,0.8303824025624766
10071,100302161,0.9954311716595272,false,10071,100302161,0.9954311716595272
10071,55289,0.9012362728865135,false,10071,55289,0.9012362728865135
10071,1999,0.7906583384666611,false,10071,1999,0.7906583384666611
10071,51208,0.9836436005722685,false,10071,51208,0.9836436005722685
10071,218,0.9963056126691139,false,10071,218,0.9963056126691139
10071,3909,0.9852394183697504,false,10071,3909,0.9852394183697504
10071,92086,0.9634429366307903,false,10071,92086,0.9634429366307903
10071,541473,0.9561395576577469,false,10071,541473,0.9561395576577469
10071,11148,0.724967617851862,false,10071,11148,0.724967617851862
10071,4233,0.8727048811695567,false,10071,4233,0.8727048811695567
10071,9365,0.9881529953433748,false,10071,9365,0.9881529953433748
10071,51554,0.9909604697961932,false,10071,51554,0.9909604697961932
10071,55329,0.9868911298710344,false,10071,55329,0.9868911298710344
10071,116228,0.9768723268887458,false,10071,116228,0.9768723268887458
10071,79977,0.8798496619995559,false,10071,79977,0.8798496619995559
10071,9208,0.8435446215950171,false,10071,9208,0.8435446215950171
10071,112268252,0.9527035049404022,false,10071,112268252,0.9527035049404022
10071,277,0.9587990897516318,false,10071,277,0.9587990897516318
10071,80736,0.9453002512561848,false,10071,80736,0.9453002512561848
10071,163131,0.9191029877850028,false,10071,163131,0.9191029877850028
10071,25901,0.9899293361393402,false,10071,25901,0.9899293361393402
10071,100302170,0.9971219591049032,false,10071,100302170,0.9971219591049032
10071,51365,0.9935358388519049,false,10071,51365,0.9935358388519049
10071,7225,0.9498543519846255,false,10071,7225,0.9498543519846255
10071,4128,0.7616608115118688,false,10071,4128,0.7616608115118688
10071,27134,0.995369085074016,false,10071,27134,0.995369085074016
10071,654412,0.9995544193394369,false,10071,654412,0.9995544193394369
10071,55892,0.8992211767189783,false,10071,55892,0.8992211767189783
10071,8999,0.9137289665283044,false,10071,8999,0.9137289665283044
10071,306,0.8324855191749981,false,10071,306,0.8324855191749981
10071,157310,0.814299977094893,false,10071,157310,0.814299977094893
10071,5340,0.9904118935192472,false,10071,5340,0.9904118935192472
10071,4582,0.9992756602347984,false,10071,4582,0.9992756602347984
10071,3248,0.9689901479474202,false,10071,3248,0.9689901479474202
10071,255189,0.9789056915142257,false,10071,255189,0.9789056915142257
10071,641384,0.9950225415155933,false,10071,641384,0.9950225415155933
10071,100130449,0.9967602607750803,false,10071,100130449,0.9967602607750803
10071,10103,0.9936000319258781,false,10071,10103,0.9936000319258781
10071,3856,0.9094887051823881,false,10071,3856,0.9094887051823881
10071,1048,0.9966865550423745,false,10071,1048,0.9966865550423745
10071,100419743,0.9966525714868592,false,10071,100419743,0.9966525714868592
10071,79838,0.9055255468048158,false,10071,79838,0.9055255468048158
10071,3983,0.9922875210202771,false,10071,3983,0.9922875210202771
10071,3694,0.9103910550309767,false,10071,3694,0.9103910550309767
10071,22941,0.9148665171595373,false,10071,22941,0.9148665171595373
10071,285989,0.9892707574395719,false,10071,285989,0.9892707574395719
10071,2627,0.9677472574660974,false,10071,2627,0.9677472574660974
10071,503640,0.9924981009267515,false,10071,503640,0.9924981009267515
10071,259290,0.9613176115292996,false,10071,259290,0.9613176115292996
10071,1555,0.9893262144789856,false,10071,1555,0.9893262144789856
10071,57528,0.9950770755112573,false,10071,57528,0.9950770755112573
10071,201456,0.990975079827741,false,10071,201456,0.990975079827741
10071,142827,0.9505839853207653,false,10071,142827,0.9505839853207653
10071,57186,0.880866830926503,false,10071,57186,0.880866830926503
10071,6751,0.9797311876513645,false,10071,6751,0.9797311876513645
10071,79908,0.7318472532609246,false,10071,79908,0.7318472532609246
10071,6473,0.713658738610004,false,10071,6473,0.713658738610004
10071,102723508,0.962237552724483,false,10071,102723508,0.962237552724483
10071,28984,0.8105932111514935,false,10071,28984,0.8105932111514935
10071,130367,0.868305697435468,false,10071,130367,0.868305697435468
10071,285335,0.7744126498711871,false,10071,285335,0.7744126498711871
10071,9356,0.9741654146469328,false,10071,9356,0.9741654146469328
10071,1910,0.7565506711146845,false,10071,1910,0.7565506711146845
10071,641776,0.9880818809873464,false,10071,641776,0.9880818809873464
10071,100506658,0.908011154786835,false,10071,100506658,0.908011154786835
10071,341676,0.9844629216066826,false,10071,341676,0.9844629216066826
10071,148213,0.9989437050398854,false,10071,148213,0.9989437050398854
10071,10595,0.9611494422966012,false,10071,10595,0.9611494422966012
10071,4583,0.9453647399226571,false,10071,4583,0.9453647399226571
10071,728643,0.9147119297882725,false,10071,728643,0.9147119297882725
10071,55567,0.9756484483973781,false,10071,55567,0.9756484483973781
10071,54997,0.9930007655290839,false,10071,54997,0.9930007655290839
10071,79848,0.953052402802157,false,10071,79848,0.953052402802157
10071,219790,0.7037686745018797,false,10071,219790,0.7037686745018797
10071,115677,0.8131316571327565,false,10071,115677,0.8131316571327565
10071,5961,0.9816322618078915,false,10071,5961,0.9816322618078915
10071,7851,0.9983839025901531,false,10071,7851,0.9983839025901531
10071,692072,0.9911498820744504,false,10071,692072,0.9911498820744504
10071,109136579,0.9738503416503539,false,10071,109136579,0.9738503416503539
10071,503645,0.9219802932565113,false,10071,503645,0.9219802932565113
10071,55808,0.9989455370732112,false,10071,55808,0.9989455370732112
10071,999,0.9645694330361568,false,10071,999,0.9645694330361568
10071,126353,0.9927743303945302,false,10071,126353,0.9927743303945302
10071,26226,0.9769330479142837,false,10071,26226,0.9769330479142837
10071,64332,0.9255285735929273,false,10071,64332,0.9255285735929273
10071,346007,0.8237092293178215,false,10071,346007,0.8237092293178215
10071,388743,0.9985947878369705,false,10071,388743,0.9985947878369705
10071,116984,0.7047503937430742,false,10071,116984,0.7047503937430742
10071,137872,0.9759522451584599,false,10071,137872,0.9759522451584599
10071,1577,0.9921064336652102,false,10071,1577,0.9921064336652102
10071,100033430,0.970595390186459,false,10071,100033430,0.970595390186459
10071,340267,0.9984933057032983,false,10071,340267,0.9984933057032983
10071,200879,0.9969142038265287,false,10071,200879,0.9969142038265287
10071,1510,0.9993204078333024,false,10071,1510,0.9993204078333024
10071,441251,0.9331748401850802,false,10071,441251,0.9331748401850802
10071,102723849,0.994424088755478,false,10071,102723849,0.994424088755478
10071,9196,0.7580378814002121,false,10071,9196,0.7580378814002121
10071,6337,0.8959486367342109,false,10071,6337,0.8959486367342109
10071,57669,0.9258318544927241,false,10071,57669,0.9258318544927241
10071,619383,0.9789071315604827,false,10071,619383,0.9789071315604827
10071,89765,0.8414285192365203,false,10071,89765,0.8414285192365203
10071,57111,0.999438379086404,false,10071,57111,0.999438379086404
10071,278,0.8681473771112487,false,10071,278,0.8681473771112487
10071,116844,0.9900643272075859,false,10071,116844,0.9900643272075859
10071,10129,0.9896104280236141,false,10071,10129,0.9896104280236141
10071,4586,0.9972972995913063,false,10071,4586,0.9972972995913063
10071,100158262,0.9676163862919789,false,10071,100158262,0.9676163862919789
10071,10551,0.9992867295297461,false,10071,10551,0.9992867295297461
10071,688,0.7015976081103703,false,10071,688,0.7015976081103703
10071,378938,0.9737673986805004,false,10071,378938,0.9737673986805004
10071,54897,0.8842025328038527,false,10071,54897,0.8842025328038527
10071,117155,0.9909384561640799,false,10071,117155,0.9909384561640799
10071,112268155,0.991615502603414,false,10071,112268155,0.991615502603414
10071,1152,0.9458921295890956,false,10071,1152,0.9458921295890956
10071,79083,0.9948447526613676,false,10071,79083,0.9948447526613676
10071,66002,0.9965281124507644,false,10071,66002,0.9965281124507644
10071,1556,0.9926388457547771,false,10071,1556,0.9926388457547771
10071,22996,0.9932717012422994,false,10071,22996,0.9932717012422994
10071,55930,0.9928366872357051,false,10071,55930,0.9928366872357051
10071,7620,0.8346166557527464,false,10071,7620,0.8346166557527464
10071,7113,0.9900131263752827,false,10071,7113,0.9900131263752827
10071,54861,0.9361696336889085,false,10071,54861,0.9361696336889085
10071,222256,0.9322520494524054,false,10071,222256,0.9322520494524054
10071,105180391,0.9832644714586982,false,10071,105180391,0.9832644714586982
10071,100529240,0.9951271527795106,false,10071,100529240,0.9951271527795106
10071,113218482,0.9979935398811302,false,10071,113218482,0.9979935398811302
10071,647024,0.9703998732119937,false,10071,647024,0.9703998732119937
10071,255928,0.9908683067701856,false,10071,255928,0.9908683067701856
10071,151531,0.9747944219504514,false,10071,151531,0.9747944219504514
10071,8537,0.9594676190047494,false,10071,8537,0.9594676190047494
10071,10018,0.99806126624489,false,10071,10018,0.99806126624489
10071,115019,0.9987947944700671,false,10071,115019,0.9987947944700671
10071,201625,0.8263878667429704,false,10071,201625,0.8263878667429704
10071,105180390,0.9866103692253616,false,10071,105180390,0.9866103692253616
10071,692058,0.9861389179997354,false,10071,692058,0.9861389179997354
10071,276,0.8072658859567817,false,10071,276,0.8072658859567817
10071,168374,0.9736379759276997,false,10071,168374,0.9736379759276997
10071,83481,0.9752460887074631,false,10071,83481,0.9752460887074631
10071,645843,0.9773511727488126,false,10071,645843,0.9773511727488126
10071,143884,0.9461790620056114,false,10071,143884,0.9461790620056114
10071,80004,0.918735009175703,false,10071,80004,0.918735009175703
10071,121512,0.9581060403150263,false,10071,121512,0.9581060403150263
10071,3993,0.9667896961413068,false,10071,3993,0.9667896961413068
10071,389852,0.9991172618445394,false,10071,389852,0.9991172618445394
10071,342892,0.9625230941591231,false,10071,342892,0.9625230941591231
10071,164312,0.9882183427046011,false,10071,164312,0.9882183427046011
10071,84239,0.9509988225004332,false,10071,84239,0.9509988225004332
10071,2065,0.976881595680882,false,10071,2065,0.976881595680882
10071,57402,0.8912033256609414,false,10071,57402,0.8912033256609414
10071,1513,0.7114434326616202,false,10071,1513,0.7114434326616202
10071,776,0.8071398900779815,false,10071,776,0.8071398900779815
10071,780,0.9240914992761486,false,10071,780,0.9240914992761486
10071,135656,0.9967795730839889,false,10071,135656,0.9967795730839889
10071,3880,0.87552681624637,false,10071,3880,0.87552681624637
10071,94059,0.9967131761302034,false,10071,94059,0.9967131761302034
10071,26769,0.9535878090178481,false,10071,26769,0.9535878090178481
10071,3960,0.9966605598778989,false,10071,3960,0.9966605598778989
10071,7433,0.8715501762545151,false,10071,7433,0.8715501762545151
10071,284323,0.9829300701241378,false,10071,284323,0.9829300701241378
10071,100129460,0.8259364872826934,false,10071,100129460,0.8259364872826934
10071,65217,0.8204863802893095,false,10071,65217,0.8204863802893095
10071,23584,0.9754782975172618,false,10071,23584,0.9754782975172618
10071,692213,0.998720012562031,false,10071,692213,0.998720012562031
10071,153643,0.9580833672416537,false,10071,153643,0.9580833672416537
10071,112268422,0.9946740725872664,false,10071,112268422,0.9946740725872664
10071,649946,0.7280502887895326,false,10071,649946,0.7280502887895326
10071,259294,0.9882945727219098,false,10071,259294,0.9882945727219098
10071,79740,0.9221865320070612,false,10071,79740,0.9221865320070612
10071,2266,0.9888983919028167,false,10071,2266,0.9888983919028167
10071,745,0.9964910500812668,false,10071,745,0.9964910500812668
10071,440352,0.922808061415426,false,10071,440352,0.922808061415426
762,724026,0.7690333141788028,false,762,724026,0.7690333141788028
762,1285,0.7856969778153869,false,762,1285,0.7856969778153869
762,55507,0.8692044064377185,false,762,55507,0.8692044064377185
762,149465,0.9376749764892243,false,762,149465,0.9376749764892243
762,105374373,0.9684350655573128,false,762,105374373,0.9684350655573128
762,6928,0.8242339989604778,false,762,6928,0.8242339989604778
762,253982,0.963368680074817,false,762,253982,0.963368680074817
762,1636,0.7732292965124901,false,762,1636,0.7732292965124901
762,375612,0.9909294812866163,false,762,375612,0.9909294812866163
762,9914,0.8016031089931398,false,762,9914,0.8016031089931398
762,2327,0.8023147688497465,false,762,2327,0.8023147688497465
762,7080,0.7466442575288056,false,762,7080,0.7466442575288056
762,728226,0.9137734035463823,false,762,728226,0.9137734035463823
762,22943,0.8575565946330264,false,762,22943,0.8575565946330264
762,2696,0.9264169380983527,false,762,2696,0.9264169380983527
762,54084,0.928376309969426,false,762,54084,0.928376309969426
762,339983,0.7690333141788028,false,762,339983,0.7690333141788028
762,6969,0.8130320528870507,false,762,6969,0.8130320528870507
762,7473,0.9115539890579161,false,762,7473,0.9115539890579161
762,128602,0.8546638015991783,false,762,128602,0.8546638015991783
762,6332,0.9212374302745597,false,762,6332,0.9212374302745597
762,9223,0.8232616062207077,false,762,9223,0.8232616062207077
762,1180,0.9039688941363941,false,762,1180,0.9039688941363941
762,2277,0.8158255600620062,false,762,2277,0.8158255600620062
762,825,0.7837403645710701,false,762,825,0.7837403645710701
762,6532,0.9441581716771971,false,762,6532,0.9441581716771971
762,100996506,0.9107213550847749,false,762,100996506,0.9107213550847749
762,100505495,0.9425094126012892,false,762,100505495,0.9425094126012892
762,57524,0.973236884999278,false,762,57524,0.973236884999278
762,256076,0.8524216547071428,false,762,256076,0.8524216547071428
762,284680,0.9661473891106009,false,762,284680,0.9661473891106009
762,128218,0.9554493408824161,false,762,128218,0.9554493408824161
762,100820829,0.8422427127333226,false,762,100820829,0.8422427127333226
762,284434,0.7748158227567414,false,762,284434,0.7748158227567414
762,105373265,0.768859215947809,false,762,105373265,0.768859215947809
762,9211,0.7690333141788027,false,762,9211,0.7690333141788027
762,440590,0.9795617009035038,false,762,440590,0.9795617009035038
762,55282,0.9855068924768935,false,762,55282,0.9855068924768935
100302161,55289,0.9050874254227269,false,100302161,55289,0.9050874254227269
100302161,1999,0.7313438718738353,false,100302161,1999,0.7313438718738353
100302161,51208,0.9732670831974087,false,100302161,51208,0.9732670831974087
100302161,218,0.9865292917618101,false,100302161,218,0.9865292917618101
100302161,3909,0.9856038837547999,false,100302161,3909,0.9856038837547999
100302161,92086,0.9727250534501938,false,100302161,92086,0.9727250534501938
100302161,541473,0.9710875860978596,false,100302161,541473,0.9710875860978596
100302161,4233,0.8310319766814211,false,100302161,4233,0.8310319766814211
100302161,9365,0.9738984488357558,false,100302161,9365,0.9738984488357558
100302161,51554,0.9976803625936559,false,100302161,51554,0.9976803625936559
100302161,55329,0.9936834605115782,false,100302161,55329,0.9936834605115782
100302161,116228,0.9765082417950555,false,100302161,116228,0.9765082417950555
100302161,79977,0.8340435241686694,false,100302161,79977,0.8340435241686694
100302161,9208,0.7999170829839517,false,100302161,9208,0.7999170829839517
100302161,112268252,0.936388265123234,false,100302161,112268252,0.936388265123234
100302161,277,0.9304523895013539,false,100302161,277,0.9304523895013539
100302161,80736,0.9321018256162545,false,100302161,80736,0.9321018256162545
100302161,163131,0.9349890871955975,false,100302161,163131,0.9349890871955975
100302161,25901,0.9984343728748408,false,100302161,25901,0.9984343728748408
100302161,100302170,0.9997841784636118,false,100302161,100302170,0.9997841784636118
100302161,51365,0.9987782815947753,false,100302161,51365,0.9987782815947753
100302161,7225,0.9404241429112761,false,100302161,7225,0.9404241429112761
100302161,4128,0.7411430073724423,false,100302161,4128,0.7411430073724423
100302161,27134,0.9879776871494297,false,100302161,27134,0.9879776871494297
100302161,654412,0.9973584770670036,false,100302161,654412,0.9973584770670036
100302161,55892,0.9156943185923301,false,100302161,55892,0.9156943185923301
100302161,8999,0.9248956188299737,false,100302161,8999,0.9248956188299737
100302161,306,0.7995288093264442,false,100302161,306,0.7995288093264442
100302161,157310,0.776663880406334,false,100302161,157310,0.776663880406334
100302161,5340,0.988262342925031,false,100302161,5340,0.988262342925031
100302161,4582,0.9920345362316042,false,100302161,4582,0.9920345362316042
100302161,3248,0.970979885458142,false,100302161,3248,0.970979885458142
100302161,255189,0.973706199749386,false,100302161,255189,0.973706199749386
100302161,641384,0.999863163315617,false,100302161,641384,0.999863163315617
100302161,100130449,0.9861186783582649,false,100302161,100130449,0.9861186783582649
100302161,10103,0.9786272433094296,false,100302161,10103,0.9786272433094296
100302161,3856,0.865949415989049,false,100302161,3856,0.865949415989049
100302161,1048,0.9998099090434963,false,100302161,1048,0.9998099090434963
100302161,100419743,0.9997974984749595,false,100302161,100419743,0.9997974984749595
100302161,79838,0.8641169851583941,false,100302161,79838,0.8641169851583941
100302161,3983,0.9891658967812825,false,100302161,3983,0.9891658967812825
100302161,3694,0.8733094976923154,false,100302161,3694,0.8733094976923154
100302161,22941,0.9048188095028941,false,100302161,22941,0.9048188095028941
100302161,285989,0.9836213960996695,false,100302161,285989,0.9836213960996695
100302161,2627,0.9474046938639139,false,100302161,2627,0.9474046938639139
100302161,503640,0.996283020578747,false,100302161,503640,0.996283020578747
100302161,259290,0.9767869945700149,false,100302161,259290,0.9767869945700149
100302161,1555,0.9713436982636294,false,100302161,1555,0.9713436982636294
100302161,57528,0.9991354831480646,false,100302161,57528,0.9991354831480646
100302161,201456,0.9960110830967447,false,100302161,201456,0.9960110830967447
100302161,142827,0.9502797565692934,false,100302161,142827,0.9502797565692934
100302161,57186,0.8521808578923993,false,100302161,57186,0.8521808578923993
100302161,6751,0.9919710669094407,false,100302161,6751,0.9919710669094407
100302161,79908,0.7161855718616692,false,100302161,79908,0.7161855718616692
100302161,6473,0.7516353948305557,false,100302161,6473,0.7516353948305557
100302161,102723508,0.9812941437172764,false,100302161,102723508,0.9812941437172764
100302161,28984,0.7642188880258556,false,100302161,28984,0.7642188880258556
100302161,130367,0.8198681361984491,false,100302161,130367,0.8198681361984491
100302161,285335,0.7146001328085226,false,100302161,285335,0.7146001328085226
100302161,9356,0.9823954203561531,false,100302161,9356,0.9823954203561531
100302161,1910,0.7080035654676404,false,100302161,1910,0.7080035654676404
100302161,641776,0.9819044148092136,false,100302161,641776,0.9819044148092136
100302161,100506658,0.8870111672357548,false,100302161,100506658,0.8870111672357548
100302161,341676,0.9659460985711175,false,100302161,341676,0.9659460985711175
100302161,148213,0.9941953615400527,false,100302161,148213,0.9941953615400527
100302161,10595,0.9328100128400324,false,100302161,10595,0.9328100128400324
100302161,4583,0.9132347103530902,false,100302161,4583,0.9132347103530902
100302161,728643,0.9299090664629366,false,100302161,728643,0.9299090664629366
100302161,55567,0.9521794878992069,false,100302161,55567,0.9521794878992069
100302161,54997,0.9968998548833439,false,100302161,54997,0.9968998548833439
100302161,79848,0.9665895975824094,false,100302161,79848,0.9665895975824094
100302161,219790,0.7180338606596243,false,100302161,219790,0.7180338606596243
100302161,115677,0.7943401416978718,false,100302161,115677,0.7943401416978718
100302161,5961,0.9908172925729875,false,100302161,5961,0.9908172925729875
100302161,7851,0.9908078923874521,false,100302161,7851,0.9908078923874521
100302161,692072,0.9944961608286992,false,100302161,692072,0.9944961608286992
100302161,109136579,0.9661255366156613,false,100302161,109136579,0.9661255366156613
100302161,503645,0.9321380856628185,false,100302161,503645,0.9321380856628185
100302161,55808,0.996964341469312,false,100302161,55808,0.996964341469312
100302161,999,0.9356633911306433,false,100302161,999,0.9356633911306433
100302161,126353,0.9777080266066449,false,100302161,126353,0.9777080266066449
100302161,26226,0.9791785611646001,false,100302161,26226,0.9791785611646001
100302161,64332,0.9155424429552721,false,100302161,64332,0.9155424429552721
100302161,346007,0.8113343610567022,false,100302161,346007,0.8113343610567022
100302161,388743,0.9989565011637838,false,100302161,388743,0.9989565011637838
100302161,137872,0.9904059298259974,false,100302161,137872,0.9904059298259974
100302161,1577,0.9892979459211987,false,100302161,1577,0.9892979459211987
100302161,100033430,0.9464178015304648,false,100302161,100033430,0.9464178015304648
100302161,340267,0.991618380416447,false,100302161,340267,0.991618380416447
100302161,200879,0.9990192962123204,false,100302161,200879,0.9990192962123204
100302161,1510,0.9930034838785704,false,100302161,1510,0.9930034838785704
100302161,441251,0.9043426864451046,false,100302161,441251,0.9043426864451046
100302161,102723849,0.9932685038486211,false,100302161,102723849,0.9932685038486211
100302161,9196,0.7893197663208872,false,100302161,9196,0.7893197663208872
100302161,6337,0.8658851960188931,false,100302161,6337,0.8658851960188931
100302161,57669,0.9214727426282837,false,100302161,57669,0.9214727426282837
100302161,619383,0.9709670412951533,false,100302161,619383,0.9709670412951533
100302161,89765,0.7880613819618693,false,100302161,89765,0.7880613819618693
100302161,57111,0.9926607524899685,false,100302161,57111,0.9926607524899685
100302161,278,0.8275773447521326,false,100302161,278,0.8275773447521326
100302161,116844,0.9736652286277471,false,100302161,116844,0.9736652286277471
100302161,10129,0.9883766306761761,false,100302161,10129,0.9883766306761761
100302161,4586,0.9996739352743833,false,100302161,4586,0.9996739352743833
100302161,100158262,0.9832297322333701,false,100302161,100158262,0.9832297322333701
100302161,10551,0.9974399952276902,false,100302161,10551,0.9974399952276902
100302161,378938,0.9658870596425648,false,100302161,378938,0.9658870596425648
100302161,54897,0.8899789625207378,false,100302161,54897,0.8899789625207378
100302161,117155,0.996853177824734,false,100302161,117155,0.996853177824734
100302161,112268155,0.9852059883244635,false,100302161,112268155,0.9852059883244635
100302161,1152,0.9365845416966768,false,100302161,1152,0.9365845416966768
100302161,79083,0.9972507224602281,false,100302161,79083,0.9972507224602281
100302161,66002,0.998264408237643,false,100302161,66002,0.998264408237643
100302161,1556,0.9858118242988131,false,100302161,1556,0.9858118242988131
100302161,22996,0.9848277526119089,false,100302161,22996,0.9848277526119089
100302161,55930,0.9870508890178098,false,100302161,55930,0.9870508890178098
100302161,7620,0.8611748570549554,false,100302161,7620,0.8611748570549554
100302161,7113,0.9722100493466099,false,100302161,7113,0.9722100493466099
100302161,54861,0.9256903547841657,false,100302161,54861,0.9256903547841657
100302161,222256,0.8993460230411414,false,100302161,222256,0.8993460230411414
100302161,105180391,0.9817019610598,false,100302161,105180391,0.9817019610598
100302161,100529240,0.9922819858467267,false,100302161,100529240,0.9922819858467267
100302161,113218482,0.9984792470488421,false,100302161,113218482,0.9984792470488421
100302161,647024,0.9431993609131635,false,100302161,647024,0.9431993609131635
100302161,255928,0.9959644083530981,false,100302161,255928,0.9959644083530981
100302161,151531,0.9575274421516354,false,100302161,151531,0.9575274421516354
100302161,8537,0.968301925103014,false,100302161,8537,0.968301925103014
100302161,10018,0.9987305250460901,false,100302161,10018,0.9987305250460901
100302161,115019,0.9982228600981584,false,100302161,115019,0.9982228600981584
100302161,201625,0.7763940285029268,false,100302161,201625,0.7763940285029268
100302161,105180390,0.983095633692544,false,100302161,105180390,0.983095633692544
100302161,692058,0.9730057656307928,false,100302161,692058,0.9730057656307928
100302161,276,0.7563648713664369,false,100302161,276,0.7563648713664369
100302161,168374,0.958039715498902,false,100302161,168374,0.958039715498902
100302161,83481,0.952125246921778,false,100302161,83481,0.952125246921778
100302161,645843,0.9615768703077597,false,100302161,645843,0.9615768703077597
100302161,143884,0.9670537516141616,false,100302161,143884,0.9670537516141616
100302161,80004,0.8772975570044004,false,100302161,80004,0.8772975570044004
100302161,121512,0.9408879415397041,false,100302161,121512,0.9408879415397041
100302161,3993,0.9590480956202638,false,100302161,3993,0.9590480956202638
100302161,389852,0.9969696432780377,false,100302161,389852,0.9969696432780377
100302161,342892,0.971550632911108,false,100302161,342892,0.971550632911108
100302161,164312,0.9812941761809697,false,100302161,164312,0.9812941761809697
100302161,84239,0.9288258819806198,false,100302161,84239,0.9288258819806198
100302161,2065,0.9543319122423732,false,100302161,2065,0.9543319122423732
100302161,57402,0.8872132309730696,false,100302161,57402,0.8872132309730696
100302161,776,0.8321240907468384,false,100302161,776,0.8321240907468384
100302161,780,0.8974379221249954,false,100302161,780,0.8974379221249954
100302161,135656,0.9997887680906683,false,100302161,135656,0.9997887680906683
100302161,3880,0.8286115867297742,false,100302161,3880,0.8286115867297742
100302161,94059,0.9953291355857844,false,100302161,94059,0.9953291355857844
100302161,26769,0.9303160056048295,false,100302161,26769,0.9303160056048295
100302161,3960,0.9997846892950353,false,100302161,3960,0.9997846892950353
100302161,7433,0.8799758034859834,false,100302161,7433,0.8799758034859834
100302161,284323,0.99439456991263,false,100302161,284323,0.99439456991263
100302161,100129460,0.7805045854578077,false,100302161,100129460,0.7805045854578077
100302161,65217,0.8161820605208979,false,100302161,65217,0.8161820605208979
100302161,23584,0.9829411239624617,false,100302161,23584,0.9829411239624617
100302161,692213,0.996237495365465,false,100302161,692213,0.996237495365465
100302161,153643,0.9276227334098406,false,100302161,153643,0.9276227334098406
100302161,112268422,0.9999613158744692,false,100302161,112268422,0.9999613158744692
100302161,649946,0.7013892542757374,false,100302161,649946,0.7013892542757374
100302161,259294,0.9966736550144509,false,100302161,259294,0.9966736550144509
100302161,79740,0.899669348016299,false,100302161,79740,0.899669348016299
100302161,2266,0.9908127631525354,false,100302161,2266,0.9908127631525354
100302161,745,0.9924305060652092,false,100302161,745,0.9924305060652092
100302161,440352,0.9206288741612177,false,100302161,440352,0.9206288741612177
55289,51208,0.9521135861274478,false,55289,51208,0.9521135861274478
55289,218,0.9078384491448475,false,55289,218,0.9078384491448475
55289,3909,0.935759815380719,false,55289,3909,0.935759815380719
55289,92086,0.9626017775639393,false,55289,92086,0.9626017775639393
55289,541473,0.9132395990723955,false,55289,541473,0.9132395990723955
55289,9365,0.8743949249560629,false,55289,9365,0.8743949249560629
55289,51554,0.8897888480567585,false,55289,51554,0.8897888480567585
55289,55329,0.8981327581971685,false,55289,55329,0.8981327581971685
55289,116228,0.8063722056454272,false,55289,116228,0.8063722056454272
55289,79977,0.768531076010114,false,55289,79977,0.768531076010114
55289,112268252,0.9361091197127233,false,55289,112268252,0.9361091197127233
55289,277,0.8152181309404498,false,55289,277,0.8152181309404498
55289,80736,0.9685939511796143,false,55289,80736,0.9685939511796143
55289,163131,0.8727348060391921,false,55289,163131,0.8727348060391921
55289,25901,0.8911449441088339,false,55289,25901,0.8911449441088339
55289,100302170,0.9026259082563834,false,55289,100302170,0.9026259082563834
55289,51365,0.9002648376697202,false,55289,51365,0.9002648376697202
55289,7225,0.8886913438829759,false,55289,7225,0.8886913438829759
55289,4128,0.7696104277341379,false,55289,4128,0.7696104277341379
55289,27134,0.9315724808242257,false,55289,27134,0.9315724808242257
55289,654412,0.9067401520900344,false,55289,654412,0.9067401520900344
55289,55892,0.8192038043899522,false,55289,55892,0.8192038043899522
55289,8999,0.971440496317243,false,55289,8999,0.971440496317243
55289,306,0.9140002701993473,false,55289,306,0.9140002701993473
55289,157310,0.863223099460471,false,55289,157310,0.863223099460471
55289,5340,0.9147187857068625,false,55289,5340,0.9147187857068625
55289,4582,0.9074736147822852,false,55289,4582,0.9074736147822852
55289,3248,0.9233737068908867,false,55289,3248,0.9233737068908867
55289,255189,0.9620328198936783,false,55289,255189,0.9620328198936783
55289,641384,0.9002792332545402,false,55289,641384,0.9002792332545402
55289,100130449,0.8752104700589171,false,55289,100130449,0.8752104700589171
55289,10103,0.8768072457168469,false,55289,10103,0.8768072457168469
55289,3856,0.7672833631424537,false,55289,3856,0.7672833631424537
55289,1048,0.9060864921085215,false,55289,1048,0.9060864921085215
55289,100419743,0.9055413905163847,false,55289,100419743,0.9055413905163847
55289,79838,0.7916609067467648,false,55289,79838,0.7916609067467648
55289,3983,0.898235915657873,false,55289,3983,0.898235915657873
55289,3694,0.8704974102688569,false,55289,3694,0.8704974102688569
55289,22941,0.9868909389386831,false,55289,22941,0.9868909389386831
55289,285989,0.8787993941515578,false,55289,285989,0.8787993941515578
55289,2627,0.9029658559123357,false,55289,2627,0.9029658559123357
55289,503640,0.903795782548218,false,55289,503640,0.903795782548218
55289,259290,0.8893355257629084,false,55289,259290,0.8893355257629084
55289,1555,0.8777423790697754,false,55289,1555,0.8777423790697754
55289,57528,0.9086168513720614,false,55289,57528,0.9086168513720614
55289,201456,0.9343091587671619,false,55289,201456,0.9343091587671619
55289,142827,0.9574793355904381,false,55289,142827,0.9574793355904381
55289,57186,0.8259702027595117,false,55289,57186,0.8259702027595117
55289,6751,0.9360763832833693,false,55289,6751,0.9360763832833693
55289,79908,0.8777778824013903,false,55289,79908,0.8777778824013903
55289,102723508,0.8692130885298308,false,55289,102723508,0.8692130885298308
55289,9356,0.9294460736375751,false,55289,9356,0.9294460736375751
55289,641776,0.8956921916568116,false,55289,641776,0.8956921916568116
55289,100506658,0.9603217753913736,false,55289,100506658,0.9603217753913736
55289,341676,0.8580973520851026,false,55289,341676,0.8580973520851026
55289,148213,0.8971359953840712,false,55289,148213,0.8971359953840712
55289,10595,0.8018445818192814,false,55289,10595,0.8018445818192814
55289,4583,0.7717204542111546,false,55289,4583,0.7717204542111546
55289,728643,0.9366604539624667,false,55289,728643,0.9366604539624667
55289,55567,0.8761826973294015,false,55289,55567,0.8761826973294015
55289,54997,0.9202270714334951,false,55289,54997,0.9202270714334951
55289,79848,0.8751389329861478,false,55289,79848,0.8751389329861478
55289,219790,0.8209801912091872,false,55289,219790,0.8209801912091872
55289,115677,0.804527803062503,false,55289,115677,0.804527803062503
55289,5961,0.9037037584540647,false,55289,5961,0.9037037584540647
55289,7851,0.899185786749631,false,55289,7851,0.899185786749631
55289,692072,0.8718162799662822,false,55289,692072,0.8718162799662822
55289,109136579,0.8320244579689103,false,55289,109136579,0.8320244579689103
55289,503645,0.8498512689992802,false,55289,503645,0.8498512689992802
55289,55808,0.9172997454812643,false,55289,55808,0.9172997454812643
55289,999,0.8400898896763964,false,55289,999,0.8400898896763964
55289,126353,0.8954595658945057,false,55289,126353,0.8954595658945057
55289,26226,0.8687879474230135,false,55289,26226,0.8687879474230135
55289,64332,0.7268225996387209,false,55289,64332,0.7268225996387209
55289,388743,0.9081188404391979,false,55289,388743,0.9081188404391979
55289,137872,0.8779397168470098,false,55289,137872,0.8779397168470098
55289,1577,0.8714490437618445,false,55289,1577,0.8714490437618445
55289,100033430,0.8164088290005939,false,55289,100033430,0.8164088290005939
55289,340267,0.8943779613525279,false,55289,340267,0.8943779613525279
55289,200879,0.912018110426003,false,55289,200879,0.912018110426003
55289,1510,0.9075172708098258,false,55289,1510,0.9075172708098258
55289,441251,0.7665031534824467,false,55289,441251,0.7665031534824467
55289,102723849,0.8872565213460216,false,55289,102723849,0.8872565213460216
55289,9196,0.7594961158561758,false,55289,9196,0.7594961158561758
55289,6337,0.9230095388742028,false,55289,6337,0.9230095388742028
55289,57669,0.9205706037115217,false,55289,57669,0.9205706037115217
55289,619383,0.8431869390681915,false,55289,619383,0.8431869390681915
55289,89765,0.7381757949588853,false,55289,89765,0.7381757949588853
55289,57111,0.9035415058383632,false,55289,57111,0.9035415058383632
55289,116844,0.8582188903493584,false,55289,116844,0.8582188903493584
55289,10129,0.8775213838121748,false,55289,10129,0.8775213838121748
55289,4586,0.9043768751887559,false,55289,4586,0.9043768751887559
55289,100158262,0.851978606684881,false,55289,100158262,0.851978606684881
55289,10551,0.9005697074715516,false,55289,10551,0.9005697074715516
55289,378938,0.8321222934986934,false,55289,378938,0.8321222934986934
55289,54897,0.9618917007121875,false,55289,54897,0.9618917007121875
55289,117155,0.9210785308178838,false,55289,117155,0.9210785308178838
55289,112268155,0.8749986328836726,false,55289,112268155,0.8749986328836726
55289,1152,0.8942358622896995,false,55289,1152,0.8942358622896995
55289,79083,0.9138496878647328,false,55289,79083,0.9138496878647328
55289,66002,0.9233117863910028,false,55289,66002,0.9233117863910028
55289,1556,0.9332832762063973,false,55289,1556,0.9332832762063973
55289,22996,0.9335166118987623,false,55289,22996,0.9335166118987623
55289,55930,0.9395220590545351,false,55289,55930,0.9395220590545351
55289,7620,0.736907147950133,false,55289,7620,0.736907147950133
55289,7113,0.8822392709259067,false,55289,7113,0.8822392709259067
55289,54861,0.8645243908942258,false,55289,54861,0.8645243908942258
55289,222256,0.769512955308603,false,55289,222256,0.769512955308603
55289,105180391,0.9000088391936315,false,55289,105180391,0.9000088391936315
55289,26084,0.7626761620685722,false,55289,26084,0.7626761620685722
55289,100529240,0.8951416678380292,false,55289,100529240,0.8951416678380292
55289,113218482,0.9103240148455036,false,55289,113218482,0.9103240148455036
55289,647024,0.8530476052174301,false,55289,647024,0.8530476052174301
55289,255928,0.8967489823243665,false,55289,255928,0.8967489823243665
55289,151531,0.8325387338304437,false,55289,151531,0.8325387338304437
55289,8537,0.8078719638201879,false,55289,8537,0.8078719638201879
55289,10018,0.8983514301531269,false,55289,10018,0.8983514301531269
55289,115019,0.9119788529036149,false,55289,115019,0.9119788529036149
55289,201625,0.7423584081522666,false,55289,201625,0.7423584081522666
55289,105180390,0.8979484299401371,false,55289,105180390,0.8979484299401371
55289,692058,0.8395026798439494,false,55289,692058,0.8395026798439494
55289,168374,0.8279660098669361,false,55289,168374,0.8279660098669361
55289,83481,0.8823702049785751,false,55289,83481,0.8823702049785751
55289,645843,0.8531318747046965,false,55289,645843,0.8531318747046965
55289,143884,0.8366955857362396,false,55289,143884,0.8366955857362396
55289,80004,0.8020669806932786,false,55289,80004,0.8020669806932786
55289,121512,0.8705387162356345,false,55289,121512,0.8705387162356345
55289,3993,0.9694931338594162,false,55289,3993,0.9694931338594162
55289,389852,0.896312269623085,false,55289,389852,0.896312269623085
55289,342892,0.8986803830292642,false,55289,342892,0.8986803830292642
55289,164312,0.9523775508949163,false,55289,164312,0.9523775508949163
55289,84239,0.895329378411056,false,55289,84239,0.895329378411056
55289,2065,0.8770128741509241,false,55289,2065,0.8770128741509241
55289,57402,0.9956999729144773,false,55289,57402,0.9956999729144773
55289,776,0.8371166337843459,false,55289,776,0.8371166337843459
55289,780,0.8701938127615083,false,55289,780,0.8701938127615083
55289,135656,0.9057583471043914,false,55289,135656,0.9057583471043914
55289,3880,0.8088167474597111,false,55289,3880,0.8088167474597111
55289,94059,0.9024218592399237,false,55289,94059,0.9024218592399237
55289,26769,0.7716593037921489,false,55289,26769,0.7716593037921489
55289,3960,0.9080602535880442,false,55289,3960,0.9080602535880442
55289,7433,0.9848610225996098,false,55289,7433,0.9848610225996098
55289,284323,0.9085569476721956,false,55289,284323,0.9085569476721956
55289,65217,0.8285516202611164,false,55289,65217,0.8285516202611164
55289,23584,0.9610477365296503,false,55289,23584,0.9610477365296503
55289,692213,0.9091029955427686,false,55289,692213,0.9091029955427686
55289,153643,0.8090793166343592,false,55289,153643,0.8090793166343592
55289,112268422,0.9031968121977367,false,55289,112268422,0.9031968121977367
55289,259294,0.9020914735140299,false,55289,259294,0.9020914735140299
55289,79740,0.9470041106850517,false,55289,79740,0.9470041106850517
55289,2266,0.9016819357658381,false,55289,2266,0.9016819357658381
55289,745,0.9332764984503891,false,55289,745,0.9332764984503891
55289,440352,0.9841527809696147,false,55289,440352,0.9841527809696147
1999,51208,0.7921466844875391,false,1999,51208,0.7921466844875391
1999,218,0.812863103134552,false,1999,218,0.812863103134552
1999,3909,0.7554228078834128,false,1999,3909,0.7554228078834128
1999,11148,0.981021185521826,false,1999,11148,0.981021185521826
1999,4233,0.9736057506206675,false,1999,4233,0.9736057506206675
1999,9365,0.8562937418503178,false,1999,9365,0.8562937418503178
1999,114569,0.9123600370271705,false,1999,114569,0.9123600370271705
1999,51554,0.7266283670568704,false,1999,51554,0.7266283670568704
1999,55329,0.7254666779841337,false,1999,55329,0.7254666779841337
1999,116228,0.7801835802078241,false,1999,116228,0.7801835802078241
1999,4883,0.9110176808191219,false,1999,4883,0.9110176808191219
1999,4629,0.7005445033227062,false,1999,4629,0.7005445033227062
1999,79977,0.975426656969884,false,1999,79977,0.975426656969884
1999,9208,0.9713478936800106,false,1999,9208,0.9713478936800106
1999,112268252,0.78633933687545,false,1999,112268252,0.78633933687545
1999,277,0.9283275687454573,false,1999,277,0.9283275687454573
1999,80736,0.7623776836060913,false,1999,80736,0.7623776836060913
1999,345895,0.7261343244880368,false,1999,345895,0.7261343244880368
1999,25901,0.7056415554445398,false,1999,25901,0.7056415554445398
1999,100302170,0.7449749394750199,false,1999,100302170,0.7449749394750199
1999,5225,0.861299469313057,false,1999,5225,0.861299469313057
1999,51365,0.7254682145454826,false,1999,51365,0.7254682145454826
1999,7225,0.8088747610982837,false,1999,7225,0.8088747610982837
1999,4128,0.7572862417433232,false,1999,4128,0.7572862417433232
1999,27134,0.7959398392288982,false,1999,27134,0.7959398392288982
1999,654412,0.7729223981221518,false,1999,654412,0.7729223981221518
1999,306,0.8069730883585636,false,1999,306,0.8069730883585636
1999,157310,0.8047756237395267,false,1999,157310,0.8047756237395267
1999,5340,0.7802839010520866,false,1999,5340,0.7802839010520866
1999,4582,0.8061354421674899,false,1999,4582,0.8061354421674899
1999,3248,0.7442160001107735,false,1999,3248,0.7442160001107735
1999,255189,0.7524298570341047,false,1999,255189,0.7524298570341047
1999,641384,0.7320780205301533,false,1999,641384,0.7320780205301533
1999,100130449,0.8335576909485204,false,1999,100130449,0.8335576909485204
1999,10103,0.8532183785567293,false,1999,10103,0.8532183785567293
1999,3856,0.9662946362539586,false,1999,3856,0.9662946362539586
1999,1048,0.7400561743851385,false,1999,1048,0.7400561743851385
1999,100419743,0.739898250039644,false,1999,100419743,0.739898250039644
1999,79838,0.9663461228086078,false,1999,79838,0.9663461228086078
1999,10529,0.8769515081351581,false,1999,10529,0.8769515081351581
1999,3983,0.7701347500075703,false,1999,3983,0.7701347500075703
1999,3694,0.9208888478134915,false,1999,3694,0.9208888478134915
1999,22941,0.7261520847952572,false,1999,22941,0.7261520847952572
1999,285989,0.8126263831388985,false,1999,285989,0.8126263831388985
1999,2627,0.8709401840271549,false,1999,2627,0.8709401840271549
1999,503640,0.7447459144707735,false,1999,503640,0.7447459144707735
1999,286207,0.7817007922911714,false,1999,286207,0.7817007922911714
1999,5555,0.8280642484485554,false,1999,5555,0.8280642484485554
1999,1555,0.8695765767885156,false,1999,1555,0.8695765767885156
1999,57528,0.7309659622162379,false,1999,57528,0.7309659622162379
1999,201456,0.7216590240942605,false,1999,201456,0.7216590240942605
1999,163720,0.7097477408802306,false,1999,163720,0.7097477408802306
1999,57186,0.8752030418305724,false,1999,57186,0.8752030418305724
1999,5544,0.7822182229278356,false,1999,5544,0.7822182229278356
1999,10579,0.8498775901609437,false,1999,10579,0.8498775901609437
1999,28984,0.9602797828587302,false,1999,28984,0.9602797828587302
1999,51185,0.7190561677568821,false,1999,51185,0.7190561677568821
1999,130367,0.9892218917642458,false,1999,130367,0.9892218917642458
1999,285335,0.990434780767876,false,1999,285335,0.990434780767876
1999,1910,0.9230669290041155,false,1999,1910,0.9230669290041155
1999,641776,0.8055986974637738,false,1999,641776,0.8055986974637738
1999,100506658,0.7859844791110961,false,1999,100506658,0.7859844791110961
1999,200373,0.9725498478199895,false,1999,200373,0.9725498478199895
1999,168090,0.9114897017362016,false,1999,168090,0.9114897017362016
1999,474354,0.818464601747146,false,1999,474354,0.818464601747146
1999,341676,0.8815741965419464,false,1999,341676,0.8815741965419464
1999,148213,0.7981873980118608,false,1999,148213,0.7981873980118608
1999,10595,0.9244471755770761,false,1999,10595,0.9244471755770761
1999,4583,0.9409633733447402,false,1999,4583,0.9409633733447402
1999,54842,0.8558382623538879,false,1999,54842,0.8558382623538879
1999,55567,0.8968746422271462,false,1999,55567,0.8968746422271462
1999,6103,0.903530199834567,false,1999,6103,0.903530199834567
1999,54997,0.7345304591265565,false,1999,54997,0.7345304591265565
1999,115677,0.7769114710579201,false,1999,115677,0.7769114710579201
1999,5961,0.7083699789020449,false,1999,5961,0.7083699789020449
1999,7851,0.8133662802086876,false,1999,7851,0.8133662802086876
1999,692072,0.7526410038790288,false,1999,692072,0.7526410038790288
1999,253970,0.7301682104841948,false,1999,253970,0.7301682104841948
1999,109136579,0.8297477911482173,false,1999,109136579,0.8297477911482173
1999,55808,0.7690336362956226,false,1999,55808,0.7690336362956226
1999,999,0.922381841719503,false,1999,999,0.922381841719503
1999,126353,0.8422991415920145,false,1999,126353,0.8422991415920145
1999,26226,0.764455819455898,false,1999,26226,0.764455819455898
1999,64332,0.8338805726856275,false,1999,64332,0.8338805726856275
1999,346007,0.7718929904236412,false,1999,346007,0.7718929904236412
1999,388743,0.7577508882573523,false,1999,388743,0.7577508882573523
1999,116984,0.7473819635287743,false,1999,116984,0.7473819635287743
1999,3875,0.8542552655941532,false,1999,3875,0.8542552655941532
1999,1577,0.7962454200118246,false,1999,1577,0.7962454200118246
1999,100033430,0.9097742202600675,false,1999,100033430,0.9097742202600675
1999,340267,0.8111896943088026,false,1999,340267,0.8111896943088026
1999,200879,0.7485639878004754,false,1999,200879,0.7485639878004754
1999,1510,0.7956948622083299,false,1999,1510,0.7956948622083299
1999,441251,0.9334075633925665,false,1999,441251,0.9334075633925665
1999,102723849,0.7815938102505156,false,1999,102723849,0.7815938102505156
1999,6337,0.8492733439717917,false,1999,6337,0.8492733439717917
1999,5284,0.9793707001171731,false,1999,5284,0.9793707001171731
1999,57669,0.7444451006054212,false,1999,57669,0.7444451006054212
1999,619383,0.8318364826183459,false,1999,619383,0.8318364826183459
1999,89765,0.9406017014602331,false,1999,89765,0.9406017014602331
1999,57111,0.8056950758885066,false,1999,57111,0.8056950758885066
1999,278,0.9643812698975833,false,1999,278,0.9643812698975833
1999,116844,0.8666229069020934,false,1999,116844,0.8666229069020934
1999,10129,0.7867982342466476,false,1999,10129,0.7867982342466476
1999,4586,0.7457194274367671,false,1999,4586,0.7457194274367671
1999,10551,0.7769684657605137,false,1999,10551,0.7769684657605137
1999,688,0.9671698239590202,false,1999,688,0.9671698239590202
1999,6101,0.8517117784518631,false,1999,6101,0.8517117784518631
1999,378938,0.830660732536407,false,1999,378938,0.830660732536407
1999,117155,0.7119105210092603,false,1999,117155,0.7119105210092603
1999,112268155,0.8107694488134731,false,1999,112268155,0.8107694488134731
1999,1152,0.8090181778392569,false,1999,1152,0.8090181778392569
1999,27074,0.9138542439701839,false,1999,27074,0.9138542439701839
1999,79083,0.7489765119973784,false,1999,79083,0.7489765119973784
1999,66002,0.74141838915613,false,1999,66002,0.74141838915613
1999,1556,0.7976776824170442,false,1999,1556,0.7976776824170442
1999,79632,0.8777883522845487,false,1999,79632,0.8777883522845487
1999,4585,0.9067340445838731,false,1999,4585,0.9067340445838731
1999,22996,0.7975300572948003,false,1999,22996,0.7975300572948003
1999,55930,0.7823084983419127,false,1999,55930,0.7823084983419127
1999,1767,0.7644472739078777,false,1999,1767,0.7644472739078777
1999,7113,0.866536822240986,false,1999,7113,0.866536822240986
1999,54861,0.817118996644565,false,1999,54861,0.817118996644565
1999,222256,0.9472748733929561,false,1999,222256,0.9472748733929561
1999,105180391,0.7760878374571305,false,1999,105180391,0.7760878374571305
1999,26084,0.7460856577592915,false,1999,26084,0.7460856577592915
1999,100529240,0.7909575345168951,false,1999,100529240,0.7909575345168951
1999,113218482,0.7525350629252533,false,1999,113218482,0.7525350629252533
1999,647024,0.9076411065720997,false,1999,647024,0.9076411065720997
1999,255928,0.7131965951791073,false,1999,255928,0.7131965951791073
1999,151531,0.8413409366366329,false,1999,151531,0.8413409366366329
1999,8537,0.7001799494880145,false,1999,8537,0.7001799494880145
1999,10018,0.7616867529999641,false,1999,10018,0.7616867529999641
1999,115019,0.7619463642556372,false,1999,115019,0.7619463642556372
1999,201625,0.9673560802758829,false,1999,201625,0.9673560802758829
1999,105180390,0.7907659115332445,false,1999,105180390,0.7907659115332445
1999,1043,0.9751032264421746,false,1999,1043,0.9751032264421746
1999,692058,0.8570945207926179,false,1999,692058,0.8570945207926179
1999,276,0.9831339612276219,false,1999,276,0.9831339612276219
1999,168374,0.8739570807641266,false,1999,168374,0.8739570807641266
1999,83481,0.8847874363412238,false,1999,83481,0.8847874363412238
1999,645843,0.8719936478552738,false,1999,645843,0.8719936478552738
1999,2122,0.7178756633004851,false,1999,2122,0.7178756633004851
1999,84059,0.8170401021989115,false,1999,84059,0.8170401021989115
1999,1579,0.9405635762254914,false,1999,1579,0.9405635762254914
1999,57477,0.7007082627273876,false,1999,57477,0.7007082627273876
1999,80004,0.9478376195197293,false,1999,80004,0.9478376195197293
1999,121512,0.8438090001553966,false,1999,121512,0.8438090001553966
1999,120892,0.8197395820682994,false,1999,120892,0.8197395820682994
1999,3993,0.7469622834350619,false,1999,3993,0.7469622834350619
1999,389852,0.7791146439331116,false,1999,389852,0.7791146439331116
1999,342892,0.7080192190286535,false,1999,342892,0.7080192190286535
1999,164312,0.7788494735365272,false,1999,164312,0.7788494735365272
1999,84239,0.8762699782269238,false,1999,84239,0.8762699782269238
1999,353189,0.7527339996065832,false,1999,353189,0.7527339996065832
1999,2065,0.8938418387285854,false,1999,2065,0.8938418387285854
1999,1513,0.8000089208259403,false,1999,1513,0.8000089208259403
1999,84851,0.8660698229009695,false,1999,84851,0.8660698229009695
1999,780,0.8329919498017168,false,1999,780,0.8329919498017168
1999,135656,0.7411492597012076,false,1999,135656,0.7411492597012076
1999,3880,0.9516888522553562,false,1999,3880,0.9516888522553562
1999,94059,0.7773224452951876,false,1999,94059,0.7773224452951876
1999,26769,0.908891957579759,false,1999,26769,0.908891957579759
1999,3960,0.7390591704584965,false,1999,3960,0.7390591704584965
1999,100129460,0.972653077354268,false,1999,100129460,0.972653077354268
1999,4069,0.7492595627283847,false,1999,4069,0.7492595627283847
1999,1080,0.7823557633964137,false,1999,1080,0.7823557633964137
1999,1286,0.8496413132435962,false,1999,1286,0.8496413132435962
1999,692213,0.7749864418006839,false,1999,692213,0.7749864418006839
1999,153643,0.9308175938248182,false,1999,153643,0.9308175938248182
1999,144535,0.7963664842171021,false,1999,144535,0.7963664842171021
1999,112268422,0.7267246139650602,false,1999,112268422,0.7267246139650602
1999,649946,0.8253403617241589,false,1999,649946,0.8253403617241589
1999,259294,0.7133025793207878,false,1999,259294,0.7133025793207878
1999,79740,0.8242074144027176,false,1999,79740,0.8242074144027176
1999,2266,0.7469805836768731,false,1999,2266,0.7469805836768731
1999,745,0.7762521919931088,false,1999,745,0.7762521919931088
2160,28824,0.7772700054839876,false,2160,28824,0.7772700054839876
2160,246,0.8496876357507761,false,2160,246,0.8496876357507761
2160,80122,0.928397885101322,false,2160,80122,0.928397885101322
2160,158798,0.8971400440700638,false,2160,158798,0.8971400440700638
2160,9173,0.8241268342044464,false,2160,9173,0.8241268342044464
2160,93035,0.9056799194475792,false,2160,93035,0.9056799194475792
2160,4629,0.8501222928942318,false,2160,4629,0.8501222928942318
2160,1528,0.788893015634852,false,2160,1528,0.788893015634852
2160,284340,0.8828619931668457,false,2160,284340,0.8828619931668457
2160,92304,0.8332545839565941,false,2160,92304,0.8332545839565941
2160,222389,0.982193213859279,false,2160,222389,0.982193213859279
2160,138428,0.7248644200084496,false,2160,138428,0.7248644200084496
2160,6523,0.7480606039777669,false,2160,6523,0.7480606039777669
2160,155465,0.8061753967601264,false,2160,155465,0.8061753967601264
2160,345895,0.8035137471945907,false,2160,345895,0.8035137471945907
2160,58524,0.8327405076307862,false,2160,58524,0.8327405076307862
2160,399949,0.7578591048857432,false,2160,399949,0.7578591048857432
2160,5265,0.8333304470202539,false,2160,5265,0.8333304470202539
2160,4318,0.8278908159045493,false,2160,4318,0.8278908159045493
2160,105377033,0.7918298705509479,false,2160,105377033,0.7918298705509479
2160,10568,0.9115168656039352,false,2160,10568,0.9115168656039352
2160,33,0.9380471073786216,false,2160,33,0.9380471073786216
2160,1770,0.7526797743448757,false,2160,1770,0.7526797743448757
2160,10917,0.9824060851174891,false,2160,10917,0.9824060851174891
2160,11254,0.8814387115257966,false,2160,11254,0.8814387115257966
2160,57530,0.7618172327465544,false,2160,57530,0.7618172327465544
2160,60494,0.775158063973078,false,2160,60494,0.775158063973078
2160,722,0.9075852411580433,false,2160,722,0.9075852411580433
2160,730,0.8416254927384715,false,2160,730,0.8416254927384715
2160,85452,0.9327315389806561,false,2160,85452,0.9327315389806561
2160,146177,0.9008118911403007,false,2160,146177,0.9008118911403007
2160,100129940,0.8607671207452461,false,2160,100129940,0.8607671207452461
2160,1906,0.960415122927214,false,2160,1906,0.960415122927214
2160,3240,0.9579308627432533,false,2160,3240,0.9579308627432533
2160,7033,0.8008728385873476,false,2160,7033,0.8008728385873476
2160,221395,0.9002883548564067,false,2160,221395,0.9002883548564067
2160,718,0.8760363440352961,false,2160,718,0.8760363440352961
2160,64073,0.778320047050175,false,2160,64073,0.778320047050175
2160,6441,0.795925909818808,false,2160,6441,0.795925909818808
2160,4070,0.7951977665585083,false,2160,4070,0.7951977665585083
2160,56892,0.9308350737478781,false,2160,56892,0.9308350737478781
2160,653082,0.7187845824093184,false,2160,653082,0.7187845824093184
2160,2277,0.747208732749612,false,2160,2277,0.747208732749612
2160,8091,0.9250964477322626,false,2160,8091,0.9250964477322626
2160,160728,0.8166499491802868,false,2160,160728,0.8166499491802868
2160,7356,0.8202850066657696,false,2160,7356,0.8202850066657696
2160,109729127,0.7849302621598132,false,2160,109729127,0.7849302621598132
2160,400578,0.7537917058166824,false,2160,400578,0.7537917058166824
2160,94025,0.7674578246590467,false,2160,94025,0.7674578246590467
2160,109729184,0.872408138198532,false,2160,109729184,0.872408138198532
2160,79148,0.7889641754614994,false,2160,79148,0.7889641754614994
2160,728276,0.7899809486640639,false,2160,728276,0.7899809486640639
2160,101927516,0.9055526912287986,false,2160,101927516,0.9055526912287986
2160,102723635,0.7662241881231001,false,2160,102723635,0.7662241881231001
2160,5545,0.7475576879479774,false,2160,5545,0.7475576879479774
2160,727897,0.7317627769766438,false,2160,727897,0.7317627769766438
2160,54848,0.959499778277837,false,2160,54848,0.959499778277837
2160,117156,0.8530995815390026,false,2160,117156,0.8530995815390026
2160,195814,0.8785184204960633,false,2160,195814,0.8785184204960633
2160,140766,0.9094797061374956,false,2160,140766,0.9094797061374956
2160,105,0.8127166062219101,false,2160,105,0.8127166062219101
2160,9411,0.7622725289617313,false,2160,9411,0.7622725289617313
2160,57477,0.8291005634588716,false,2160,57477,0.8291005634588716
2160,6097,0.8404225761603056,false,2160,6097,0.8404225761603056
2160,120892,0.7324990944398269,false,2160,120892,0.7324990944398269
2160,4057,0.7923645786324456,false,2160,4057,0.7923645786324456
2160,220136,0.7289201729601028,false,2160,220136,0.7289201729601028
2160,112577518,0.750616591965828,false,2160,112577518,0.750616591965828
2160,9370,0.7572632280767255,false,2160,9370,0.7572632280767255
2160,693188,0.9510948025127804,false,2160,693188,0.9510948025127804
2160,389376,0.7629290434282499,false,2160,389376,0.7629290434282499
2160,6799,0.8507569290374383,false,2160,6799,0.8507569290374383
2160,563,0.7561113877168175,false,2160,563,0.7561113877168175
2160,10203,0.8381324839965344,false,2160,10203,0.8381324839965344
2160,1080,0.78267367301545,false,2160,1080,0.78267367301545
2160,123872,0.9322507853342972,false,2160,123872,0.9322507853342972
2160,105373265,0.7285789723929381,false,2160,105373265,0.7285789723929381
2160,105372793,0.8656422423062382,false,2160,105372793,0.8656422423062382
2160,653509,0.7003667975500668,false,2160,653509,0.7003667975500668
2160,100874095,0.7572632280767255,false,2160,100874095,0.7572632280767255
2160,729238,0.7386641114727588,false,2160,729238,0.7386641114727588
2160,26298,0.735211392680586,false,2160,26298,0.735211392680586
2160,100033436,0.7477719741255947,false,2160,100033436,0.7477719741255947
724026,1285,0.8539060176377825,false,724026,1285,0.8539060176377825
724026,55507,0.9718054265681042,false,724026,55507,0.9718054265681042
724026,6262,0.9281606701055825,false,724026,6262,0.9281606701055825
724026,284266,0.916561205694787,false,724026,284266,0.916561205694787
724026,375612,0.8257854217681232,false,724026,375612,0.8257854217681232
724026,730,0.8316975750085105,false,724026,730,0.8316975750085105
724026,728226,0.7086461688354828,false,724026,728226,0.7086461688354828
724026,22943,0.8678923725804286,false,724026,22943,0.8678923725804286
724026,2696,0.91056822160848,false,724026,2696,0.91056822160848
724026,54084,0.8774202452142449,false,724026,54084,0.8774202452142449
724026,100129940,0.7989273597791184,false,724026,100129940,0.7989273597791184
724026,339983,1.0,false,724026,339983,1.0
724026,2324,0.7952987808966203,false,724026,2324,0.7952987808966203
724026,6969,0.9865598550312595,false,724026,6969,0.9865598550312595
724026,7473,0.9628539212787953,false,724026,7473,0.9628539212787953
724026,6332,0.8812820915510429,false,724026,6332,0.8812820915510429
724026,9223,0.9263748061091515,false,724026,9223,0.9263748061091515
724026,1180,0.7913712166830901,false,724026,1180,0.7913712166830901
724026,653082,0.9163033964291919,false,724026,653082,0.9163033964291919
724026,2277,0.7657377268992344,false,724026,2277,0.7657377268992344
724026,825,0.7269305492086531,false,724026,825,0.7269305492086531
724026,114327,0.7349706772650253,false,724026,114327,0.7349706772650253
724026,79148,0.8233646667921193,false,724026,79148,0.8233646667921193
724026,6532,0.9152882082928723,false,724026,6532,0.9152882082928723
724026,100996506,0.9408704759110529,false,724026,100996506,0.9408704759110529
724026,100505495,0.8860466935293161,false,724026,100505495,0.8860466935293161
724026,57524,0.7468662752132053,false,724026,57524,0.7468662752132053
724026,256076,0.9118071757758448,false,724026,256076,0.9118071757758448
724026,9411,0.8484731430670716,false,724026,9411,0.8484731430670716
724026,9771,0.7874933864774188,false,724026,9771,0.7874933864774188
724026,100820829,0.92678340166254,false,724026,100820829,0.92678340166254
724026,7546,0.7087517361290363,false,724026,7546,0.7087517361290363
724026,10203,0.7264803218589356,false,724026,10203,0.7264803218589356
724026,105373265,0.8027019261534408,false,724026,105373265,0.8027019261534408
724026,9211,0.9999999999999998,false,724026,9211,0.9999999999999998
724026,440590,0.7054858037579173,false,724026,440590,0.7054858037579173
724026,84765,0.7130021294404385,false,724026,84765,0.7130021294404385
724026,55282,0.759142209380995,false,724026,55282,0.759142209380995
361,1768,0.8896975316929655,false,361,1768,0.8896975316929655
361,107984125,0.8433986254811101,false,361,107984125,0.8433986254811101
361,149465,0.7104329400628455,false,361,149465,0.7104329400628455
361,127733,0.7868312622720085,false,361,127733,0.7868312622720085
361,93035,0.7441802959885879,false,361,93035,0.7441802959885879
361,284340,0.7087765768386097,false,361,284340,0.7087765768386097
361,92304,0.8462305653841755,false,361,92304,0.8462305653841755
361,6928,0.7185243334946335,false,361,6928,0.7185243334946335
361,138428,0.8039429219568757,false,361,138428,0.8039429219568757
361,3249,0.8164594272903328,false,361,3249,0.8164594272903328
361,6440,0.9615730939820832,false,361,6440,0.9615730939820832
361,1636,0.7873079049958022,false,361,1636,0.7873079049958022
361,105375355,0.8555962667085806,false,361,105375355,0.8555962667085806
361,1770,0.7944138998624408,false,361,1770,0.7944138998624408
361,103504738,0.776522854707201,false,361,103504738,0.776522854707201
361,1580,0.832133693616549,false,361,1580,0.832133693616549
361,177,0.9278676567718133,false,361,177,0.9278676567718133
361,9914,0.8349973214642671,false,361,9914,0.8349973214642671
361,56241,0.821577007469355,false,361,56241,0.821577007469355
361,57530,0.8512227455487331,false,361,57530,0.8512227455487331
361,2327,0.7552014934589971,false,361,2327,0.7552014934589971
361,146556,0.7344334534676952,false,361,146556,0.7344334534676952
361,7080,0.8970770416412779,false,361,7080,0.8970770416412779
361,6439,0.9744708901995472,false,361,6439,0.9744708901995472
361,146177,0.810569417426075,false,361,146177,0.810569417426075
361,388555,0.7435354739123488,false,361,388555,0.7435354739123488
361,128602,0.7559102662793669,false,361,128602,0.7559102662793669
361,2595,0.7203587289498101,false,361,2595,0.7203587289498101
361,363,0.7435354739123489,false,361,363,0.7435354739123489
361,253970,0.7219435627520108,false,361,253970,0.7219435627520108
361,6441,0.8213124084611998,false,361,6441,0.8213124084611998
361,4070,0.7110233136571954,false,361,4070,0.7110233136571954
361,419,0.7435354739123486,false,361,419,0.7435354739123486
361,93517,0.764756894803861,false,361,93517,0.764756894803861
361,388633,0.7238245291968866,false,361,388633,0.7238245291968866
361,102723635,0.712428132925793,false,361,102723635,0.712428132925793
361,11185,0.9680432027860215,false,361,11185,0.9680432027860215
361,10586,0.8738848335214194,false,361,10586,0.8738848335214194
361,2125,0.9012605828918433,false,361,2125,0.9012605828918433
361,9476,0.9049050218393242,false,361,9476,0.9049050218393242
361,117156,0.7217260151058652,false,361,117156,0.7217260151058652
361,6097,0.8512148906917388,false,361,6097,0.8512148906917388
361,5349,0.7633209352693262,false,361,5349,0.7633209352693262
361,123624,0.8301817975573438,false,361,123624,0.8301817975573438
361,389376,0.7732182259998368,false,361,389376,0.7732182259998368
361,84525,0.8075713037582526,false,361,84525,0.8075713037582526
361,21,0.9524442096606363,false,361,21,0.9524442096606363
361,123872,0.7055096277121528,false,361,123872,0.7055096277121528
361,284434,0.7855433140417172,false,361,284434,0.7855433140417172
361,9052,0.9577735567129574,false,361,9052,0.9577735567129574
361,79784,0.8027946809368738,false,361,79784,0.8027946809368738
361,653509,0.9207113183088248,false,361,653509,0.9207113183088248
361,100423031,0.7435354739123489,false,361,100423031,0.7435354739123489
361,729238,0.8563069715731895,false,361,729238,0.8563069715731895
361,79098,0.9410516890432364,false,361,79098,0.9410516890432364
361,3855,0.9043236721651924,false,361,3855,0.9043236721651924
51208,218,0.9906143927774481,false,51208,218,0.9906143927774481
51208,3909,0.9792384257065606,false,51208,3909,0.9792384257065606
51208,92086,0.9676463091214738,false,51208,92086,0.9676463091214738
51208,541473,0.936119657646297,false,51208,541473,0.936119657646297
51208,11148,0.756485443538748,false,51208,11148,0.756485443538748
51208,4233,0.8481084142490025,false,51208,4233,0.8481084142490025
51208,9365,0.9717841354307811,false,51208,9365,0.9717841354307811
51208,51554,0.9610082242614145,false,51208,51554,0.9610082242614145
51208,55329,0.9620787538932051,false,51208,55329,0.9620787538932051
51208,116228,0.926999365659162,false,51208,116228,0.926999365659162
51208,79977,0.8925908530162198,false,51208,79977,0.8925908530162198
51208,9208,0.8170329505150953,false,51208,9208,0.8170329505150953
51208,112268252,0.9848823942953726,false,51208,112268252,0.9848823942953726
51208,277,0.9457774872327945,false,51208,277,0.9457774872327945
51208,80736,0.9874349622132224,false,51208,80736,0.9874349622132224
51208,163131,0.8932538892872552,false,51208,163131,0.8932538892872552
51208,25901,0.9610552535166483,false,51208,25901,0.9610552535166483
51208,100302170,0.9751948932542072,false,51208,100302170,0.9751948932542072
51208,51365,0.9687490585523201,false,51208,51365,0.9687490585523201
51208,7225,0.9430219939910314,false,51208,7225,0.9430219939910314
51208,4128,0.7927769557927122,false,51208,4128,0.7927769557927122
51208,27134,0.9958074285102763,false,51208,27134,0.9958074285102763
51208,654412,0.9835852027777368,false,51208,654412,0.9835852027777368
51208,55892,0.8639902098772733,false,51208,55892,0.8639902098772733
51208,8999,0.9354995866365914,false,51208,8999,0.9354995866365914
51208,306,0.9085540395436685,false,51208,306,0.9085540395436685
51208,157310,0.8913756385210323,false,51208,157310,0.8913756385210323
51208,5340,0.9766736455308063,false,51208,5340,0.9766736455308063
51208,4582,0.9880089365502299,false,51208,4582,0.9880089365502299
51208,3248,0.9599939019811142,false,51208,3248,0.9599939019811142
51208,255189,0.9970753594643338,false,51208,255189,0.9970753594643338
51208,641384,0.970763936889683,false,51208,641384,0.970763936889683
51208,100130449,0.9767177042074509,false,51208,100130449,0.9767177042074509
51208,10103,0.979817245032811,false,51208,10103,0.979817245032811
51208,3856,0.9121348307388795,false,51208,3856,0.9121348307388795
51208,1048,0.9757714641325121,false,51208,1048,0.9757714641325121
51208,100419743,0.9755126344636936,false,51208,100419743,0.9755126344636936
51208,79838,0.9137175572876814,false,51208,79838,0.9137175572876814
51208,3983,0.9745726256441783,false,51208,3983,0.9745726256441783
51208,3694,0.944933678272481,false,51208,3694,0.944933678272481
51208,22941,0.9677144645790872,false,51208,22941,0.9677144645790872
51208,285989,0.9651555731308564,false,51208,285989,0.9651555731308564
51208,2627,0.9748903709580727,false,51208,2627,0.9748903709580727
51208,503640,0.9691166422508111,false,51208,503640,0.9691166422508111
51208,259290,0.9304349030417466,false,51208,259290,0.9304349030417466
51208,1555,0.980721956383588,false,51208,1555,0.980721956383588
51208,57528,0.9744917147616625,false,51208,57528,0.9744917147616625
51208,201456,0.980077723572926,false,51208,201456,0.980077723572926
51208,142827,0.9766258214943065,false,51208,142827,0.9766258214943065
51208,57186,0.8917354716356903,false,51208,57186,0.8917354716356903
51208,6751,0.9690309847491264,false,51208,6751,0.9690309847491264
51208,79908,0.8060357128155556,false,51208,79908,0.8060357128155556
51208,102723508,0.9218653298261101,false,51208,102723508,0.9218653298261101
51208,28984,0.8121123830456327,false,51208,28984,0.8121123830456327
51208,130367,0.8608200660268359,false,51208,130367,0.8608200660268359
51208,285335,0.7631647731547344,false,51208,285335,0.7631647731547344
51208,9356,0.9610438802104155,false,51208,9356,0.9610438802104155
51208,1910,0.7811296293297477,false,51208,1910,0.7811296293297477
51208,641776,0.9709047096567569,false,51208,641776,0.9709047096567569
51208,100506658,0.962830373533781,false,51208,100506658,0.962830373533781
51208,200373,0.7150062707390651,false,51208,200373,0.7150062707390651
51208,341676,0.96880294199019,false,51208,341676,0.96880294199019
51208,148213,0.9802568445451976,false,51208,148213,0.9802568445451976
51208,10595,0.9432936571060492,false,51208,10595,0.9432936571060492
51208,4583,0.9248680732176523,false,51208,4583,0.9248680732176523
51208,728643,0.9163037921753716,false,51208,728643,0.9163037921753716
51208,55567,0.9756542979781708,false,51208,55567,0.9756542979781708
51208,54997,0.9763557770958754,false,51208,54997,0.9763557770958754
51208,79848,0.9210610201803262,false,51208,79848,0.9210610201803262
51208,219790,0.7308895396403204,false,51208,219790,0.7308895396403204
51208,115677,0.8266390184493538,false,51208,115677,0.8266390184493538
51208,5961,0.9558870916015356,false,51208,5961,0.9558870916015356
51208,7851,0.9833674611272981,false,51208,7851,0.9833674611272981
51208,692072,0.9581934232777289,false,51208,692072,0.9581934232777289
51208,109136579,0.9375981639627413,false,51208,109136579,0.9375981639627413
51208,503645,0.8900428863851739,false,51208,503645,0.8900428863851739
51208,55808,0.9866993068985354,false,51208,55808,0.9866993068985354
51208,999,0.9608028068732856,false,51208,999,0.9608028068732856
51208,126353,0.9884911129409506,false,51208,126353,0.9884911129409506
51208,26226,0.9442237584049948,false,51208,26226,0.9442237584049948
51208,64332,0.8659028573439274,false,51208,64332,0.8659028573439274
51208,346007,0.7786911883360654,false,51208,346007,0.7786911883360654
51208,388743,0.9805659972136692,false,51208,388743,0.9805659972136692
51208,116984,0.7189529534683897,false,51208,116984,0.7189529534683897
51208,137872,0.9431013387884667,false,51208,137872,0.9431013387884667
51208,1577,0.9633365155403174,false,51208,1577,0.9633365155403174
51208,100033430,0.9493101116954713,false,51208,100033430,0.9493101116954713
51208,340267,0.9816654874127119,false,51208,340267,0.9816654874127119
51208,200879,0.9783903831521839,false,51208,200879,0.9783903831521839
51208,1510,0.9881771742734895,false,51208,1510,0.9881771742734895
51208,441251,0.907054895660802,false,51208,441251,0.907054895660802
51208,102723849,0.9684783377962213,false,51208,102723849,0.9684783377962213
51208,9196,0.7260839237675222,false,51208,9196,0.7260839237675222
51208,6337,0.9481378598439565,false,51208,6337,0.9481378598439565
51208,57669,0.934703453192089,false,51208,57669,0.934703453192089
51208,619383,0.9466235666458219,false,51208,619383,0.9466235666458219
51208,89765,0.8718899236597267,false,51208,89765,0.8718899236597267
51208,57111,0.9857968226820399,false,51208,57111,0.9857968226820399
51208,278,0.8462333338204279,false,51208,278,0.8462333338204279
51208,116844,0.9714826246314571,false,51208,116844,0.9714826246314571
51208,10129,0.9611861729945218,false,51208,10129,0.9611861729945218
51208,4586,0.9761939216795201,false,51208,4586,0.9761939216795201
51208,100158262,0.9236049804991263,false,51208,100158262,0.9236049804991263
51208,10551,0.9795023821434017,false,51208,10551,0.9795023821434017
51208,688,0.7073138003723085,false,51208,688,0.7073138003723085
51208,6101,0.7151935347880192,false,51208,6101,0.7151935347880192
51208,378938,0.93773413110565,false,51208,378938,0.93773413110565
51208,54897,0.9163107218361087,false,51208,54897,0.9163107218361087
51208,117155,0.9745892998901542,false,51208,117155,0.9745892998901542
51208,112268155,0.96626895222493,false,51208,112268155,0.96626895222493
51208,1152,0.9474069936808045,false,51208,1152,0.9474069936808045
51208,79083,0.9764392343218875,false,51208,79083,0.9764392343218875
51208,66002,0.9844760999613013,false,51208,66002,0.9844760999613013
51208,1556,0.9916731728217273,false,51208,1556,0.9916731728217273
51208,22996,0.9969742152074869,false,51208,22996,0.9969742152074869
51208,55930,0.9961387415869473,false,51208,55930,0.9961387415869473
51208,7620,0.7828658303931435,false,51208,7620,0.7828658303931435
51208,7113,0.9823378239064002,false,51208,7113,0.9823378239064002
51208,54861,0.9249375873944934,false,51208,54861,0.9249375873944934
51208,222256,0.9154779128067498,false,51208,222256,0.9154779128067498
51208,105180391,0.9642192733049462,false,51208,105180391,0.9642192733049462
51208,26084,0.7518464889740366,false,51208,26084,0.7518464889740366
51208,100529240,0.9737229471489302,false,51208,100529240,0.9737229471489302
51208,113218482,0.9812447701666243,false,51208,113218482,0.9812447701666243
51208,647024,0.9692249423633101,false,51208,647024,0.9692249423633101
51208,255928,0.9679496911071065,false,51208,255928,0.9679496911071065
51208,151531,0.9537004771835967,false,51208,151531,0.9537004771835967
51208,8537,0.9114672044973172,false,51208,8537,0.9114672044973172
51208,10018,0.9760043964149351,false,51208,10018,0.9760043964149351
51208,115019,0.9830425955623098,false,51208,115019,0.9830425955623098
51208,201625,0.8509525906753699,false,51208,201625,0.8509525906753699
51208,105180390,0.9679272213202158,false,51208,105180390,0.9679272213202158
51208,692058,0.9577685308398164,false,51208,692058,0.9577685308398164
51208,276,0.7902110565474824,false,51208,276,0.7902110565474824
51208,168374,0.9450447194611188,false,51208,168374,0.9450447194611188
51208,83481,0.9801308112600394,false,51208,83481,0.9801308112600394
51208,645843,0.9574442979181966,false,51208,645843,0.9574442979181966
51208,143884,0.8953289527803936,false,51208,143884,0.8953289527803936
51208,80004,0.9299371677560737,false,51208,80004,0.9299371677560737
51208,121512,0.9511424816983053,false,51208,121512,0.9511424816983053
51208,3993,0.9952558234765323,false,51208,3993,0.9952558234765323
51208,389852,0.9778846263333045,false,51208,389852,0.9778846263333045
51208,342892,0.9398606941023782,false,51208,342892,0.9398606941023782
51208,164312,0.999031239919982,false,51208,164312,0.999031239919982
51208,84239,0.9617703948042021,false,51208,84239,0.9617703948042021
51208,2065,0.9749578649660385,false,51208,2065,0.9749578649660385
51208,57402,0.9510987230106186,false,51208,57402,0.9510987230106186
51208,776,0.7969179005987524,false,51208,776,0.7969179005987524
51208,780,0.9536549936309372,false,51208,780,0.9536549936309372
51208,135656,0.975756094651566,false,51208,135656,0.975756094651566
51208,3880,0.9112284282992096,false,51208,3880,0.9112284282992096
51208,94059,0.9766289065910768,false,51208,94059,0.9766289065910768
51208,26769,0.9202967987777123,false,51208,26769,0.9202967987777123
51208,3960,0.9766374255539505,false,51208,3960,0.9766374255539505
51208,7433,0.9180097452892847,false,51208,7433,0.9180097452892847
51208,284323,0.9579471071944357,false,51208,284323,0.9579471071944357
51208,100129460,0.7998906448351014,false,51208,100129460,0.7998906448351014
51208,65217,0.8262520290458686,false,51208,65217,0.8262520290458686
51208,23584,0.9778982874117784,false,51208,23584,0.9778982874117784
51208,692213,0.9847465431863835,false,51208,692213,0.9847465431863835
51208,153643,0.9463932485760983,false,51208,153643,0.9463932485760983
51208,112268422,0.9713366893330635,false,51208,112268422,0.9713366893330635
51208,259294,0.9622343583675048,false,51208,259294,0.9622343583675048
51208,79740,0.9692744841652102,false,51208,79740,0.9692744841652102
51208,2266,0.9670047592313024,false,51208,2266,0.9670047592313024
51208,745,0.9930988863779582,false,51208,745,0.9930988863779582
51208,440352,0.9684967225919882,false,51208,440352,0.9684967225919882
218,3909,0.9769924233124474,false,218,3909,0.9769924233124474
218,92086,0.9520748288660775,false,218,92086,0.9520748288660775
218,541473,0.9332311151953616,false,218,541473,0.9332311151953616
218,11148,0.7611642885411899,false,218,11148,0.7611642885411899
218,4233,0.8798741262460394,false,218,4233,0.8798741262460394
218,9365,0.9839715850918686,false,218,9365,0.9839715850918686
218,51554,0.9785344384046691,false,218,51554,0.9785344384046691
218,55329,0.9779216085620003,false,218,55329,0.9779216085620003
218,116228,0.9658306321037164,false,218,116228,0.9658306321037164
218,79977,0.8968993917736369,false,218,79977,0.8968993917736369
218,9208,0.8473483583005181,false,218,9208,0.8473483583005181
218,112268252,0.9730166712071546,false,218,112268252,0.9730166712071546
218,277,0.9662742139409247,false,218,277,0.9662742139409247
218,80736,0.9630917174706004,false,218,80736,0.9630917174706004
218,163131,0.8975210783858152,false,218,163131,0.8975210783858152
218,25901,0.9791424032168687,false,218,25901,0.9791424032168687
218,100302170,0.9890114389753255,false,218,100302170,0.9890114389753255
218,51365,0.9816277162628361,false,218,51365,0.9816277162628361
218,7225,0.938176833864785,false,218,7225,0.938176833864785
218,4128,0.7812792998063278,false,218,4128,0.7812792998063278
218,27134,0.997592799576398,false,218,27134,0.997592799576398
218,654412,0.9953670992400488,false,218,654412,0.9953670992400488
218,55892,0.8868378648252263,false,218,55892,0.8868378648252263
218,8999,0.9016626986647309,false,218,8999,0.9016626986647309
218,306,0.8579900619399083,false,218,306,0.8579900619399083
218,157310,0.8582020465246338,false,218,157310,0.8582020465246338
218,5340,0.9814375539340918,false,218,5340,0.9814375539340918
218,4582,0.9977196269337018,false,218,4582,0.9977196269337018
218,3248,0.9561947815014306,false,218,3248,0.9561947815014306
218,255189,0.9864788283424637,false,218,255189,0.9864788283424637
218,641384,0.9857364848756923,false,218,641384,0.9857364848756923
218,100130449,0.9942890862338086,false,218,100130449,0.9942890862338086
218,10103,0.9941545831494931,false,218,10103,0.9941545831494931
218,3856,0.925551980422708,false,218,3856,0.925551980422708
218,1048,0.9882312071814049,false,218,1048,0.9882312071814049
218,100419743,0.988099402061059,false,218,100419743,0.988099402061059
218,79838,0.919703860903584,false,218,79838,0.919703860903584
218,3983,0.9824762887695767,false,218,3983,0.9824762887695767
218,3694,0.9305869814758698,false,218,3694,0.9305869814758698
218,22941,0.9268338472467085,false,218,22941,0.9268338472467085
218,285989,0.9802070723567406,false,218,285989,0.9802070723567406
218,2627,0.9696712555704474,false,218,2627,0.9696712555704474
218,503640,0.9805250360892501,false,218,503640,0.9805250360892501
218,259290,0.9421671579163439,false,218,259290,0.9421671579163439
218,1555,0.9936724823661296,false,218,1555,0.9936724823661296
218,57528,0.9851267541537775,false,218,57528,0.9851267541537775
218,201456,0.9822082070378764,false,218,201456,0.9822082070378764
218,142827,0.9639694943379361,false,218,142827,0.9639694943379361
218,57186,0.8768775822050732,false,218,57186,0.8768775822050732
218,6751,0.9716301516453283,false,218,6751,0.9716301516453283
218,79908,0.7398552967078553,false,218,79908,0.7398552967078553
218,102723508,0.942172195736849,false,218,102723508,0.942172195736849
218,28984,0.8291392220504064,false,218,28984,0.8291392220504064
218,130367,0.8854117027004571,false,218,130367,0.8854117027004571
218,285335,0.7984916539858261,false,218,285335,0.7984916539858261
218,9356,0.9584683263020803,false,218,9356,0.9584683263020803
218,1910,0.7680920270145168,false,218,1910,0.7680920270145168
218,641776,0.9779461640650262,false,218,641776,0.9779461640650262
218,100506658,0.921640441100888,false,218,100506658,0.921640441100888
218,200373,0.7124291513712181,false,218,200373,0.7124291513712181
218,341676,0.9858023402982239,false,218,341676,0.9858023402982239
218,148213,0.9934561026703129,false,218,148213,0.9934561026703129
218,10595,0.9681851457658959,false,218,10595,0.9681851457658959
218,4583,0.952975903249214,false,218,4583,0.952975903249214
218,728643,0.8950327550651423,false,218,728643,0.8950327550651423
218,55567,0.9832376943834379,false,218,55567,0.9832376943834379
218,54997,0.9822725211137034,false,218,54997,0.9822725211137034
218,79848,0.9355201854414812,false,218,79848,0.9355201854414812
218,115677,0.8004455437956681,false,218,115677,0.8004455437956681
218,5961,0.9659222914093978,false,218,5961,0.9659222914093978
218,7851,0.9944793467788303,false,218,7851,0.9944793467788303
218,692072,0.9817844854184633,false,218,692072,0.9817844854184633
218,109136579,0.9615143334994416,false,218,109136579,0.9615143334994416
218,503645,0.8982066044539416,false,218,503645,0.8982066044539416
218,55808,0.9945920553317614,false,218,55808,0.9945920553317614
218,999,0.97459798049953,false,218,999,0.97459798049953
218,126353,0.9980577315320646,false,218,126353,0.9980577315320646
218,26226,0.9612016147059859,false,218,26226,0.9612016147059859
218,64332,0.9067366268411889,false,218,64332,0.9067366268411889
218,346007,0.792382776945487,false,218,346007,0.792382776945487
218,388743,0.9921424639816896,false,218,388743,0.9921424639816896
218,137872,0.9635133983783257,false,218,137872,0.9635133983783257
218,1577,0.9846560038983591,false,218,1577,0.9846560038983591
218,100033430,0.9726087603225682,false,218,100033430,0.9726087603225682
218,340267,0.9959779252490518,false,218,340267,0.9959779252490518
218,200879,0.9883649476466739,false,218,200879,0.9883649476466739
218,1510,0.9985328022545383,false,218,1510,0.9985328022545383
218,441251,0.932507654588103,false,218,441251,0.932507654588103
218,102723849,0.9839315951519035,false,218,102723849,0.9839315951519035
218,9196,0.7197431500011637,false,218,9196,0.7197431500011637
218,6337,0.9127714902388261,false,218,6337,0.9127714902388261
218,5284,0.7051239244693422,false,218,5284,0.7051239244693422
218,57669,0.9127596273548497,false,218,57669,0.9127596273548497
218,619383,0.9701471616448318,false,218,619383,0.9701471616448318
218,89765,0.8712931718380853,false,218,89765,0.8712931718380853
218,57111,0.9967293628681693,false,218,57111,0.9967293628681693
218,278,0.8814673400059116,false,218,278,0.8814673400059116
218,116844,0.9906564131275564,false,218,116844,0.9906564131275564
218,10129,0.9791974018706766,false,218,10129,0.9791974018706766
218,4586,0.9891224874615855,false,218,4586,0.9891224874615855
218,100158262,0.9514515535477944,false,218,100158262,0.9514515535477944
218,10551,0.9926672123610986,false,218,10551,0.9926672123610986
218,688,0.7381735162136795,false,218,688,0.7381735162136795
218,378938,0.9615629069184747,false,218,378938,0.9615629069184747
218,54897,0.8744012244359609,false,218,54897,0.8744012244359609
218,117155,0.9799867154468864,false,218,117155,0.9799867154468864
218,112268155,0.9810289651093734,false,218,112268155,0.9810289651093734
218,1152,0.9489472557985676,false,218,1152,0.9489472557985676
218,79083,0.9848636172830738,false,218,79083,0.9848636172830738
218,66002,0.9915595643173271,false,218,66002,0.9915595643173271
218,1556,0.9904423088805046,false,218,1556,0.9904423088805046
218,22996,0.9977225542173723,false,218,22996,0.9977225542173723
218,55930,0.9959702548901987,false,218,55930,0.9959702548901987
218,7620,0.8185788609776176,false,218,7620,0.8185788609776176
218,7113,0.9931293907029074,false,218,7113,0.9931293907029074
218,54861,0.9239705759087097,false,218,54861,0.9239705759087097
218,222256,0.9421348062673954,false,218,222256,0.9421348062673954
218,105180391,0.9697425509712619,false,218,105180391,0.9697425509712619
218,100529240,0.986616664102125,false,218,100529240,0.986616664102125
218,113218482,0.9916322052568344,false,218,113218482,0.9916322052568344
218,647024,0.9816071358948586,false,218,647024,0.9816071358948586
218,255928,0.9814491424516586,false,218,255928,0.9814491424516586
218,151531,0.9719451754802884,false,218,151531,0.9719451754802884
218,8537,0.951850990414947,false,218,8537,0.951850990414947
218,10018,0.9913952190909613,false,218,10018,0.9913952190909613
218,115019,0.9928927176924266,false,218,115019,0.9928927176924266
218,201625,0.846554349177216,false,218,201625,0.846554349177216
218,105180390,0.9750092509842957,false,218,105180390,0.9750092509842957
218,692058,0.9839165979363319,false,218,692058,0.9839165979363319
218,276,0.8257527069407102,false,218,276,0.8257527069407102
218,168374,0.9688840135633277,false,218,168374,0.9688840135633277
218,83481,0.9878825685230852,false,218,83481,0.9878825685230852
218,645843,0.974494037358171,false,218,645843,0.974494037358171
218,143884,0.9207136455497072,false,218,143884,0.9207136455497072
218,80004,0.9350573703170317,false,218,80004,0.9350573703170317
218,121512,0.9492604105788784,false,218,121512,0.9492604105788784
218,3993,0.9767395417589076,false,218,3993,0.9767395417589076
218,389852,0.9918546007604694,false,218,389852,0.9918546007604694
218,342892,0.9464988602615853,false,218,342892,0.9464988602615853
218,164312,0.9919269004123248,false,218,164312,0.9919269004123248
218,84239,0.9534812411818845,false,218,84239,0.9534812411818845
218,2065,0.9819169754480473,false,218,2065,0.9819169754480473
218,57402,0.9024439628371312,false,218,57402,0.9024439628371312
218,1513,0.7026900193161811,false,218,1513,0.7026900193161811
218,776,0.7827824707649107,false,218,776,0.7827824707649107
218,780,0.9532532217396312,false,218,780,0.9532532217396312
218,135656,0.9882782663840205,false,218,135656,0.9882782663840205
218,3880,0.9043455714650902,false,218,3880,0.9043455714650902
218,94059,0.9877895903594576,false,218,94059,0.9877895903594576
218,26769,0.9554858961794073,false,218,26769,0.9554858961794073
218,3960,0.9885296364225801,false,218,3960,0.9885296364225801
218,7433,0.8678286860700741,false,218,7433,0.8678286860700741
218,284323,0.96842346642821,false,218,284323,0.96842346642821
218,100129460,0.8307899448733937,false,218,100129460,0.8307899448733937
218,65217,0.800723491175774,false,218,65217,0.800723491175774
218,23584,0.9669390895123001,false,218,23584,0.9669390895123001
218,692213,0.9966724818907521,false,218,692213,0.9966724818907521
218,153643,0.9672294229756075,false,218,153643,0.9672294229756075
218,112268422,0.9851693674821816,false,218,112268422,0.9851693674821816
218,649946,0.71309414182581,false,218,649946,0.71309414182581
218,259294,0.9758531138283082,false,218,259294,0.9758531138283082
218,79740,0.9409817967079567,false,218,79740,0.9409817967079567
218,2266,0.9744860746870634,false,218,2266,0.9744860746870634
218,745,0.9943848597814803,false,218,745,0.9943848597814803
218,440352,0.9382709554459601,false,218,440352,0.9382709554459601
28824,246,0.9628652960824824,false,28824,246,0.9628652960824824
28824,80122,0.9261711454624519,false,28824,80122,0.9261711454624519
28824,114569,0.7992974073592406,false,28824,114569,0.7992974073592406
28824,158798,0.9740734073593005,false,28824,158798,0.9740734073593005
28824,9173,0.9527041205926639,false,28824,9173,0.9527041205926639
28824,4883,0.7560756890339375,false,28824,4883,0.7560756890339375
28824,4629,0.8274361367930616,false,28824,4629,0.8274361367930616
28824,1528,0.7242382435923551,false,28824,1528,0.7242382435923551
28824,284340,0.8740830905185485,false,28824,284340,0.8740830905185485
28824,92304,0.7385406377266498,false,28824,92304,0.7385406377266498
28824,222389,0.869090969955644,false,28824,222389,0.869090969955644
28824,138428,0.7031455149279792,false,28824,138428,0.7031455149279792
28824,6523,0.985173445943249,false,28824,6523,0.985173445943249
28824,155465,0.9905494695759707,false,28824,155465,0.9905494695759707
28824,345895,0.7583264164769408,false,28824,345895,0.7583264164769408
28824,58524,0.9946104727370898,false,28824,58524,0.9946104727370898
28824,5225,0.8511217179916366,false,28824,5225,0.8511217179916366
28824,399949,0.9960821139829867,false,28824,399949,0.9960821139829867
28824,5265,0.9773301310366227,false,28824,5265,0.9773301310366227
28824,4318,0.8544767842328963,false,28824,4318,0.8544767842328963
28824,105377033,0.9757657915404294,false,28824,105377033,0.9757657915404294
28824,10568,0.8899026005084714,false,28824,10568,0.8899026005084714
28824,33,0.9034587638529267,false,28824,33,0.9034587638529267
28824,1770,0.8123746688839352,false,28824,1770,0.8123746688839352
28824,10917,0.8625442768503538,false,28824,10917,0.8625442768503538
28824,11254,0.9819113159866567,false,28824,11254,0.9819113159866567
28824,286207,0.8605647414311882,false,28824,286207,0.8605647414311882
28824,5555,0.8566268844563962,false,28824,5555,0.8566268844563962
28824,57530,0.7278061621702837,false,28824,57530,0.7278061621702837
28824,60494,0.830366563448586,false,28824,60494,0.830366563448586
28824,5544,0.9235097079147766,false,28824,5544,0.9235097079147766
28824,10579,0.81340657572593,false,28824,10579,0.81340657572593
28824,1906,0.7672714840846124,false,28824,1906,0.7672714840846124
28824,3240,0.9097706207185128,false,28824,3240,0.9097706207185128
28824,7033,0.9989397956371381,false,28824,7033,0.9989397956371381
28824,54842,0.7077258452382704,false,28824,54842,0.7077258452382704
28824,64073,0.9564244976892441,false,28824,64073,0.9564244976892441
28824,253970,0.7713348474458753,false,28824,253970,0.7713348474458753
28824,6441,0.7892685803594267,false,28824,6441,0.7892685803594267
28824,4070,0.8937667309729447,false,28824,4070,0.8937667309729447
28824,56892,0.8933929580288886,false,28824,56892,0.8933929580288886
28824,8091,0.9234222162778442,false,28824,8091,0.9234222162778442
28824,3875,0.8256388347352381,false,28824,3875,0.8256388347352381
28824,160728,0.8924773746656532,false,28824,160728,0.8924773746656532
28824,4680,0.8123759891128332,false,28824,4680,0.8123759891128332
28824,7356,0.9426209798296216,false,28824,7356,0.9426209798296216
28824,109729127,0.929291875016944,false,28824,109729127,0.929291875016944
28824,400578,0.999141122105488,false,28824,400578,0.999141122105488
28824,94025,0.9952924174370408,false,28824,94025,0.9952924174370408
28824,728276,0.9738671836302957,false,28824,728276,0.9738671836302957
28824,101927516,0.7660082116084316,false,28824,101927516,0.7660082116084316
28824,5545,0.9968069124701776,false,28824,5545,0.9968069124701776
28824,727897,0.9936494957135399,false,28824,727897,0.9936494957135399
28824,54848,0.8471332987812932,false,28824,54848,0.8471332987812932
28824,79632,0.790500535247088,false,28824,79632,0.790500535247088
28824,4585,0.8041875665652373,false,28824,4585,0.8041875665652373
28824,1767,0.9182612116898516,false,28824,1767,0.9182612116898516
28824,1604,0.8286375535040094,false,28824,1604,0.8286375535040094
28824,117156,0.8827123531882058,false,28824,117156,0.8827123531882058
28824,195814,0.9406781867560533,false,28824,195814,0.9406781867560533
28824,140766,0.792163549248271,false,28824,140766,0.792163549248271
28824,105,0.9972003583863122,false,28824,105,0.9972003583863122
28824,84059,0.7335570194554221,false,28824,84059,0.7335570194554221
28824,57477,0.7043679919357645,false,28824,57477,0.7043679919357645
28824,6097,0.7273673839805986,false,28824,6097,0.7273673839805986
28824,120892,0.807546700893039,false,28824,120892,0.807546700893039
28824,4057,0.9992245946573991,false,28824,4057,0.9992245946573991
28824,220136,0.966994773826425,false,28824,220136,0.966994773826425
28824,112577518,0.9980422512600399,false,28824,112577518,0.9980422512600399
28824,9370,0.9994548200842969,false,28824,9370,0.9994548200842969
28824,693188,0.8754496928882781,false,28824,693188,0.8754496928882781
28824,389376,0.8410959947939277,false,28824,389376,0.8410959947939277
28824,6799,0.9692127625488223,false,28824,6799,0.9692127625488223
28824,353189,0.9375968633129649,false,28824,353189,0.9375968633129649
28824,563,0.9987272599391828,false,28824,563,0.9987272599391828
28824,84851,0.8145226888063698,false,28824,84851,0.8145226888063698
28824,4069,0.9439128234095596,false,28824,4069,0.9439128234095596
28824,1080,0.7947521145069071,false,28824,1080,0.7947521145069071
28824,123872,0.8482683096912232,false,28824,123872,0.8482683096912232
28824,105372793,0.9760314593441384,false,28824,105372793,0.9760314593441384
28824,100874095,0.9994548200842969,false,28824,100874095,0.9994548200842969
28824,729238,0.7704730237193939,false,28824,729238,0.7704730237193939
28824,26298,0.9677885474605937,false,28824,26298,0.9677885474605937
28824,100033436,0.9836161255463799,false,28824,100033436,0.9836161255463799
4604,79188,0.8890981227808618,false,4604,79188,0.8890981227808618
4604,401492,0.9999949834402142,false,4604,401492,0.9999949834402142
4604,100996301,0.8492228233981735,false,4604,100996301,0.8492228233981735
4604,401089,0.9999499496595361,false,4604,401089,0.9999499496595361
4604,84700,0.7049594922449507,false,4604,84700,0.7049594922449507
4604,29895,0.9967352565630662,false,4604,29895,0.9967352565630662
4604,11081,0.9949764708738716,false,4604,11081,0.9949764708738716
4604,3481,0.9471382628300055,false,4604,3481,0.9471382628300055
4604,4062,0.9996203063314467,false,4604,4062,0.9996203063314467
4604,7125,0.9998564342631344,false,4604,7125,0.9998564342631344
4604,3229,0.9997463251577099,false,4604,3229,0.9997463251577099
4604,7060,0.9997764772834147,false,4604,7060,0.9997764772834147
4604,102723382,0.879011440600617,false,4604,102723382,0.879011440600617
4604,54112,0.9999499496595361,false,4604,54112,0.9999499496595361
4604,4892,0.9999190588879998,false,4604,4892,0.9999190588879998
4604,3207,0.8187300431865453,false,4604,3207,0.8187300431865453
4604,644649,0.7846499129457077,false,4604,644649,0.7846499129457077
4604,3929,0.9979575282806146,false,4604,3929,0.9979575282806146
4604,105369937,0.9999499496595358,false,4604,105369937,0.9999499496595358
4604,27022,0.8492228233981713,false,4604,27022,0.8492228233981713
4604,107984498,0.9995747302790177,false,4604,107984498,0.9995747302790177
4604,284111,0.9981218615939761,false,4604,284111,0.9981218615939761
4604,128674,0.9999499496595358,false,4604,128674,0.9999499496595358
4604,7780,0.9991290672840013,false,4604,7780,0.9991290672840013
4604,101928580,0.9581332244247884,false,4604,101928580,0.9581332244247884
4604,57110,0.9995603366361211,false,4604,57110,0.9995603366361211
4604,646480,0.9910056607417596,false,4604,646480,0.9910056607417596
4604,4606,0.9996576628331096,false,4604,4606,0.9996576628331096
1285,131873,0.8831544247888493,false,1285,131873,0.8831544247888493
1285,1768,0.7650705635374364,false,1285,1768,0.7650705635374364
1285,55507,0.893619174148183,false,1285,55507,0.893619174148183
1285,93035,0.8035564893766551,false,1285,93035,0.8035564893766551
1285,105374373,0.7009975780767113,false,1285,105374373,0.7009975780767113
1285,6262,0.9185435210059621,false,1285,6262,0.9185435210059621
1285,284266,0.8875315074826196,false,1285,284266,0.8875315074826196
1285,375612,0.8225631011958977,false,1285,375612,0.8225631011958977
1285,722,0.8342374677511578,false,1285,722,0.8342374677511578
1285,730,0.9595576164355737,false,1285,730,0.9595576164355737
1285,85452,0.7130227166837884,false,1285,85452,0.7130227166837884
1285,728226,0.8770028924955606,false,1285,728226,0.8770028924955606
1285,22943,0.8037551126019478,false,1285,22943,0.8037551126019478
1285,2696,0.9234640356655963,false,1285,2696,0.9234640356655963
1285,5787,0.8743429038236574,false,1285,5787,0.8743429038236574
1285,54084,0.8341564185689775,false,1285,54084,0.8341564185689775
1285,100129940,0.9512166757159322,false,1285,100129940,0.9512166757159322
1285,1906,0.7186753584361252,false,1285,1906,0.7186753584361252
1285,339983,0.8539060176377825,false,1285,339983,0.8539060176377825
1285,6969,0.8602036432172888,false,1285,6969,0.8602036432172888
1285,221395,0.8870579853277492,false,1285,221395,0.8870579853277492
1285,7473,0.8805831440879249,false,1285,7473,0.8805831440879249
1285,6332,0.9570464698179754,false,1285,6332,0.9570464698179754
1285,2595,0.7485146786593018,false,1285,2595,0.7485146786593018
1285,9223,0.9744226637764761,false,1285,9223,0.9744226637764761
1285,1180,0.7742218170186891,false,1285,1180,0.7742218170186891
1285,653082,0.8405868441156953,false,1285,653082,0.8405868441156953
1285,2277,0.970747100776881,false,1285,2277,0.970747100776881
1285,825,0.7034413923960486,false,1285,825,0.7034413923960486
1285,79148,0.7973044629412578,false,1285,79148,0.7973044629412578
1285,6532,0.8754599024654346,false,1285,6532,0.8754599024654346
1285,100996506,0.7900094053223846,false,1285,100996506,0.7900094053223846
1285,100505495,0.7450448683649052,false,1285,100505495,0.7450448683649052
1285,54,0.7641932754816301,false,1285,54,0.7641932754816301
1285,57524,0.7054373750011118,false,1285,57524,0.7054373750011118
1285,256076,0.9708465996353562,false,1285,256076,0.9708465996353562
1285,284680,0.7644092370234938,false,1285,284680,0.7644092370234938
1285,9411,0.7609177665246045,false,1285,9411,0.7609177665246045
1285,100820829,0.9600049335444952,false,1285,100820829,0.9600049335444952
1285,10203,0.8465554694919388,false,1285,10203,0.8465554694919388
1285,105373265,0.7818459774605518,false,1285,105373265,0.7818459774605518
1285,9211,0.8539060176377824,false,1285,9211,0.8539060176377824
1285,55282,0.7726303680862788,false,1285,55282,0.7726303680862788
3909,92086,0.98875400305526,false,3909,92086,0.98875400305526
3909,541473,0.9796189159573974,false,3909,541473,0.9796189159573974
3909,4233,0.8483688060054025,false,3909,4233,0.8483688060054025
3909,9365,0.9806519971703876,false,3909,9365,0.9806519971703876
3909,51554,0.9857177258431562,false,3909,51554,0.9857177258431562
3909,55329,0.985283993814056,false,3909,55329,0.985283993814056
3909,116228,0.9527544913734509,false,3909,116228,0.9527544913734509
3909,79977,0.8692419848920488,false,3909,79977,0.8692419848920488
3909,9208,0.8267889147293052,false,3909,9208,0.8267889147293052
3909,112268252,0.9321394717935634,false,3909,112268252,0.9321394717935634
3909,277,0.9358593219362545,false,3909,277,0.9358593219362545
3909,80736,0.9453407555222584,false,3909,80736,0.9453407555222584
3909,163131,0.9621136859452362,false,3909,163131,0.9621136859452362
3909,25901,0.9774951719924374,false,3909,25901,0.9774951719924374
3909,100302170,0.9858674937261552,false,3909,100302170,0.9858674937261552
3909,51365,0.9849078119274137,false,3909,51365,0.9849078119274137
3909,7225,0.9791439121905974,false,3909,7225,0.9791439121905974
3909,4128,0.8063900179874628,false,3909,4128,0.8063900179874628
3909,27134,0.9872970467348043,false,3909,27134,0.9872970467348043
3909,654412,0.9852219544890635,false,3909,654412,0.9852219544890635
3909,55892,0.9213388600129317,false,3909,55892,0.9213388600129317
3909,8999,0.9637226755667592,false,3909,8999,0.9637226755667592
3909,306,0.8652640497701992,false,3909,306,0.8652640497701992
3909,157310,0.8033355805300905,false,3909,157310,0.8033355805300905
3909,5340,0.9980948260364593,false,3909,5340,0.9980948260364593
3909,4582,0.986724928282861,false,3909,4582,0.986724928282861
3909,3248,0.9960071130393582,false,3909,3248,0.9960071130393582
3909,255189,0.9754977054341424,false,3909,255189,0.9754977054341424
3909,641384,0.984994561775953,false,3909,641384,0.984994561775953
3909,100130449,0.9777047041258533,false,3909,100130449,0.9777047041258533
3909,10103,0.9729991241791994,false,3909,10103,0.9729991241791994
3909,3856,0.8737486571710503,false,3909,3856,0.8737486571710503
3909,1048,0.9863516917612273,false,3909,1048,0.9863516917612273
3909,100419743,0.9861633448489493,false,3909,100419743,0.9861633448489493
3909,79838,0.8941418743760632,false,3909,79838,0.8941418743760632
3909,3983,0.9818076595688858,false,3909,3983,0.9818076595688858
3909,3694,0.9123436754257354,false,3909,3694,0.9123436754257354
3909,22941,0.9460186955336229,false,3909,22941,0.9460186955336229
3909,285989,0.9892349028274339,false,3909,285989,0.9892349028274339
3909,2627,0.9755701824475435,false,3909,2627,0.9755701824475435
3909,503640,0.9936741398503445,false,3909,503640,0.9936741398503445
3909,259290,0.9805944787187232,false,3909,259290,0.9805944787187232
3909,1555,0.9693454818103646,false,3909,1555,0.9693454818103646
3909,57528,0.9864996159829961,false,3909,57528,0.9864996159829961
3909,201456,0.9947845564641403,false,3909,201456,0.9947845564641403
3909,142827,0.9396251734655566,false,3909,142827,0.9396251734655566
3909,57186,0.9135147857247787,false,3909,57186,0.9135147857247787
3909,6751,0.9797226837546507,false,3909,6751,0.9797226837546507
3909,79908,0.8198804878418514,false,3909,79908,0.8198804878418514
3909,102723508,0.9677994513268829,false,3909,102723508,0.9677994513268829
3909,28984,0.8066554141725762,false,3909,28984,0.8066554141725762
3909,130367,0.8319437696528381,false,3909,130367,0.8319437696528381
3909,285335,0.7172815726998735,false,3909,285335,0.7172815726998735
3909,9356,0.9951311116099026,false,3909,9356,0.9951311116099026
3909,1910,0.7886902975617823,false,3909,1910,0.7886902975617823
3909,641776,0.9924007311748413,false,3909,641776,0.9924007311748413
3909,100506658,0.9320019368880843,false,3909,100506658,0.9320019368880843
3909,341676,0.9683023812590178,false,3909,341676,0.9683023812590178
3909,148213,0.9891116722304293,false,3909,148213,0.9891116722304293
3909,10595,0.9277075582560588,false,3909,10595,0.9277075582560588
3909,4583,0.9091626443475527,false,3909,4583,0.9091626443475527
3909,728643,0.9681039320949972,false,3909,728643,0.9681039320949972
3909,55567,0.9630007745317225,false,3909,55567,0.9630007745317225
3909,54997,0.9944257327729413,false,3909,54997,0.9944257327729413
3909,79848,0.9746322448394268,false,3909,79848,0.9746322448394268
3909,219790,0.8127866729341734,false,3909,219790,0.8127866729341734
3909,115677,0.8790775085245953,false,3909,115677,0.8790775085245953
3909,5961,0.9920048655289514,false,3909,5961,0.9920048655289514
3909,7851,0.9884928705352136,false,3909,7851,0.9884928705352136
3909,692072,0.9788039009258431,false,3909,692072,0.9788039009258431
3909,109136579,0.9727131345590612,false,3909,109136579,0.9727131345590612
3909,503645,0.9624379793485012,false,3909,503645,0.9624379793485012
3909,55808,0.9887556922668483,false,3909,55808,0.9887556922668483
3909,999,0.9401278354367143,false,3909,999,0.9401278354367143
3909,126353,0.9699195031963814,false,3909,126353,0.9699195031963814
3909,26226,0.9866548286371104,false,3909,26226,0.9866548286371104
3909,64332,0.9202975790722019,false,3909,64332,0.9202975790722019
3909,346007,0.8588032540864476,false,3909,346007,0.8588032540864476
3909,388743,0.9872260404672607,false,3909,388743,0.9872260404672607
3909,116984,0.7217207808229751,false,3909,116984,0.7217207808229751
3909,137872,0.9570399613177919,false,3909,137872,0.9570399613177919
3909,1577,0.9833933504165911,false,3909,1577,0.9833933504165911
3909,100033430,0.9453110359585383,false,3909,100033430,0.9453110359585383
3909,340267,0.9856551711995077,false,3909,340267,0.9856551711995077
3909,200879,0.9912325827135432,false,3909,200879,0.9912325827135432
3909,1510,0.9825405338618998,false,3909,1510,0.9825405338618998
3909,441251,0.9205624813771305,false,3909,441251,0.9205624813771305
3909,102723849,0.9908091368185344,false,3909,102723849,0.9908091368185344
3909,9196,0.8433994937194494,false,3909,9196,0.8433994937194494
3909,6337,0.9190330473342397,false,3909,6337,0.9190330473342397
3909,57669,0.9711281379032671,false,3909,57669,0.9711281379032671
3909,619383,0.9752743224173172,false,3909,619383,0.9752743224173172
3909,89765,0.7921600667728571,false,3909,89765,0.7921600667728571
3909,57111,0.9873001705669769,false,3909,57111,0.9873001705669769
3909,278,0.8390402468861826,false,3909,278,0.8390402468861826
3909,116844,0.9673055958797274,false,3909,116844,0.9673055958797274
3909,10129,0.9885944371633391,false,3909,10129,0.9885944371633391
3909,4586,0.9863216683933642,false,3909,4586,0.9863216683933642
3909,100158262,0.960769114016892,false,3909,100158262,0.960769114016892
3909,10551,0.9884183326785299,false,3909,10551,0.9884183326785299
3909,130271,0.722784817728264,false,3909,130271,0.722784817728264
3909,378938,0.9726685712283051,false,3909,378938,0.9726685712283051
3909,54897,0.9472158230187763,false,3909,54897,0.9472158230187763
3909,117155,0.9876026835068376,false,3909,117155,0.9876026835068376
3909,112268155,0.9855921424053217,false,3909,112268155,0.9855921424053217
3909,1152,0.9663786771327867,false,3909,1152,0.9663786771327867
3909,79083,0.9947030187752512,false,3909,79083,0.9947030187752512
3909,66002,0.9872749941778106,false,3909,66002,0.9872749941778106
3909,1556,0.9954936684319141,false,3909,1556,0.9954936684319141
3909,22996,0.9832664082817943,false,3909,22996,0.9832664082817943
3909,55930,0.9868322727172999,false,3909,55930,0.9868322727172999
3909,7620,0.8514814511404526,false,3909,7620,0.8514814511404526
3909,7113,0.9715905257554729,false,3909,7113,0.9715905257554729
3909,54861,0.9686326208984286,false,3909,54861,0.9686326208984286
3909,222256,0.9060218852973086,false,3909,222256,0.9060218852973086
3909,105180391,0.9946082956222851,false,3909,105180391,0.9946082956222851
3909,100529240,0.9928117514438048,false,3909,100529240,0.9928117514438048
3909,113218482,0.9853533021800106,false,3909,113218482,0.9853533021800106
3909,647024,0.9420841412212547,false,3909,647024,0.9420841412212547
3909,255928,0.9723751398101228,false,3909,255928,0.9723751398101228
3909,151531,0.9390868255862627,false,3909,151531,0.9390868255862627
3909,8537,0.9293638636060171,false,3909,8537,0.9293638636060171
3909,10018,0.98611366646128,false,3909,10018,0.98611366646128
3909,115019,0.9880564594750084,false,3909,115019,0.9880564594750084
3909,201625,0.8306392233074077,false,3909,201625,0.8306392233074077
3909,105180390,0.9944893576472782,false,3909,105180390,0.9944893576472782
3909,692058,0.9657347093936454,false,3909,692058,0.9657347093936454
3909,276,0.7725086111977828,false,3909,276,0.7725086111977828
3909,168374,0.9642139210149779,false,3909,168374,0.9642139210149779
3909,83481,0.9543274624386353,false,3909,83481,0.9543274624386353
3909,645843,0.972845600577692,false,3909,645843,0.972845600577692
3909,143884,0.9563362159944439,false,3909,143884,0.9563362159944439
3909,80004,0.8864745113848338,false,3909,80004,0.8864745113848338
3909,121512,0.964137726612378,false,3909,121512,0.964137726612378
3909,3993,0.9640298780749661,false,3909,3993,0.9640298780749661
3909,389852,0.9873724646671161,false,3909,389852,0.9873724646671161
3909,342892,0.9877112952740688,false,3909,342892,0.9877112952740688
3909,164312,0.9862449334877674,false,3909,164312,0.9862449334877674
3909,84239,0.967321261104237,false,3909,84239,0.967321261104237
3909,2065,0.9673313993409935,false,3909,2065,0.9673313993409935
3909,57402,0.9281598168931149,false,3909,57402,0.9281598168931149
3909,1513,0.7362138758593405,false,3909,1513,0.7362138758593405
3909,776,0.8864637250200532,false,3909,776,0.8864637250200532
3909,780,0.8837762067392066,false,3909,780,0.8837762067392066
3909,135656,0.9865483085715313,false,3909,135656,0.9865483085715313
3909,3880,0.8577042476707695,false,3909,3880,0.8577042476707695
3909,94059,0.9932739336859249,false,3909,94059,0.9932739336859249
3909,26769,0.9249496762637992,false,3909,26769,0.9249496762637992
3909,3960,0.9863488342216853,false,3909,3960,0.9863488342216853
3909,7433,0.9305150332281629,false,3909,7433,0.9305150332281629
3909,284323,0.9882827584720457,false,3909,284323,0.9882827584720457
3909,100129460,0.8099062901789092,false,3909,100129460,0.8099062901789092
3909,65217,0.8969274994418097,false,3909,65217,0.8969274994418097
3909,23584,0.9913264939615111,false,3909,23584,0.9913264939615111
3909,692213,0.9843616669506223,false,3909,692213,0.9843616669506223
3909,153643,0.9257331963585228,false,3909,153643,0.9257331963585228
3909,112268422,0.9847766018696448,false,3909,112268422,0.9847766018696448
3909,649946,0.7674223422782427,false,3909,649946,0.7674223422782427
3909,259294,0.9886828070721511,false,3909,259294,0.9886828070721511
3909,79740,0.9396925543372774,false,3909,79740,0.9396925543372774
3909,2266,0.9902557805096045,false,3909,2266,0.9902557805096045
3909,745,0.9915525838539381,false,3909,745,0.9915525838539381
3909,440352,0.9379404743222329,false,3909,440352,0.9379404743222329
131873,1768,0.8505972787112701,false,131873,1768,0.8505972787112701
131873,79839,0.7776997886335015,false,131873,79839,0.7776997886335015
131873,8436,0.8262014837612316,false,131873,8436,0.8262014837612316
131873,6262,0.8625168524676462,false,131873,6262,0.8625168524676462
131873,1636,0.7461881111798611,false,131873,1636,0.7461881111798611
131873,10529,0.7499520097839322,false,131873,10529,0.7499520097839322
131873,163720,0.9102534484590091,false,131873,163720,0.9102534484590091
131873,79908,0.8336574070222248,false,131873,79908,0.8336574070222248
131873,730,0.7856468613367278,false,131873,730,0.7856468613367278
131873,1910,0.70786784787808,false,131873,1910,0.70786784787808
131873,2696,0.7105634246591466,false,131873,2696,0.7105634246591466
131873,5787,0.9695904092620856,false,131873,5787,0.9695904092620856
131873,100129940,0.8123322292665658,false,131873,100129940,0.8123322292665658
131873,2324,0.7898102993614221,false,131873,2324,0.7898102993614221
131873,221395,0.8395643065194244,false,131873,221395,0.8395643065194244
131873,6332,0.8060268680169338,false,131873,6332,0.8060268680169338
131873,2595,0.7639623916431174,false,131873,2595,0.7639623916431174
131873,219790,0.767892683524541,false,131873,219790,0.767892683524541
131873,115677,0.7551327812533187,false,131873,115677,0.7551327812533187
131873,9223,0.7703094594834227,false,131873,9223,0.7703094594834227
131873,2277,0.8098878855949037,false,131873,2277,0.8098878855949037
131873,114327,0.7906770281168601,false,131873,114327,0.7906770281168601
131873,130271,0.8373562937945214,false,131873,130271,0.8373562937945214
131873,6101,0.7778842212820978,false,131873,6101,0.7778842212820978
131873,6532,0.7340637798608886,false,131873,6532,0.7340637798608886
131873,54,0.9528970758266111,false,131873,54,0.9528970758266111
131873,256076,0.8518613350872103,false,131873,256076,0.8518613350872103
131873,2122,0.8010240856063712,false,131873,2122,0.8010240856063712
131873,57477,0.7629989383340707,false,131873,57477,0.7629989383340707
131873,100820829,0.7286078639747064,false,131873,100820829,0.7286078639747064
131873,10203,0.8169539370545059,false,131873,10203,0.8169539370545059
131873,65217,0.7211185745955608,false,131873,65217,0.7211185745955608
131873,9052,0.7018971237653293,false,131873,9052,0.7018971237653293
131873,84765,0.7477251540507667,false,131873,84765,0.7477251540507667
1768,107984125,0.786460709251892,false,1768,107984125,0.786460709251892
1768,149465,0.7096278660263153,false,1768,149465,0.7096278660263153
1768,93035,0.7779968780524686,false,1768,93035,0.7779968780524686
1768,92304,0.7086487489125227,false,1768,92304,0.7086487489125227
1768,345895,0.7195150517322205,false,1768,345895,0.7195150517322205
1768,8436,0.7234921056141408,false,1768,8436,0.7234921056141408
1768,6440,0.7423050009727172,false,1768,6440,0.7423050009727172
1768,1636,0.8919242913241,false,1768,1636,0.8919242913241
1768,177,0.7925189445648604,false,1768,177,0.7925189445648604
1768,9914,0.7884236134314604,false,1768,9914,0.7884236134314604
1768,7080,0.819534420183417,false,1768,7080,0.819534420183417
1768,6439,0.7950008528394148,false,1768,6439,0.7950008528394148
1768,146177,0.7662676372612621,false,1768,146177,0.7662676372612621
1768,728226,0.7500939253996083,false,1768,728226,0.7500939253996083
1768,5787,0.7488686676889073,false,1768,5787,0.7488686676889073
1768,221395,0.740988279532754,false,1768,221395,0.740988279532754
1768,6332,0.7219479230877556,false,1768,6332,0.7219479230877556
1768,2595,0.8845355346164805,false,1768,2595,0.8845355346164805
1768,253970,0.7085974682663085,false,1768,253970,0.7085974682663085
1768,2277,0.8166794584190621,false,1768,2277,0.8166794584190621
1768,11185,0.8892677764612941,false,1768,11185,0.8892677764612941
1768,26084,0.7053008087650501,false,1768,26084,0.7053008087650501
1768,54,0.717660726199255,false,1768,54,0.717660726199255
1768,9476,0.7549080088674697,false,1768,9476,0.7549080088674697
1768,284680,0.7287964832474879,false,1768,284680,0.7287964832474879
1768,57477,0.7056142553896231,false,1768,57477,0.7056142553896231
1768,6097,0.721735634652562,false,1768,6097,0.721735634652562
1768,123624,0.7923861208248154,false,1768,123624,0.7923861208248154
1768,21,0.8144776951715219,false,1768,21,0.8144776951715219
1768,9052,0.9490807758434094,false,1768,9052,0.9490807758434094
1768,79784,0.7445887295860035,false,1768,79784,0.7445887295860035
1768,653509,0.760826718520362,false,1768,653509,0.760826718520362
1768,79098,0.8386304881431829,false,1768,79098,0.8386304881431829
7203,222166,0.8471200628873465,false,7203,222166,0.8471200628873465
7203,6496,0.7652269771716027,false,7203,6496,0.7652269771716027
7203,84700,0.9293344746862056,false,7203,84700,0.9293344746862056
7203,1132,0.9274491002524844,false,7203,1132,0.9274491002524844
7203,644649,0.7952218907667699,false,7203,644649,0.7952218907667699
7203,65998,0.717767717759695,false,7203,65998,0.717767717759695
7203,23562,0.9091235583244012,false,7203,23562,0.9091235583244012
7203,100130701,0.9567154487743454,false,7203,100130701,0.9567154487743454
7203,441151,0.8261444076577076,false,7203,441151,0.8261444076577076
7203,9454,0.7064912695579533,false,7203,9454,0.7064912695579533
7203,222183,0.939981985689259,false,7203,222183,0.939981985689259
7203,113219467,0.7308918643265362,false,7203,113219467,0.7308918643265362
7203,57710,0.7019023967009754,false,7203,57710,0.7019023967009754
7203,83643,0.8083117712552852,false,7203,83643,0.8083117712552852
7203,1028,0.8787772636029125,false,7203,1028,0.8787772636029125
7203,102465485,0.9162823614191905,false,7203,102465485,0.9162823614191905
92086,541473,0.9887200199701202,false,92086,541473,0.9887200199701202
92086,4233,0.7647123465658509,false,92086,4233,0.7647123465658509
92086,9365,0.9461942330567257,false,92086,9365,0.9461942330567257
92086,51554,0.9691417355959513,false,92086,51554,0.9691417355959513
92086,55329,0.9666161868526019,false,92086,55329,0.9666161868526019
92086,116228,0.9114406780486698,false,92086,116228,0.9114406780486698
92086,79977,0.8028253030992054,false,92086,79977,0.8028253030992054
92086,9208,0.741319144367597,false,92086,9208,0.741319144367597
92086,112268252,0.9187001040608037,false,92086,112268252,0.9187001040608037
92086,277,0.8780807711864963,false,92086,277,0.8780807711864963
92086,80736,0.9411832673301506,false,92086,80736,0.9411832673301506
92086,163131,0.9510338487781074,false,92086,163131,0.9510338487781074
92086,25901,0.9650146565368409,false,92086,25901,0.9650146565368409
92086,100302170,0.9706571145741875,false,92086,100302170,0.9706571145741875
92086,51365,0.9745379233864035,false,92086,51365,0.9745379233864035
92086,7225,0.9559578221410683,false,92086,7225,0.9559578221410683
92086,4128,0.7533061084567926,false,92086,4128,0.7533061084567926
92086,27134,0.9691838005812495,false,92086,27134,0.9691838005812495
92086,654412,0.967006201538269,false,92086,654412,0.967006201538269
92086,55892,0.8926557924126439,false,92086,55892,0.8926557924126439
92086,8999,0.9875312861305344,false,92086,8999,0.9875312861305344
92086,306,0.8531902033022818,false,92086,306,0.8531902033022818
92086,157310,0.7770430848485979,false,92086,157310,0.7770430848485979
92086,5340,0.9797069033803028,false,92086,5340,0.9797069033803028
92086,4582,0.9634565151352823,false,92086,4582,0.9634565151352823
92086,3248,0.9845529070876561,false,92086,3248,0.9845529070876561
92086,255189,0.9696734123389833,false,92086,255189,0.9696734123389833
92086,641384,0.97052258970782,false,92086,641384,0.97052258970782
92086,100130449,0.9451910427592275,false,92086,100130449,0.9451910427592275
92086,10103,0.9393511581300679,false,92086,10103,0.9393511581300679
92086,3856,0.8124752940925303,false,92086,3856,0.8124752940925303
92086,1048,0.9730772363524541,false,92086,1048,0.9730772363524541
92086,100419743,0.9728989424316336,false,92086,100419743,0.9728989424316336
92086,79838,0.8319364544817185,false,92086,79838,0.8319364544817185
92086,3983,0.9693815270052067,false,92086,3983,0.9693815270052067
92086,3694,0.8692355726236023,false,92086,3694,0.8692355726236023
92086,22941,0.9529027799508187,false,92086,22941,0.9529027799508187
92086,285989,0.958458667333478,false,92086,285989,0.958458667333478
92086,2627,0.9451944660167171,false,92086,2627,0.9451944660167171
92086,503640,0.9781832593751117,false,92086,503640,0.9781832593751117
92086,259290,0.9709188662685928,false,92086,259290,0.9709188662685928
92086,1555,0.9316973275368249,false,92086,1555,0.9316973275368249
92086,57528,0.9765410085082233,false,92086,57528,0.9765410085082233
92086,201456,0.9890240633080565,false,92086,201456,0.9890240633080565
92086,142827,0.9421280029570784,false,92086,142827,0.9421280029570784
92086,57186,0.878164335962491,false,92086,57186,0.878164335962491
92086,6751,0.9823456993292304,false,92086,6751,0.9823456993292304
92086,79908,0.8262844072102484,false,92086,79908,0.8262844072102484
92086,102723508,0.9589611920132618,false,92086,102723508,0.9589611920132618
92086,28984,0.7189834193304733,false,92086,28984,0.7189834193304733
92086,130367,0.7513526375022963,false,92086,130367,0.7513526375022963
92086,9356,0.9936083592934981,false,92086,9356,0.9936083592934981
92086,1910,0.7227171199064433,false,92086,1910,0.7227171199064433
92086,641776,0.9698064743203975,false,92086,641776,0.9698064743203975
92086,100506658,0.931592799247144,false,92086,100506658,0.931592799247144
92086,341676,0.9246897782169784,false,92086,341676,0.9246897782169784
92086,148213,0.9648006079925838,false,92086,148213,0.9648006079925838
92086,10595,0.8705163595244868,false,92086,10595,0.8705163595244868
92086,4583,0.8454158567516618,false,92086,4583,0.8454158567516618
92086,728643,0.9825595324178803,false,92086,728643,0.9825595324178803
92086,55567,0.9207201044214601,false,92086,55567,0.9207201044214601
92086,54997,0.9852539772424131,false,92086,54997,0.9852539772424131
92086,79848,0.9571634935173089,false,92086,79848,0.9571634935173089
92086,219790,0.8433920174929138,false,92086,219790,0.8433920174929138
92086,115677,0.8557076272580088,false,92086,115677,0.8557076272580088
92086,5961,0.9809548076768303,false,92086,5961,0.9809548076768303
92086,7851,0.9631061705053939,false,92086,7851,0.9631061705053939
92086,692072,0.9530121152839589,false,92086,692072,0.9530121152839589
92086,109136579,0.9312920755818571,false,92086,109136579,0.9312920755818571
92086,503645,0.9435154254544537,false,92086,503645,0.9435154254544537
92086,55808,0.9735686521602748,false,92086,55808,0.9735686521602748
92086,999,0.8896615889265497,false,92086,999,0.8896615889265497
92086,126353,0.9405705169137597,false,92086,126353,0.9405705169137597
92086,26226,0.9601159263898295,false,92086,26226,0.9601159263898295
92086,64332,0.8617512561508831,false,92086,64332,0.8617512561508831
92086,346007,0.8197254593509958,false,92086,346007,0.8197254593509958
92086,388743,0.9716177252159761,false,92086,388743,0.9716177252159761
92086,116984,0.7115932926085433,false,92086,116984,0.7115932926085433
92086,137872,0.952395431117389,false,92086,137872,0.952395431117389
92086,1577,0.9511125318487661,false,92086,1577,0.9511125318487661
92086,100033430,0.8928499077928936,false,92086,100033430,0.8928499077928936
92086,340267,0.9575408685555078,false,92086,340267,0.9575408685555078
92086,200879,0.9775793897715759,false,92086,200879,0.9775793897715759
92086,1510,0.9612674921307713,false,92086,1510,0.9612674921307713
92086,441251,0.8556026412920235,false,92086,441251,0.8556026412920235
92086,102723849,0.9669034140404862,false,92086,102723849,0.9669034140404862
92086,9196,0.8500046286998161,false,92086,9196,0.8500046286998161
92086,6337,0.9005863347641001,false,92086,6337,0.9005863347641001
92086,57669,0.967297842238602,false,92086,57669,0.967297842238602
92086,619383,0.9331428481087701,false,92086,619383,0.9331428481087701
92086,89765,0.7389114229698263,false,92086,89765,0.7389114229698263
92086,57111,0.9634210842709411,false,92086,57111,0.9634210842709411
92086,278,0.7506219922756752,false,92086,278,0.7506219922756752
92086,116844,0.9271817093232247,false,92086,116844,0.9271817093232247
92086,10129,0.959764370364219,false,92086,10129,0.959764370364219
92086,4586,0.9718720697982821,false,92086,4586,0.9718720697982821
92086,100158262,0.9431575727472074,false,92086,100158262,0.9431575727472074
92086,10551,0.9683669889151352,false,92086,10551,0.9683669889151352
92086,130271,0.7108665863261989,false,92086,130271,0.7108665863261989
92086,378938,0.9310992532127118,false,92086,378938,0.9310992532127118
92086,54897,0.9675842608536813,false,92086,54897,0.9675842608536813
92086,117155,0.9840230977415061,false,92086,117155,0.9840230977415061
92086,112268155,0.9588990170399483,false,92086,112268155,0.9588990170399483
92086,1152,0.9302206065325026,false,92086,1152,0.9302206065325026
92086,79083,0.9811587111935677,false,92086,79083,0.9811587111935677
92086,66002,0.9767132574520098,false,92086,66002,0.9767132574520098
92086,1556,0.9785652546276736,false,92086,1556,0.9785652546276736
92086,22996,0.9651227968534253,false,92086,22996,0.9651227968534253
92086,55930,0.9710866750107148,false,92086,55930,0.9710866750107148
92086,7620,0.8221407505868008,false,92086,7620,0.8221407505868008
92086,7113,0.9368613244577043,false,92086,7113,0.9368613244577043
92086,54861,0.938010659394049,false,92086,54861,0.938010659394049
92086,222256,0.8362809425269617,false,92086,222256,0.8362809425269617
92086,105180391,0.9768190978286437,false,92086,105180391,0.9768190978286437
92086,100529240,0.9685043344077409,false,92086,100529240,0.9685043344077409
92086,113218482,0.9721046523765581,false,92086,113218482,0.9721046523765581
92086,647024,0.8965305956399098,false,92086,647024,0.8965305956399098
92086,255928,0.9651119594040527,false,92086,255928,0.9651119594040527
92086,151531,0.9092871403848757,false,92086,151531,0.9092871403848757
92086,8537,0.8964588979255773,false,92086,8537,0.8964588979255773
92086,10018,0.9662986588273309,false,92086,10018,0.9662986588273309
92086,115019,0.9730524068165207,false,92086,115019,0.9730524068165207
92086,201625,0.7614460907955587,false,92086,201625,0.7614460907955587
92086,105180390,0.9734101289682725,false,92086,105180390,0.9734101289682725
92086,692058,0.9202716699366782,false,92086,692058,0.9202716699366782
92086,168374,0.9148403945223974,false,92086,168374,0.9148403945223974
92086,83481,0.9135730054198145,false,92086,83481,0.9135730054198145
92086,645843,0.9280323495306556,false,92086,645843,0.9280323495306556
92086,143884,0.9437925714515042,false,92086,143884,0.9437925714515042
92086,80004,0.8358448256715169,false,92086,80004,0.8358448256715169
92086,121512,0.9408340627419459,false,92086,121512,0.9408340627419459
92086,3993,0.9642428336562862,false,92086,3993,0.9642428336562862
92086,389852,0.9669091763721481,false,92086,389852,0.9669091763721481
92086,342892,0.9728285195938344,false,92086,342892,0.9728285195938344
92086,164312,0.9757973555099547,false,92086,164312,0.9757973555099547
92086,84239,0.9340715103524524,false,92086,84239,0.9340715103524524
92086,2065,0.9266809807273647,false,92086,2065,0.9266809807273647
92086,57402,0.9486074546579539,false,92086,57402,0.9486074546579539
92086,776,0.8906424152962892,false,92086,776,0.8906424152962892
92086,780,0.8509514040393319,false,92086,780,0.8509514040393319
92086,135656,0.973049354166673,false,92086,135656,0.973049354166673
92086,3880,0.8011837000728866,false,92086,3880,0.8011837000728866
92086,94059,0.9735839016423621,false,92086,94059,0.9735839016423621
92086,26769,0.860028753103292,false,92086,26769,0.860028753103292
92086,3960,0.973587866777825,false,92086,3960,0.973587866777825
92086,7433,0.9627417169822365,false,92086,7433,0.9627417169822365
92086,284323,0.9809825583541544,false,92086,284323,0.9809825583541544
92086,100129460,0.7209765666987236,false,92086,100129460,0.7209765666987236
92086,65217,0.8855658625625874,false,92086,65217,0.8855658625625874
92086,23584,0.9981711176009618,false,92086,23584,0.9981711176009618
92086,692213,0.9642665827041306,false,92086,692213,0.9642665827041306
92086,153643,0.8697511374372386,false,92086,153643,0.8697511374372386
92086,112268422,0.9723125840330563,false,92086,112268422,0.9723125840330563
92086,259294,0.975647561412976,false,92086,259294,0.975647561412976
92086,79740,0.9210227632451378,false,92086,79740,0.9210227632451378
92086,2266,0.9796319934018909,false,92086,2266,0.9796319934018909
92086,745,0.9784544449686156,false,92086,745,0.9784544449686156
92086,440352,0.9454573114047634,false,92086,440352,0.9454573114047634
246,80122,0.9821575467369708,false,246,80122,0.9821575467369708
246,114569,0.744521854260118,false,246,114569,0.744521854260118
246,158798,0.982009088277671,false,246,158798,0.982009088277671
246,9173,0.9543444272069489,false,246,9173,0.9543444272069489
246,4629,0.8537903181367104,false,246,4629,0.8537903181367104
246,1528,0.8520384634024709,false,246,1528,0.8520384634024709
246,284340,0.9697118377020165,false,246,284340,0.9697118377020165
246,92304,0.8928833615302493,false,246,92304,0.8928833615302493
246,222389,0.9024469133066176,false,246,222389,0.9024469133066176
246,138428,0.8502519313467851,false,246,138428,0.8502519313467851
246,6523,0.9349370459694186,false,246,6523,0.9349370459694186
246,155465,0.9895485465477181,false,246,155465,0.9895485465477181
246,345895,0.8151639829424184,false,246,345895,0.8151639829424184
246,58524,0.9643489374798767,false,246,58524,0.9643489374798767
246,5225,0.7746889881947487,false,246,5225,0.7746889881947487
246,399949,0.9716967461514715,false,246,399949,0.9716967461514715
246,5265,0.9917588047784321,false,246,5265,0.9917588047784321
246,4318,0.7756200231332641,false,246,4318,0.7756200231332641
246,105377033,0.992204762783564,false,246,105377033,0.992204762783564
246,10568,0.9677449079543368,false,246,10568,0.9677449079543368
246,33,0.9719797212361461,false,246,33,0.9719797212361461
246,1770,0.919204146228569,false,246,1770,0.919204146228569
246,10917,0.8899786224100191,false,246,10917,0.8899786224100191
246,11254,0.976854724492325,false,246,11254,0.976854724492325
246,286207,0.8742616021195061,false,246,286207,0.8742616021195061
246,5555,0.8434208029664299,false,246,5555,0.8434208029664299
246,57530,0.8710733387800019,false,246,57530,0.8710733387800019
246,60494,0.9022212626644447,false,246,60494,0.9022212626644447
246,5544,0.8503856593772604,false,246,5544,0.8503856593772604
246,10579,0.8026774509215494,false,246,10579,0.8026774509215494
246,6439,0.7064931616103156,false,246,6439,0.7064931616103156
246,85452,0.7417871565609447,false,246,85452,0.7417871565609447
246,146177,0.8105139988609712,false,246,146177,0.8105139988609712
246,1906,0.8234920014303295,false,246,1906,0.8234920014303295
246,3240,0.933477689871585,false,246,3240,0.933477689871585
246,7033,0.9696988914698432,false,246,7033,0.9696988914698432
246,718,0.7290645610724205,false,246,718,0.7290645610724205
246,64073,0.9885778701943635,false,246,64073,0.9885778701943635
246,253970,0.8394049876089039,false,246,253970,0.8394049876089039
246,6441,0.9187027088931641,false,246,6441,0.9187027088931641
246,4070,0.9741321643230635,false,246,4070,0.9741321643230635
246,56892,0.9452634807232029,false,246,56892,0.9452634807232029
246,8091,0.9091986544097982,false,246,8091,0.9091986544097982
246,3875,0.7981893596902067,false,246,3875,0.7981893596902067
246,160728,0.9638499933431286,false,246,160728,0.9638499933431286
246,4680,0.8664869334443155,false,246,4680,0.8664869334443155
246,7356,0.9957985967822615,false,246,7356,0.9957985967822615
246,109729127,0.9852445966108959,false,246,109729127,0.9852445966108959
246,400578,0.9586765378817973,false,246,400578,0.9586765378817973
246,94025,0.950517735601503,false,246,94025,0.950517735601503
246,728276,0.993647367387246,false,246,728276,0.993647367387246
246,101927516,0.7588288524916541,false,246,101927516,0.7588288524916541
246,102723635,0.845618315294233,false,246,102723635,0.845618315294233
246,5545,0.951232600557442,false,246,5545,0.951232600557442
246,727897,0.9399706881415085,false,246,727897,0.9399706881415085
246,54848,0.9371388766213488,false,246,54848,0.9371388766213488
246,79632,0.7339368598625998,false,246,79632,0.7339368598625998
246,4585,0.7175007477992893,false,246,4585,0.7175007477992893
246,1767,0.9001138257481833,false,246,1767,0.9001138257481833
246,1604,0.7246690268402112,false,246,1604,0.7246690268402112
246,9476,0.8409112582753199,false,246,9476,0.8409112582753199
246,117156,0.9766710871488975,false,246,117156,0.9766710871488975
246,195814,0.9915155507321125,false,246,195814,0.9915155507321125
246,140766,0.8574956149702329,false,246,140766,0.8574956149702329
246,105,0.9746531075939108,false,246,105,0.9746531075939108
246,84059,0.7213543053836389,false,246,84059,0.7213543053836389
246,57477,0.7478016456410017,false,246,57477,0.7478016456410017
246,6097,0.8841443958173728,false,246,6097,0.8841443958173728
246,120892,0.810024741225351,false,246,120892,0.810024741225351
246,4057,0.9727103467745741,false,246,4057,0.9727103467745741
246,220136,0.9426401063026225,false,246,220136,0.9426401063026225
246,112577518,0.9547555492174757,false,246,112577518,0.9547555492174757
246,9370,0.9591607882497488,false,246,9370,0.9591607882497488
246,693188,0.8836563982553596,false,246,693188,0.8836563982553596
246,389376,0.9465502329414933,false,246,389376,0.9465502329414933
246,6799,0.9962717333405672,false,246,6799,0.9962717333405672
246,353189,0.8904955339974746,false,246,353189,0.8904955339974746
246,563,0.9608867027219745,false,246,563,0.9608867027219745
246,84851,0.7593803402410719,false,246,84851,0.7593803402410719
246,4069,0.8847487021201196,false,246,4069,0.8847487021201196
246,1080,0.8046415785454534,false,246,1080,0.8046415785454534
246,123872,0.9481626365279309,false,246,123872,0.9481626365279309
246,105372793,0.9486325379079148,false,246,105372793,0.9486325379079148
246,653509,0.8367651335595991,false,246,653509,0.8367651335595991
246,100874095,0.9591607882497488,false,246,100874095,0.9591607882497488
246,729238,0.9048045791721068,false,246,729238,0.9048045791721068
246,3855,0.7595457674064884,false,246,3855,0.7595457674064884
246,26298,0.9612484642129117,false,246,26298,0.9612484642129117
246,100033436,0.9673242644815396,false,246,100033436,0.9673242644815396
80122,107984125,0.7070028278424952,false,80122,107984125,0.7070028278424952
80122,158798,0.9816812147875311,false,80122,158798,0.9816812147875311
80122,9173,0.9535668088526866,false,80122,9173,0.9535668088526866
80122,93035,0.805793591346022,false,80122,93035,0.805793591346022
80122,4629,0.871934003925712,false,80122,4629,0.871934003925712
80122,1528,0.8600573545947732,false,80122,1528,0.8600573545947732
80122,284340,0.9809548964961017,false,80122,284340,0.9809548964961017
80122,92304,0.9134303688516906,false,80122,92304,0.9134303688516906
80122,222389,0.9593522964143275,false,80122,222389,0.9593522964143275
80122,138428,0.8576604911258299,false,80122,138428,0.8576604911258299
80122,6523,0.9051694491076442,false,80122,6523,0.9051694491076442
80122,155465,0.9587102219826036,false,80122,155465,0.9587102219826036
80122,345895,0.8274850378102676,false,80122,345895,0.8274850378102676
80122,58524,0.9450703785826209,false,80122,58524,0.9450703785826209
80122,5225,0.711970772505323,false,80122,5225,0.711970772505323
80122,399949,0.9261785937078895,false,80122,399949,0.9261785937078895
80122,5265,0.9736319445627621,false,80122,5265,0.9736319445627621
80122,4318,0.8002721318311646,false,80122,4318,0.8002721318311646
80122,105377033,0.9594856244228062,false,80122,105377033,0.9594856244228062
80122,10568,0.983291113997753,false,80122,10568,0.983291113997753
80122,33,0.9982998274662078,false,80122,33,0.9982998274662078
80122,1770,0.8939209427261954,false,80122,1770,0.8939209427261954
80122,10917,0.9491780505977562,false,80122,10917,0.9491780505977562
80122,11254,0.973582648870217,false,80122,11254,0.973582648870217
80122,286207,0.824491142741496,false,80122,286207,0.824491142741496
80122,177,0.7406390791951113,false,80122,177,0.7406390791951113
80122,5555,0.8047620953776521,false,80122,5555,0.8047620953776521
80122,57530,0.8865386445275537,false,80122,57530,0.8865386445275537
80122,60494,0.8843235195577778,false,80122,60494,0.8843235195577778
80122,722,0.780215062944766,false,80122,722,0.780215062944766
80122,5544,0.7863309781757775,false,80122,5544,0.7863309781757775
80122,10579,0.7777865177204643,false,80122,10579,0.7777865177204643
80122,6439,0.7087761252239742,false,80122,6439,0.7087761252239742
80122,85452,0.8322136038982499,false,80122,85452,0.8322136038982499
80122,146177,0.8849925033312528,false,80122,146177,0.8849925033312528
80122,1906,0.9084619236493444,false,80122,1906,0.9084619236493444
80122,3240,0.9729444394053341,false,80122,3240,0.9729444394053341
80122,7033,0.9385371867416575,false,80122,7033,0.9385371867416575
80122,221395,0.722028417395957,false,80122,221395,0.722028417395957
80122,718,0.8221873151025555,false,80122,718,0.8221873151025555
80122,64073,0.9557681260803692,false,80122,64073,0.9557681260803692
80122,253970,0.8095284405530065,false,80122,253970,0.8095284405530065
80122,6441,0.9244605266434055,false,80122,6441,0.9244605266434055
80122,4070,0.9559772402748205,false,80122,4070,0.9559772402748205
80122,56892,0.9836469472459467,false,80122,56892,0.9836469472459467
80122,8091,0.9354457196600466,false,80122,8091,0.9354457196600466
80122,3875,0.7413168648106931,false,80122,3875,0.7413168648106931
80122,160728,0.9617527623359385,false,80122,160728,0.9617527623359385
80122,4680,0.795331568453414,false,80122,4680,0.795331568453414
80122,7356,0.9711237897662789,false,80122,7356,0.9711237897662789
80122,109729127,0.9557521087938117,false,80122,109729127,0.9557521087938117
80122,400578,0.9146726848794291,false,80122,400578,0.9146726848794291
80122,94025,0.9108791682370172,false,80122,94025,0.9108791682370172
80122,109729184,0.731623558238726,false,80122,109729184,0.731623558238726
80122,728276,0.9583984255539421,false,80122,728276,0.9583984255539421
80122,101927516,0.8177917098982862,false,80122,101927516,0.8177917098982862
80122,102723635,0.8539371847493321,false,80122,102723635,0.8539371847493321
80122,5545,0.9053984141530906,false,80122,5545,0.9053984141530906
80122,727897,0.8891897533957741,false,80122,727897,0.8891897533957741
80122,54848,0.9842145877998474,false,80122,54848,0.9842145877998474
80122,79632,0.7114967150066684,false,80122,79632,0.7114967150066684
80122,1767,0.845465876519924,false,80122,1767,0.845465876519924
80122,9476,0.8220589309592304,false,80122,9476,0.8220589309592304
80122,117156,0.9723666016183832,false,80122,117156,0.9723666016183832
80122,195814,0.9926760366347774,false,80122,195814,0.9926760366347774
80122,140766,0.9122516135872596,false,80122,140766,0.9122516135872596
80122,105,0.949369625935548,false,80122,105,0.949369625935548
80122,84059,0.730201785897219,false,80122,84059,0.730201785897219
80122,57477,0.7873342239141173,false,80122,57477,0.7873342239141173
80122,6097,0.9123236893131305,false,80122,6097,0.9123236893131305
80122,120892,0.798817391237053,false,80122,120892,0.798817391237053
80122,4057,0.9390408614628104,false,80122,4057,0.9390408614628104
80122,220136,0.8939606382186341,false,80122,220136,0.8939606382186341
80122,112577518,0.909699283754283,false,80122,112577518,0.909699283754283
80122,9370,0.9163955340449791,false,80122,9370,0.9163955340449791
80122,693188,0.9245316541131118,false,80122,693188,0.9245316541131118
80122,389376,0.9280462963422794,false,80122,389376,0.9280462963422794
80122,6799,0.9820974235264687,false,80122,6799,0.9820974235264687
80122,353189,0.8301753902612351,false,80122,353189,0.8301753902612351
80122,563,0.9173836542870539,false,80122,563,0.9173836542870539
80122,84851,0.7226985696433736,false,80122,84851,0.7226985696433736
80122,4069,0.8299238748259932,false,80122,4069,0.8299238748259932
80122,1080,0.811418194174747,false,80122,1080,0.811418194174747
80122,123872,0.9839557889493294,false,80122,123872,0.9839557889493294
80122,105372793,0.9514131910538417,false,80122,105372793,0.9514131910538417
80122,653509,0.832119094547933,false,80122,653509,0.832119094547933
80122,100874095,0.9163955340449791,false,80122,100874095,0.9163955340449791
80122,729238,0.890178681108334,false,80122,729238,0.890178681108334
80122,144535,0.7036199294643847,false,80122,144535,0.7036199294643847
80122,3855,0.7477097392087219,false,80122,3855,0.7477097392087219
80122,26298,0.9109878556119362,false,80122,26298,0.9109878556119362
80122,100033436,0.9292614258922772,false,80122,100033436,0.9292614258922772
3219,84700,0.7269192655169596,false,3219,84700,0.7269192655169596
3219,200407,0.9270607686958189,false,3219,200407,0.9270607686958189
3219,388327,0.7535854343584709,false,3219,388327,0.7535854343584709
3219,9454,0.8179428241678897,false,3219,9454,0.8179428241678897
3219,7546,0.9280798330059864,false,3219,7546,0.9280798330059864
1161,55892,0.7642031121352615,false,1161,55892,0.7642031121352615
1161,677831,0.7981008806089878,false,1161,677831,0.7981008806089878
1161,6473,0.897981051369251,false,1161,6473,0.897981051369251
1161,51185,0.9131018932435111,false,1161,51185,0.9131018932435111
1161,285,0.8684654295269603,false,1161,285,0.8684654295269603
1161,7620,0.8381289596043658,false,1161,7620,0.8381289596043658
1161,8537,0.7377805668895538,false,1161,8537,0.7377805668895538
1161,1513,0.7229466335401827,false,1161,1513,0.7229466335401827
541473,4233,0.7598628214650872,false,541473,4233,0.7598628214650872
541473,9365,0.942078765590544,false,541473,9365,0.942078765590544
541473,51554,0.9735547784470018,false,541473,51554,0.9735547784470018
541473,55329,0.9638281666342886,false,541473,55329,0.9638281666342886
541473,116228,0.924662382041101,false,541473,116228,0.924662382041101
541473,79977,0.7721499258931033,false,541473,79977,0.7721499258931033
541473,9208,0.742229688930921,false,541473,9208,0.742229688930921
541473,112268252,0.8678231474723986,false,541473,112268252,0.8678231474723986
541473,79839,0.7108837805410272,false,541473,79839,0.7108837805410272
541473,277,0.8631049833551314,false,541473,277,0.8631049833551314
541473,80736,0.8873650846063577,false,541473,80736,0.8873650846063577
541473,163131,0.9590241483027372,false,541473,163131,0.9590241483027372
541473,25901,0.9671904593671502,false,541473,25901,0.9671904593671502
541473,100302170,0.9685936659916727,false,541473,100302170,0.9685936659916727
541473,51365,0.9778366018802047,false,541473,51365,0.9778366018802047
541473,7225,0.9541266031235742,false,541473,7225,0.9541266031235742
541473,27134,0.9483997532378546,false,541473,27134,0.9483997532378546
541473,654412,0.959481590164148,false,541473,654412,0.959481590164148
541473,55892,0.8924438086075464,false,541473,55892,0.8924438086075464
541473,8999,0.9691953594847644,false,541473,8999,0.9691953594847644
541473,306,0.7826425206939355,false,541473,306,0.7826425206939355
541473,5340,0.9756015671886039,false,541473,5340,0.9756015671886039
541473,4582,0.9521210065644381,false,541473,4582,0.9521210065644381
541473,3248,0.9810041187694626,false,541473,3248,0.9810041187694626
541473,255189,0.9348882198437285,false,541473,255189,0.9348882198437285
541473,641384,0.9699638539438667,false,541473,641384,0.9699638539438667
541473,100130449,0.9398198002194448,false,541473,100130449,0.9398198002194448
541473,10103,0.9295157354434236,false,541473,10103,0.9295157354434236
541473,3856,0.7886045302841912,false,541473,3856,0.7886045302841912
541473,1048,0.9709868634235383,false,541473,1048,0.9709868634235383
541473,100419743,0.9710360834977704,false,541473,100419743,0.9710360834977704
541473,79838,0.8049262958618048,false,541473,79838,0.8049262958618048
541473,3983,0.9708563557493763,false,541473,3983,0.9708563557493763
541473,3694,0.822368875781778,false,541473,3694,0.822368875781778
541473,22941,0.8998214294112173,false,541473,22941,0.8998214294112173
541473,285989,0.9596535345701984,false,541473,285989,0.9596535345701984
541473,2627,0.9256446713431802,false,541473,2627,0.9256446713431802
541473,503640,0.9801489720535805,false,541473,503640,0.9801489720535805
541473,259290,0.9795625248447118,false,541473,259290,0.9795625248447118
541473,1555,0.9156999482127847,false,541473,1555,0.9156999482127847
541473,57528,0.9761023539582445,false,541473,57528,0.9761023539582445
541473,201456,0.9819932696971074,false,541473,201456,0.9819932696971074
541473,142827,0.8964606624705401,false,541473,142827,0.8964606624705401
541473,57186,0.8674992908233244,false,541473,57186,0.8674992908233244
541473,6751,0.972592839118125,false,541473,6751,0.972592839118125
541473,79908,0.770401108092774,false,541473,79908,0.770401108092774
541473,102723508,0.9724287521948675,false,541473,102723508,0.9724287521948675
541473,130367,0.7311428643362371,false,541473,130367,0.7311428643362371
541473,9356,0.9943194392317064,false,541473,9356,0.9943194392317064
541473,641776,0.9703791720023437,false,541473,641776,0.9703791720023437
541473,100506658,0.8805543047403851,false,541473,100506658,0.8805543047403851
541473,341676,0.9148206344833909,false,541473,341676,0.9148206344833909
541473,148213,0.9601501740858999,false,541473,148213,0.9601501740858999
541473,10595,0.8591235235608552,false,541473,10595,0.8591235235608552
541473,4583,0.8359122648578412,false,541473,4583,0.8359122648578412
541473,728643,0.9792052457329896,false,541473,728643,0.9792052457329896
541473,55567,0.8984937531192818,false,541473,55567,0.8984937531192818
541473,54997,0.9834745538229707,false,541473,54997,0.9834745538229707
541473,79848,0.9640569986299103,false,541473,79848,0.9640569986299103
541473,219790,0.8396160166817647,false,541473,219790,0.8396160166817647
541473,115677,0.8503874843556664,false,541473,115677,0.8503874843556664
541473,5961,0.9861628254979214,false,541473,5961,0.9861628254979214
541473,7851,0.9560682239397407,false,541473,7851,0.9560682239397407
541473,692072,0.9557864049880574,false,541473,692072,0.9557864049880574
541473,109136579,0.9418924164877442,false,541473,109136579,0.9418924164877442
541473,503645,0.9588059119120941,false,541473,503645,0.9588059119120941
541473,55808,0.9646082160477146,false,541473,55808,0.9646082160477146
541473,999,0.8686775711331085,false,541473,999,0.8686775711331085
541473,126353,0.9213976848711785,false,541473,126353,0.9213976848711785
541473,26226,0.969760038755845,false,541473,26226,0.969760038755845
541473,64332,0.8908175816141615,false,541473,64332,0.8908175816141615
541473,346007,0.8608513174499218,false,541473,346007,0.8608513174499218
541473,388743,0.9667747541052094,false,541473,388743,0.9667747541052094
541473,116984,0.7223167104557182,false,541473,116984,0.7223167104557182
541473,137872,0.9574357940175935,false,541473,137872,0.9574357940175935
541473,1577,0.951373951505689,false,541473,1577,0.951373951505689
541473,100033430,0.8871314827991971,false,541473,100033430,0.8871314827991971
541473,340267,0.9490525426382588,false,541473,340267,0.9490525426382588
541473,200879,0.9746100687299523,false,541473,200879,0.9746100687299523
541473,1510,0.9490796570202784,false,541473,1510,0.9490796570202784
541473,441251,0.8556141756976329,false,541473,441251,0.8556141756976329
541473,102723849,0.969693265814295,false,541473,102723849,0.969693265814295
541473,9196,0.8765793391516608,false,541473,9196,0.8765793391516608
541473,6337,0.8488319752363507,false,541473,6337,0.8488319752363507
541473,57669,0.9597317000036415,false,541473,57669,0.9597317000036415
541473,619383,0.93756539490313,false,541473,619383,0.93756539490313
541473,57111,0.9542473292293713,false,541473,57111,0.9542473292293713
541473,278,0.7360567109077021,false,541473,278,0.7360567109077021
541473,116844,0.9194417480941754,false,541473,116844,0.9194417480941754
541473,10129,0.9627714287903864,false,541473,10129,0.9627714287903864
541473,4586,0.96974690495039,false,541473,4586,0.96974690495039
541473,100158262,0.9546299935081484,false,541473,100158262,0.9546299935081484
541473,10551,0.9649038912665387,false,541473,10551,0.9649038912665387
541473,130271,0.7115108715072919,false,541473,130271,0.7115108715072919
541473,378938,0.9414894198219049,false,541473,378938,0.9414894198219049
541473,54897,0.9434641643694945,false,541473,54897,0.9434641643694945
541473,117155,0.9826348939514227,false,541473,117155,0.9826348939514227
541473,112268155,0.9639593936821944,false,541473,112268155,0.9639593936821944
541473,1152,0.9049236113136468,false,541473,1152,0.9049236113136468
541473,79083,0.979409849475581,false,541473,79083,0.979409849475581
541473,66002,0.9672616594459635,false,541473,66002,0.9672616594459635
541473,1556,0.9630602066279049,false,541473,1556,0.9630602066279049
541473,22996,0.9407804029139103,false,541473,22996,0.9407804029139103
541473,55930,0.9473180399640589,false,541473,55930,0.9473180399640589
541473,7620,0.8305458443555629,false,541473,7620,0.8305458443555629
541473,7113,0.9221982531289497,false,541473,7113,0.9221982531289497
541473,54861,0.9382512480620873,false,541473,54861,0.9382512480620873
541473,222256,0.821225395979854,false,541473,222256,0.821225395979854
541473,105180391,0.9804634009291446,false,541473,105180391,0.9804634009291446
541473,100529240,0.9674215831218449,false,541473,100529240,0.9674215831218449
541473,113218482,0.9669700223626665,false,541473,113218482,0.9669700223626665
541473,647024,0.8729740812444087,false,541473,647024,0.8729740812444087
541473,255928,0.9657979452071497,false,541473,255928,0.9657979452071497
541473,151531,0.910259123605912,false,541473,151531,0.910259123605912
541473,8537,0.9020497082518252,false,541473,8537,0.9020497082518252
541473,10018,0.9628183435065234,false,541473,10018,0.9628183435065234
541473,115019,0.9669911519691782,false,541473,115019,0.9669911519691782
541473,201625,0.7230764731317983,false,541473,201625,0.7230764731317983
541473,105180390,0.9751617132012487,false,541473,105180390,0.9751617132012487
541473,692058,0.9179618745291651,false,541473,692058,0.9179618745291651
541473,168374,0.9158345383143154,false,541473,168374,0.9158345383143154
541473,83481,0.8835216907760032,false,541473,83481,0.8835216907760032
541473,645843,0.9230420340906543,false,541473,645843,0.9230420340906543
541473,143884,0.9672638391536523,false,541473,143884,0.9672638391536523
541473,80004,0.8078843287293388,false,541473,80004,0.8078843287293388
541473,121512,0.9409833637964204,false,541473,121512,0.9409833637964204
541473,3993,0.9241730811138004,false,541473,3993,0.9241730811138004
541473,389852,0.9650642762868962,false,541473,389852,0.9650642762868962
541473,342892,0.975772367369483,false,541473,342892,0.975772367369483
541473,164312,0.9490478867236235,false,541473,164312,0.9490478867236235
541473,84239,0.9123297789860147,false,541473,84239,0.9123297789860147
541473,2065,0.9080509871374417,false,541473,2065,0.9080509871374417
541473,57402,0.8922929770081127,false,541473,57402,0.8922929770081127
541473,776,0.8922039494247365,false,541473,776,0.8922039494247365
541473,780,0.7944739485303041,false,541473,780,0.7944739485303041
541473,135656,0.9710786817892935,false,541473,135656,0.9710786817892935
541473,3880,0.7480593487518705,false,541473,3880,0.7480593487518705
541473,94059,0.9724444158198233,false,541473,94059,0.9724444158198233
541473,26769,0.8581610353399419,false,541473,26769,0.8581610353399419
541473,3960,0.9707631111031648,false,541473,3960,0.9707631111031648
541473,7433,0.9255400525951797,false,541473,7433,0.9255400525951797
541473,284323,0.9841329172705883,false,541473,284323,0.9841329172705883
541473,100129460,0.7210247640267623,false,541473,100129460,0.7210247640267623
541473,65217,0.8862806786244805,false,541473,65217,0.8862806786244805
541473,23584,0.9848921637393887,false,541473,23584,0.9848921637393887
541473,692213,0.9530395232362127,false,541473,692213,0.9530395232362127
541473,153643,0.8541344859959659,false,541473,153643,0.8541344859959659
541473,112268422,0.9716869838865746,false,541473,112268422,0.9716869838865746
541473,649946,0.7093672166565385,false,541473,649946,0.7093672166565385
541473,259294,0.9776467127648101,false,541473,259294,0.9776467127648101
541473,79740,0.8652558367715831,false,541473,79740,0.8652558367715831
541473,2266,0.9856887028683115,false,541473,2266,0.9856887028683115
541473,745,0.9636618577369171,false,541473,745,0.9636618577369171
541473,440352,0.8885152506604358,false,541473,440352,0.8885152506604358
11148,4233,0.9153135442656725,false,11148,4233,0.9153135442656725
11148,9365,0.7887072687107971,false,11148,9365,0.7887072687107971
11148,114569,0.9319667600787427,false,11148,114569,0.9319667600787427
11148,4883,0.8922754977664983,false,11148,4883,0.8922754977664983
11148,4629,0.7448019141393866,false,11148,4629,0.7448019141393866
11148,79977,0.948830080255918,false,11148,79977,0.948830080255918
11148,9208,0.9092133299946599,false,11148,9208,0.9092133299946599
11148,112268252,0.7774754872214228,false,11148,112268252,0.7774754872214228
11148,277,0.8749471452294972,false,11148,277,0.8749471452294972
11148,80736,0.753322102226559,false,11148,80736,0.753322102226559
11148,345895,0.782531629067957,false,11148,345895,0.782531629067957
11148,5225,0.8827839931206568,false,11148,5225,0.8827839931206568
11148,7225,0.7339722638681606,false,11148,7225,0.7339722638681606
11148,4128,0.7233239262099294,false,11148,4128,0.7233239262099294
11148,27134,0.744628137024803,false,11148,27134,0.744628137024803
11148,654412,0.7071747239423236,false,11148,654412,0.7071747239423236
11148,306,0.8248734469123734,false,11148,306,0.8248734469123734
11148,157310,0.8470138648500894,false,11148,157310,0.8470138648500894
11148,5340,0.7060547752748604,false,11148,5340,0.7060547752748604
11148,4582,0.744871866840441,false,11148,4582,0.744871866840441
11148,255189,0.7176639981621498,false,11148,255189,0.7176639981621498
11148,100130449,0.7671066283507795,false,11148,100130449,0.7671066283507795
11148,10103,0.7947581825479668,false,11148,10103,0.7947581825479668
11148,3856,0.9406197371833277,false,11148,3856,0.9406197371833277
11148,79838,0.9335490281360379,false,11148,79838,0.9335490281360379
11148,10529,0.8442652012912766,false,11148,10529,0.8442652012912766
11148,3983,0.7016380930859839,false,11148,3983,0.7016380930859839
11148,3694,0.9076049212205071,false,11148,3694,0.9076049212205071
11148,22941,0.713715828641508,false,11148,22941,0.713715828641508
11148,285989,0.7319806447013788,false,11148,285989,0.7319806447013788
11148,2627,0.8215951061805621,false,11148,2627,0.8215951061805621
11148,286207,0.8545759545534624,false,11148,286207,0.8545759545534624
11148,5555,0.8652315556636235,false,11148,5555,0.8652315556636235
11148,1555,0.8165524893207066,false,11148,1555,0.8165524893207066
11148,57186,0.823193943301261,false,11148,57186,0.823193943301261
11148,5544,0.8015133114638872,false,11148,5544,0.8015133114638872
11148,10579,0.8842055768517515,false,11148,10579,0.8842055768517515
11148,28984,0.9218228780108093,false,11148,28984,0.9218228780108093
11148,130367,0.9558756367923323,false,11148,130367,0.9558756367923323
11148,285335,0.9704270290838075,false,11148,285335,0.9704270290838075
11148,1910,0.8940498904512246,false,11148,1910,0.8940498904512246
11148,641776,0.7303260074544756,false,11148,641776,0.7303260074544756
11148,100506658,0.781265875823928,false,11148,100506658,0.781265875823928
11148,200373,0.9921771009231789,false,11148,200373,0.9921771009231789
11148,168090,0.934881706278315,false,11148,168090,0.934881706278315
11148,474354,0.7950711281521888,false,11148,474354,0.7950711281521888
11148,341676,0.819589638844529,false,11148,341676,0.819589638844529
11148,148213,0.7276075579985657,false,11148,148213,0.7276075579985657
11148,10595,0.8714952691743749,false,11148,10595,0.8714952691743749
11148,4583,0.888023832128428,false,11148,4583,0.888023832128428
11148,54842,0.8973802563680014,false,11148,54842,0.8973802563680014
11148,55567,0.8502737419368601,false,11148,55567,0.8502737419368601
11148,6103,0.8357350416220262,false,11148,6103,0.8357350416220262
11148,115677,0.713190882967623,false,11148,115677,0.713190882967623
11148,7851,0.7469997233934628,false,11148,7851,0.7469997233934628
11148,253970,0.8274421432637825,false,11148,253970,0.8274421432637825
11148,109136579,0.7381962065554913,false,11148,109136579,0.7381962065554913
11148,55808,0.7050661187891218,false,11148,55808,0.7050661187891218
11148,999,0.8792223340179415,false,11148,999,0.8792223340179415
11148,126353,0.794780719522147,false,11148,126353,0.794780719522147
11148,64332,0.7232454206276412,false,11148,64332,0.7232454206276412
11148,116984,0.7196450244200165,false,11148,116984,0.7196450244200165
11148,3875,0.9071648007914724,false,11148,3875,0.9071648007914724
11148,1577,0.7145603592025371,false,11148,1577,0.7145603592025371
11148,100033430,0.848187470007024,false,11148,100033430,0.848187470007024
11148,340267,0.7442045371645691,false,11148,340267,0.7442045371645691
11148,4680,0.7788349219278297,false,11148,4680,0.7788349219278297
11148,1510,0.7366430573562263,false,11148,1510,0.7366430573562263
11148,441251,0.8628229615227307,false,11148,441251,0.8628229615227307
11148,102723849,0.7001859830943677,false,11148,102723849,0.7001859830943677
11148,6337,0.8437632161681858,false,11148,6337,0.8437632161681858
11148,5284,0.9916151067235535,false,11148,5284,0.9916151067235535
11148,619383,0.7452222175378999,false,11148,619383,0.7452222175378999
11148,89765,0.9558105062226908,false,11148,89765,0.9558105062226908
11148,57111,0.7417166811142548,false,11148,57111,0.7417166811142548
11148,278,0.9109345225653532,false,11148,278,0.9109345225653532
11148,116844,0.8045627425151023,false,11148,116844,0.8045627425151023
11148,10129,0.701582685962995,false,11148,10129,0.701582685962995
11148,10551,0.7054898959916239,false,11148,10551,0.7054898959916239
11148,688,0.9658193789679981,false,11148,688,0.9658193789679981
11148,6101,0.8729031643273745,false,11148,6101,0.8729031643273745
11148,378938,0.7393341369819654,false,11148,378938,0.7393341369819654
11148,112268155,0.7322128720130637,false,11148,112268155,0.7322128720130637
11148,1152,0.7463119333128442,false,11148,1152,0.7463119333128442
11148,27074,0.9425711117383092,false,11148,27074,0.9425711117383092
11148,1556,0.739522996060581,false,11148,1556,0.739522996060581
11148,79632,0.8779703268029198,false,11148,79632,0.8779703268029198
11148,4585,0.911080625511967,false,11148,4585,0.911080625511967
11148,22996,0.7507795809571273,false,11148,22996,0.7507795809571273
11148,55930,0.7327685613548646,false,11148,55930,0.7327685613548646
11148,1767,0.8149700784535283,false,11148,1767,0.8149700784535283
11148,7113,0.8137509726622808,false,11148,7113,0.8137509726622808
11148,54861,0.7367410849408221,false,11148,54861,0.7367410849408221
11148,222256,0.8934961440312383,false,11148,222256,0.8934961440312383
11148,26084,0.8268851492308461,false,11148,26084,0.8268851492308461
11148,100529240,0.7136842571840964,false,11148,100529240,0.7136842571840964
11148,647024,0.8686700111778441,false,11148,647024,0.8686700111778441
11148,151531,0.785035788158704,false,11148,151531,0.785035788158704
11148,201625,0.948658700410376,false,11148,201625,0.948658700410376
11148,105180390,0.7118297304222043,false,11148,105180390,0.7118297304222043
11148,1043,0.9713808095178286,false,11148,1043,0.9713808095178286
11148,692058,0.783328402448575,false,11148,692058,0.783328402448575
11148,276,0.94226962562029,false,11148,276,0.94226962562029
11148,168374,0.7953364791060988,false,11148,168374,0.7953364791060988
11148,83481,0.8473034087642398,false,11148,83481,0.8473034087642398
11148,645843,0.7996316329846589,false,11148,645843,0.7996316329846589
11148,2122,0.7306203004622392,false,11148,2122,0.7306203004622392
11148,84059,0.8455293107438244,false,11148,84059,0.8455293107438244
11148,1579,0.9246187835070905,false,11148,1579,0.9246187835070905
11148,57477,0.7301697558017318,false,11148,57477,0.7301697558017318
11148,80004,0.9286339596572313,false,11148,80004,0.9286339596572313
11148,121512,0.7816799957995954,false,11148,121512,0.7816799957995954
11148,120892,0.8591441067078663,false,11148,120892,0.8591441067078663
11148,123624,0.7889980771478117,false,11148,123624,0.7889980771478117
11148,3993,0.723685884451952,false,11148,3993,0.723685884451952
11148,389852,0.7066827945136176,false,11148,389852,0.7066827945136176
11148,164312,0.7355551063467527,false,11148,164312,0.7355551063467527
11148,84239,0.8273476524689711,false,11148,84239,0.8273476524689711
11148,353189,0.7972781347542975,false,11148,353189,0.7972781347542975
11148,2065,0.8435908991027222,false,11148,2065,0.8435908991027222
11148,84851,0.8623013717396412,false,11148,84851,0.8623013717396412
11148,780,0.8340431777944927,false,11148,780,0.8340431777944927
11148,3880,0.9527136707215408,false,11148,3880,0.9527136707215408
11148,94059,0.7018411170086924,false,11148,94059,0.7018411170086924
11148,26769,0.8370627321685691,false,11148,26769,0.8370627321685691
11148,100129460,0.9117525863881428,false,11148,100129460,0.9117525863881428
11148,4069,0.7811077789448022,false,11148,4069,0.7811077789448022
11148,1080,0.8152993051754128,false,11148,1080,0.8152993051754128
11148,1286,0.8606671702992584,false,11148,1286,0.8606671702992584
11148,692213,0.7112286647141959,false,11148,692213,0.7112286647141959
11148,79784,0.7998840516715691,false,11148,79784,0.7998840516715691
11148,153643,0.8841218431165994,false,11148,153643,0.8841218431165994
11148,144535,0.8396638386868281,false,11148,144535,0.8396638386868281
11148,649946,0.7262124130099818,false,11148,649946,0.7262124130099818
11148,79740,0.8134607392876427,false,11148,79740,0.8134607392876427
11148,745,0.7191145125178788,false,11148,745,0.7191145125178788
107984125,93035,0.795412484330365,false,107984125,93035,0.795412484330365
107984125,4629,0.7060062682583198,false,107984125,4629,0.7060062682583198
107984125,1528,0.7730756423835325,false,107984125,1528,0.7730756423835325
107984125,284340,0.769070358539185,false,107984125,284340,0.769070358539185
107984125,92304,0.8791495239731861,false,107984125,92304,0.8791495239731861
107984125,138428,0.737287457616385,false,107984125,138428,0.737287457616385
107984125,345895,0.7888166860713075,false,107984125,345895,0.7888166860713075
107984125,6440,0.8289302451101103,false,107984125,6440,0.8289302451101103
107984125,10568,0.7921244789569215,false,107984125,10568,0.7921244789569215
107984125,33,0.7245487848746964,false,107984125,33,0.7245487848746964
107984125,1770,0.8677330196748593,false,107984125,1770,0.8677330196748593
107984125,177,0.8087534051953589,false,107984125,177,0.8087534051953589
107984125,57530,0.7598685309110552,false,107984125,57530,0.7598685309110552
107984125,7080,0.7491188680291545,false,107984125,7080,0.7491188680291545
107984125,6439,0.8512539771447805,false,107984125,6439,0.8512539771447805
107984125,85452,0.8190785784952094,false,107984125,85452,0.8190785784952094
107984125,146177,0.8235874542532833,false,107984125,146177,0.8235874542532833
107984125,221395,0.7084265202277725,false,107984125,221395,0.7084265202277725
107984125,253970,0.7839266344280109,false,107984125,253970,0.7839266344280109
107984125,6441,0.7899581617200427,false,107984125,6441,0.7899581617200427
107984125,4070,0.7270539593945344,false,107984125,4070,0.7270539593945344
107984125,4680,0.7280157008087942,false,107984125,4680,0.7280157008087942
107984125,7356,0.7162455733754902,false,107984125,7356,0.7162455733754902
107984125,102723635,0.7951892614580529,false,107984125,102723635,0.7951892614580529
107984125,11185,0.7966623435939434,false,107984125,11185,0.7966623435939434
107984125,54848,0.7456999987736274,false,107984125,54848,0.7456999987736274
107984125,9476,0.8485879774110501,false,107984125,9476,0.8485879774110501
107984125,117156,0.7969914381586946,false,107984125,117156,0.7969914381586946
107984125,57477,0.728379209174879,false,107984125,57477,0.728379209174879
107984125,6097,0.8656929894286243,false,107984125,6097,0.8656929894286243
107984125,123624,0.8365188582683936,false,107984125,123624,0.8365188582683936
107984125,389376,0.7668830759214617,false,107984125,389376,0.7668830759214617
107984125,21,0.7892865644499937,false,107984125,21,0.7892865644499937
107984125,123872,0.7686086377975901,false,107984125,123872,0.7686086377975901
107984125,9052,0.8847590847171274,false,107984125,9052,0.8847590847171274
107984125,79784,0.7605820524885606,false,107984125,79784,0.7605820524885606
107984125,653509,0.8875650965757423,false,107984125,653509,0.8875650965757423
107984125,729238,0.8461110114571998,false,107984125,729238,0.8461110114571998
107984125,79098,0.8257828793929478,false,107984125,79098,0.8257828793929478
107984125,3855,0.7639192824958323,false,107984125,3855,0.7639192824958323
222166,127733,0.8043540624664272,false,222166,127733,0.8043540624664272
222166,6496,0.939892653460009,false,222166,6496,0.939892653460009
222166,6928,0.7435890426269112,false,222166,6928,0.7435890426269112
222166,253982,0.7194999657635088,false,222166,253982,0.7194999657635088
222166,4574,0.8813325126489598,false,222166,4574,0.8813325126489598
222166,105375355,0.7524428477238907,false,222166,105375355,0.7524428477238907
222166,102724057,0.7643287034135609,false,222166,102724057,0.7643287034135609
222166,103504738,0.7805511341872039,false,222166,103504738,0.7805511341872039
222166,1580,0.7516534189422839,false,222166,1580,0.7516534189422839
222166,1132,0.7734434482035363,false,222166,1132,0.7734434482035363
222166,56241,0.7776523361579788,false,222166,56241,0.7776523361579788
222166,89,0.7932220803248092,false,222166,89,0.7932220803248092
222166,57526,0.8889567373899567,false,222166,57526,0.8889567373899567
222166,2327,0.784364343816946,false,222166,2327,0.784364343816946
222166,146556,0.8211361572562761,false,222166,146556,0.8211361572562761
222166,406903,0.7858890074467647,false,222166,406903,0.7858890074467647
222166,84842,0.7941826722106999,false,222166,84842,0.7941826722106999
222166,388555,0.8066787543384176,false,222166,388555,0.8066787543384176
222166,128602,0.7416481010713772,false,222166,128602,0.7416481010713772
222166,100506380,0.8965156438102603,false,222166,100506380,0.8965156438102603
222166,363,0.8066787543384177,false,222166,363,0.8066787543384177
222166,644649,0.7880862428395726,false,222166,644649,0.7880862428395726
222166,65998,0.9225893380559722,false,222166,65998,0.9225893380559722
222166,419,0.8066787543384176,false,222166,419,0.8066787543384176
222166,93517,0.8076483147894424,false,222166,93517,0.8076483147894424
222166,388633,0.8121174894717517,false,222166,388633,0.8121174894717517
222166,3780,0.8971999065889241,false,222166,3780,0.8971999065889241
222166,23562,0.9086828117858626,false,222166,23562,0.9086828117858626
222166,163479,0.7337816506722807,false,222166,163479,0.7337816506722807
222166,84867,0.7525337498208493,false,222166,84867,0.7525337498208493
222166,100130701,0.7844247129020804,false,222166,100130701,0.7844247129020804
222166,441151,0.789556015517261,false,222166,441151,0.789556015517261
222166,5349,0.8318012098150827,false,222166,5349,0.8318012098150827
222166,222183,0.8597097939250559,false,222166,222183,0.8597097939250559
222166,113219467,0.8757339065342835,false,222166,113219467,0.8757339065342835
222166,26797,0.8728594775504053,false,222166,26797,0.8728594775504053
222166,692209,0.8171222179513026,false,222166,692209,0.8171222179513026
222166,4861,0.8796725798337437,false,222166,4861,0.8796725798337437
222166,284434,0.775738851166225,false,222166,284434,0.775738851166225
222166,1028,0.8776716099437084,false,222166,1028,0.8776716099437084
222166,100423031,0.8066787543384178,false,222166,100423031,0.8066787543384178
222166,165186,0.7497134280230264,false,222166,165186,0.7497134280230264
222166,102465485,0.9127052922239863,false,222166,102465485,0.9127052922239863
4233,9365,0.9269216096209595,false,4233,9365,0.9269216096209595
4233,114569,0.8180423669387018,false,4233,114569,0.8180423669387018
4233,51554,0.8365572368835842,false,4233,51554,0.8365572368835842
4233,55329,0.8353989708075084,false,4233,55329,0.8353989708075084
4233,116228,0.8867026735337096,false,4233,116228,0.8867026735337096
4233,4883,0.8600167552163414,false,4233,4883,0.8600167552163414
4233,79977,0.9772833239371675,false,4233,79977,0.9772833239371675
4233,9208,0.9960762503722426,false,4233,9208,0.9960762503722426
4233,112268252,0.8166043345502547,false,4233,112268252,0.8166043345502547
4233,277,0.9721454281498786,false,4233,277,0.9721454281498786
4233,80736,0.7979400444736117,false,4233,80736,0.7979400444736117
4233,163131,0.7823361216616975,false,4233,163131,0.7823361216616975
4233,25901,0.813998711308301,false,4233,25901,0.813998711308301
4233,100302170,0.8414836544325669,false,4233,100302170,0.8414836544325669
4233,5225,0.7525728991044895,false,4233,5225,0.7525728991044895
4233,51365,0.8267554025955856,false,4233,51365,0.8267554025955856
4233,7225,0.8910982906059024,false,4233,7225,0.8910982906059024
4233,4128,0.8062299413961946,false,4233,4128,0.8062299413961946
4233,27134,0.8663861251260726,false,4233,27134,0.8663861251260726
4233,654412,0.8579810194540467,false,4233,654412,0.8579810194540467
4233,55892,0.7760063636359003,false,4233,55892,0.7760063636359003
4233,8999,0.708587423917372,false,4233,8999,0.708587423917372
4233,306,0.7976085382161963,false,4233,306,0.7976085382161963
4233,157310,0.7738626097856826,false,4233,157310,0.7738626097856826
4233,5340,0.8722723543067095,false,4233,5340,0.8722723543067095
4233,4582,0.8823973603416437,false,4233,4582,0.8823973603416437
4233,3248,0.8449557221143796,false,4233,3248,0.8449557221143796
4233,677831,0.7360982941968286,false,4233,677831,0.7360982941968286
4233,255189,0.8151568442070671,false,4233,255189,0.8151568442070671
4233,641384,0.8337011372782129,false,4233,641384,0.8337011372782129
4233,100130449,0.908069723512691,false,4233,100130449,0.908069723512691
4233,10103,0.9165125757958099,false,4233,10103,0.9165125757958099
4233,3856,0.9672063587726241,false,4233,3856,0.9672063587726241
4233,1048,0.8365372924283475,false,4233,1048,0.8365372924283475
4233,100419743,0.8364459099670911,false,4233,100419743,0.8364459099670911
4233,79838,0.9784811958804279,false,4233,79838,0.9784811958804279
4233,10529,0.8657596422470446,false,4233,10529,0.8657596422470446
4233,3983,0.8525576572635208,false,4233,3983,0.8525576572635208
4233,3694,0.9280636855297042,false,4233,3694,0.9280636855297042
4233,22941,0.7681818798740764,false,4233,22941,0.7681818798740764
4233,285989,0.9043001455746953,false,4233,285989,0.9043001455746953
4233,2627,0.9228339637650329,false,4233,2627,0.9228339637650329
4233,503640,0.8484933451654799,false,4233,503640,0.8484933451654799
4233,5555,0.7133476000972582,false,4233,5555,0.7133476000972582
4233,259290,0.7955070022094495,false,4233,259290,0.7955070022094495
4233,1555,0.9265790643611884,false,4233,1555,0.9265790643611884
4233,57528,0.8282471635320232,false,4233,57528,0.8282471635320232
4233,201456,0.8195172669106542,false,4233,201456,0.8195172669106542
4233,142827,0.7453868284106795,false,4233,142827,0.7453868284106795
4233,163720,0.7045248902984104,false,4233,163720,0.7045248902984104
4233,57186,0.9141489770666182,false,4233,57186,0.9141489770666182
4233,6751,0.7657617655389668,false,4233,6751,0.7657617655389668
4233,10579,0.7394104831402396,false,4233,10579,0.7394104831402396
4233,102723508,0.7749486939285414,false,4233,102723508,0.7749486939285414
4233,28984,0.9715521601927483,false,4233,28984,0.9715521601927483
4233,51185,0.7931640090538836,false,4233,51185,0.7931640090538836
4233,130367,0.9894499695017205,false,4233,130367,0.9894499695017205
4233,285335,0.9619712226584876,false,4233,285335,0.9619712226584876
4233,9356,0.8075457862235618,false,4233,9356,0.8075457862235618
4233,1910,0.9210653836364159,false,4233,1910,0.9210653836364159
4233,641776,0.8915523998384047,false,4233,641776,0.8915523998384047
4233,100506658,0.8059821488476798,false,4233,100506658,0.8059821488476798
4233,200373,0.9004086329104705,false,4233,200373,0.9004086329104705
4233,168090,0.8519393065953945,false,4233,168090,0.8519393065953945
4233,474354,0.770232114239206,false,4233,474354,0.770232114239206
4233,341676,0.9439998719315387,false,4233,341676,0.9439998719315387
4233,148213,0.8836946468788174,false,4233,148213,0.8836946468788174
4233,10595,0.9661666055997084,false,4233,10595,0.9661666055997084
4233,4583,0.9769210866234952,false,4233,4583,0.9769210866234952
4233,54842,0.7380036739538907,false,4233,54842,0.7380036739538907
4233,728643,0.7296855372027294,false,4233,728643,0.7296855372027294
4233,55567,0.9435127385068203,false,4233,55567,0.9435127385068203
4233,6103,0.9224076729452844,false,4233,6103,0.9224076729452844
4233,54997,0.833229648700178,false,4233,54997,0.833229648700178
4233,79848,0.8112828411064872,false,4233,79848,0.8112828411064872
4233,115677,0.8359766823160862,false,4233,115677,0.8359766823160862
4233,5961,0.8242021164711583,false,4233,5961,0.8242021164711583
4233,7851,0.8923442992248821,false,4233,7851,0.8923442992248821
4233,692072,0.8585110301472236,false,4233,692072,0.8585110301472236
4233,109136579,0.9251934819760071,false,4233,109136579,0.9251934819760071
4233,503645,0.8211251648402211,false,4233,503645,0.8211251648402211
4233,55808,0.8532479472380881,false,4233,55808,0.8532479472380881
4233,999,0.9581735716281929,false,4233,999,0.9581735716281929
4233,126353,0.8988192993365308,false,4233,126353,0.8988192993365308
4233,26226,0.8757104211001251,false,4233,26226,0.8757104211001251
4233,64332,0.9362401252681156,false,4233,64332,0.9362401252681156
4233,346007,0.86270218334886,false,4233,346007,0.86270218334886
4233,388743,0.8485063381568201,false,4233,388743,0.8485063381568201
4233,116984,0.7398244859867245,false,4233,116984,0.7398244859867245
4233,3875,0.7216875177436491,false,4233,3875,0.7216875177436491
4233,137872,0.7644844469376713,false,4233,137872,0.7644844469376713
4233,1577,0.8928114121182046,false,4233,1577,0.8928114121182046
4233,100033430,0.9627499964996522,false,4233,100033430,0.9627499964996522
4233,340267,0.8922854984971833,false,4233,340267,0.8922854984971833
4233,200879,0.844077015324299,false,4233,200879,0.844077015324299
4233,1510,0.8712253825374776,false,4233,1510,0.8712253825374776
4233,441251,0.986516595782808,false,4233,441251,0.986516595782808
4233,102723849,0.8787791869815578,false,4233,102723849,0.8787791869815578
4233,6337,0.8592469734219137,false,4233,6337,0.8592469734219137
4233,5284,0.9119171270940585,false,4233,5284,0.9119171270940585
4233,57669,0.8260312133636738,false,4233,57669,0.8260312133636738
4233,619383,0.9250166117372608,false,4233,619383,0.9250166117372608
4233,89765,0.8973245912965091,false,4233,89765,0.8973245912965091
4233,57111,0.8842380847798774,false,4233,57111,0.8842380847798774
4233,278,0.9916331438059661,false,4233,278,0.9916331438059661
4233,116844,0.9307535694802835,false,4233,116844,0.9307535694802835
4233,10129,0.8875262253724274,false,4233,10129,0.8875262253724274
4233,4586,0.8411447032991388,false,4233,4586,0.8411447032991388
4233,100158262,0.7956263345146647,false,4233,100158262,0.7956263345146647
4233,10551,0.8663212941291132,false,4233,10551,0.8663212941291132
4233,688,0.9232741191066849,false,4233,688,0.9232741191066849
4233,6101,0.8076190878713069,false,4233,6101,0.8076190878713069
4233,378938,0.925789800172287,false,4233,378938,0.925789800172287
4233,54897,0.7148934760361668,false,4233,54897,0.7148934760361668
4233,285,0.7893863590120392,false,4233,285,0.7893863590120392
4233,117155,0.810009180956181,false,4233,117155,0.810009180956181
4233,112268155,0.8976559570064825,false,4233,112268155,0.8976559570064825
4233,1152,0.8899058844778793,false,4233,1152,0.8899058844778793
4233,27074,0.8362141009676821,false,4233,27074,0.8362141009676821
4233,79083,0.8469223944548476,false,4233,79083,0.8469223944548476
4233,66002,0.8308983087354326,false,4233,66002,0.8308983087354326
4233,1556,0.8732281532616873,false,4233,1556,0.8732281532616873
4233,79632,0.7973172528429019,false,4233,79632,0.7973172528429019
4233,4585,0.8243755199175182,false,4233,4585,0.8243755199175182
4233,22996,0.863738410387767,false,4233,22996,0.863738410387767
4233,55930,0.854261786985207,false,4233,55930,0.854261786985207
4233,7113,0.9229225971068789,false,4233,7113,0.9229225971068789
4233,54861,0.9023661854091349,false,4233,54861,0.9023661854091349
4233,222256,0.9855235579719653,false,4233,222256,0.9855235579719653
4233,105180391,0.8719216295840256,false,4233,105180391,0.8719216295840256
4233,100529240,0.8837818877951726,false,4233,100529240,0.8837818877951726
4233,113218482,0.8414773210145607,false,4233,113218482,0.8414773210145607
4233,647024,0.9425693936786158,false,4233,647024,0.9425693936786158
4233,255928,0.8081482765896921,false,4233,255928,0.8081482765896921
4233,151531,0.8942758104152965,false,4233,151531,0.8942758104152965
4233,8537,0.8163570384415988,false,4233,8537,0.8163570384415988
4233,10018,0.8561807546957287,false,4233,10018,0.8561807546957287
4233,115019,0.8499879006664343,false,4233,115019,0.8499879006664343
4233,201625,0.9589229218127256,false,4233,201625,0.9589229218127256
4233,105180390,0.8830429565002518,false,4233,105180390,0.8830429565002518
4233,1043,0.9157617381459527,false,4233,1043,0.9157617381459527
4233,692058,0.9343044968953786,false,4233,692058,0.9343044968953786
4233,276,0.9857771126889819,false,4233,276,0.9857771126889819
4233,168374,0.9513644929050364,false,4233,168374,0.9513644929050364
4233,83481,0.9262807219792935,false,4233,83481,0.9262807219792935
4233,645843,0.9457925076151835,false,4233,645843,0.9457925076151835
4233,84059,0.7114052372127686,false,4233,84059,0.7114052372127686
4233,143884,0.7746304478826156,false,4233,143884,0.7746304478826156
4233,1579,0.9067443186370319,false,4233,1579,0.9067443186370319
4233,80004,0.946889510321201,false,4233,80004,0.946889510321201
4233,121512,0.9029615508285798,false,4233,121512,0.9029615508285798
4233,120892,0.7041311349687435,false,4233,120892,0.7041311349687435
4233,3993,0.7973526553437508,false,4233,3993,0.7973526553437508
4233,389852,0.8683021899051842,false,4233,389852,0.8683021899051842
4233,342892,0.8280409071201863,false,4233,342892,0.8280409071201863
4233,164312,0.8444994035127148,false,4233,164312,0.8444994035127148
4233,84239,0.9262918246298504,false,4233,84239,0.9262918246298504
4233,2065,0.9436191907579315,false,4233,2065,0.9436191907579315
4233,57402,0.7050630725968648,false,4233,57402,0.7050630725968648
4233,1513,0.8829317160718047,false,4233,1513,0.8829317160718047
4233,84851,0.7929768424339743,false,4233,84851,0.7929768424339743
4233,780,0.8428177282998165,false,4233,780,0.8428177282998165
4233,135656,0.8375971332264184,false,4233,135656,0.8375971332264184
4233,3880,0.9348236071810908,false,4233,3880,0.9348236071810908
4233,94059,0.8701623549556319,false,4233,94059,0.8701623549556319
4233,26769,0.9710917964400957,false,4233,26769,0.9710917964400957
4233,3960,0.834969921987208,false,4233,3960,0.834969921987208
4233,284323,0.8048100491652986,false,4233,284323,0.8048100491652986
4233,100129460,0.9940499095830743,false,4233,100129460,0.9940499095830743
4233,65217,0.7867055348500444,false,4233,65217,0.7867055348500444
4233,1286,0.7758575879822388,false,4233,1286,0.7758575879822388
4233,23584,0.7796014026398735,false,4233,23584,0.7796014026398735
4233,692213,0.8594047844143764,false,4233,692213,0.8594047844143764
4233,153643,0.9656242796124447,false,4233,153643,0.9656242796124447
4233,112268422,0.8280041564596121,false,4233,112268422,0.8280041564596121
4233,649946,0.8967098082677512,false,4233,649946,0.8967098082677512
4233,259294,0.825278534591571,false,4233,259294,0.825278534591571
4233,79740,0.8508179952278578,false,4233,79740,0.8508179952278578
4233,2266,0.8442521004839768,false,4233,2266,0.8442521004839768
4233,745,0.8538109453020524,false,4233,745,0.8538109453020524
4233,440352,0.7327418964750397,false,4233,440352,0.7327418964750397
55507,105374373,0.7393922690118406,false,55507,105374373,0.7393922690118406
55507,253982,0.7258057023144943,false,55507,253982,0.7258057023144943
55507,6262,0.876360111085846,false,55507,6262,0.876360111085846
55507,284266,0.9223801968543444,false,55507,284266,0.9223801968543444
55507,375612,0.9167907473578772,false,55507,375612,0.9167907473578772
55507,730,0.8630877873128892,false,55507,730,0.8630877873128892
55507,728226,0.8443316439053844,false,55507,728226,0.8443316439053844
55507,22943,0.9344330006796369,false,55507,22943,0.9344330006796369
55507,2696,0.9661104145194331,false,55507,2696,0.9661104145194331
55507,54084,0.9515537874347865,false,55507,54084,0.9515537874347865
55507,100129940,0.817455791604534,false,55507,100129940,0.817455791604534
55507,339983,0.9718054265681041,false,55507,339983,0.9718054265681041
55507,6969,0.9869836784012734,false,55507,6969,0.9869836784012734
55507,7473,0.983788183427099,false,55507,7473,0.983788183427099
55507,6332,0.9373747815658585,false,55507,6332,0.9373747815658585
55507,9223,0.9659062435312065,false,55507,9223,0.9659062435312065
55507,1180,0.8916543521959285,false,55507,1180,0.8916543521959285
55507,653082,0.8665092325440121,false,55507,653082,0.8665092325440121
55507,2277,0.8535842258567151,false,55507,2277,0.8535842258567151
55507,825,0.8497794296769097,false,55507,825,0.8497794296769097
55507,388327,0.7618600351702036,false,55507,388327,0.7618600351702036
55507,79148,0.849806180376055,false,55507,79148,0.849806180376055
55507,6532,0.9454927402972507,false,55507,6532,0.9454927402972507
55507,100996506,0.9722781969931837,false,55507,100996506,0.9722781969931837
55507,100505495,0.9411970597333705,false,55507,100505495,0.9411970597333705
55507,57524,0.826176069086944,false,55507,57524,0.826176069086944
55507,256076,0.93243807363028,false,55507,256076,0.93243807363028
55507,284680,0.7691302936597456,false,55507,284680,0.7691302936597456
55507,9411,0.7911319395145415,false,55507,9411,0.7911319395145415
55507,128218,0.7000226017864108,false,55507,128218,0.7000226017864108
55507,100820829,0.9740903187320122,false,55507,100820829,0.9740903187320122
55507,105373265,0.8654087320297975,false,55507,105373265,0.8654087320297975
55507,9211,0.971805426568104,false,55507,9211,0.971805426568104
55507,440590,0.8018000357359487,false,55507,440590,0.8018000357359487
55507,55282,0.8788140625024853,false,55507,55282,0.8788140625024853
79188,401492,0.8886099603712835,false,79188,401492,0.8886099603712835
79188,401089,0.8918159562023455,false,79188,401089,0.8918159562023455
79188,29895,0.8647021735912577,false,79188,29895,0.8647021735912577
79188,11081,0.8641731895344424,false,79188,11081,0.8641731895344424
79188,3481,0.7818611199975132,false,79188,3481,0.7818611199975132
79188,4062,0.8927924063240036,false,79188,4062,0.8927924063240036
79188,7125,0.888784549324075,false,79188,7125,0.888784549324075
79188,3229,0.892602934677581,false,79188,3229,0.892602934677581
79188,7060,0.8884912156095304,false,79188,7060,0.8884912156095304
79188,102723382,0.9518153542100095,false,79188,102723382,0.9518153542100095
79188,54112,0.8918159562023455,false,79188,54112,0.8918159562023455
79188,4892,0.887960807984199,false,79188,4892,0.887960807984199
79188,3207,0.9244289434753636,false,79188,3207,0.9244289434753636
79188,644649,0.7087512763681865,false,79188,644649,0.7087512763681865
79188,3929,0.8692039348910827,false,79188,3929,0.8692039348910827
79188,105369937,0.8918159562023455,false,79188,105369937,0.8918159562023455
79188,107984498,0.892846284151729,false,79188,107984498,0.892846284151729
79188,284111,0.8736139186139966,false,79188,284111,0.8736139186139966
79188,128674,0.8918159562023455,false,79188,128674,0.8918159562023455
79188,7780,0.8780128301089188,false,79188,7780,0.8780128301089188
79188,101928580,0.8385939266215063,false,79188,101928580,0.8385939266215063
79188,57110,0.8814562631724615,false,79188,57110,0.8814562631724615
79188,646480,0.8910711122376369,false,79188,646480,0.8910711122376369
79188,4606,0.8925492666606091,false,79188,4606,0.8925492666606091
9365,51554,0.972950207203111,false,9365,51554,0.972950207203111
9365,55329,0.9673401931448553,false,9365,55329,0.9673401931448553
9365,116228,0.9681642612357642,false,9365,116228,0.9681642612357642
9365,79977,0.9310498661287505,false,9365,79977,0.9310498661287505
9365,9208,0.9092244247043818,false,9365,9208,0.9092244247043818
9365,112268252,0.9301702313405666,false,9365,112268252,0.9301702313405666
9365,277,0.9817987742763544,false,9365,277,0.9817987742763544
9365,80736,0.9270292509888534,false,9365,80736,0.9270292509888534
9365,163131,0.9175573889981321,false,9365,163131,0.9175573889981321
9365,25901,0.9628135027942755,false,9365,25901,0.9628135027942755
9365,100302170,0.9778740105870584,false,9365,100302170,0.9778740105870584
9365,51365,0.9740027204622232,false,9365,51365,0.9740027204622232
9365,7225,0.9759167970243958,false,9365,7225,0.9759167970243958
9365,4128,0.7920094935432332,false,9365,4128,0.7920094935432332
9365,27134,0.9837550439914661,false,9365,27134,0.9837550439914661
9365,654412,0.9834901167715632,false,9365,654412,0.9834901167715632
9365,55892,0.8830133742348732,false,9365,55892,0.8830133742348732
9365,8999,0.9026300009731033,false,9365,8999,0.9026300009731033
9365,306,0.8579054008550889,false,9365,306,0.8579054008550889
9365,157310,0.8124977005942832,false,9365,157310,0.8124977005942832
9365,5340,0.9895637170447471,false,9365,5340,0.9895637170447471
9365,4582,0.9909390053528792,false,9365,4582,0.9909390053528792
9365,3248,0.9725786707724179,false,9365,3248,0.9725786707724179
9365,255189,0.9567384317316215,false,9365,255189,0.9567384317316215
9365,641384,0.9738467336110425,false,9365,641384,0.9738467336110425
9365,100130449,0.9948759386530637,false,9365,100130449,0.9948759386530637
9365,10103,0.9952722803786918,false,9365,10103,0.9952722803786918
9365,3856,0.9446106350757326,false,9365,3856,0.9446106350757326
9365,1048,0.9769074576142417,false,9365,1048,0.9769074576142417
9365,100419743,0.9768730873540248,false,9365,100419743,0.9768730873540248
9365,79838,0.9504316725003042,false,9365,79838,0.9504316725003042
9365,10529,0.7371784448198956,false,9365,10529,0.7371784448198956
9365,3983,0.9840438374773623,false,9365,3983,0.9840438374773623
9365,3694,0.9418882223405899,false,9365,3694,0.9418882223405899
9365,22941,0.9090980951865976,false,9365,22941,0.9090980951865976
9365,285989,0.9944893448838994,false,9365,285989,0.9944893448838994
9365,2627,0.989101869273472,false,9365,2627,0.989101869273472
9365,503640,0.9813378957912811,false,9365,503640,0.9813378957912811
9365,259290,0.9458275650726162,false,9365,259290,0.9458275650726162
9365,1555,0.9933824517044854,false,9365,1555,0.9933824517044854
9365,57528,0.9752326335124386,false,9365,57528,0.9752326335124386
9365,201456,0.9726336686659817,false,9365,201456,0.9726336686659817
9365,142827,0.9088940773246635,false,9365,142827,0.9088940773246635
9365,57186,0.9369286040798369,false,9365,57186,0.9369286040798369
9365,6751,0.9449115131300271,false,9365,6751,0.9449115131300271
9365,79908,0.7694007633694921,false,9365,79908,0.7694007633694921
9365,102723508,0.93544657500593,false,9365,102723508,0.93544657500593
9365,28984,0.8719199949974238,false,9365,28984,0.8719199949974238
9365,130367,0.9166955444636508,false,9365,130367,0.9166955444636508
9365,285335,0.831785942137738,false,9365,285335,0.831785942137738
9365,9356,0.9649027443026104,false,9365,9356,0.9649027443026104
9365,1910,0.84006052778262,false,9365,1910,0.84006052778262
9365,641776,0.9949066678454714,false,9365,641776,0.9949066678454714
9365,100506658,0.9175569107219079,false,9365,100506658,0.9175569107219079
9365,200373,0.7579684073414157,false,9365,200373,0.7579684073414157
9365,168090,0.7074161983341626,false,9365,168090,0.7074161983341626
9365,341676,0.996230715514283,false,9365,341676,0.996230715514283
9365,148213,0.992302046491612,false,9365,148213,0.992302046491612
9365,10595,0.9796970815631074,false,9365,10595,0.9796970815631074
9365,4583,0.9705794662426022,false,9365,4583,0.9705794662426022
9365,728643,0.9094848029309284,false,9365,728643,0.9094848029309284
9365,55567,0.9901608636992248,false,9365,55567,0.9901608636992248
9365,6103,0.7560919205735613,false,9365,6103,0.7560919205735613
9365,54997,0.9785477955525416,false,9365,54997,0.9785477955525416
9365,79848,0.9424895714980445,false,9365,79848,0.9424895714980445
9365,219790,0.7323751399546711,false,9365,219790,0.7323751399546711
9365,115677,0.8752851489520918,false,9365,115677,0.8752851489520918
9365,5961,0.9687017055849918,false,9365,5961,0.9687017055849918
9365,7851,0.9949778136350999,false,9365,7851,0.9949778136350999
9365,692072,0.9748925058119103,false,9365,692072,0.9748925058119103
9365,109136579,0.9890232935914749,false,9365,109136579,0.9890232935914749
9365,503645,0.9333318852389695,false,9365,503645,0.9333318852389695
9365,55808,0.9836845493528935,false,9365,55808,0.9836845493528935
9365,999,0.9827684397395172,false,9365,999,0.9827684397395172
9365,126353,0.9872180305239547,false,9365,126353,0.9872180305239547
9365,26226,0.9798031898503633,false,9365,26226,0.9798031898503633
9365,64332,0.9557444803071861,false,9365,64332,0.9557444803071861
9365,346007,0.8861257693529335,false,9365,346007,0.8861257693529335
9365,388743,0.9813629718304405,false,9365,388743,0.9813629718304405
9365,116984,0.7721114588731405,false,9365,116984,0.7721114588731405
9365,137872,0.9359756663312263,false,9365,137872,0.9359756663312263
9365,1577,0.9873993608824787,false,9365,1577,0.9873993608824787
9365,100033430,0.9897860741804548,false,9365,100033430,0.9897860741804548
9365,340267,0.9919064334149535,false,9365,340267,0.9919064334149535
9365,200879,0.9810964324672876,false,9365,200879,0.9810964324672876
9365,1510,0.9861538995500893,false,9365,1510,0.9861538995500893
9365,441251,0.9731257189094956,false,9365,441251,0.9731257189094956
9365,102723849,0.9900679243972909,false,9365,102723849,0.9900679243972909
9365,9196,0.7667695000248205,false,9365,9196,0.7667695000248205
9365,6337,0.9221027107081686,false,9365,6337,0.9221027107081686
9365,5284,0.7433846319940113,false,9365,5284,0.7433846319940113
9365,57669,0.9470953510339889,false,9365,57669,0.9470953510339889
9365,619383,0.9895281354377614,false,9365,619383,0.9895281354377614
9365,89765,0.87091742574777,false,9365,89765,0.87091742574777
9365,57111,0.9919505183522463,false,9365,57111,0.9919505183522463
9365,278,0.913242415808686,false,9365,278,0.913242415808686
9365,116844,0.9950595854062092,false,9365,116844,0.9950595854062092
9365,10129,0.9880128847229477,false,9365,10129,0.9880128847229477
9365,4586,0.9784864204355804,false,9365,4586,0.9784864204355804
9365,100158262,0.9391611802766084,false,9365,100158262,0.9391611802766084
9365,10551,0.9873802024690737,false,9365,10551,0.9873802024690737
9365,688,0.7594443561027545,false,9365,688,0.7594443561027545
9365,6101,0.7208161529935725,false,9365,6101,0.7208161529935725
9365,378938,0.9891159916292666,false,9365,378938,0.9891159916292666
9365,54897,0.8870207100031082,false,9365,54897,0.8870207100031082
9365,285,0.7062752986951724,false,9365,285,0.7062752986951724
9365,117155,0.9696936422140543,false,9365,117155,0.9696936422140543
9365,112268155,0.9958124570458428,false,9365,112268155,0.9958124570458428
9365,1152,0.9557206822673536,false,9365,1152,0.9557206822673536
9365,79083,0.9825768867107539,false,9365,79083,0.9825768867107539
9365,66002,0.9749367260497773,false,9365,66002,0.9749367260497773
9365,1556,0.9894915755295405,false,9365,1556,0.9894915755295405
9365,22996,0.9801653717727525,false,9365,22996,0.9801653717727525
9365,55930,0.9778809862221448,false,9365,55930,0.9778809862221448
9365,7620,0.8051277301362108,false,9365,7620,0.8051277301362108
9365,7113,0.9949336969810536,false,9365,7113,0.9949336969810536
9365,54861,0.9684391638513732,false,9365,54861,0.9684391638513732
9365,222256,0.9627923107979642,false,9365,222256,0.9627923107979642
9365,105180391,0.988013092865697,false,9365,105180391,0.988013092865697
9365,100529240,0.992080787932395,false,9365,100529240,0.992080787932395
9365,113218482,0.9792130829439817,false,9365,113218482,0.9792130829439817
9365,647024,0.9812071013152313,false,9365,647024,0.9812071013152313
9365,255928,0.9636184435824496,false,9365,255928,0.9636184435824496
9365,151531,0.9764973674800257,false,9365,151531,0.9764973674800257
9365,8537,0.9271709820307509,false,9365,8537,0.9271709820307509
9365,10018,0.9815428142841954,false,9365,10018,0.9815428142841954
9365,115019,0.9826014135785922,false,9365,115019,0.9826014135785922
9365,201625,0.8897834816982136,false,9365,201625,0.8897834816982136
9365,105180390,0.9918251484766265,false,9365,105180390,0.9918251484766265
9365,1043,0.7256733636129712,false,9365,1043,0.7256733636129712
9365,692058,0.991524569174195,false,9365,692058,0.991524569174195
9365,276,0.8655901406689305,false,9365,276,0.8655901406689305
9365,168374,0.9921685057031551,false,9365,168374,0.9921685057031551
9365,83481,0.979573520968596,false,9365,83481,0.979573520968596
9365,645843,0.9948853662686068,false,9365,645843,0.9948853662686068
9365,143884,0.9257708682265815,false,9365,143884,0.9257708682265815
9365,1579,0.771154321486484,false,9365,1579,0.771154321486484
9365,80004,0.9483363448666763,false,9365,80004,0.9483363448666763
9365,121512,0.9833628637341494,false,9365,121512,0.9833628637341494
9365,3993,0.9450244684513471,false,9365,3993,0.9450244684513471
9365,389852,0.9881373670835714,false,9365,389852,0.9881373670835714
9365,342892,0.958376527476636,false,9365,342892,0.958376527476636
9365,164312,0.9748651845510273,false,9365,164312,0.9748651845510273
9365,84239,0.9797855703332252,false,9365,84239,0.9797855703332252
9365,2065,0.993531198452962,false,9365,2065,0.993531198452962
9365,57402,0.875420979266211,false,9365,57402,0.875420979266211
9365,1513,0.7798117592078087,false,9365,1513,0.7798117592078087
9365,776,0.8079775960800772,false,9365,776,0.8079775960800772
9365,780,0.9064863632092112,false,9365,780,0.9064863632092112
9365,135656,0.9773481419657879,false,9365,135656,0.9773481419657879
9365,3880,0.9097496894420212,false,9365,3880,0.9097496894420212
9365,94059,0.9898187556122524,false,9365,94059,0.9898187556122524
9365,26769,0.9739630833867368,false,9365,26769,0.9739630833867368
9365,3960,0.9763883148041503,false,9365,3960,0.9763883148041503
9365,7433,0.8584165015088987,false,9365,7433,0.8584165015088987
9365,284323,0.9615709448599474,false,9365,284323,0.9615709448599474
9365,100129460,0.8951918681155405,false,9365,100129460,0.8951918681155405
9365,65217,0.8674837368421526,false,9365,65217,0.8674837368421526
9365,23584,0.9549367018536296,false,9365,23584,0.9549367018536296
9365,692213,0.9813627676919056,false,9365,692213,0.9813627676919056
9365,153643,0.9780337921572138,false,9365,153643,0.9780337921572138
9365,112268422,0.9724784321038468,false,9365,112268422,0.9724784321038468
9365,649946,0.8118800020788544,false,9365,649946,0.8118800020788544
9365,259294,0.9691097004321703,false,9365,259294,0.9691097004321703
9365,79740,0.9307491865357733,false,9365,79740,0.9307491865357733
9365,2266,0.9822014960139251,false,9365,2266,0.9822014960139251
9365,745,0.9840009703897515,false,9365,745,0.9840009703897515
9365,440352,0.8927739259285777,false,9365,440352,0.8927739259285777
401492,100996301,0.8507496820232737,false,401492,100996301,0.8507496820232737
401492,401089,0.9999178276163809,false,401492,401089,0.9999178276163809
401492,84700,0.7055527060468828,false,401492,84700,0.7055527060468828
401492,29895,0.996956373139993,false,401492,29895,0.996956373139993
401492,11081,0.9952300020414968,false,401492,11081,0.9952300020414968
401492,3481,0.9464915838795915,false,401492,3481,0.9464915838795915
401492,4062,0.9995810605830415,false,401492,4062,0.9995810605830415
401492,7125,0.9998342555885318,false,401492,7125,0.9998342555885318
401492,3229,0.999708770497023,false,401492,3229,0.999708770497023
401492,7060,0.9997762647669753,false,401492,7060,0.9997762647669753
401492,102723382,0.8780906334823186,false,401492,102723382,0.8780906334823186
401492,54112,0.9999178276163809,false,401492,54112,0.9999178276163809
401492,4892,0.9999119047453517,false,401492,4892,0.9999119047453517
401492,3207,0.8185748736179007,false,401492,3207,0.8185748736179007
401492,644649,0.7840168911371532,false,401492,644649,0.7840168911371532
401492,3929,0.9980159031815979,false,401492,3929,0.9980159031815979
401492,105369937,0.9999178276163809,false,401492,105369937,0.9999178276163809
401492,27022,0.8507496820232716,false,401492,27022,0.8507496820232716
401492,107984498,0.999534955179975,false,401492,107984498,0.999534955179975
401492,284111,0.9982884611568432,false,401492,284111,0.9982884611568432
401492,128674,0.9999178276163809,false,401492,128674,0.9999178276163809
401492,7780,0.9992465200415859,false,401492,7780,0.9992465200415859
401492,101928580,0.9575795099232965,false,401492,101928580,0.9575795099232965
401492,57110,0.9996427791042871,false,401492,57110,0.9996427791042871
401492,646480,0.9909332129215592,false,401492,646480,0.9909332129215592
401492,4606,0.9996155777956356,false,401492,4606,0.9996155777956356
114569,158798,0.7525033018873692,false,114569,158798,0.7525033018873692
114569,4883,0.971418199807875,false,114569,4883,0.971418199807875
114569,4629,0.8771024938902207,false,114569,4629,0.8771024938902207
114569,79977,0.8140562990543552,false,114569,79977,0.8140562990543552
114569,9208,0.8293843647542165,false,114569,9208,0.8293843647542165
114569,6523,0.7461709090564141,false,114569,6523,0.7461709090564141
114569,155465,0.7754887052190006,false,114569,155465,0.7754887052190006
114569,345895,0.8715279342525623,false,114569,345895,0.8715279342525623
114569,58524,0.7870859447135502,false,114569,58524,0.7870859447135502
114569,5225,0.9817369282746592,false,114569,5225,0.9817369282746592
114569,399949,0.7878559984923827,false,114569,399949,0.7878559984923827
114569,5265,0.7717446509040796,false,114569,5265,0.7717446509040796
114569,677831,0.7145899036306681,false,114569,677831,0.7145899036306681
114569,4318,0.75430728956653,false,114569,4318,0.75430728956653
114569,105377033,0.7524569868415795,false,114569,105377033,0.7524569868415795
114569,10568,0.7375877290843419,false,114569,10568,0.7375877290843419
114569,3856,0.7857869518045262,false,114569,3856,0.7857869518045262
114569,1770,0.763883736429377,false,114569,1770,0.763883736429377
114569,79838,0.7842013805652568,false,114569,79838,0.7842013805652568
114569,10529,0.8174025183597262,false,114569,10529,0.8174025183597262
114569,11254,0.762142311250365,false,114569,11254,0.762142311250365
114569,3694,0.7164809879926581,false,114569,3694,0.7164809879926581
114569,286207,0.9523971939933735,false,114569,286207,0.9523971939933735
114569,5555,0.9756895514440316,false,114569,5555,0.9756895514440316
114569,5544,0.961913311699374,false,114569,5544,0.961913311699374
114569,10579,0.9697352810892873,false,114569,10579,0.9697352810892873
114569,28984,0.8419787839752283,false,114569,28984,0.8419787839752283
114569,130367,0.8475115899295909,false,114569,130367,0.8475115899295909
114569,285335,0.9161359530688471,false,114569,285335,0.9161359530688471
114569,1910,0.8067678630303963,false,114569,1910,0.8067678630303963
114569,200373,0.9437104653246075,false,114569,200373,0.9437104653246075
114569,168090,0.8907587908583879,false,114569,168090,0.8907587908583879
114569,474354,0.8553985683955059,false,114569,474354,0.8553985683955059
114569,3240,0.7058266983179888,false,114569,3240,0.7058266983179888
114569,7033,0.7865045311037356,false,114569,7033,0.7865045311037356
114569,4583,0.7278919467008063,false,114569,4583,0.7278919467008063
114569,54842,0.9183886219504079,false,114569,54842,0.9183886219504079
114569,6103,0.8488993242312912,false,114569,6103,0.8488993242312912
114569,64073,0.7261264722235616,false,114569,64073,0.7261264722235616
114569,253970,0.8866566925550446,false,114569,253970,0.8866566925550446
114569,8091,0.7676709700245945,false,114569,8091,0.7676709700245945
114569,3875,0.9765807777112174,false,114569,3875,0.9765807777112174
114569,4680,0.86241798409237,false,114569,4680,0.86241798409237
114569,7356,0.7306592194516816,false,114569,7356,0.7306592194516816
114569,441251,0.7172943477282172,false,114569,441251,0.7172943477282172
114569,400578,0.8000055066863465,false,114569,400578,0.8000055066863465
114569,5284,0.9675458619792885,false,114569,5284,0.9675458619792885
114569,94025,0.8507526893422243,false,114569,94025,0.8507526893422243
114569,89765,0.798103615363561,false,114569,89765,0.798103615363561
114569,278,0.8147806987927113,false,114569,278,0.8147806987927113
114569,728276,0.7595669047096971,false,114569,728276,0.7595669047096971
114569,101927516,0.7306277850508981,false,114569,101927516,0.7306277850508981
114569,688,0.9377322396905025,false,114569,688,0.9377322396905025
114569,6101,0.7847715984290994,false,114569,6101,0.7847715984290994
114569,5545,0.8411856870500868,false,114569,5545,0.8411856870500868
114569,727897,0.8389794648806075,false,114569,727897,0.8389794648806075
114569,27074,0.9062326750442945,false,114569,27074,0.9062326750442945
114569,79632,0.9667674185682815,false,114569,79632,0.9667674185682815
114569,4585,0.9915262808986276,false,114569,4585,0.9915262808986276
114569,1767,0.9600819091580074,false,114569,1767,0.9600819091580074
114569,222256,0.7460844541641848,false,114569,222256,0.7460844541641848
114569,1604,0.8224523053869268,false,114569,1604,0.8224523053869268
114569,201625,0.8350859945556087,false,114569,201625,0.8350859945556087
114569,1043,0.977237796580767,false,114569,1043,0.977237796580767
114569,276,0.8819078344755824,false,114569,276,0.8819078344755824
114569,2122,0.7590953396763752,false,114569,2122,0.7590953396763752
114569,105,0.7744695496140064,false,114569,105,0.7744695496140064
114569,84059,0.9050335024141114,false,114569,84059,0.9050335024141114
114569,1579,0.8880839971081067,false,114569,1579,0.8880839971081067
114569,57477,0.822786403322685,false,114569,57477,0.822786403322685
114569,80004,0.7519294671027419,false,114569,80004,0.7519294671027419
114569,120892,0.9478079647912093,false,114569,120892,0.9478079647912093
114569,123624,0.7527560106615647,false,114569,123624,0.7527560106615647
114569,4057,0.7935626820323565,false,114569,4057,0.7935626820323565
114569,112577518,0.7897921591041055,false,114569,112577518,0.7897921591041055
114569,9370,0.8047522930279563,false,114569,9370,0.8047522930279563
114569,6799,0.7095353691226018,false,114569,6799,0.7095353691226018
114569,353189,0.9535729230764707,false,114569,353189,0.9535729230764707
114569,563,0.7875443573753917,false,114569,563,0.7875443573753917
114569,84851,0.9724018278864425,false,114569,84851,0.9724018278864425
114569,3880,0.7897690543552445,false,114569,3880,0.7897690543552445
114569,100129460,0.8430331689267562,false,114569,100129460,0.8430331689267562
114569,4069,0.9506461253113424,false,114569,4069,0.9506461253113424
114569,1080,0.9160593882292611,false,114569,1080,0.9160593882292611
114569,1286,0.9099768916770659,false,114569,1286,0.9099768916770659
114569,105372793,0.7157529173924156,false,114569,105372793,0.7157529173924156
114569,79784,0.7162496534442276,false,114569,79784,0.7162496534442276
114569,153643,0.7047954624088053,false,114569,153643,0.7047954624088053
114569,100874095,0.8047522930279563,false,114569,100874095,0.8047522930279563
114569,144535,0.8713061966778219,false,114569,144535,0.8713061966778219
114569,26298,0.887959128535586,false,114569,26298,0.887959128535586
114569,100033436,0.749163443582236,false,114569,100033436,0.749163443582236
149465,127733,0.8585584750080305,false,149465,127733,0.8585584750080305
149465,93035,0.7066287817744801,false,149465,93035,0.7066287817744801
149465,105374373,0.9822268013575022,false,149465,105374373,0.9822268013575022
149465,6928,0.9317098948446836,false,149465,6928,0.9317098948446836
149465,253982,0.9676134148721954,false,149465,253982,0.9676134148721954
149465,6440,0.7009090875258337,false,149465,6440,0.7009090875258337
149465,1636,0.8368372325411576,false,149465,1636,0.8368372325411576
149465,105375355,0.8516766896481666,false,149465,105375355,0.8516766896481666
149465,102724057,0.8116675338627763,false,149465,102724057,0.8116675338627763
149465,103504738,0.7146439392225966,false,149465,103504738,0.7146439392225966
149465,1580,0.8609484891395588,false,149465,1580,0.8609484891395588
149465,375612,0.8910108945582471,false,149465,375612,0.8910108945582471
149465,177,0.7394539877408633,false,149465,177,0.7394539877408633
149465,9914,0.9163231937406895,false,149465,9914,0.9163231937406895
149465,56241,0.8034075260288823,false,149465,56241,0.8034075260288823
149465,89,0.7119570681912446,false,149465,89,0.7119570681912446
149465,2327,0.9407810322242678,false,149465,2327,0.9407810322242678
149465,146556,0.8491214627852176,false,149465,146556,0.8491214627852176
149465,7080,0.9006107637005965,false,149465,7080,0.9006107637005965
149465,728226,0.9068168916311751,false,149465,728226,0.9068168916311751
149465,2696,0.8191985771580489,false,149465,2696,0.8191985771580489
149465,54084,0.7657864770981322,false,149465,54084,0.7657864770981322
149465,388555,0.7042381407052178,false,149465,388555,0.7042381407052178
149465,7473,0.7413000988282382,false,149465,7473,0.7413000988282382
149465,128602,0.9701674709455667,false,149465,128602,0.9701674709455667
149465,6332,0.8276526025826942,false,149465,6332,0.8276526025826942
149465,363,0.7042381407052181,false,149465,363,0.7042381407052181
149465,1180,0.7579013084481316,false,149465,1180,0.7579013084481316
149465,2277,0.7783492825830399,false,149465,2277,0.7783492825830399
149465,65998,0.7050334882353487,false,149465,65998,0.7050334882353487
149465,419,0.704238140705218,false,149465,419,0.704238140705218
149465,93517,0.7481735643424403,false,149465,93517,0.7481735643424403
149465,388633,0.7056809921218014,false,149465,388633,0.7056809921218014
149465,6532,0.8001813681194503,false,149465,6532,0.8001813681194503
149465,100996506,0.7285949349204368,false,149465,100996506,0.7285949349204368
149465,11185,0.8193489846107604,false,149465,11185,0.8193489846107604
149465,10586,0.7063673924253557,false,149465,10586,0.7063673924253557
149465,2125,0.7981023206741525,false,149465,2125,0.7981023206741525
149465,100505495,0.7896752748321437,false,149465,100505495,0.7896752748321437
149465,57524,0.9266536453895776,false,149465,57524,0.9266536453895776
149465,256076,0.7327172252574788,false,149465,256076,0.7327172252574788
149465,84867,0.7961049904516402,false,149465,84867,0.7961049904516402
149465,284680,0.9896180899284542,false,149465,284680,0.9896180899284542
149465,128218,0.9901054703344379,false,149465,128218,0.9901054703344379
149465,5349,0.7429573906225652,false,149465,5349,0.7429573906225652
149465,100820829,0.7026795919732539,false,149465,100820829,0.7026795919732539
149465,4861,0.7223743764790115,false,149465,4861,0.7223743764790115
149465,21,0.7771562028663538,false,149465,21,0.7771562028663538
149465,284434,0.9365967787678904,false,149465,284434,0.9365967787678904
149465,105373265,0.7108620902496731,false,149465,105373265,0.7108620902496731
149465,9052,0.7064915007541106,false,149465,9052,0.7064915007541106
149465,440590,0.9476450078291433,false,149465,440590,0.9476450078291433
149465,55282,0.919207537042141,false,149465,55282,0.919207537042141
149465,100423031,0.7042381407052181,false,149465,100423031,0.7042381407052181
149465,165186,0.7808950821699611,false,149465,165186,0.7808950821699611
158798,9173,0.956728195386964,false,158798,9173,0.956728195386964
158798,4629,0.8828819240838581,false,158798,4629,0.8828819240838581
158798,1528,0.8027942841526295,false,158798,1528,0.8027942841526295
158798,284340,0.9356105623651139,false,158798,284340,0.9356105623651139
158798,92304,0.8309819141885998,false,158798,92304,0.8309819141885998
158798,222389,0.951970362940031,false,158798,222389,0.951970362940031
158798,138428,0.7670673371912892,false,158798,138428,0.7670673371912892
158798,6523,0.9495327774656204,false,158798,6523,0.9495327774656204
158798,155465,0.9820480432043492,false,158798,155465,0.9820480432043492
158798,345895,0.8240018415763501,false,158798,345895,0.8240018415763501
158798,58524,0.988601172734943,false,158798,58524,0.988601172734943
158798,5225,0.7899606454615572,false,158798,5225,0.7899606454615572
158798,399949,0.9675730223233991,false,158798,399949,0.9675730223233991
158798,5265,0.982761501307711,false,158798,5265,0.982761501307711
158798,4318,0.8766717457404601,false,158798,4318,0.8766717457404601
158798,105377033,0.9692389010179527,false,158798,105377033,0.9692389010179527
158798,10568,0.954630151787768,false,158798,10568,0.954630151787768
158798,33,0.9697676479430702,false,158798,33,0.9697676479430702
158798,1770,0.8550011438887316,false,158798,1770,0.8550011438887316
158798,10917,0.9464778070388107,false,158798,10917,0.9464778070388107
158798,11254,0.998289176101086,false,158798,11254,0.998289176101086
158798,286207,0.8484971378338453,false,158798,286207,0.8484971378338453
158798,5555,0.8522569565414092,false,158798,5555,0.8522569565414092
158798,57530,0.7959795983476804,false,158798,57530,0.7959795983476804
158798,60494,0.867681226066525,false,158798,60494,0.867681226066525
158798,5544,0.8691495356432934,false,158798,5544,0.8691495356432934
158798,10579,0.818978934156548,false,158798,10579,0.818978934156548
158798,85452,0.752822038536238,false,158798,85452,0.752822038536238
158798,146177,0.7836500275764446,false,158798,146177,0.7836500275764446
158798,1906,0.8720978095262282,false,158798,1906,0.8720978095262282
158798,3240,0.973168076811971,false,158798,3240,0.973168076811971
158798,7033,0.9820924144030202,false,158798,7033,0.9820924144030202
158798,718,0.7820902832298156,false,158798,718,0.7820902832298156
158798,64073,0.9530568173144334,false,158798,64073,0.9530568173144334
158798,253970,0.7951293182236215,false,158798,253970,0.7951293182236215
158798,6441,0.8509143155823381,false,158798,6441,0.8509143155823381
158798,4070,0.9201700292167897,false,158798,4070,0.9201700292167897
158798,56892,0.9552049901516197,false,158798,56892,0.9552049901516197
158798,8091,0.9680803129871597,false,158798,8091,0.9680803129871597
158798,3875,0.7867378660057016,false,158798,3875,0.7867378660057016
158798,160728,0.9226103201247072,false,158798,160728,0.9226103201247072
158798,4680,0.7921978062152861,false,158798,4680,0.7921978062152861
158798,7356,0.9607480900930981,false,158798,7356,0.9607480900930981
158798,109729127,0.9394408990569397,false,158798,109729127,0.9394408990569397
158798,400578,0.9657198605178008,false,158798,400578,0.9657198605178008
158798,94025,0.967114773849543,false,158798,94025,0.967114773849543
158798,109729184,0.7679622094310132,false,158798,109729184,0.7679622094310132
158798,728276,0.9682821420992233,false,158798,728276,0.9682821420992233
158798,101927516,0.8486558912308544,false,158798,101927516,0.8486558912308544
158798,102723635,0.7795106545720645,false,158798,102723635,0.7795106545720645
158798,5545,0.9617476535070252,false,158798,5545,0.9617476535070252
158798,727897,0.9536130063283156,false,158798,727897,0.9536130063283156
158798,54848,0.938050174014387,false,158798,54848,0.938050174014387
158798,79632,0.7806456979730695,false,158798,79632,0.7806456979730695
158798,4585,0.7337873213885743,false,158798,4585,0.7337873213885743
158798,1767,0.8944508129689398,false,158798,1767,0.8944508129689398
158798,1604,0.7437926109090766,false,158798,1604,0.7437926109090766
158798,9476,0.7455837049626437,false,158798,9476,0.7455837049626437
158798,117156,0.9335524051906086,false,158798,117156,0.9335524051906086
158798,195814,0.9754548688673702,false,158798,195814,0.9754548688673702
158798,140766,0.8758891059122265,false,158798,140766,0.8758891059122265
158798,105,0.9849720341259831,false,158798,105,0.9849720341259831
158798,84059,0.7573142610475126,false,158798,84059,0.7573142610475126
158798,57477,0.7896037613973906,false,158798,57477,0.7896037613973906
158798,6097,0.8247444435350254,false,158798,6097,0.8247444435350254
158798,120892,0.8284602315636327,false,158798,120892,0.8284602315636327
158798,4057,0.9799934032295264,false,158798,4057,0.9799934032295264
158798,220136,0.937047392351839,false,158798,220136,0.937047392351839
158798,112577518,0.9635706483540231,false,158798,112577518,0.9635706483540231
158798,9370,0.9670330572635835,false,158798,9370,0.9670330572635835
158798,693188,0.9445510339931962,false,158798,693188,0.9445510339931962
158798,389376,0.8756656674502231,false,158798,389376,0.8756656674502231
158798,6799,0.9843673738283306,false,158798,6799,0.9843673738283306
158798,353189,0.8912326906023007,false,158798,353189,0.8912326906023007
158798,563,0.9664865069354678,false,158798,563,0.9664865069354678
158798,84851,0.8010876725239465,false,158798,84851,0.8010876725239465
158798,4069,0.8994243489878022,false,158798,4069,0.8994243489878022
158798,1080,0.8358407367608451,false,158798,1080,0.8358407367608451
158798,123872,0.9321830297637002,false,158798,123872,0.9321830297637002
158798,1286,0.7258352052511339,false,158798,1286,0.7258352052511339
158798,105372793,0.9838516942662324,false,158798,105372793,0.9838516942662324
158798,653509,0.7426142339851799,false,158798,653509,0.7426142339851799
158798,100874095,0.9670330572635835,false,158798,100874095,0.9670330572635835
158798,729238,0.8220368896638848,false,158798,729238,0.8220368896638848
158798,144535,0.7132216040452308,false,158798,144535,0.7132216040452308
158798,26298,0.9439254585095835,false,158798,26298,0.9439254585095835
158798,100033436,0.9546270773271609,false,158798,100033436,0.9546270773271609
51554,55329,0.99705836399118,false,51554,55329,0.99705836399118
51554,116228,0.983496123833667,false,51554,116228,0.983496123833667
51554,79977,0.8297568561369805,false,51554,79977,0.8297568561369805
51554,9208,0.8081415333637025,false,51554,9208,0.8081415333637025
51554,112268252,0.9160850267797552,false,51554,112268252,0.9160850267797552
51554,277,0.9287428596650855,false,51554,277,0.9287428596650855
51554,80736,0.9137263463234676,false,51554,80736,0.9137263463234676
51554,163131,0.9519642180750716,false,51554,163131,0.9519642180750716
51554,25901,0.9976757551438978,false,51554,25901,0.9976757551438978
51554,100302170,0.9972230144009989,false,51554,100302170,0.9972230144009989
51554,51365,0.9965230907734023,false,51554,51365,0.9965230907734023
51554,7225,0.9461421750836543,false,51554,7225,0.9461421750836543
51554,4128,0.754315781727467,false,51554,4128,0.754315781727467
51554,27134,0.9804871038290455,false,51554,27134,0.9804871038290455
51554,654412,0.9924378740760345,false,51554,654412,0.9924378740760345
51554,55892,0.9351671601105298,false,51554,55892,0.9351671601105298
51554,8999,0.9219622320086546,false,51554,8999,0.9219622320086546
51554,306,0.7822901555089739,false,51554,306,0.7822901555089739
51554,157310,0.7508382609189598,false,51554,157310,0.7508382609189598
51554,5340,0.9893299656203581,false,51554,5340,0.9893299656203581
51554,4582,0.9870301917811282,false,51554,4582,0.9870301917811282
51554,3248,0.9757787703585619,false,51554,3248,0.9757787703585619
51554,255189,0.9611237603885181,false,51554,255189,0.9611237603885181
51554,641384,0.9984986418491779,false,51554,641384,0.9984986418491779
51554,100130449,0.9829373082074074,false,51554,100130449,0.9829373082074074
51554,10103,0.9730096549552725,false,51554,10103,0.9730096549552725
51554,3856,0.8547842720791212,false,51554,3856,0.8547842720791212
51554,1048,0.9967948758675736,false,51554,1048,0.9967948758675736
51554,100419743,0.9967781525637766,false,51554,100419743,0.9967781525637766
51554,79838,0.8600239583900975,false,51554,79838,0.8600239583900975
51554,3983,0.9832088793882692,false,51554,3983,0.9832088793882692
51554,3694,0.8632260031783462,false,51554,3694,0.8632260031783462
51554,22941,0.8907750997209064,false,51554,22941,0.8907750997209064
51554,285989,0.9875358851651266,false,51554,285989,0.9875358851651266
51554,2627,0.9436977584280082,false,51554,2627,0.9436977584280082
51554,503640,0.9979621598465526,false,51554,503640,0.9979621598465526
51554,259290,0.9868364851667226,false,51554,259290,0.9868364851667226
51554,1555,0.9655857753553919,false,51554,1555,0.9655857753553919
51554,57528,0.9956702085253902,false,51554,57528,0.9956702085253902
51554,201456,0.9933303052351473,false,51554,201456,0.9933303052351473
51554,142827,0.9332142439786104,false,51554,142827,0.9332142439786104
51554,57186,0.8546581479423644,false,51554,57186,0.8546581479423644
51554,6751,0.9876544575646379,false,51554,6751,0.9876544575646379
51554,79908,0.7147409477269915,false,51554,79908,0.7147409477269915
51554,6473,0.7729986941821837,false,51554,6473,0.7729986941821837
51554,102723508,0.9898823300666031,false,51554,102723508,0.9898823300666031
51554,28984,0.7718598709562846,false,51554,28984,0.7718598709562846
51554,130367,0.8159603271159903,false,51554,130367,0.8159603271159903
51554,285335,0.7086821446342968,false,51554,285335,0.7086821446342968
51554,9356,0.9845501670710806,false,51554,9356,0.9845501670710806
51554,1910,0.7139124022850564,false,51554,1910,0.7139124022850564
51554,641776,0.9827664293206857,false,51554,641776,0.9827664293206857
51554,100506658,0.8696763097048338,false,51554,100506658,0.8696763097048338
51554,341676,0.9644246377245932,false,51554,341676,0.9644246377245932
51554,148213,0.9923467006843497,false,51554,148213,0.9923467006843497
51554,10595,0.9286726251634397,false,51554,10595,0.9286726251634397
51554,4583,0.9100122914388318,false,51554,4583,0.9100122914388318
51554,728643,0.9358912498365697,false,51554,728643,0.9358912498365697
51554,55567,0.9471054095339727,false,51554,55567,0.9471054095339727
51554,54997,0.9952990588255797,false,51554,54997,0.9952990588255797
51554,79848,0.9797557991442586,false,51554,79848,0.9797557991442586
51554,219790,0.7313242245842195,false,51554,219790,0.7313242245842195
51554,115677,0.8053222551124155,false,51554,115677,0.8053222551124155
51554,5961,0.9957448775380806,false,51554,5961,0.9957448775380806
51554,7851,0.9878094943745328,false,51554,7851,0.9878094943745328
51554,692072,0.9975459174055183,false,51554,692072,0.9975459174055183
51554,109136579,0.9749908909512222,false,51554,109136579,0.9749908909512222
51554,503645,0.950262215575222,false,51554,503645,0.950262215575222
51554,55808,0.9915849581072698,false,51554,55808,0.9915849581072698
51554,999,0.9291450342900569,false,51554,999,0.9291450342900569
51554,126353,0.9683674062249102,false,51554,126353,0.9683674062249102
51554,26226,0.9884085300893873,false,51554,26226,0.9884085300893873
51554,64332,0.9329088310447665,false,51554,64332,0.9329088310447665
51554,346007,0.8306728667363388,false,51554,346007,0.8306728667363388
51554,388743,0.9951049839844569,false,51554,388743,0.9951049839844569
51554,137872,0.9877150656026756,false,51554,137872,0.9877150656026756
51554,1577,0.993003768185491,false,51554,1577,0.993003768185491
51554,100033430,0.9446835621332126,false,51554,100033430,0.9446835621332126
51554,340267,0.9893222902366051,false,51554,340267,0.9893222902366051
51554,200879,0.9967267122463042,false,51554,200879,0.9967267122463042
51554,1510,0.9863720431962651,false,51554,1510,0.9863720431962651
51554,441251,0.9102947111889329,false,51554,441251,0.9102947111889329
51554,102723849,0.9954103156433617,false,51554,102723849,0.9954103156433617
51554,9196,0.8193413288626963,false,51554,9196,0.8193413288626963
51554,6337,0.8523930737059738,false,51554,6337,0.8523930737059738
51554,57669,0.9240345812955962,false,51554,57669,0.9240345812955962
51554,619383,0.9786571689116577,false,51554,619383,0.9786571689116577
51554,89765,0.7630949126138776,false,51554,89765,0.7630949126138776
51554,57111,0.9885239108432851,false,51554,57111,0.9885239108432851
51554,278,0.833527270144613,false,51554,278,0.833527270144613
51554,116844,0.970129730060042,false,51554,116844,0.970129730060042
51554,10129,0.9934711458596256,false,51554,10129,0.9934711458596256
51554,4586,0.9966824452862342,false,51554,4586,0.9966824452862342
51554,100158262,0.9909237775886679,false,51554,100158262,0.9909237775886679
51554,10551,0.9948840530398113,false,51554,10551,0.9948840530398113
51554,378938,0.974731612355881,false,51554,378938,0.974731612355881
51554,54897,0.8887950775721766,false,51554,54897,0.8887950775721766
51554,285,0.7045884999873099,false,51554,285,0.7045884999873099
51554,117155,0.992512184620495,false,51554,117155,0.992512184620495
51554,112268155,0.9858433382957448,false,51554,112268155,0.9858433382957448
51554,1152,0.9434104659768778,false,51554,1152,0.9434104659768778
51554,79083,0.996574202073417,false,51554,79083,0.996574202073417
51554,66002,0.9926989153406699,false,51554,66002,0.9926989153406699
51554,1556,0.9813823662440165,false,51554,1556,0.9813823662440165
51554,22996,0.9759591558077101,false,51554,22996,0.9759591558077101
51554,55930,0.9793906887060391,false,51554,55930,0.9793906887060391
51554,7620,0.8860362934888353,false,51554,7620,0.8860362934888353
51554,7113,0.9657201204951906,false,51554,7113,0.9657201204951906
51554,54861,0.9355012503308232,false,51554,54861,0.9355012503308232
51554,222256,0.900412968609616,false,51554,222256,0.900412968609616
51554,105180391,0.9846673917243185,false,51554,105180391,0.9846673917243185
51554,100529240,0.9936466847783566,false,51554,100529240,0.9936466847783566
51554,113218482,0.9932479420871286,false,51554,113218482,0.9932479420871286
51554,647024,0.9339033877585555,false,51554,647024,0.9339033877585555
51554,255928,0.9894803997051301,false,51554,255928,0.9894803997051301
51554,151531,0.9467845534141079,false,51554,151531,0.9467845534141079
51554,8537,0.9735147112036909,false,51554,8537,0.9735147112036909
51554,10018,0.997008426758006,false,51554,10018,0.997008426758006
51554,115019,0.9936499566406587,false,51554,115019,0.9936499566406587
51554,201625,0.774530636751668,false,51554,201625,0.774530636751668
51554,105180390,0.985552200152423,false,51554,105180390,0.985552200152423
51554,692058,0.9747780955959291,false,51554,692058,0.9747780955959291
51554,276,0.760744763301372,false,51554,276,0.760744763301372
51554,168374,0.9636455408347255,false,51554,168374,0.9636455408347255
51554,83481,0.9435323859300707,false,51554,83481,0.9435323859300707
51554,645843,0.9654290688038969,false,51554,645843,0.9654290688038969
51554,143884,0.9807008007644437,false,51554,143884,0.9807008007644437
51554,80004,0.8624725875803385,false,51554,80004,0.8624725875803385
51554,121512,0.9374164936935119,false,51554,121512,0.9374164936935119
51554,3993,0.9420597495239224,false,51554,3993,0.9420597495239224
51554,389852,0.9944446088652035,false,51554,389852,0.9944446088652035
51554,342892,0.9816929888690875,false,51554,342892,0.9816929888690875
51554,164312,0.9712915646812362,false,51554,164312,0.9712915646812362
51554,84239,0.9275312619358058,false,51554,84239,0.9275312619358058
51554,2065,0.9501257307659838,false,51554,2065,0.9501257307659838
51554,57402,0.8709751645099963,false,51554,57402,0.8709751645099963
51554,1513,0.7234974254222113,false,51554,1513,0.7234974254222113
51554,776,0.8553594469741246,false,51554,776,0.8553594469741246
51554,780,0.8759119092625913,false,51554,780,0.8759119092625913
51554,135656,0.9968627889840167,false,51554,135656,0.9968627889840167
51554,3880,0.8147343403303303,false,51554,3880,0.8147343403303303
51554,94059,0.9949504695454798,false,51554,94059,0.9949504695454798
51554,26769,0.9345840228082131,false,51554,26769,0.9345840228082131
51554,3960,0.9964480595816844,false,51554,3960,0.9964480595816844
51554,7433,0.872063682358498,false,51554,7433,0.872063682358498
51554,284323,0.9971762621920784,false,51554,284323,0.9971762621920784
51554,100129460,0.7896881761914311,false,51554,100129460,0.7896881761914311
51554,65217,0.8317463235679894,false,51554,65217,0.8317463235679894
51554,23584,0.9778764003702989,false,51554,23584,0.9778764003702989
51554,692213,0.9916038012003184,false,51554,692213,0.9916038012003184
51554,153643,0.9216899045723652,false,51554,153643,0.9216899045723652
51554,112268422,0.9979034978444818,false,51554,112268422,0.9979034978444818
51554,649946,0.7315128884159885,false,51554,649946,0.7315128884159885
51554,259294,0.9992482797352225,false,51554,259294,0.9992482797352225
51554,79740,0.887819117675635,false,51554,79740,0.887819117675635
51554,2266,0.98990761358291,false,51554,2266,0.98990761358291
51554,745,0.9856865425216326,false,51554,745,0.9856865425216326
51554,440352,0.9055860998071531,false,51554,440352,0.9055860998071531
55329,116228,0.9809246951373473,false,55329,116228,0.9809246951373473
55329,79977,0.8322790980899102,false,55329,79977,0.8322790980899102
55329,9208,0.8046000132265436,false,55329,9208,0.8046000132265436
55329,112268252,0.9225158303909456,false,55329,112268252,0.9225158303909456
55329,277,0.9289169933382591,false,55329,277,0.9289169933382591
55329,80736,0.9222775219389497,false,55329,80736,0.9222775219389497
55329,163131,0.9592793769789031,false,55329,163131,0.9592793769789031
55329,25901,0.9942070638728568,false,55329,25901,0.9942070638728568
55329,100302170,0.992972828180684,false,55329,100302170,0.992972828180684
55329,51365,0.989079649105782,false,55329,51365,0.989079649105782
55329,7225,0.9427042154959028,false,55329,7225,0.9427042154959028
55329,4128,0.7932931858983238,false,55329,4128,0.7932931858983238
55329,27134,0.9807769590636771,false,55329,27134,0.9807769590636771
55329,654412,0.9885234646936775,false,55329,654412,0.9885234646936775
55329,55892,0.9546600956446586,false,55329,55892,0.9546600956446586
55329,8999,0.9222755062891406,false,55329,8999,0.9222755062891406
55329,306,0.7948751408321646,false,55329,306,0.7948751408321646
55329,157310,0.7726723863068078,false,55329,157310,0.7726723863068078
55329,5340,0.986841930932504,false,55329,5340,0.986841930932504
55329,4582,0.9842121048575682,false,55329,4582,0.9842121048575682
55329,3248,0.975568341327092,false,55329,3248,0.975568341327092
55329,255189,0.9653018248172183,false,55329,255189,0.9653018248172183
55329,641384,0.994963741177443,false,55329,641384,0.994963741177443
55329,100130449,0.9781603119863429,false,55329,100130449,0.9781603119863429
55329,10103,0.9676970126494118,false,55329,10103,0.9676970126494118
55329,3856,0.8484706617060026,false,55329,3856,0.8484706617060026
55329,1048,0.9920059954051414,false,55329,1048,0.9920059954051414
55329,100419743,0.9918504592805106,false,55329,100419743,0.9918504592805106
55329,79838,0.8612441294514536,false,55329,79838,0.8612441294514536
55329,3983,0.9708767409894975,false,55329,3983,0.9708767409894975
55329,3694,0.870576679236175,false,55329,3694,0.870576679236175
55329,22941,0.9002269371408393,false,55329,22941,0.9002269371408393
55329,285989,0.9849254698074179,false,55329,285989,0.9849254698074179
55329,2627,0.9421257018270959,false,55329,2627,0.9421257018270959
55329,503640,0.9943091150271205,false,55329,503640,0.9943091150271205
55329,259290,0.9887064688978984,false,55329,259290,0.9887064688978984
55329,1555,0.9636809580982124,false,55329,1555,0.9636809580982124
55329,57528,0.9891484300613153,false,55329,57528,0.9891484300613153
55329,201456,0.990855650167233,false,55329,201456,0.990855650167233
55329,142827,0.9423350385374281,false,55329,142827,0.9423350385374281
55329,57186,0.8487257203490597,false,55329,57186,0.8487257203490597
55329,6751,0.9876071748346221,false,55329,6751,0.9876071748346221
55329,79908,0.732149693167595,false,55329,79908,0.732149693167595
55329,6473,0.7853788772281182,false,55329,6473,0.7853788772281182
55329,102723508,0.9895176783950766,false,55329,102723508,0.9895176783950766
55329,28984,0.7869151036243623,false,55329,28984,0.7869151036243623
55329,130367,0.8147132301448795,false,55329,130367,0.8147132301448795
55329,285335,0.7061420410318577,false,55329,285335,0.7061420410318577
55329,9356,0.9806017787421886,false,55329,9356,0.9806017787421886
55329,1910,0.7205893697426439,false,55329,1910,0.7205893697426439
55329,641776,0.9762069132555403,false,55329,641776,0.9762069132555403
55329,100506658,0.8721431858957797,false,55329,100506658,0.8721431858957797
55329,341676,0.9624886337244073,false,55329,341676,0.9624886337244073
55329,148213,0.9887162350773743,false,55329,148213,0.9887162350773743
55329,10595,0.9249721562034576,false,55329,10595,0.9249721562034576
55329,4583,0.9055945493120421,false,55329,4583,0.9055945493120421
55329,728643,0.9365738670060557,false,55329,728643,0.9365738670060557
55329,55567,0.9480600378331497,false,55329,55567,0.9480600378331497
55329,54997,0.9904200819867801,false,55329,54997,0.9904200819867801
55329,79848,0.9857832159141692,false,55329,79848,0.9857832159141692
55329,219790,0.7334926410893783,false,55329,219790,0.7334926410893783
55329,115677,0.8034917580935816,false,55329,115677,0.8034917580935816
55329,5961,0.9936564141131898,false,55329,5961,0.9936564141131898
55329,7851,0.9838262315995288,false,55329,7851,0.9838262315995288
55329,692072,0.9968567670264644,false,55329,692072,0.9968567670264644
55329,109136579,0.9712616501964155,false,55329,109136579,0.9712616501964155
55329,503645,0.9526688303304356,false,55329,503645,0.9526688303304356
55329,55808,0.987589250751217,false,55329,55808,0.987589250751217
55329,999,0.9279629609458413,false,55329,999,0.9279629609458413
55329,126353,0.9656219341932262,false,55329,126353,0.9656219341932262
55329,26226,0.9866432979164474,false,55329,26226,0.9866432979164474
55329,64332,0.926370269232395,false,55329,64332,0.926370269232395
55329,346007,0.8117641350400516,false,55329,346007,0.8117641350400516
55329,388743,0.9907445292013045,false,55329,388743,0.9907445292013045
55329,137872,0.9824350060723365,false,55329,137872,0.9824350060723365
55329,1577,0.9928021057189964,false,55329,1577,0.9928021057189964
55329,100033430,0.9395548088874605,false,55329,100033430,0.9395548088874605
55329,340267,0.9878203116226404,false,55329,340267,0.9878203116226404
55329,200879,0.9924708903403173,false,55329,200879,0.9924708903403173
55329,1510,0.9830958746747036,false,55329,1510,0.9830958746747036
55329,441251,0.9073213340531424,false,55329,441251,0.9073213340531424
55329,102723849,0.9911909533959853,false,55329,102723849,0.9911909533959853
55329,9196,0.8271862238346813,false,55329,9196,0.8271862238346813
55329,6337,0.8578594358652526,false,55329,6337,0.8578594358652526
55329,57669,0.9199438766338338,false,55329,57669,0.9199438766338338
55329,619383,0.9782360215603356,false,55329,619383,0.9782360215603356
55329,89765,0.7556257768725184,false,55329,89765,0.7556257768725184
55329,57111,0.9852447543471335,false,55329,57111,0.9852447543471335
55329,278,0.8408139012400139,false,55329,278,0.8408139012400139
55329,116844,0.9657736077695616,false,55329,116844,0.9657736077695616
55329,10129,0.9922122126584586,false,55329,10129,0.9922122126584586
55329,4586,0.9918526282078716,false,55329,4586,0.9918526282078716
55329,100158262,0.9918900293900836,false,55329,100158262,0.9918900293900836
55329,10551,0.9904452795125585,false,55329,10551,0.9904452795125585
55329,378938,0.9710835514824399,false,55329,378938,0.9710835514824399
55329,54897,0.8921679995326717,false,55329,54897,0.8921679995326717
55329,285,0.711004613699967,false,55329,285,0.711004613699967
55329,117155,0.985331320306081,false,55329,117155,0.985331320306081
55329,112268155,0.9772848490378706,false,55329,112268155,0.9772848490378706
55329,1152,0.9593907028202251,false,55329,1152,0.9593907028202251
55329,79083,0.9926208266248753,false,55329,79083,0.9926208266248753
55329,66002,0.9896326674357558,false,55329,66002,0.9896326674357558
55329,1556,0.9800562311749069,false,55329,1556,0.9800562311749069
55329,22996,0.9771914120412346,false,55329,22996,0.9771914120412346
55329,55930,0.9817132538577213,false,55329,55930,0.9817132538577213
55329,7620,0.909392952265008,false,55329,7620,0.909392952265008
55329,7113,0.9618046667874305,false,55329,7113,0.9618046667874305
55329,54861,0.9347684739689316,false,55329,54861,0.9347684739689316
55329,222256,0.9034219680722244,false,55329,222256,0.9034219680722244
55329,105180391,0.9785353858844621,false,55329,105180391,0.9785353858844621
55329,100529240,0.9906501359055279,false,55329,100529240,0.9906501359055279
55329,113218482,0.9876844582637955,false,55329,113218482,0.9876844582637955
55329,647024,0.9322397967019763,false,55329,647024,0.9322397967019763
55329,255928,0.9803401752811767,false,55329,255928,0.9803401752811767
55329,151531,0.9294675109823194,false,55329,151531,0.9294675109823194
55329,8537,0.9775598915169478,false,55329,8537,0.9775598915169478
55329,10018,0.9943648944123843,false,55329,10018,0.9943648944123843
55329,115019,0.9889757974547058,false,55329,115019,0.9889757974547058
55329,201625,0.7824195785763424,false,55329,201625,0.7824195785763424
55329,105180390,0.9801810518705003,false,55329,105180390,0.9801810518705003
55329,692058,0.973320320813429,false,55329,692058,0.973320320813429
55329,276,0.7671988729456996,false,55329,276,0.7671988729456996
55329,168374,0.962181649714874,false,55329,168374,0.962181649714874
55329,83481,0.9472237945118938,false,55329,83481,0.9472237945118938
55329,645843,0.9653594022100958,false,55329,645843,0.9653594022100958
55329,143884,0.9790422413618909,false,55329,143884,0.9790422413618909
55329,80004,0.8546979741642577,false,55329,80004,0.8546979741642577
55329,121512,0.9231658025417939,false,55329,121512,0.9231658025417939
55329,3993,0.9441174040410567,false,55329,3993,0.9441174040410567
55329,389852,0.9889447285172032,false,55329,389852,0.9889447285172032
55329,342892,0.9852435447588342,false,55329,342892,0.9852435447588342
55329,164312,0.972102470085115,false,55329,164312,0.972102470085115
55329,84239,0.9287400200067297,false,55329,84239,0.9287400200067297
55329,2065,0.949303658566075,false,55329,2065,0.949303658566075
55329,57402,0.8808969970835152,false,55329,57402,0.8808969970835152
55329,1513,0.7408766098805539,false,55329,1513,0.7408766098805539
55329,776,0.8720904035026377,false,55329,776,0.8720904035026377
55329,780,0.8854043110914,false,55329,780,0.8854043110914
55329,135656,0.9920496213868967,false,55329,135656,0.9920496213868967
55329,3880,0.8227300392857892,false,55329,3880,0.8227300392857892
55329,94059,0.990452931818913,false,55329,94059,0.990452931818913
55329,26769,0.9346329724168773,false,55329,26769,0.9346329724168773
55329,3960,0.991798885983011,false,55329,3960,0.991798885983011
55329,7433,0.8781257051355928,false,55329,7433,0.8781257051355928
55329,284323,0.9953246773524501,false,55329,284323,0.9953246773524501
55329,100129460,0.7874287962400676,false,55329,100129460,0.7874287962400676
55329,65217,0.8330492342623718,false,55329,65217,0.8330492342623718
55329,23584,0.9759201336515648,false,55329,23584,0.9759201336515648
55329,692213,0.9906072433393974,false,55329,692213,0.9906072433393974
55329,153643,0.9181985635601174,false,55329,153643,0.9181985635601174
55329,112268422,0.9936884722550687,false,55329,112268422,0.9936884722550687
55329,649946,0.7364286982757248,false,55329,649946,0.7364286982757248
55329,259294,0.9979172629244454,false,55329,259294,0.9979172629244454
55329,79740,0.9006764395415167,false,55329,79740,0.9006764395415167
55329,2266,0.9797984241788301,false,55329,2266,0.9797984241788301
55329,745,0.9829440534623027,false,55329,745,0.9829440534623027
55329,440352,0.9209232021119673,false,55329,440352,0.9209232021119673
116228,79977,0.850425525043443,false,116228,79977,0.850425525043443
116228,9208,0.8592673144018633,false,116228,9208,0.8592673144018633
116228,112268252,0.8852866407946379,false,116228,112268252,0.8852866407946379
116228,277,0.9493062246855534,false,116228,277,0.9493062246855534
116228,80736,0.8670931629167717,false,116228,80736,0.8670931629167717
116228,163131,0.9212412968766747,false,116228,163131,0.9212412968766747
116228,25901,0.9791646046125256,false,116228,25901,0.9791646046125256
116228,100302170,0.9782673699667626,false,116228,100302170,0.9782673699667626
116228,51365,0.9732033916129258,false,116228,51365,0.9732033916129258
116228,7225,0.9209289142070836,false,116228,7225,0.9209289142070836
116228,4128,0.7537121371151382,false,116228,4128,0.7537121371151382
116228,27134,0.9572621468276158,false,116228,27134,0.9572621468276158
116228,654412,0.9750623628386005,false,116228,654412,0.9750623628386005
116228,55892,0.9306785395402865,false,116228,55892,0.9306785395402865
116228,8999,0.8440776572687055,false,116228,8999,0.8440776572687055
116228,306,0.7289487146656566,false,116228,306,0.7289487146656566
116228,157310,0.7232075951968994,false,116228,157310,0.7232075951968994
116228,5340,0.9662135445152574,false,116228,5340,0.9662135445152574
116228,4582,0.9723270505449397,false,116228,4582,0.9723270505449397
116228,3248,0.9413591803741574,false,116228,3248,0.9413591803741574
116228,255189,0.9219807015342608,false,116228,255189,0.9219807015342608
116228,641384,0.9794734086373682,false,116228,641384,0.9794734086373682
116228,100130449,0.9803927252264528,false,116228,100130449,0.9803927252264528
116228,10103,0.97002799527489,false,116228,10103,0.97002799527489
116228,3856,0.8781029656966791,false,116228,3856,0.8781029656966791
116228,1048,0.9755532466970708,false,116228,1048,0.9755532466970708
116228,100419743,0.9756163154721958,false,116228,100419743,0.9756163154721958
116228,79838,0.8773610931121134,false,116228,79838,0.8773610931121134
116228,3983,0.9593490307588898,false,116228,3983,0.9593490307588898
116228,3694,0.8533397713512214,false,116228,3694,0.8533397713512214
116228,22941,0.8245444489335192,false,116228,22941,0.8245444489335192
116228,285989,0.9803216058491345,false,116228,285989,0.9803216058491345
116228,2627,0.9257364686533915,false,116228,2627,0.9257364686533915
116228,503640,0.9766833864437429,false,116228,503640,0.9766833864437429
116228,259290,0.960111419178848,false,116228,259290,0.960111419178848
116228,1555,0.9650442727925698,false,116228,1555,0.9650442727925698
116228,57528,0.9707983074493497,false,116228,57528,0.9707983074493497
116228,201456,0.9594317437571593,false,116228,201456,0.9594317437571593
116228,142827,0.8884113481957998,false,116228,142827,0.8884113481957998
116228,57186,0.8362446990901059,false,116228,57186,0.8362446990901059
116228,6751,0.9482775474515456,false,116228,6751,0.9482775474515456
116228,6473,0.8137598233511375,false,116228,6473,0.8137598233511375
116228,102723508,0.9685213516365024,false,116228,102723508,0.9685213516365024
116228,28984,0.817282627409914,false,116228,28984,0.817282627409914
116228,51185,0.7512874504395657,false,116228,51185,0.7512874504395657
116228,130367,0.8616671862902913,false,116228,130367,0.8616671862902913
116228,285335,0.7792522603713489,false,116228,285335,0.7792522603713489
116228,9356,0.9435867217236293,false,116228,9356,0.9435867217236293
116228,1910,0.7250635190949741,false,116228,1910,0.7250635190949741
116228,641776,0.9646891572920204,false,116228,641776,0.9646891572920204
116228,100506658,0.8102830933578775,false,116228,100506658,0.8102830933578775
116228,341676,0.9703480716392221,false,116228,341676,0.9703480716392221
116228,148213,0.9799425268110216,false,116228,148213,0.9799425268110216
116228,10595,0.9522653467046364,false,116228,10595,0.9522653467046364
116228,4583,0.9413416756712253,false,116228,4583,0.9413416756712253
116228,728643,0.8712698545753497,false,116228,728643,0.8712698545753497
116228,55567,0.9470540919367926,false,116228,55567,0.9470540919367926
116228,6103,0.7015476447381346,false,116228,6103,0.7015476447381346
116228,54997,0.9662581419883549,false,116228,54997,0.9662581419883549
116228,79848,0.9604724604205813,false,116228,79848,0.9604724604205813
116228,115677,0.7703610481586918,false,116228,115677,0.7703610481586918
116228,5961,0.9695854295616082,false,116228,5961,0.9695854295616082
116228,7851,0.975221688380833,false,116228,7851,0.975221688380833
116228,692072,0.9921308072538236,false,116228,692072,0.9921308072538236
116228,109136579,0.981385591614152,false,116228,109136579,0.981385591614152
116228,503645,0.9279653635363664,false,116228,503645,0.9279653635363664
116228,55808,0.9693902518128057,false,116228,55808,0.9693902518128057
116228,999,0.9405574697217094,false,116228,999,0.9405574697217094
116228,126353,0.9598353515469937,false,116228,126353,0.9598353515469937
116228,26226,0.9781602459122747,false,116228,26226,0.9781602459122747
116228,64332,0.9637781139217542,false,116228,64332,0.9637781139217542
116228,346007,0.8319730046464348,false,116228,346007,0.8319730046464348
116228,388743,0.9752784389649518,false,116228,388743,0.9752784389649518
116228,137872,0.9656226267282734,false,116228,137872,0.9656226267282734
116228,1577,0.9910272202088378,false,116228,1577,0.9910272202088378
116228,100033430,0.9624494404055941,false,116228,100033430,0.9624494404055941
116228,340267,0.9807888938980414,false,116228,340267,0.9807888938980414
116228,200879,0.973938985258933,false,116228,200879,0.973938985258933
116228,1510,0.9709498710773459,false,116228,1510,0.9709498710773459
116228,441251,0.938850569081823,false,116228,441251,0.938850569081823
116228,102723849,0.983285477918576,false,116228,102723849,0.983285477918576
116228,9196,0.7706596122694473,false,116228,9196,0.7706596122694473
116228,6337,0.8105950280157269,false,116228,6337,0.8105950280157269
116228,57669,0.8740194904589983,false,116228,57669,0.8740194904589983
116228,619383,0.985430240509145,false,116228,619383,0.985430240509145
116228,89765,0.7773274160897673,false,116228,89765,0.7773274160897673
116228,57111,0.9748756389992336,false,116228,57111,0.9748756389992336
116228,278,0.8897195843736236,false,116228,278,0.8897195843736236
116228,116844,0.9750533194778124,false,116228,116844,0.9750533194778124
116228,10129,0.9863131383178889,false,116228,10129,0.9863131383178889
116228,4586,0.9766525317397053,false,116228,4586,0.9766525317397053
116228,100158262,0.9815066705022321,false,116228,100158262,0.9815066705022321
116228,10551,0.9792578187908645,false,116228,10551,0.9792578187908645
116228,688,0.7100838801864134,false,116228,688,0.7100838801864134
116228,378938,0.9811946544237258,false,116228,378938,0.9811946544237258
116228,54897,0.8090313876296964,false,116228,54897,0.8090313876296964
116228,285,0.7974180976478091,false,116228,285,0.7974180976478091
116228,117155,0.9595340238070157,false,116228,117155,0.9595340238070157
116228,112268155,0.9760457035516946,false,116228,112268155,0.9760457035516946
116228,1152,0.9323589574721678,false,116228,1152,0.9323589574721678
116228,79083,0.9723247869404634,false,116228,79083,0.9723247869404634
116228,66002,0.9664345767726735,false,116228,66002,0.9664345767726735
116228,1556,0.9545340800145604,false,116228,1556,0.9545340800145604
116228,22996,0.9525219809766957,false,116228,22996,0.9525219809766957
116228,55930,0.9531240859310833,false,116228,55930,0.9531240859310833
116228,7620,0.8916989891538085,false,116228,7620,0.8916989891538085
116228,7113,0.96162840993253,false,116228,7113,0.96162840993253
116228,54861,0.9181795578969857,false,116228,54861,0.9181795578969857
116228,222256,0.934848708928795,false,116228,222256,0.934848708928795
116228,105180391,0.9613977345976242,false,116228,105180391,0.9613977345976242
116228,100529240,0.9803218883317619,false,116228,100529240,0.9803218883317619
116228,113218482,0.9711729134112859,false,116228,113218482,0.9711729134112859
116228,647024,0.9409960017249799,false,116228,647024,0.9409960017249799
116228,255928,0.9653687229000709,false,116228,255928,0.9653687229000709
116228,151531,0.9456048073184968,false,116228,151531,0.9456048073184968
116228,8537,0.9854774852601038,false,116228,8537,0.9854774852601038
116228,10018,0.9824663056928324,false,116228,10018,0.9824663056928324
116228,115019,0.9723956959454306,false,116228,115019,0.9723956959454306
116228,201625,0.7931490765754753,false,116228,201625,0.7931490765754753
116228,105180390,0.9659151868711418,false,116228,105180390,0.9659151868711418
116228,692058,0.9872370479082616,false,116228,692058,0.9872370479082616
116228,276,0.828074291820538,false,116228,276,0.828074291820538
116228,168374,0.9771706323856669,false,116228,168374,0.9771706323856669
116228,83481,0.9433133347536049,false,116228,83481,0.9433133347536049
116228,645843,0.971162543993315,false,116228,645843,0.971162543993315
116228,143884,0.9649389333744737,false,116228,143884,0.9649389333744737
116228,80004,0.8724912218479016,false,116228,80004,0.8724912218479016
116228,121512,0.916506998241097,false,116228,121512,0.916506998241097
116228,3993,0.8946097562196765,false,116228,3993,0.8946097562196765
116228,389852,0.979686558428911,false,116228,389852,0.979686558428911
116228,342892,0.9556567887750181,false,116228,342892,0.9556567887750181
116228,164312,0.9370833770510701,false,116228,164312,0.9370833770510701
116228,84239,0.9098370450256189,false,116228,84239,0.9098370450256189
116228,2065,0.948103107325688,false,116228,2065,0.948103107325688
116228,57402,0.7904014857549052,false,116228,57402,0.7904014857549052
116228,1513,0.7855279480892393,false,116228,1513,0.7855279480892393
116228,776,0.803187482224647,false,116228,776,0.803187482224647
116228,780,0.8695381060958498,false,116228,780,0.8695381060958498
116228,135656,0.9758131397855176,false,116228,135656,0.9758131397855176
116228,3880,0.8228673379514525,false,116228,3880,0.8228673379514525
116228,94059,0.977236385550193,false,116228,94059,0.977236385550193
116228,26769,0.9691059082849156,false,116228,26769,0.9691059082849156
116228,3960,0.9745106989393948,false,116228,3960,0.9745106989393948
116228,7433,0.7797298798001654,false,116228,7433,0.7797298798001654
116228,284323,0.9688500423219424,false,116228,284323,0.9688500423219424
116228,100129460,0.8443971679553858,false,116228,100129460,0.8443971679553858
116228,65217,0.7861098434000287,false,116228,65217,0.7861098434000287
116228,23584,0.9266105358163267,false,116228,23584,0.9266105358163267
116228,692213,0.9757409215294245,false,116228,692213,0.9757409215294245
116228,153643,0.9422575363290188,false,116228,153643,0.9422575363290188
116228,112268422,0.9767404742473261,false,116228,112268422,0.9767404742473261
116228,649946,0.7714197871648008,false,116228,649946,0.7714197871648008
116228,259294,0.9773794123103913,false,116228,259294,0.9773794123103913
116228,79740,0.8492575549896372,false,116228,79740,0.8492575549896372
116228,2266,0.9630902545934877,false,116228,2266,0.9630902545934877
116228,745,0.9579340722878894,false,116228,745,0.9579340722878894
116228,440352,0.8457495025188373,false,116228,440352,0.8457495025188373
9173,4629,0.7939135429578935,false,9173,4629,0.7939135429578935
9173,1528,0.7484553880985421,false,9173,1528,0.7484553880985421
9173,284340,0.9219968650538184,false,9173,284340,0.9219968650538184
9173,92304,0.8055253126758374,false,9173,92304,0.8055253126758374
9173,222389,0.9030127386497088,false,9173,222389,0.9030127386497088
9173,138428,0.8090234228176119,false,9173,138428,0.8090234228176119
9173,6523,0.9750050344736455,false,9173,6523,0.9750050344736455
9173,155465,0.9662682812252786,false,9173,155465,0.9662682812252786
9173,345895,0.7149565333885411,false,9173,345895,0.7149565333885411
9173,58524,0.9537204301717145,false,9173,58524,0.9537204301717145
9173,5225,0.7485811395826882,false,9173,5225,0.7485811395826882
9173,399949,0.9470858608473796,false,9173,399949,0.9470858608473796
9173,5265,0.9773025763601302,false,9173,5265,0.9773025763601302
9173,4318,0.78303414399209,false,9173,4318,0.78303414399209
9173,105377033,0.967186132894987,false,9173,105377033,0.967186132894987
9173,10568,0.9106311795072551,false,9173,10568,0.9106311795072551
9173,33,0.9449348768628911,false,9173,33,0.9449348768628911
9173,1770,0.8030624842342794,false,9173,1770,0.8030624842342794
9173,10917,0.8902277445474532,false,9173,10917,0.8902277445474532
9173,11254,0.9651050633506695,false,9173,11254,0.9651050633506695
9173,286207,0.791300907954584,false,9173,286207,0.791300907954584
9173,5555,0.7539738755602603,false,9173,5555,0.7539738755602603
9173,57530,0.8424752483555963,false,9173,57530,0.8424752483555963
9173,60494,0.8122275804748246,false,9173,60494,0.8122275804748246
9173,722,0.7086120812546578,false,9173,722,0.7086120812546578
9173,5544,0.8033986692479826,false,9173,5544,0.8033986692479826
9173,10579,0.7282250437624554,false,9173,10579,0.7282250437624554
9173,146177,0.7685251252614212,false,9173,146177,0.7685251252614212
9173,1906,0.8614313268982655,false,9173,1906,0.8614313268982655
9173,3240,0.9320448697647882,false,9173,3240,0.9320448697647882
9173,7033,0.954097601470442,false,9173,7033,0.954097601470442
9173,718,0.8276579777267882,false,9173,718,0.8276579777267882
9173,64073,0.9627382673932321,false,9173,64073,0.9627382673932321
9173,253970,0.7388284973715602,false,9173,253970,0.7388284973715602
9173,6441,0.8699571462921458,false,9173,6441,0.8699571462921458
9173,4070,0.9301003030256223,false,9173,4070,0.9301003030256223
9173,56892,0.9668787778300473,false,9173,56892,0.9668787778300473
9173,8091,0.8963718624506215,false,9173,8091,0.8963718624506215
9173,3875,0.7499255568022386,false,9173,3875,0.7499255568022386
9173,160728,0.9604518132284313,false,9173,160728,0.9604518132284313
9173,4680,0.7602302809973124,false,9173,4680,0.7602302809973124
9173,7356,0.9388745529756309,false,9173,7356,0.9388745529756309
9173,109729127,0.9405229542040047,false,9173,109729127,0.9405229542040047
9173,400578,0.9451446481758,false,9173,400578,0.9451446481758
9173,94025,0.930456127130983,false,9173,94025,0.930456127130983
9173,728276,0.9580734393606894,false,9173,728276,0.9580734393606894
9173,101927516,0.7278262975297599,false,9173,101927516,0.7278262975297599
9173,102723635,0.7482220022357041,false,9173,102723635,0.7482220022357041
9173,5545,0.9320273647993785,false,9173,5545,0.9320273647993785
9173,727897,0.9136131900053045,false,9173,727897,0.9136131900053045
9173,54848,0.9135011605834997,false,9173,54848,0.9135011605834997
9173,1767,0.820883886946424,false,9173,1767,0.820883886946424
9173,9476,0.7480015234244214,false,9173,9476,0.7480015234244214
9173,117156,0.9071677704468181,false,9173,117156,0.9071677704468181
9173,195814,0.9710451129455959,false,9173,195814,0.9710451129455959
9173,140766,0.8690606855309626,false,9173,140766,0.8690606855309626
9173,105,0.9697507451289704,false,9173,105,0.9697507451289704
9173,84059,0.7026145945802191,false,9173,84059,0.7026145945802191
9173,6097,0.8092161012330877,false,9173,6097,0.8092161012330877
9173,120892,0.7422087461703336,false,9173,120892,0.7422087461703336
9173,4057,0.9581266826073851,false,9173,4057,0.9581266826073851
9173,220136,0.9109113123070777,false,9173,220136,0.9109113123070777
9173,112577518,0.9389649117544353,false,9173,112577518,0.9389649117544353
9173,9370,0.9468024875646786,false,9173,9370,0.9468024875646786
9173,693188,0.8547035091273888,false,9173,693188,0.8547035091273888
9173,389376,0.8877774911718618,false,9173,389376,0.8877774911718618
9173,6799,0.9719448510293907,false,9173,6799,0.9719448510293907
9173,353189,0.8498281935616034,false,9173,353189,0.8498281935616034
9173,563,0.9471689640174991,false,9173,563,0.9471689640174991
9173,4069,0.8494884678576469,false,9173,4069,0.8494884678576469
9173,1080,0.7377142736326818,false,9173,1080,0.7377142736326818
9173,123872,0.9146129836479091,false,9173,123872,0.9146129836479091
9173,105372793,0.9733925784759854,false,9173,105372793,0.9733925784759854
9173,653509,0.7332485352675637,false,9173,653509,0.7332485352675637
9173,100874095,0.9468024875646786,false,9173,100874095,0.9468024875646786
9173,729238,0.8165275286572424,false,9173,729238,0.8165275286572424
9173,26298,0.9121412127885338,false,9173,26298,0.9121412127885338
9173,100033436,0.9780313777793775,false,9173,100033436,0.9780313777793775
4883,4629,0.7967121633655928,false,4883,4629,0.7967121633655928
4883,79977,0.8139042323680391,false,4883,79977,0.8139042323680391
4883,9208,0.8678939779708631,false,4883,9208,0.8678939779708631
4883,277,0.7378172680922479,false,4883,277,0.7378172680922479
4883,155465,0.7085069849814298,false,4883,155465,0.7085069849814298
4883,345895,0.7849565808821533,false,4883,345895,0.7849565808821533
4883,58524,0.7448661698678529,false,4883,58524,0.7448661698678529
4883,5225,0.9407667252405642,false,4883,5225,0.9407667252405642
4883,399949,0.7412358087092658,false,4883,399949,0.7412358087092658
4883,677831,0.8558119890238481,false,4883,677831,0.8558119890238481
4883,4318,0.7640801706165239,false,4883,4318,0.7640801706165239
4883,3856,0.78476840565711,false,4883,3856,0.78476840565711
4883,79838,0.7902622326987297,false,4883,79838,0.7902622326987297
4883,10529,0.8022076524284788,false,4883,10529,0.8022076524284788
4883,11254,0.7020052089661487,false,4883,11254,0.7020052089661487
4883,3694,0.7019936829695342,false,4883,3694,0.7019936829695342
4883,286207,0.8689943423287135,false,4883,286207,0.8689943423287135
4883,5555,0.9278373525754253,false,4883,5555,0.9278373525754253
4883,5544,0.9439709805253272,false,4883,5544,0.9439709805253272
4883,10579,0.9091496456245981,false,4883,10579,0.9091496456245981
4883,28984,0.8751675976187033,false,4883,28984,0.8751675976187033
4883,51185,0.7932926714427904,false,4883,51185,0.7932926714427904
4883,130367,0.864599641873597,false,4883,130367,0.864599641873597
4883,285335,0.9274814540353701,false,4883,285335,0.9274814540353701
4883,1910,0.793879244636893,false,4883,1910,0.793879244636893
4883,200373,0.8926745026470713,false,4883,200373,0.8926745026470713
4883,168090,0.8525502039357797,false,4883,168090,0.8525502039357797
4883,474354,0.8189554106132018,false,4883,474354,0.8189554106132018
4883,10595,0.7315898985428464,false,4883,10595,0.7315898985428464
4883,7033,0.7434434699372194,false,4883,7033,0.7434434699372194
4883,4583,0.7654169478766678,false,4883,4583,0.7654169478766678
4883,54842,0.8177069522158789,false,4883,54842,0.8177069522158789
4883,6103,0.898864601754443,false,4883,6103,0.898864601754443
4883,253970,0.7699833142514694,false,4883,253970,0.7699833142514694
4883,999,0.7115824860584052,false,4883,999,0.7115824860584052
4883,8091,0.7244043375761091,false,4883,8091,0.7244043375761091
4883,3875,0.9001722860985744,false,4883,3875,0.9001722860985744
4883,100033430,0.7050130480531139,false,4883,100033430,0.7050130480531139
4883,4680,0.7590353202438309,false,4883,4680,0.7590353202438309
4883,441251,0.7656411881569174,false,4883,441251,0.7656411881569174
4883,400578,0.7605747356120203,false,4883,400578,0.7605747356120203
4883,5284,0.9422280165989135,false,4883,5284,0.9422280165989135
4883,94025,0.8133244405364545,false,4883,94025,0.8133244405364545
4883,89765,0.7532986080213587,false,4883,89765,0.7532986080213587
4883,278,0.8682629317669615,false,4883,278,0.8682629317669615
4883,101927516,0.7025793847880735,false,4883,101927516,0.7025793847880735
4883,688,0.9500012790555586,false,4883,688,0.9500012790555586
4883,6101,0.7295640625112519,false,4883,6101,0.7295640625112519
4883,5545,0.8036071275510486,false,4883,5545,0.8036071275510486
4883,727897,0.8151681036375691,false,4883,727897,0.8151681036375691
4883,27074,0.8368799247115734,false,4883,27074,0.8368799247115734
4883,79632,0.9341650958858029,false,4883,79632,0.9341650958858029
4883,4585,0.9839159692132523,false,4883,4585,0.9839159692132523
4883,1767,0.910764107116862,false,4883,1767,0.910764107116862
4883,222256,0.7911172337922489,false,4883,222256,0.7911172337922489
4883,1604,0.8955286872425133,false,4883,1604,0.8955286872425133
4883,201625,0.8258497574429083,false,4883,201625,0.8258497574429083
4883,1043,0.9611105381557411,false,4883,1043,0.9611105381557411
4883,276,0.9213068773028504,false,4883,276,0.9213068773028504
4883,105,0.7189386386835058,false,4883,105,0.7189386386835058
4883,84059,0.817173491343538,false,4883,84059,0.817173491343538
4883,1579,0.8587929552116533,false,4883,1579,0.8587929552116533
4883,57477,0.7504787642297114,false,4883,57477,0.7504787642297114
4883,80004,0.7388000670369607,false,4883,80004,0.7388000670369607
4883,120892,0.8753467120674322,false,4883,120892,0.8753467120674322
4883,4057,0.7442337808549501,false,4883,4057,0.7442337808549501
4883,112577518,0.7570419052966135,false,4883,112577518,0.7570419052966135
4883,9370,0.7636734156025414,false,4883,9370,0.7636734156025414
4883,353189,0.9045824817296028,false,4883,353189,0.9045824817296028
4883,563,0.7478632368857759,false,4883,563,0.7478632368857759
4883,1513,0.7787288969205369,false,4883,1513,0.7787288969205369
4883,84851,0.9662511562283398,false,4883,84851,0.9662511562283398
4883,3880,0.7693997733705705,false,4883,3880,0.7693997733705705
4883,26769,0.7426170845752665,false,4883,26769,0.7426170845752665
4883,100129460,0.8818185209699708,false,4883,100129460,0.8818185209699708
4883,4069,0.9138167027068462,false,4883,4069,0.9138167027068462
4883,1080,0.8462749254654706,false,4883,1080,0.8462749254654706
4883,1286,0.8615999766148703,false,4883,1286,0.8615999766148703
4883,153643,0.7339802247134376,false,4883,153643,0.7339802247134376
4883,100874095,0.7636734156025414,false,4883,100874095,0.7636734156025414
4883,144535,0.7597343841730961,false,4883,144535,0.7597343841730961
4883,649946,0.7545430293491513,false,4883,649946,0.7545430293491513
4883,26298,0.8187859277001918,false,4883,26298,0.8187859277001918
127733,6496,0.730705311576971,false,127733,6496,0.730705311576971
127733,105374373,0.8049118487095869,false,127733,105374373,0.8049118487095869
127733,6928,0.9345677176468948,false,127733,6928,0.9345677176468948
127733,253982,0.801178530344931,false,127733,253982,0.801178530344931
127733,4574,0.8267488462168228,false,127733,4574,0.8267488462168228
127733,3249,0.7134316064723921,false,127733,3249,0.7134316064723921
127733,6440,0.8288570039134898,false,127733,6440,0.8288570039134898
127733,1636,0.7868747028398234,false,127733,1636,0.7868747028398234
127733,105375355,0.9872223695784496,false,127733,105375355,0.9872223695784496
127733,102724057,0.9195835123958319,false,127733,102724057,0.9195835123958319
127733,103504738,0.96341436381421,false,127733,103504738,0.96341436381421
127733,1580,0.9819309289585607,false,127733,1580,0.9819309289585607
127733,177,0.7033750393383478,false,127733,177,0.7033750393383478
127733,9914,0.7897190188626917,false,127733,9914,0.7897190188626917
127733,56241,0.9372703599342396,false,127733,56241,0.9372703599342396
127733,89,0.9300374107863985,false,127733,89,0.9300374107863985
127733,57526,0.9544981407652622,false,127733,57526,0.9544981407652622
127733,2327,0.9722883497082165,false,127733,2327,0.9722883497082165
127733,146556,0.903065523029836,false,127733,146556,0.903065523029836
127733,7080,0.8132572485142987,false,127733,7080,0.8132572485142987
127733,6439,0.7118447045283303,false,127733,6439,0.7118447045283303
127733,406903,0.9154065907735603,false,127733,406903,0.9154065907735603
127733,84842,0.9295343204959383,false,127733,84842,0.9295343204959383
127733,388555,0.9681286121212739,false,127733,388555,0.9681286121212739
127733,128602,0.9527697912599364,false,127733,128602,0.9527697912599364
127733,100506380,0.8580863539883287,false,127733,100506380,0.8580863539883287
127733,363,0.9681286121212738,false,127733,363,0.9681286121212738
127733,65998,0.8935317593831221,false,127733,65998,0.8935317593831221
127733,419,0.9681286121212739,false,127733,419,0.9681286121212739
127733,93517,0.9820644237805989,false,127733,93517,0.9820644237805989
127733,388633,0.9639180797654672,false,127733,388633,0.9639180797654672
127733,11185,0.8894585311749937,false,127733,11185,0.8894585311749937
127733,10586,0.9350785929878129,false,127733,10586,0.9350785929878129
127733,2125,0.9223379683030771,false,127733,2125,0.9223379683030771
127733,3780,0.9365980710329701,false,127733,3780,0.9365980710329701
127733,163479,0.8366794537693643,false,127733,163479,0.8366794537693643
127733,84867,0.8888855836941242,false,127733,84867,0.8888855836941242
127733,284680,0.7845339997341204,false,127733,284680,0.7845339997341204
127733,128218,0.8429004704646301,false,127733,128218,0.8429004704646301
127733,5349,0.9680661881484152,false,127733,5349,0.9680661881484152
127733,113219467,0.7547530953895824,false,127733,113219467,0.7547530953895824
127733,26797,0.8903013401954205,false,127733,26797,0.8903013401954205
127733,692209,0.8473834062963052,false,127733,692209,0.8473834062963052
127733,4861,0.9585681428805188,false,127733,4861,0.9585681428805188
127733,21,0.7732163449715856,false,127733,21,0.7732163449715856
127733,284434,0.9747926185035114,false,127733,284434,0.9747926185035114
127733,9052,0.7367669428541763,false,127733,9052,0.7367669428541763
127733,440590,0.7175723549572761,false,127733,440590,0.7175723549572761
127733,100423031,0.9681286121212739,false,127733,100423031,0.9681286121212739
127733,79098,0.8233067409071988,false,127733,79098,0.8233067409071988
127733,1515,0.7788847535355677,false,127733,1515,0.7788847535355677
127733,165186,0.9051467837219868,false,127733,165186,0.9051467837219868
93035,1528,0.787062276427538,false,93035,1528,0.787062276427538
93035,284340,0.827779100058201,false,93035,284340,0.827779100058201
93035,92304,0.87503019032208,false,93035,92304,0.87503019032208
93035,222389,0.8307354420376302,false,93035,222389,0.8307354420376302
93035,138428,0.7925973142442735,false,93035,138428,0.7925973142442735
93035,6440,0.7074674240171469,false,93035,6440,0.7074674240171469
93035,10568,0.8180702948758771,false,93035,10568,0.8180702948758771
93035,33,0.8369396600541522,false,93035,33,0.8369396600541522
93035,1770,0.710970856304167,false,93035,1770,0.710970856304167
93035,10917,0.82153596283467,false,93035,10917,0.82153596283467
93035,177,0.8879391211714314,false,93035,177,0.8879391211714314
93035,9914,0.8429915208009183,false,93035,9914,0.8429915208009183
93035,57530,0.8216442059290564,false,93035,57530,0.8216442059290564
93035,722,0.9362643729697111,false,93035,722,0.9362643729697111
93035,730,0.8812174380565202,false,93035,730,0.8812174380565202
93035,7080,0.8659924757089464,false,93035,7080,0.8659924757089464
93035,6439,0.7425172273395267,false,93035,6439,0.7425172273395267
93035,85452,0.9664605474876599,false,93035,85452,0.9664605474876599
93035,146177,0.9745886606001657,false,93035,146177,0.9745886606001657
93035,728226,0.8570911091995175,false,93035,728226,0.8570911091995175
93035,2696,0.7683202942433967,false,93035,2696,0.7683202942433967
93035,100129940,0.866318168148557,false,93035,100129940,0.866318168148557
93035,1906,0.8732080600797897,false,93035,1906,0.8732080600797897
93035,3240,0.7906189995430064,false,93035,3240,0.7906189995430064
93035,221395,0.8691967963253501,false,93035,221395,0.8691967963253501
93035,6332,0.7788234013575082,false,93035,6332,0.7788234013575082
93035,718,0.8043899834704085,false,93035,718,0.8043899834704085
93035,9223,0.7574570138505594,false,93035,9223,0.7574570138505594
93035,6441,0.8150131301631758,false,93035,6441,0.8150131301631758
93035,4070,0.7281727356615654,false,93035,4070,0.7281727356615654
93035,56892,0.8247406982202617,false,93035,56892,0.8247406982202617
93035,2277,0.9045837653066771,false,93035,2277,0.9045837653066771
93035,160728,0.7490033540532539,false,93035,160728,0.7490033540532539
93035,79148,0.8300598720291387,false,93035,79148,0.8300598720291387
93035,102723635,0.8034791013114009,false,93035,102723635,0.8034791013114009
93035,54848,0.8960344511897584,false,93035,54848,0.8960344511897584
93035,9476,0.7130014148757703,false,93035,9476,0.7130014148757703
93035,117156,0.7898629813610428,false,93035,117156,0.7898629813610428
93035,195814,0.7572313510249622,false,93035,195814,0.7572313510249622
93035,256076,0.7609317104594093,false,93035,256076,0.7609317104594093
93035,140766,0.8310925272384785,false,93035,140766,0.8310925272384785
93035,284680,0.7370742737096586,false,93035,284680,0.7370742737096586
93035,6097,0.8912226115621754,false,93035,6097,0.8912226115621754
93035,100820829,0.7747551800080976,false,93035,100820829,0.7747551800080976
93035,693188,0.7496318316929813,false,93035,693188,0.7496318316929813
93035,389376,0.739462625776587,false,93035,389376,0.739462625776587
93035,21,0.845144877399727,false,93035,21,0.845144877399727
93035,10203,0.735081677706245,false,93035,10203,0.735081677706245
93035,123872,0.8847937264265072,false,93035,123872,0.8847937264265072
93035,105373265,0.8352143766637773,false,93035,105373265,0.8352143766637773
93035,9052,0.7145673416440985,false,93035,9052,0.7145673416440985
93035,653509,0.7778580718317427,false,93035,653509,0.7778580718317427
93035,729238,0.7589648330735088,false,93035,729238,0.7589648330735088
93035,3855,0.7069367143224463,false,93035,3855,0.7069367143224463
4629,284340,0.8051306711453805,false,4629,284340,0.8051306711453805
4629,92304,0.7522420797269679,false,4629,92304,0.7522420797269679
4629,222389,0.85998616483503,false,4629,222389,0.85998616483503
4629,6523,0.7824124000963186,false,4629,6523,0.7824124000963186
4629,155465,0.8375108822974269,false,4629,155465,0.8375108822974269
4629,345895,0.9849696752742868,false,4629,345895,0.9849696752742868
4629,58524,0.855985738470466,false,4629,58524,0.855985738470466
4629,5225,0.8670658865905863,false,4629,5225,0.8670658865905863
4629,399949,0.8064369709751109,false,4629,399949,0.8064369709751109
4629,5265,0.8647932543600991,false,4629,5265,0.8647932543600991
4629,4318,0.8575230682717208,false,4629,4318,0.8575230682717208
4629,105377033,0.8198519304070259,false,4629,105377033,0.8198519304070259
4629,10568,0.9213356958596345,false,4629,10568,0.9213356958596345
4629,33,0.868114954257946,false,4629,33,0.868114954257946
4629,1770,0.8582874156897266,false,4629,1770,0.8582874156897266
4629,10917,0.8732066868663265,false,4629,10917,0.8732066868663265
4629,10529,0.8256529719784854,false,4629,10529,0.8256529719784854
4629,11254,0.8787150020708605,false,4629,11254,0.8787150020708605
4629,286207,0.9245009176227402,false,4629,286207,0.9245009176227402
4629,5555,0.9527184448650043,false,4629,5555,0.9527184448650043
4629,163720,0.7384456819513144,false,4629,163720,0.7384456819513144
4629,5544,0.8702115588710132,false,4629,5544,0.8702115588710132
4629,10579,0.965297361825432,false,4629,10579,0.965297361825432
4629,1910,0.7454794554292362,false,4629,1910,0.7454794554292362
4629,146177,0.7283539826221278,false,4629,146177,0.7283539826221278
4629,200373,0.8107790463056966,false,4629,200373,0.8107790463056966
4629,168090,0.8311397657155428,false,4629,168090,0.8311397657155428
4629,474354,0.9092450376044032,false,4629,474354,0.9092450376044032
4629,1906,0.8659543195398599,false,4629,1906,0.8659543195398599
4629,3240,0.916758836355346,false,4629,3240,0.916758836355346
4629,7033,0.8327392973102877,false,4629,7033,0.8327392973102877
4629,221395,0.8246408492837335,false,4629,221395,0.8246408492837335
4629,54842,0.8854203196225505,false,4629,54842,0.8854203196225505
4629,6103,0.7549916215490177,false,4629,6103,0.7549916215490177
4629,64073,0.8010383221732027,false,4629,64073,0.8010383221732027
4629,253970,0.9184177001299073,false,4629,253970,0.9184177001299073
4629,6441,0.7355885554055764,false,4629,6441,0.7355885554055764
4629,4070,0.7842090369697263,false,4629,4070,0.7842090369697263
4629,56892,0.8338149322682652,false,4629,56892,0.8338149322682652
4629,8091,0.9253287639760689,false,4629,8091,0.9253287639760689
4629,3875,0.8960068266847842,false,4629,3875,0.8960068266847842
4629,160728,0.7773515739972384,false,4629,160728,0.7773515739972384
4629,4680,0.8157308701865996,false,4629,4680,0.8157308701865996
4629,7356,0.8321410358734069,false,4629,7356,0.8321410358734069
4629,109729127,0.7702919225877681,false,4629,109729127,0.7702919225877681
4629,400578,0.8110816839940531,false,4629,400578,0.8110816839940531
4629,5284,0.7876443974211474,false,4629,5284,0.7876443974211474
4629,94025,0.8597604584701842,false,4629,94025,0.8597604584701842
4629,109729184,0.7179041576104584,false,4629,109729184,0.7179041576104584
4629,728276,0.8227049102033648,false,4629,728276,0.8227049102033648
4629,101927516,0.9277342490967212,false,4629,101927516,0.9277342490967212
4629,688,0.7053670515638585,false,4629,688,0.7053670515638585
4629,6101,0.7894951356647605,false,4629,6101,0.7894951356647605
4629,5545,0.8387336735617604,false,4629,5545,0.8387336735617604
4629,727897,0.8221850481372877,false,4629,727897,0.8221850481372877
4629,27074,0.8798217378496792,false,4629,27074,0.8798217378496792
4629,54848,0.8492778215282333,false,4629,54848,0.8492778215282333
4629,79632,0.9355680946501852,false,4629,79632,0.9355680946501852
4629,4585,0.8279849583470861,false,4629,4585,0.8279849583470861
4629,1767,0.918674458358806,false,4629,1767,0.918674458358806
4629,54,0.7173267538108898,false,4629,54,0.7173267538108898
4629,9476,0.7518536089763459,false,4629,9476,0.7518536089763459
4629,117156,0.8233850219647323,false,4629,117156,0.8233850219647323
4629,195814,0.8454042870397619,false,4629,195814,0.8454042870397619
4629,1043,0.8275839457850624,false,4629,1043,0.8275839457850624
4629,2122,0.8919550890929262,false,4629,2122,0.8919550890929262
4629,105,0.8370722457963274,false,4629,105,0.8370722457963274
4629,84059,0.9555175798967446,false,4629,84059,0.9555175798967446
4629,1579,0.837084242106257,false,4629,1579,0.837084242106257
4629,57477,0.9787208764724307,false,4629,57477,0.9787208764724307
4629,6097,0.7451465017285562,false,4629,6097,0.7451465017285562
4629,120892,0.9804631254709179,false,4629,120892,0.9804631254709179
4629,123624,0.7738218424181094,false,4629,123624,0.7738218424181094
4629,4057,0.8347475711338914,false,4629,4057,0.8347475711338914
4629,112577518,0.7988540999603325,false,4629,112577518,0.7988540999603325
4629,9370,0.8176777996267343,false,4629,9370,0.8176777996267343
4629,693188,0.8169150253444597,false,4629,693188,0.8169150253444597
4629,389376,0.747170584739105,false,4629,389376,0.747170584739105
4629,6799,0.8267922295026341,false,4629,6799,0.8267922295026341
4629,353189,0.8876864441031372,false,4629,353189,0.8876864441031372
4629,563,0.8030537249405632,false,4629,563,0.8030537249405632
4629,84851,0.9209509523599843,false,4629,84851,0.9209509523599843
4629,10203,0.7908893466929574,false,4629,10203,0.7908893466929574
4629,4069,0.8916099197902406,false,4629,4069,0.8916099197902406
4629,1080,0.9922092263532922,false,4629,1080,0.9922092263532922
4629,123872,0.8312761692628088,false,4629,123872,0.8312761692628088
4629,1286,0.9540630640760043,false,4629,1286,0.9540630640760043
4629,105372793,0.8362604761516924,false,4629,105372793,0.8362604761516924
4629,653509,0.72241784507843,false,4629,653509,0.72241784507843
4629,100874095,0.8176777996267343,false,4629,100874095,0.8176777996267343
4629,729238,0.7609105333857127,false,4629,729238,0.7609105333857127
4629,144535,0.9331445822579609,false,4629,144535,0.9331445822579609
4629,26298,0.8839470877966364,false,4629,26298,0.8839470877966364
4629,100033436,0.7875559419709958,false,4629,100033436,0.7875559419709958
6496,4574,0.9207292713399058,false,6496,4574,0.9207292713399058
6496,103504738,0.7790821267487398,false,6496,103504738,0.7790821267487398
6496,1132,0.7742547625196469,false,6496,1132,0.7742547625196469
6496,56241,0.729027715085191,false,6496,56241,0.729027715085191
6496,89,0.7545240955661032,false,6496,89,0.7545240955661032
6496,57526,0.8914340056467509,false,6496,57526,0.8914340056467509
6496,146556,0.721807724379975,false,6496,146556,0.721807724379975
6496,406903,0.7953538146201805,false,6496,406903,0.7953538146201805
6496,84842,0.8039446885685957,false,6496,84842,0.8039446885685957
6496,388555,0.8176530987442512,false,6496,388555,0.8176530987442512
6496,100506380,0.9311834425019699,false,6496,100506380,0.9311834425019699
6496,363,0.8176530987442511,false,6496,363,0.8176530987442511
6496,644649,0.8051936191546202,false,6496,644649,0.8051936191546202
6496,65998,0.8706523661006179,false,6496,65998,0.8706523661006179
6496,419,0.8176530987442512,false,6496,419,0.8176530987442512
6496,93517,0.7980154750618759,false,6496,93517,0.7980154750618759
6496,388633,0.8092192194739967,false,6496,388633,0.8092192194739967
6496,10586,0.704124344497673,false,6496,10586,0.704124344497673
6496,3780,0.9088354850379137,false,6496,3780,0.9088354850379137
6496,23562,0.9455838789943102,false,6496,23562,0.9455838789943102
6496,163479,0.7418223914101465,false,6496,163479,0.7418223914101465
6496,100130701,0.7041034848775646,false,6496,100130701,0.7041034848775646
6496,441151,0.847612491360957,false,6496,441151,0.847612491360957
6496,5349,0.8282763746813073,false,6496,5349,0.8282763746813073
6496,222183,0.8745051086607788,false,6496,222183,0.8745051086607788
6496,113219467,0.9277502066373692,false,6496,113219467,0.9277502066373692
6496,26797,0.8902413143134802,false,6496,26797,0.8902413143134802
6496,692209,0.8052801058567232,false,6496,692209,0.8052801058567232
6496,4861,0.8562003775597465,false,6496,4861,0.8562003775597465
6496,1028,0.9195210442191071,false,6496,1028,0.9195210442191071
6496,100423031,0.8176530987442512,false,6496,100423031,0.8176530987442512
6496,102465485,0.7413721222142181,false,6496,102465485,0.7413721222142181
112770,406969,0.8986800439222824,false,112770,406969,0.8986800439222824
112770,57575,0.755514373317651,false,112770,57575,0.755514373317651
112770,2208,0.9066928743949338,false,112770,2208,0.9066928743949338
112770,5694,0.7402447997089323,false,112770,5694,0.7402447997089323
112770,100506686,0.7191592816939025,false,112770,100506686,0.7191592816939025
112770,81615,0.7512787967797595,false,112770,81615,0.7512787967797595
112770,8153,0.9356117623452911,false,112770,8153,0.9356117623452911
112770,25804,0.8299922252757703,false,112770,25804,0.8299922252757703
112770,124944,0.8319835603479031,false,112770,124944,0.8319835603479031
112770,100506755,0.8512826809516957,false,112770,100506755,0.8512826809516957
112770,1746,0.8733134965945744,false,112770,1746,0.8733134965945744
112770,399726,0.9324771688425599,false,112770,399726,0.9324771688425599
112770,9454,0.819868826017338,false,112770,9454,0.819868826017338
112770,57710,0.7996813061751837,false,112770,57710,0.7996813061751837
112770,9699,0.8765036311773389,false,112770,9699,0.8765036311773389
112770,80381,0.7106150369429977,false,112770,80381,0.7106150369429977
112770,83643,0.8348950271013885,false,112770,83643,0.8348950271013885
112770,100874002,0.8510890267153909,false,112770,100874002,0.8510890267153909
112770,219793,0.9212826564905481,false,112770,219793,0.9212826564905481
1528,284340,0.9162776821466672,false,1528,284340,0.9162776821466672
1528,92304,0.9178230004864931,false,1528,92304,0.9178230004864931
1528,222389,0.7823449848435664,false,1528,222389,0.7823449848435664
1528,138428,0.9191822399637507,false,1528,138428,0.9191822399637507
1528,155465,0.790804507562562,false,1528,155465,0.790804507562562
1528,58524,0.7373245940256132,false,1528,58524,0.7373245940256132
1528,6440,0.7416976800681276,false,1528,6440,0.7416976800681276
1528,399949,0.7592191064373853,false,1528,399949,0.7592191064373853
1528,5265,0.7865976779413486,false,1528,5265,0.7865976779413486
1528,105377033,0.8117474031980535,false,1528,105377033,0.8117474031980535
1528,10568,0.8272327700546572,false,1528,10568,0.8272327700546572
1528,33,0.8640854980549195,false,1528,33,0.8640854980549195
1528,1770,0.8028043488096541,false,1528,1770,0.8028043488096541
1528,10917,0.7548697794011593,false,1528,10917,0.7548697794011593
1528,11254,0.7738026408889201,false,1528,11254,0.7738026408889201
1528,177,0.8075159959431735,false,1528,177,0.8075159959431735
1528,57530,0.8638288649424385,false,1528,57530,0.8638288649424385
1528,60494,0.9741045654629401,false,1528,60494,0.9741045654629401
1528,6439,0.7523169772320113,false,1528,6439,0.7523169772320113
1528,85452,0.8651067155299914,false,1528,85452,0.8651067155299914
1528,146177,0.860761476352104,false,1528,146177,0.860761476352104
1528,3240,0.7474398930892409,false,1528,3240,0.7474398930892409
1528,7033,0.7492382213306893,false,1528,7033,0.7492382213306893
1528,718,0.7072088366460192,false,1528,718,0.7072088366460192
1528,64073,0.8259158556638699,false,1528,64073,0.8259158556638699
1528,6441,0.8927241941063769,false,1528,6441,0.8927241941063769
1528,4070,0.8767576797053559,false,1528,4070,0.8767576797053559
1528,56892,0.8134592148383881,false,1528,56892,0.8134592148383881
1528,160728,0.8467576258344675,false,1528,160728,0.8467576258344675
1528,7356,0.8674332703500299,false,1528,7356,0.8674332703500299
1528,109729127,0.8815069188408731,false,1528,109729127,0.8815069188408731
1528,400578,0.7213358026129123,false,1528,400578,0.7213358026129123
1528,387882,0.867975609447922,false,1528,387882,0.867975609447922
1528,728276,0.8200446317075727,false,1528,728276,0.8200446317075727
1528,102723635,0.9919193672885672,false,1528,102723635,0.9919193672885672
1528,54848,0.8657640769019807,false,1528,54848,0.8657640769019807
1528,9476,0.7629556438460423,false,1528,9476,0.7629556438460423
1528,117156,0.9069494291846479,false,1528,117156,0.9069494291846479
1528,195814,0.8545950265254839,false,1528,195814,0.8545950265254839
1528,140766,0.8951796004963154,false,1528,140766,0.8951796004963154
1528,105,0.7526397436891885,false,1528,105,0.7526397436891885
1528,6097,0.9103934431362329,false,1528,6097,0.9103934431362329
1528,4057,0.7463929740127744,false,1528,4057,0.7463929740127744
1528,220136,0.8147364918971854,false,1528,220136,0.8147364918971854
1528,112577518,0.7262971132001421,false,1528,112577518,0.7262971132001421
1528,9370,0.717259753911765,false,1528,9370,0.717259753911765
1528,693188,0.7919273807941009,false,1528,693188,0.7919273807941009
1528,389376,0.8872898416285954,false,1528,389376,0.8872898416285954
1528,6799,0.8495313029700691,false,1528,6799,0.8495313029700691
1528,563,0.7336013396390884,false,1528,563,0.7336013396390884
1528,21,0.741912755357461,false,1528,21,0.741912755357461
1528,123872,0.8906288761773724,false,1528,123872,0.8906288761773724
1528,105372793,0.7303288284100399,false,1528,105372793,0.7303288284100399
1528,653509,0.827042545194986,false,1528,653509,0.827042545194986
1528,100874095,0.717259753911765,false,1528,100874095,0.717259753911765
1528,729238,0.8573871104705517,false,1528,729238,0.8573871104705517
1528,144571,0.7765958386916167,false,1528,144571,0.7765958386916167
1528,3855,0.8177068993121002,false,1528,3855,0.8177068993121002
1528,100033436,0.741344537902733,false,1528,100033436,0.741344537902733
79977,9208,0.9707188546572169,false,79977,9208,0.9707188546572169
79977,112268252,0.8753389897007176,false,79977,112268252,0.8753389897007176
79977,277,0.9711881987228921,false,79977,277,0.9711881987228921
79977,80736,0.8699556209428635,false,79977,80736,0.8699556209428635
79977,163131,0.7782727356631395,false,79977,163131,0.7782727356631395
79977,25901,0.8093170064898025,false,79977,25901,0.8093170064898025
79977,100302170,0.8442280197398427,false,79977,100302170,0.8442280197398427
79977,5225,0.737182564533802,false,79977,5225,0.737182564533802
79977,51365,0.8283436200805457,false,79977,51365,0.8283436200805457
79977,7225,0.908110033575615,false,79977,7225,0.908110033575615
79977,4128,0.8418147376823624,false,79977,4128,0.8418147376823624
79977,27134,0.8920321673343573,false,79977,27134,0.8920321673343573
79977,654412,0.8664346357064389,false,79977,654412,0.8664346357064389
79977,55892,0.7527914282927533,false,79977,55892,0.7527914282927533
79977,8999,0.7679056972505115,false,79977,8999,0.7679056972505115
79977,306,0.9017084170230422,false,79977,306,0.9017084170230422
79977,157310,0.8712286146174006,false,79977,157310,0.8712286146174006
79977,5340,0.8832032520564932,false,79977,5340,0.8832032520564932
79977,4582,0.8945280083398802,false,79977,4582,0.8945280083398802
79977,3248,0.8622984674634587,false,79977,3248,0.8622984674634587
79977,255189,0.8622440786608434,false,79977,255189,0.8622440786608434
79977,641384,0.8338555631688126,false,79977,641384,0.8338555631688126
79977,100130449,0.9083315208215779,false,79977,100130449,0.9083315208215779
79977,10103,0.9233914541855053,false,79977,10103,0.9233914541855053
79977,3856,0.9823837155865974,false,79977,3856,0.9823837155865974
79977,1048,0.8410458834070733,false,79977,1048,0.8410458834070733
79977,100419743,0.8407370106239149,false,79977,100419743,0.8407370106239149
79977,79838,0.9983253121813487,false,79977,79838,0.9983253121813487
79977,10529,0.8869369423938145,false,79977,10529,0.8869369423938145
79977,3983,0.8625481591570628,false,79977,3983,0.8625481591570628
79977,3694,0.9809860998196109,false,79977,3694,0.9809860998196109
79977,22941,0.8546983678311318,false,79977,22941,0.8546983678311318
79977,285989,0.9003353379880585,false,79977,285989,0.9003353379880585
79977,2627,0.9528615644971514,false,79977,2627,0.9528615644971514
79977,503640,0.8496569881357977,false,79977,503640,0.8496569881357977
79977,5555,0.7258955978206539,false,79977,5555,0.7258955978206539
79977,259290,0.7881255847494589,false,79977,259290,0.7881255847494589
79977,1555,0.9372030590511343,false,79977,1555,0.9372030590511343
79977,57528,0.8344057398899679,false,79977,57528,0.8344057398899679
79977,201456,0.8367237384200568,false,79977,201456,0.8367237384200568
79977,142827,0.801000155146074,false,79977,142827,0.801000155146074
79977,163720,0.7650867380729296,false,79977,163720,0.7650867380729296
79977,57186,0.9462370086513857,false,79977,57186,0.9462370086513857
79977,6751,0.7842794815668348,false,79977,6751,0.7842794815668348
79977,79908,0.7861621445294926,false,79977,79908,0.7861621445294926
79977,10579,0.7633373005227675,false,79977,10579,0.7633373005227675
79977,102723508,0.7574460058444235,false,79977,102723508,0.7574460058444235
79977,28984,0.971420099082447,false,79977,28984,0.971420099082447
79977,130367,0.9859496550384986,false,79977,130367,0.9859496550384986
79977,285335,0.9468183613745683,false,79977,285335,0.9468183613745683
79977,9356,0.8237704394409578,false,79977,9356,0.8237704394409578
79977,1910,0.9535513013407064,false,79977,1910,0.9535513013407064
79977,641776,0.8984330145042139,false,79977,641776,0.8984330145042139
79977,100506658,0.894101303999046,false,79977,100506658,0.894101303999046
79977,200373,0.9386205423820934,false,79977,200373,0.9386205423820934
79977,168090,0.9074931350068691,false,79977,168090,0.9074931350068691
79977,474354,0.772460471662174,false,79977,474354,0.772460471662174
79977,341676,0.9452723416524198,false,79977,341676,0.9452723416524198
79977,148213,0.8876305395020057,false,79977,148213,0.8876305395020057
79977,10595,0.9607185239520724,false,79977,10595,0.9607185239520724
79977,4583,0.9664842279831044,false,79977,4583,0.9664842279831044
79977,54842,0.7820604372560711,false,79977,54842,0.7820604372560711
79977,728643,0.7643407886040018,false,79977,728643,0.7643407886040018
79977,55567,0.9615724153267312,false,79977,55567,0.9615724153267312
79977,6103,0.8829842064895664,false,79977,6103,0.8829842064895664
79977,54997,0.843788182078752,false,79977,54997,0.843788182078752
79977,79848,0.7994690105431632,false,79977,79848,0.7994690105431632
79977,115677,0.8720285301416245,false,79977,115677,0.8720285301416245
79977,5961,0.8234633582305134,false,79977,5961,0.8234633582305134
79977,7851,0.9001297857589413,false,79977,7851,0.9001297857589413
79977,692072,0.8452518664523022,false,79977,692072,0.8452518664523022
79977,109136579,0.9048547438864594,false,79977,109136579,0.9048547438864594
79977,503645,0.8095389774386588,false,79977,503645,0.8095389774386588
79977,55808,0.8667250797785458,false,79977,55808,0.8667250797785458
79977,999,0.9697874433377094,false,79977,999,0.9697874433377094
79977,126353,0.9165733126521888,false,79977,126353,0.9165733126521888
79977,26226,0.8630544731359387,false,79977,26226,0.8630544731359387
79977,64332,0.8847712893685395,false,79977,64332,0.8847712893685395
79977,346007,0.8336078631087462,false,79977,346007,0.8336078631087462
79977,388743,0.8555260424709936,false,79977,388743,0.8555260424709936
79977,116984,0.7841146581725736,false,79977,116984,0.7841146581725736
79977,3875,0.747185376965112,false,79977,3875,0.747185376965112
79977,137872,0.7572415348412512,false,79977,137872,0.7572415348412512
79977,1577,0.8825356043797724,false,79977,1577,0.8825356043797724
79977,100033430,0.955617925543397,false,79977,100033430,0.955617925543397
79977,340267,0.8966668179823356,false,79977,340267,0.8966668179823356
79977,200879,0.851151577519037,false,79977,200879,0.851151577519037
79977,1510,0.8839878701137405,false,79977,1510,0.8839878701137405
79977,441251,0.9695598304449913,false,79977,441251,0.9695598304449913
79977,102723849,0.8749971023466713,false,79977,102723849,0.8749971023466713
79977,6337,0.938693313231992,false,79977,6337,0.938693313231992
79977,5284,0.9263715487582854,false,79977,5284,0.9263715487582854
79977,57669,0.8653035267682258,false,79977,57669,0.8653035267682258
79977,619383,0.9081403675407261,false,79977,619383,0.9081403675407261
79977,89765,0.9431140119521461,false,79977,89765,0.9431140119521461
79977,57111,0.8937184771410176,false,79977,57111,0.8937184771410176
79977,278,0.9682856984131399,false,79977,278,0.9682856984131399
79977,116844,0.9302545018581401,false,79977,116844,0.9302545018581401
79977,10129,0.8789435486993707,false,79977,10129,0.8789435486993707
79977,4586,0.8451521373403496,false,79977,4586,0.8451521373403496
79977,100158262,0.7712964318869606,false,79977,100158262,0.7712964318869606
79977,10551,0.8703155549623942,false,79977,10551,0.8703155549623942
79977,688,0.918690260345126,false,79977,688,0.918690260345126
79977,6101,0.889407868828035,false,79977,6101,0.889407868828035
79977,378938,0.9056336048632859,false,79977,378938,0.9056336048632859
79977,54897,0.783510661743614,false,79977,54897,0.783510661743614
79977,117155,0.8226888522674012,false,79977,117155,0.8226888522674012
79977,112268155,0.8947330654148123,false,79977,112268155,0.8947330654148123
79977,1152,0.9076216358158907,false,79977,1152,0.9076216358158907
79977,27074,0.8983840228705072,false,79977,27074,0.8983840228705072
79977,79083,0.8541905661270706,false,79977,79083,0.8541905661270706
79977,66002,0.845503851373172,false,79977,66002,0.845503851373172
79977,1556,0.8982828905684126,false,79977,1556,0.8982828905684126
79977,79632,0.7900858523296269,false,79977,79632,0.7900858523296269
79977,4585,0.7954852193176164,false,79977,4585,0.7954852193176164
79977,22996,0.8926283980765877,false,79977,22996,0.8926283980765877
79977,55930,0.8831665464882722,false,79977,55930,0.8831665464882722
79977,7113,0.935889039672687,false,79977,7113,0.935889039672687
79977,54861,0.9116212063732431,false,79977,54861,0.9116212063732431
79977,222256,0.9757403927867471,false,79977,222256,0.9757403927867471
79977,105180391,0.8779378934538418,false,79977,105180391,0.8779378934538418
79977,26084,0.8006685398430343,false,79977,26084,0.8006685398430343
79977,100529240,0.8846764610767651,false,79977,100529240,0.8846764610767651
79977,113218482,0.8507573683967962,false,79977,113218482,0.8507573683967962
79977,647024,0.9584844754125789,false,79977,647024,0.9584844754125789
79977,255928,0.8126309978394819,false,79977,255928,0.8126309978394819
79977,151531,0.8959884784021532,false,79977,151531,0.8959884784021532
79977,8537,0.7819603742896085,false,79977,8537,0.7819603742896085
79977,10018,0.857209267275591,false,79977,10018,0.857209267275591
79977,115019,0.8597825116895967,false,79977,115019,0.8597825116895967
79977,201625,0.9915139189347743,false,79977,201625,0.9915139189347743
79977,105180390,0.8884202718997838,false,79977,105180390,0.8884202718997838
79977,1043,0.914035715660081,false,79977,1043,0.914035715660081
79977,692058,0.9208521823485262,false,79977,692058,0.9208521823485262
79977,276,0.9634013142964991,false,79977,276,0.9634013142964991
79977,168374,0.9366263635321336,false,79977,168374,0.9366263635321336
79977,83481,0.9491796512659776,false,79977,83481,0.9491796512659776
79977,645843,0.941748033167372,false,79977,645843,0.941748033167372
79977,84059,0.7498853845512966,false,79977,84059,0.7498853845512966
79977,143884,0.7445705460083223,false,79977,143884,0.7445705460083223
79977,1579,0.9322138754480934,false,79977,1579,0.9322138754480934
79977,80004,0.9750066747356108,false,79977,80004,0.9750066747356108
79977,121512,0.921996897053831,false,79977,121512,0.921996897053831
79977,120892,0.7374578101078233,false,79977,120892,0.7374578101078233
79977,3993,0.8575491345224554,false,79977,3993,0.8575491345224554
79977,389852,0.8708195876726086,false,79977,389852,0.8708195876726086
79977,342892,0.8282144702697078,false,79977,342892,0.8282144702697078
79977,164312,0.8834260968059199,false,79977,164312,0.8834260968059199
79977,84239,0.9586625228800406,false,79977,84239,0.9586625228800406
79977,2065,0.9605371798610436,false,79977,2065,0.9605371798610436
79977,57402,0.8022001350184738,false,79977,57402,0.8022001350184738
79977,1513,0.8221092696022057,false,79977,1513,0.8221092696022057
79977,84851,0.771527127878997,false,79977,84851,0.771527127878997
79977,780,0.8914472400051656,false,79977,780,0.8914472400051656
79977,135656,0.8419403140389906,false,79977,135656,0.8419403140389906
79977,3880,0.9837538353153399,false,79977,3880,0.9837538353153399
79977,94059,0.8740854818462832,false,79977,94059,0.8740854818462832
79977,26769,0.945590690113065,false,79977,26769,0.945590690113065
79977,3960,0.8405617322662855,false,79977,3960,0.8405617322662855
79977,7433,0.7456762717851362,false,79977,7433,0.7456762717851362
79977,284323,0.8057012096214817,false,79977,284323,0.8057012096214817
79977,100129460,0.9674917632250604,false,79977,100129460,0.9674917632250604
79977,1080,0.7066791925908327,false,79977,1080,0.7066791925908327
79977,65217,0.8170571708113648,false,79977,65217,0.8170571708113648
79977,1286,0.80752731545119,false,79977,1286,0.80752731545119
79977,23584,0.8145423816663704,false,79977,23584,0.8145423816663704
79977,692213,0.8688348489467245,false,79977,692213,0.8688348489467245
79977,153643,0.9671916967445169,false,79977,153643,0.9671916967445169
79977,144535,0.7410999854360227,false,79977,144535,0.7410999854360227
79977,112268422,0.8298540264346539,false,79977,112268422,0.8298540264346539
79977,649946,0.8559643602676199,false,79977,649946,0.8559643602676199
79977,259294,0.823385858012813,false,79977,259294,0.823385858012813
79977,79740,0.9233622844677614,false,79977,79740,0.9233622844677614
79977,2266,0.84980221469113,false,79977,2266,0.84980221469113
79977,745,0.8773910790623212,false,79977,745,0.8773910790623212
79977,440352,0.8097945898653175,false,79977,440352,0.8097945898653175
9208,112268252,0.7751664981909377,false,9208,112268252,0.7751664981909377
9208,277,0.9532591002137054,false,9208,277,0.9532591002137054
9208,80736,0.7613633579442581,false,9208,80736,0.7613633579442581
9208,163131,0.7685364191631864,false,9208,163131,0.7685364191631864
9208,25901,0.780658142005702,false,9208,25901,0.780658142005702
9208,100302170,0.8109396427005988,false,9208,100302170,0.8109396427005988
9208,5225,0.7710799549954878,false,9208,5225,0.7710799549954878
9208,51365,0.7982844193909958,false,9208,51365,0.7982844193909958
9208,7225,0.8864761765844164,false,9208,7225,0.8864761765844164
9208,4128,0.7915211654686948,false,9208,4128,0.7915211654686948
9208,27134,0.8358775091419451,false,9208,27134,0.8358775091419451
9208,654412,0.827252594354371,false,9208,654412,0.827252594354371
9208,55892,0.7483499912051532,false,9208,55892,0.7483499912051532
9208,306,0.7833463160700922,false,9208,306,0.7833463160700922
9208,157310,0.7360557613327183,false,9208,157310,0.7360557613327183
9208,5340,0.8517871700327655,false,9208,5340,0.8517871700327655
9208,4582,0.854173921459275,false,9208,4582,0.854173921459275
9208,3248,0.8298071657234227,false,9208,3248,0.8298071657234227
9208,677831,0.7421562806902211,false,9208,677831,0.7421562806902211
9208,255189,0.779179550386471,false,9208,255189,0.779179550386471
9208,641384,0.8026721118349448,false,9208,641384,0.8026721118349448
9208,100130449,0.8823249192273945,false,9208,100130449,0.8823249192273945
9208,10103,0.8915295812046683,false,9208,10103,0.8915295812046683
9208,3856,0.9524223054233616,false,9208,3856,0.9524223054233616
9208,1048,0.8061453445142021,false,9208,1048,0.8061453445142021
9208,100419743,0.8060922252164744,false,9208,100419743,0.8060922252164744
9208,79838,0.9696336087492704,false,9208,79838,0.9696336087492704
9208,10529,0.8968997125093897,false,9208,10529,0.8968997125093897
9208,3983,0.8292876537084495,false,9208,3983,0.8292876537084495
9208,3694,0.9125617455684601,false,9208,3694,0.9125617455684601
9208,22941,0.7429496068773108,false,9208,22941,0.7429496068773108
9208,285989,0.8852429750513328,false,9208,285989,0.8852429750513328
9208,2627,0.9092172505466705,false,9208,2627,0.9092172505466705
9208,503640,0.823833010431119,false,9208,503640,0.823833010431119
9208,5555,0.7350572204098865,false,9208,5555,0.7350572204098865
9208,259290,0.7725575362034791,false,9208,259290,0.7725575362034791
9208,1555,0.9009738743244426,false,9208,1555,0.9009738743244426
9208,57528,0.7989290454874937,false,9208,57528,0.7989290454874937
9208,201456,0.7913215159075573,false,9208,201456,0.7913215159075573
9208,163720,0.74755790150551,false,9208,163720,0.74755790150551
9208,57186,0.9227890307262089,false,9208,57186,0.9227890307262089
9208,6751,0.7297988163013268,false,9208,6751,0.7297988163013268
9208,10579,0.7655880968423778,false,9208,10579,0.7655880968423778
9208,102723508,0.7462373964081328,false,9208,102723508,0.7462373964081328
9208,28984,0.9679716343308596,false,9208,28984,0.9679716343308596
9208,51185,0.7742245750364581,false,9208,51185,0.7742245750364581
9208,130367,0.9793325405256406,false,9208,130367,0.9793325405256406
9208,285335,0.9535601097063541,false,9208,285335,0.9535601097063541
9208,9356,0.7878640392682462,false,9208,9356,0.7878640392682462
9208,1910,0.9368338671055426,false,9208,1910,0.9368338671055426
9208,641776,0.8751197777889363,false,9208,641776,0.8751197777889363
9208,100506658,0.7876222242323349,false,9208,100506658,0.7876222242323349
9208,200373,0.9047330701879949,false,9208,200373,0.9047330701879949
9208,168090,0.8558062836413453,false,9208,168090,0.8558062836413453
9208,474354,0.8179992725226056,false,9208,474354,0.8179992725226056
9208,341676,0.922871054071434,false,9208,341676,0.922871054071434
9208,148213,0.8576619949084119,false,9208,148213,0.8576619949084119
9208,10595,0.94506248819049,false,9208,10595,0.94506248819049
9208,4583,0.9585692525498597,false,9208,4583,0.9585692525498597
9208,54842,0.7638742092644001,false,9208,54842,0.7638742092644001
9208,728643,0.7173767649238388,false,9208,728643,0.7173767649238388
9208,55567,0.9220232842043788,false,9208,55567,0.9220232842043788
9208,6103,0.9455925138129142,false,9208,6103,0.9455925138129142
9208,54997,0.8073135065607168,false,9208,54997,0.8073135065607168
9208,79848,0.789364190980398,false,9208,79848,0.789364190980398
9208,115677,0.8543516448858715,false,9208,115677,0.8543516448858715
9208,5961,0.800823696190574,false,9208,5961,0.800823696190574
9208,7851,0.8673686226580332,false,9208,7851,0.8673686226580332
9208,692072,0.8284766046801113,false,9208,692072,0.8284766046801113
9208,109136579,0.9114243222011696,false,9208,109136579,0.9114243222011696
9208,503645,0.8139456821881692,false,9208,503645,0.8139456821881692
9208,55808,0.8235157959565002,false,9208,55808,0.8235157959565002
9208,999,0.93678261709817,false,9208,999,0.93678261709817
9208,126353,0.8688403731774222,false,9208,126353,0.8688403731774222
9208,26226,0.8586715957935702,false,9208,26226,0.8586715957935702
9208,64332,0.9313614473901559,false,9208,64332,0.9313614473901559
9208,346007,0.8853290946764824,false,9208,346007,0.8853290946764824
9208,388743,0.8183850178270827,false,9208,388743,0.8183850178270827
9208,116984,0.7656562605841395,false,9208,116984,0.7656562605841395
9208,3875,0.7357460398196056,false,9208,3875,0.7357460398196056
9208,137872,0.726202208997367,false,9208,137872,0.726202208997367
9208,1577,0.867394673857916,false,9208,1577,0.867394673857916
9208,100033430,0.9443701136130686,false,9208,100033430,0.9443701136130686
9208,340267,0.8646051138390474,false,9208,340267,0.8646051138390474
9208,200879,0.81583060808865,false,9208,200879,0.81583060808865
9208,1510,0.8403870171442324,false,9208,1510,0.8403870171442324
9208,441251,0.9792929228034554,false,9208,441251,0.9792929228034554
9208,102723849,0.8559616647387818,false,9208,102723849,0.8559616647387818
9208,6337,0.8462432499565777,false,9208,6337,0.8462432499565777
9208,5284,0.9103715924261476,false,9208,5284,0.9103715924261476
9208,57669,0.8228412560899292,false,9208,57669,0.8228412560899292
9208,619383,0.9072159529376235,false,9208,619383,0.9072159529376235
9208,89765,0.877171109601183,false,9208,89765,0.877171109601183
9208,57111,0.8567987340475571,false,9208,57111,0.8567987340475571
9208,278,0.9797516047819046,false,9208,278,0.9797516047819046
9208,116844,0.9066226126554565,false,9208,116844,0.9066226126554565
9208,10129,0.8654919132410523,false,9208,10129,0.8654919132410523
9208,4586,0.8109862536428716,false,9208,4586,0.8109862536428716
9208,100158262,0.7630848374647959,false,9208,100158262,0.7630848374647959
9208,10551,0.8384722164240055,false,9208,10551,0.8384722164240055
9208,688,0.9105681305642916,false,9208,688,0.9105681305642916
9208,6101,0.8173479163136634,false,9208,6101,0.8173479163136634
9208,378938,0.9120476754091205,false,9208,378938,0.9120476754091205
9208,54897,0.7050161402152069,false,9208,54897,0.7050161402152069
9208,285,0.7923447744168287,false,9208,285,0.7923447744168287
9208,117155,0.7813830527137207,false,9208,117155,0.7813830527137207
9208,112268155,0.8792301914933603,false,9208,112268155,0.8792301914933603
9208,1152,0.8689288445353176,false,9208,1152,0.8689288445353176
9208,27074,0.8518690857784784,false,9208,27074,0.8518690857784784
9208,79083,0.8212013439944181,false,9208,79083,0.8212013439944181
9208,66002,0.7986787580946951,false,9208,66002,0.7986787580946951
9208,1556,0.8492233750088071,false,9208,1556,0.8492233750088071
9208,79632,0.8294328475690357,false,9208,79632,0.8294328475690357
9208,4585,0.8342122363240893,false,9208,4585,0.8342122363240893
9208,22996,0.8316402399014023,false,9208,22996,0.8316402399014023
9208,55930,0.8219992276438598,false,9208,55930,0.8219992276438598
9208,7113,0.898700027755738,false,9208,7113,0.898700027755738
9208,54861,0.9004264715004423,false,9208,54861,0.9004264715004423
9208,222256,0.9685470473771127,false,9208,222256,0.9685470473771127
9208,105180391,0.8564194632707105,false,9208,105180391,0.8564194632707105
9208,100529240,0.8608867139305602,false,9208,100529240,0.8608867139305602
9208,113218482,0.810867566531592,false,9208,113218482,0.810867566531592
9208,647024,0.917350846041448,false,9208,647024,0.917350846041448
9208,255928,0.775097988372049,false,9208,255928,0.775097988372049
9208,151531,0.8716230054070455,false,9208,151531,0.8716230054070455
9208,8537,0.7763476634701431,false,9208,8537,0.7763476634701431
9208,10018,0.8258577589503329,false,9208,10018,0.8258577589503329
9208,115019,0.8203353467008405,false,9208,115019,0.8203353467008405
9208,201625,0.9585689323003331,false,9208,201625,0.9585689323003331
9208,105180390,0.8665110475571383,false,9208,105180390,0.8665110475571383
9208,1043,0.9252253006326668,false,9208,1043,0.9252253006326668
9208,692058,0.9106071192212981,false,9208,692058,0.9106071192212981
9208,276,0.9789815357670025,false,9208,276,0.9789815357670025
9208,168374,0.9354473972623594,false,9208,168374,0.9354473972623594
9208,83481,0.8976028365281088,false,9208,83481,0.8976028365281088
9208,645843,0.9292839578144839,false,9208,645843,0.9292839578144839
9208,84059,0.7506255775933542,false,9208,84059,0.7506255775933542
9208,143884,0.7511210780602843,false,9208,143884,0.7511210780602843
9208,1579,0.9291482924414665,false,9208,1579,0.9291482924414665
9208,80004,0.9304861492663654,false,9208,80004,0.9304861492663654
9208,121512,0.8967776621281656,false,9208,121512,0.8967776621281656
9208,120892,0.7349106008492797,false,9208,120892,0.7349106008492797
9208,3993,0.7619691646551422,false,9208,3993,0.7619691646551422
9208,389852,0.8411403474244312,false,9208,389852,0.8411403474244312
9208,342892,0.8093499962293677,false,9208,342892,0.8093499962293677
9208,164312,0.8138615557160103,false,9208,164312,0.8138615557160103
9208,84239,0.9164318361179536,false,9208,84239,0.9164318361179536
9208,2065,0.9244700891512848,false,9208,2065,0.9244700891512848
9208,1513,0.8942315546543016,false,9208,1513,0.8942315546543016
9208,84851,0.8188441365671639,false,9208,84851,0.8188441365671639
9208,780,0.7984024854369202,false,9208,780,0.7984024854369202
9208,135656,0.8073756870667682,false,9208,135656,0.8073756870667682
9208,3880,0.9163092490983117,false,9208,3880,0.9163092490983117
9208,94059,0.8460097810143912,false,9208,94059,0.8460097810143912
9208,26769,0.9517338084415072,false,9208,26769,0.9517338084415072
9208,3960,0.804271138498763,false,9208,3960,0.804271138498763
9208,284323,0.7769269863674667,false,9208,284323,0.7769269863674667
9208,100129460,0.9993673292185004,false,9208,100129460,0.9993673292185004
9208,1080,0.7117199526374003,false,9208,1080,0.7117199526374003
9208,65217,0.8010065845751734,false,9208,65217,0.8010065845751734
9208,1286,0.8088831777049255,false,9208,1286,0.8088831777049255
9208,23584,0.7524297193219157,false,9208,23584,0.7524297193219157
9208,692213,0.8268925270895495,false,9208,692213,0.8268925270895495
9208,153643,0.9447890397705477,false,9208,153643,0.9447890397705477
9208,144535,0.7176478790331358,false,9208,144535,0.7176478790331358
9208,112268422,0.7968236728463944,false,9208,112268422,0.7968236728463944
9208,649946,0.9207685734739296,false,9208,649946,0.9207685734739296
9208,259294,0.7968263027386037,false,9208,259294,0.7968263027386037
9208,79740,0.8267892150204054,false,9208,79740,0.8267892150204054
9208,2266,0.8238222434135737,false,9208,2266,0.8238222434135737
9208,745,0.8251707690640492,false,9208,745,0.8251707690640492
406969,57575,0.9237316456542534,false,406969,57575,0.9237316456542534
406969,2208,0.9991044264637866,false,406969,2208,0.9991044264637866
406969,5694,0.8095011934792251,false,406969,5694,0.8095011934792251
406969,100506686,0.8194460969865444,false,406969,100506686,0.8194460969865444
406969,101929066,0.8729658840214598,false,406969,101929066,0.8729658840214598
406969,81615,0.8527204021273702,false,406969,81615,0.8527204021273702
406969,8153,0.9862092591158647,false,406969,8153,0.9862092591158647
406969,124944,0.8293121373178814,false,406969,124944,0.8293121373178814
406969,340596,0.7985841200675523,false,406969,340596,0.7985841200675523
406969,100506755,0.8584481990267676,false,406969,100506755,0.8584481990267676
406969,1746,0.9950183393689874,false,406969,1746,0.9950183393689874
406969,399726,0.9235566044407155,false,406969,399726,0.9235566044407155
406969,57710,0.7456138060113564,false,406969,57710,0.7456138060113564
406969,9699,0.9791652728221001,false,406969,9699,0.9791652728221001
406969,83643,0.796036488190782,false,406969,83643,0.796036488190782
406969,100874002,0.9842550907617661,false,406969,100874002,0.9842550907617661
406969,219793,0.9901601175940117,false,406969,219793,0.9901601175940117
406969,56955,0.7881217845835391,false,406969,56955,0.7881217845835391
406969,1515,0.7058610432146277,false,406969,1515,0.7058610432146277
100996301,401089,0.8439422472967691,false,100996301,401089,0.8439422472967691
100996301,84700,0.7969483583364848,false,100996301,84700,0.7969483583364848
100996301,29895,0.8889732941884623,false,100996301,29895,0.8889732941884623
100996301,11081,0.8871369578659642,false,100996301,11081,0.8871369578659642
100996301,3481,0.7545358610410438,false,100996301,3481,0.7545358610410438
100996301,4062,0.8406430475288784,false,100996301,4062,0.8406430475288784
100996301,7125,0.8463062659300961,false,100996301,7125,0.8463062659300961
100996301,3229,0.8414672033638209,false,100996301,3229,0.8414672033638209
100996301,7060,0.8517833140575596,false,100996301,7060,0.8517833140575596
100996301,54112,0.8439422472967691,false,100996301,54112,0.8439422472967691
100996301,4892,0.84896629931665,false,100996301,4892,0.84896629931665
100996301,25976,0.7818156550078126,false,100996301,25976,0.7818156550078126
100996301,3929,0.8659111281685168,false,100996301,3929,0.8659111281685168
100996301,105369937,0.843942247296769,false,100996301,105369937,0.843942247296769
100996301,27022,0.9999999999999998,false,100996301,27022,0.9999999999999998
100996301,107984498,0.8403798108766025,false,100996301,107984498,0.8403798108766025
100996301,284111,0.8765021878839703,false,100996301,284111,0.8765021878839703
100996301,9454,0.7978016470890955,false,100996301,9454,0.7978016470890955
100996301,128674,0.843942247296769,false,100996301,128674,0.843942247296769
100996301,7780,0.8705072657315751,false,100996301,7780,0.8705072657315751
100996301,101928580,0.7474981195069367,false,100996301,101928580,0.7474981195069367
100996301,57110,0.8644925348163296,false,100996301,57110,0.8644925348163296
100996301,646480,0.8191959661213256,false,100996301,646480,0.8191959661213256
100996301,4606,0.8406219816096232,false,100996301,4606,0.8406219816096232
401089,84700,0.7006969410242032,false,401089,84700,0.7006969410242032
401089,29895,0.9958789633474595,false,401089,29895,0.9958789633474595
401089,11081,0.9941617010547348,false,401089,11081,0.9941617010547348
401089,3481,0.9476502486780098,false,401089,3481,0.9476502486780098
401089,4062,0.9997367446343044,false,401089,4062,0.9997367446343044
401089,7125,0.9998570388026744,false,401089,7125,0.9998570388026744
401089,3229,0.9998469918119767,false,401089,3229,0.9998469918119767
401089,7060,0.9996642562553293,false,401089,7060,0.9996642562553293
401089,102723382,0.8817148754587893,false,401089,102723382,0.8817148754587893
401089,54112,1.0,false,401089,54112,1.0
401089,4892,0.9998714108174589,false,401089,4892,0.9998714108174589
401089,3207,0.8195897844136173,false,401089,3207,0.8195897844136173
401089,644649,0.7867871530539102,false,401089,644649,0.7867871530539102
401089,3929,0.9975229122213969,false,401089,3929,0.9975229122213969
401089,105369937,1.0,false,401089,105369937,1.0
401089,27022,0.8439422472967673,false,401089,27022,0.8439422472967673
401089,107984498,0.9996961070084698,false,401089,107984498,0.9996961070084698
401089,284111,0.9975427723952816,false,401089,284111,0.9975427723952816
401089,128674,1.0,false,401089,128674,1.0
401089,7780,0.9986668580669691,false,401089,7780,0.9986668580669691
401089,101928580,0.959139010008838,false,401089,101928580,0.959139010008838
401089,57110,0.9992180153290052,false,401089,57110,0.9992180153290052
401089,646480,0.9914332812965841,false,401089,646480,0.9914332812965841
401089,4606,0.9997724891059534,false,401089,4606,0.9997724891059534
284340,92304,0.9682222883502957,false,284340,92304,0.9682222883502957
284340,222389,0.9019511376743361,false,284340,222389,0.9019511376743361
284340,138428,0.9381739504835999,false,284340,138428,0.9381739504835999
284340,6523,0.850115629270301,false,284340,6523,0.850115629270301
284340,155465,0.9291893593471885,false,284340,155465,0.9291893593471885
284340,345895,0.7811866455448329,false,284340,345895,0.7811866455448329
284340,58524,0.8849915478991256,false,284340,58524,0.8849915478991256
284340,6440,0.7298905351843289,false,284340,6440,0.7298905351843289
284340,399949,0.8895633938771995,false,284340,399949,0.8895633938771995
284340,5265,0.9470350364838848,false,284340,5265,0.9470350364838848
284340,105377033,0.9462563373078954,false,284340,105377033,0.9462563373078954
284340,10568,0.9720252001116771,false,284340,10568,0.9720252001116771
284340,33,0.9840985347470519,false,284340,33,0.9840985347470519
284340,1770,0.9243693409107817,false,284340,1770,0.9243693409107817
284340,10917,0.8838013183831298,false,284340,10917,0.8838013183831298
284340,11254,0.921498152827862,false,284340,11254,0.921498152827862
284340,286207,0.7933262314830494,false,284340,286207,0.7933262314830494
284340,177,0.836381728912023,false,284340,177,0.836381728912023
284340,5555,0.7408832355467047,false,284340,5555,0.7408832355467047
284340,57530,0.9515773221731691,false,284340,57530,0.9515773221731691
284340,60494,0.9136198305083572,false,284340,60494,0.9136198305083572
284340,722,0.7552716008973515,false,284340,722,0.7552716008973515
284340,5544,0.7069349680814321,false,284340,5544,0.7069349680814321
284340,10579,0.7067187602149156,false,284340,10579,0.7067187602149156
284340,6439,0.8159951165368994,false,284340,6439,0.8159951165368994
284340,85452,0.8435383183528896,false,284340,85452,0.8435383183528896
284340,146177,0.9213295924817342,false,284340,146177,0.9213295924817342
284340,1906,0.8534720894011,false,284340,1906,0.8534720894011
284340,3240,0.9133531569504018,false,284340,3240,0.9133531569504018
284340,7033,0.8882134050212153,false,284340,7033,0.8882134050212153
284340,718,0.785114256040695,false,284340,718,0.785114256040695
284340,64073,0.9564190755545076,false,284340,64073,0.9564190755545076
284340,253970,0.8048652472871055,false,284340,253970,0.8048652472871055
284340,6441,0.9776463531523389,false,284340,6441,0.9776463531523389
284340,4070,0.9835113543094173,false,284340,4070,0.9835113543094173
284340,56892,0.9594044034381158,false,284340,56892,0.9594044034381158
284340,8091,0.8505855356516339,false,284340,8091,0.8505855356516339
284340,160728,0.9793968476563799,false,284340,160728,0.9793968476563799
284340,4680,0.8156352990860589,false,284340,4680,0.8156352990860589
284340,7356,0.975447270276417,false,284340,7356,0.975447270276417
284340,109729127,0.9730751319475093,false,284340,109729127,0.9730751319475093
284340,400578,0.8653573340111294,false,284340,400578,0.8653573340111294
284340,94025,0.8490379844533034,false,284340,94025,0.8490379844533034
284340,728276,0.947376440713109,false,284340,728276,0.947376440713109
284340,101927516,0.7089802712320411,false,284340,101927516,0.7089802712320411
284340,102723635,0.9259672098964377,false,284340,102723635,0.9259672098964377
284340,5545,0.8490080268199401,false,284340,5545,0.8490080268199401
284340,727897,0.8296252462746362,false,284340,727897,0.8296252462746362
284340,54848,0.975287559185852,false,284340,54848,0.975287559185852
284340,1767,0.7950979239848622,false,284340,1767,0.7950979239848622
284340,9476,0.8887792948032867,false,284340,9476,0.8887792948032867
284340,117156,0.9942676138174534,false,284340,117156,0.9942676138174534
284340,195814,0.9839820896378422,false,284340,195814,0.9839820896378422
284340,140766,0.9042213725735294,false,284340,140766,0.9042213725735294
284340,105,0.9021493435904973,false,284340,105,0.9021493435904973
284340,57477,0.7151674615550258,false,284340,57477,0.7151674615550258
284340,6097,0.9667609519968962,false,284340,6097,0.9667609519968962
284340,120892,0.7296232845979381,false,284340,120892,0.7296232845979381
284340,4057,0.8923622361265158,false,284340,4057,0.8923622361265158
284340,220136,0.8687961658782516,false,284340,220136,0.8687961658782516
284340,112577518,0.8596225940185938,false,284340,112577518,0.8596225940185938
284340,9370,0.8659736680342031,false,284340,9370,0.8659736680342031
284340,693188,0.856444848633832,false,284340,693188,0.856444848633832
284340,389376,0.9755344545510722,false,284340,389376,0.9755344545510722
284340,6799,0.9657406885670567,false,284340,6799,0.9657406885670567
284340,353189,0.7696029367788175,false,284340,353189,0.7696029367788175
284340,563,0.870741663438389,false,284340,563,0.870741663438389
284340,21,0.7713344439793628,false,284340,21,0.7713344439793628
284340,4069,0.7569791284785826,false,284340,4069,0.7569791284785826
284340,1080,0.7360120475106131,false,284340,1080,0.7360120475106131
284340,123872,0.990208156687464,false,284340,123872,0.990208156687464
284340,105372793,0.8873912655539163,false,284340,105372793,0.8873912655539163
284340,653509,0.9081216143069938,false,284340,653509,0.9081216143069938
284340,100874095,0.8659736680342031,false,284340,100874095,0.8659736680342031
284340,729238,0.9496396258526023,false,284340,729238,0.9496396258526023
284340,3855,0.8573874217449129,false,284340,3855,0.8573874217449129
284340,26298,0.8782528987845563,false,284340,26298,0.8782528987845563
284340,100033436,0.9017088601522852,false,284340,100033436,0.9017088601522852
112268252,277,0.9232404925716281,false,112268252,277,0.9232404925716281
112268252,80736,0.9925944695008055,false,112268252,80736,0.9925944695008055
112268252,163131,0.818659154509631,false,112268252,163131,0.818659154509631
112268252,25901,0.9238123385938479,false,112268252,25901,0.9238123385938479
112268252,100302170,0.939038560291562,false,112268252,100302170,0.939038560291562
112268252,51365,0.9261343514577466,false,112268252,51365,0.9261343514577466
112268252,7225,0.8770966126224987,false,112268252,7225,0.8770966126224987
112268252,4128,0.7777807337334591,false,112268252,4128,0.7777807337334591
112268252,27134,0.9731305425583943,false,112268252,27134,0.9731305425583943
112268252,654412,0.9533121060962851,false,112268252,654412,0.9533121060962851
112268252,55892,0.8144604883139921,false,112268252,55892,0.8144604883139921
112268252,8999,0.8794099362186057,false,112268252,8999,0.8794099362186057
112268252,306,0.90688405225816,false,112268252,306,0.90688405225816
112268252,157310,0.9396250825055541,false,112268252,157310,0.9396250825055541
112268252,5340,0.9283974677133147,false,112268252,5340,0.9283974677133147
112268252,4582,0.9588094477600922,false,112268252,4582,0.9588094477600922
112268252,3248,0.9002452210840776,false,112268252,3248,0.9002452210840776
112268252,255189,0.9865664310508442,false,112268252,255189,0.9865664310508442
112268252,641384,0.9331418634027678,false,112268252,641384,0.9331418634027678
112268252,100130449,0.9451433672442745,false,112268252,100130449,0.9451433672442745
112268252,10103,0.9524067470091402,false,112268252,10103,0.9524067470091402
112268252,3856,0.9040119246290745,false,112268252,3856,0.9040119246290745
112268252,1048,0.9390926772121048,false,112268252,1048,0.9390926772121048
112268252,100419743,0.9387125249172767,false,112268252,100419743,0.9387125249172767
112268252,79838,0.8934350669108079,false,112268252,79838,0.8934350669108079
112268252,3983,0.9319481875486235,false,112268252,3983,0.9319481875486235
112268252,3694,0.9363639788285055,false,112268252,3694,0.9363639788285055
112268252,22941,0.9529824088877722,false,112268252,22941,0.9529824088877722
112268252,285989,0.9161248728949696,false,112268252,285989,0.9161248728949696
112268252,2627,0.9371283302668857,false,112268252,2627,0.9371283302668857
112268252,503640,0.9210484148459716,false,112268252,503640,0.9210484148459716
112268252,259290,0.868964739311037,false,112268252,259290,0.868964739311037
112268252,1555,0.9585448591522098,false,112268252,1555,0.9585448591522098
112268252,57528,0.9351358936901365,false,112268252,57528,0.9351358936901365
112268252,201456,0.9394496414917213,false,112268252,201456,0.9394496414917213
112268252,142827,0.9852669303592874,false,112268252,142827,0.9852669303592874
112268252,57186,0.8291121653142881,false,112268252,57186,0.8291121653142881
112268252,6751,0.9366695041375456,false,112268252,6751,0.9366695041375456
112268252,79908,0.7622216078285481,false,112268252,79908,0.7622216078285481
112268252,102723508,0.8660393819889163,false,112268252,102723508,0.8660393819889163
112268252,28984,0.7937215983223727,false,112268252,28984,0.7937215983223727
112268252,130367,0.8506690868805118,false,112268252,130367,0.8506690868805118
112268252,285335,0.7687238132406603,false,112268252,285335,0.7687238132406603
112268252,9356,0.9025620487938473,false,112268252,9356,0.9025620487938473
112268252,1910,0.7375426686292588,false,112268252,1910,0.7375426686292588
112268252,641776,0.9188497523622569,false,112268252,641776,0.9188497523622569
112268252,100506658,0.947275716423995,false,112268252,100506658,0.947275716423995
112268252,200373,0.7245981680523719,false,112268252,200373,0.7245981680523719
112268252,341676,0.9381162230917542,false,112268252,341676,0.9381162230917542
112268252,148213,0.9433772856625925,false,112268252,148213,0.9433772856625925
112268252,10595,0.9240188060545362,false,112268252,10595,0.9240188060545362
112268252,4583,0.9051973725470349,false,112268252,4583,0.9051973725470349
112268252,728643,0.8446032949425224,false,112268252,728643,0.8446032949425224
112268252,55567,0.9537294490733587,false,112268252,55567,0.9537294490733587
112268252,54997,0.9315862829713808,false,112268252,54997,0.9315862829713808
112268252,79848,0.8599980120252032,false,112268252,79848,0.8599980120252032
112268252,115677,0.742307131432413,false,112268252,115677,0.742307131432413
112268252,5961,0.9006089113817947,false,112268252,5961,0.9006089113817947
112268252,7851,0.9479667597635503,false,112268252,7851,0.9479667597635503
112268252,692072,0.9190539129325203,false,112268252,692072,0.9190539129325203
112268252,109136579,0.8802127196670256,false,112268252,109136579,0.8802127196670256
112268252,503645,0.8077195144585326,false,112268252,503645,0.8077195144585326
112268252,55808,0.955011459431831,false,112268252,55808,0.955011459431831
112268252,999,0.9445038727122315,false,112268252,999,0.9445038727122315
112268252,126353,0.9719877301014693,false,112268252,126353,0.9719877301014693
112268252,26226,0.8832956227511627,false,112268252,26226,0.8832956227511627
112268252,64332,0.7947629526052611,false,112268252,64332,0.7947629526052611
112268252,388743,0.9463991759789301,false,112268252,388743,0.9463991759789301
112268252,137872,0.909809044062743,false,112268252,137872,0.909809044062743
112268252,1577,0.9222643589740692,false,112268252,1577,0.9222643589740692
112268252,100033430,0.9195160900502133,false,112268252,100033430,0.9195160900502133
112268252,340267,0.9502286545244379,false,112268252,340267,0.9502286545244379
112268252,200879,0.939072115922951,false,112268252,200879,0.939072115922951
112268252,1510,0.9629609641069801,false,112268252,1510,0.9629609641069801
112268252,441251,0.8635225701082159,false,112268252,441251,0.8635225701082159
112268252,102723849,0.9213075596678031,false,112268252,102723849,0.9213075596678031
112268252,6337,0.9321194391573094,false,112268252,6337,0.9321194391573094
112268252,5284,0.7081215181410373,false,112268252,5284,0.7081215181410373
112268252,57669,0.865726785389467,false,112268252,57669,0.865726785389467
112268252,619383,0.8970476489670044,false,112268252,619383,0.8970476489670044
112268252,89765,0.8939204077882248,false,112268252,89765,0.8939204077882248
112268252,57111,0.9542986027636172,false,112268252,57111,0.9542986027636172
112268252,278,0.8290157816880319,false,112268252,278,0.8290157816880319
112268252,116844,0.9434071069711354,false,112268252,116844,0.9434071069711354
112268252,10129,0.9125653395427444,false,112268252,10129,0.9125653395427444
112268252,4586,0.9397372575131077,false,112268252,4586,0.9397372575131077
112268252,100158262,0.8772225078051088,false,112268252,100158262,0.8772225078051088
112268252,10551,0.9429519839814022,false,112268252,10551,0.9429519839814022
112268252,688,0.7338701383338199,false,112268252,688,0.7338701383338199
112268252,6101,0.7069688008382822,false,112268252,6101,0.7069688008382822
112268252,378938,0.8804920734297854,false,112268252,378938,0.8804920734297854
112268252,54897,0.8568760443434936,false,112268252,54897,0.8568760443434936
112268252,117155,0.9331688452919069,false,112268252,117155,0.9331688452919069
112268252,112268155,0.9165985675596178,false,112268252,112268155,0.9165985675596178
112268252,1152,0.9128836594910166,false,112268252,1152,0.9128836594910166
112268252,79083,0.9323123112016825,false,112268252,79083,0.9323123112016825
112268252,66002,0.9539527431708805,false,112268252,66002,0.9539527431708805
112268252,1556,0.9563943062128475,false,112268252,1556,0.9563943062128475
112268252,22996,0.9789747269613194,false,112268252,22996,0.9789747269613194
112268252,55930,0.9757544870482964,false,112268252,55930,0.9757544870482964
112268252,7620,0.7351781308282029,false,112268252,7620,0.7351781308282029
112268252,7113,0.9575609847638501,false,112268252,7113,0.9575609847638501
112268252,54861,0.8554615971222084,false,112268252,54861,0.8554615971222084
112268252,222256,0.8955242333945068,false,112268252,222256,0.8955242333945068
112268252,105180391,0.9059727763587676,false,112268252,105180391,0.9059727763587676
112268252,26084,0.8080340237313971,false,112268252,26084,0.8080340237313971
112268252,100529240,0.9289972100843273,false,112268252,100529240,0.9289972100843273
112268252,113218482,0.9481595675215991,false,112268252,113218482,0.9481595675215991
112268252,647024,0.9582849792091819,false,112268252,647024,0.9582849792091819
112268252,255928,0.9345892877333426,false,112268252,255928,0.9345892877333426
112268252,151531,0.925065757005558,false,112268252,151531,0.925065757005558
112268252,8537,0.8856707297404788,false,112268252,8537,0.8856707297404788
112268252,10018,0.9412561015756118,false,112268252,10018,0.9412561015756118
112268252,115019,0.9492843192824701,false,112268252,115019,0.9492843192824701
112268252,201625,0.8326763201403876,false,112268252,201625,0.8326763201403876
112268252,105180390,0.9132719711137665,false,112268252,105180390,0.9132719711137665
112268252,692058,0.9243371522110551,false,112268252,692058,0.9243371522110551
112268252,276,0.779866311312451,false,112268252,276,0.779866311312451
112268252,168374,0.9006249202647312,false,112268252,168374,0.9006249202647312
112268252,83481,0.9719746094731687,false,112268252,83481,0.9719746094731687
112268252,645843,0.9153244810625647,false,112268252,645843,0.9153244810625647
112268252,143884,0.8277823897822663,false,112268252,143884,0.8277823897822663
112268252,80004,0.9233586837801374,false,112268252,80004,0.9233586837801374
112268252,121512,0.8954274283375101,false,112268252,121512,0.8954274283375101
112268252,3993,0.9889306780401057,false,112268252,3993,0.9889306780401057
112268252,389852,0.9401684226979309,false,112268252,389852,0.9401684226979309
112268252,342892,0.8779981172792142,false,112268252,342892,0.8779981172792142
112268252,164312,0.9784029471332014,false,112268252,164312,0.9784029471332014
112268252,84239,0.9207827115763636,false,112268252,84239,0.9207827115763636
112268252,2065,0.9474051854349793,false,112268252,2065,0.9474051854349793
112268252,57402,0.9384196112384855,false,112268252,57402,0.9384196112384855
112268252,776,0.7123497230618135,false,112268252,776,0.7123497230618135
112268252,780,0.9865279770889129,false,112268252,780,0.9865279770889129
112268252,135656,0.9388481602155431,false,112268252,135656,0.9388481602155431
112268252,3880,0.9212055853181979,false,112268252,3880,0.9212055853181979
112268252,94059,0.9329178138969728,false,112268252,94059,0.9329178138969728
112268252,26769,0.8908255174882825,false,112268252,26769,0.8908255174882825
112268252,3960,0.9406699210699212,false,112268252,3960,0.9406699210699212
112268252,7433,0.8757295524021208,false,112268252,7433,0.8757295524021208
112268252,284323,0.9088001175788224,false,112268252,284323,0.9088001175788224
112268252,100129460,0.758786499182447,false,112268252,100129460,0.758786499182447
112268252,65217,0.7331867739637923,false,112268252,65217,0.7331867739637923
112268252,23584,0.9364325640793452,false,112268252,23584,0.9364325640793452
112268252,692213,0.9583794215458094,false,112268252,692213,0.9583794215458094
112268252,153643,0.929966256788063,false,112268252,153643,0.929966256788063
112268252,112268422,0.9337538125888873,false,112268252,112268422,0.9337538125888873
112268252,259294,0.9165433734578097,false,112268252,259294,0.9165433734578097
112268252,79740,0.9629742777918009,false,112268252,79740,0.9629742777918009
112268252,2266,0.9136662817814096,false,112268252,2266,0.9136662817814096
112268252,745,0.9630302463588791,false,112268252,745,0.9630302463588791
112268252,440352,0.9713599506019626,false,112268252,440352,0.9713599506019626
105374373,6928,0.8857461386156161,false,105374373,6928,0.8857461386156161
105374373,253982,0.9819291700401241,false,105374373,253982,0.9819291700401241
105374373,1636,0.8312895594526628,false,105374373,1636,0.8312895594526628
105374373,105375355,0.77317271522369,false,105374373,105375355,0.77317271522369
105374373,102724057,0.7447407882507825,false,105374373,102724057,0.7447407882507825
105374373,1580,0.7828126457914517,false,105374373,1580,0.7828126457914517
105374373,375612,0.9268103243201724,false,105374373,375612,0.9268103243201724
105374373,9914,0.8345825993044799,false,105374373,9914,0.8345825993044799
105374373,2327,0.8951724462767539,false,105374373,2327,0.8951724462767539
105374373,146556,0.7561112938137386,false,105374373,146556,0.7561112938137386
105374373,7080,0.8127383491848282,false,105374373,7080,0.8127383491848282
105374373,728226,0.8762823178656974,false,105374373,728226,0.8762823178656974
105374373,22943,0.7051573570626029,false,105374373,22943,0.7051573570626029
105374373,2696,0.8539414343809991,false,105374373,2696,0.8539414343809991
105374373,54084,0.8079158157990425,false,105374373,54084,0.8079158157990425
105374373,7473,0.812428770676933,false,105374373,7473,0.812428770676933
105374373,128602,0.938210293667685,false,105374373,128602,0.938210293667685
105374373,6332,0.862487507194567,false,105374373,6332,0.862487507194567
105374373,9223,0.7048280852019353,false,105374373,9223,0.7048280852019353
105374373,1180,0.7825978115777631,false,105374373,1180,0.7825978115777631
105374373,2277,0.7621887936170824,false,105374373,2277,0.7621887936170824
105374373,6532,0.8739454560459329,false,105374373,6532,0.8739454560459329
105374373,100996506,0.7984246858708329,false,105374373,100996506,0.7984246858708329
105374373,11185,0.7513066885321104,false,105374373,11185,0.7513066885321104
105374373,100505495,0.8491662609259186,false,105374373,100505495,0.8491662609259186
105374373,57524,0.9700529705410598,false,105374373,57524,0.9700529705410598
105374373,256076,0.7831258814969783,false,105374373,256076,0.7831258814969783
105374373,84867,0.734662533108553,false,105374373,84867,0.734662533108553
105374373,284680,0.9891687595718591,false,105374373,284680,0.9891687595718591
105374373,128218,0.9974601891153735,false,105374373,128218,0.9974601891153735
105374373,100820829,0.7280343438438045,false,105374373,100820829,0.7280343438438045
105374373,284434,0.898737319022735,false,105374373,284434,0.898737319022735
105374373,105373265,0.7045106487667822,false,105374373,105373265,0.7045106487667822
105374373,440590,0.9814151248237721,false,105374373,440590,0.9814151248237721
105374373,55282,0.931044887250078,false,105374373,55282,0.931044887250078
92304,222389,0.8129351760229013,false,92304,222389,0.8129351760229013
92304,138428,0.9568963931243035,false,92304,138428,0.9568963931243035
92304,155465,0.8212112535601421,false,92304,155465,0.8212112535601421
92304,345895,0.767113422318948,false,92304,345895,0.767113422318948
92304,58524,0.7520608776853804,false,92304,58524,0.7520608776853804
92304,6440,0.8640565949621543,false,92304,6440,0.8640565949621543
92304,399949,0.7656573349378815,false,92304,399949,0.7656573349378815
92304,5265,0.8509575412500618,false,92304,5265,0.8509575412500618
92304,105377033,0.8529575530190574,false,92304,105377033,0.8529575530190574
92304,10568,0.9353993591264568,false,92304,10568,0.9353993591264568
92304,33,0.9268227811063451,false,92304,33,0.9268227811063451
92304,1770,0.9360375604991951,false,92304,1770,0.9360375604991951
92304,10917,0.7924705067416299,false,92304,10917,0.7924705067416299
92304,11254,0.8059978520155026,false,92304,11254,0.8059978520155026
92304,286207,0.7426706520578332,false,92304,286207,0.7426706520578332
92304,177,0.9273305732382922,false,92304,177,0.9273305732382922
92304,9914,0.7122980675680691,false,92304,9914,0.7122980675680691
92304,57530,0.9696690243439057,false,92304,57530,0.9696690243439057
92304,60494,0.8648805375139194,false,92304,60494,0.8648805375139194
92304,722,0.7381644766126397,false,92304,722,0.7381644766126397
92304,7080,0.7942236416481955,false,92304,7080,0.7942236416481955
92304,6439,0.9173520324827849,false,92304,6439,0.9173520324827849
92304,85452,0.8710657026750291,false,92304,85452,0.8710657026750291
92304,146177,0.955203630608195,false,92304,146177,0.955203630608195
92304,1906,0.7916126238776435,false,92304,1906,0.7916126238776435
92304,3240,0.8216565582434533,false,92304,3240,0.8216565582434533
92304,7033,0.757259975190557,false,92304,7033,0.757259975190557
92304,64073,0.8766763368756901,false,92304,64073,0.8766763368756901
92304,253970,0.8050897699538428,false,92304,253970,0.8050897699538428
92304,6441,0.9831006138676536,false,92304,6441,0.9831006138676536
92304,4070,0.945318082463629,false,92304,4070,0.945318082463629
92304,56892,0.8822380150369077,false,92304,56892,0.8822380150369077
92304,8091,0.7347719211425718,false,92304,8091,0.7347719211425718
92304,160728,0.926740909874776,false,92304,160728,0.926740909874776
92304,4680,0.8016392811149411,false,92304,4680,0.8016392811149411
92304,7356,0.9152144735245273,false,92304,7356,0.9152144735245273
92304,109729127,0.9123620766424045,false,92304,109729127,0.9123620766424045
92304,400578,0.7286908875210364,false,92304,400578,0.7286908875210364
92304,94025,0.7139633926283645,false,92304,94025,0.7139633926283645
92304,387882,0.7094194385944934,false,92304,387882,0.7094194385944934
92304,728276,0.8585303402788556,false,92304,728276,0.8585303402788556
92304,102723635,0.9456450610146068,false,92304,102723635,0.9456450610146068
92304,5545,0.7130641502183246,false,92304,5545,0.7130641502183246
92304,11185,0.7145091588160826,false,92304,11185,0.7145091588160826
92304,54848,0.9355277672673857,false,92304,54848,0.9355277672673857
92304,1767,0.7100310393122224,false,92304,1767,0.7100310393122224
92304,9476,0.9374524107802839,false,92304,9476,0.9374524107802839
92304,117156,0.9681073447944721,false,92304,117156,0.9681073447944721
92304,195814,0.9128488754266497,false,92304,195814,0.9128488754266497
92304,140766,0.8309530233085632,false,92304,140766,0.8309530233085632
92304,105,0.7743203084958856,false,92304,105,0.7743203084958856
92304,6097,0.9985959115408344,false,92304,6097,0.9985959115408344
92304,123624,0.7550882505989427,false,92304,123624,0.7550882505989427
92304,4057,0.7644880044619371,false,92304,4057,0.7644880044619371
92304,220136,0.7402901213522554,false,92304,220136,0.7402901213522554
92304,112577518,0.7202628251285743,false,92304,112577518,0.7202628251285743
92304,9370,0.7295796886971115,false,92304,9370,0.7295796886971115
92304,693188,0.7501024088828527,false,92304,693188,0.7501024088828527
92304,389376,0.9633761875032998,false,92304,389376,0.9633761875032998
92304,6799,0.8751676311940793,false,92304,6799,0.8751676311940793
92304,563,0.7349972165009705,false,92304,563,0.7349972165009705
92304,21,0.8849346459434098,false,92304,21,0.8849346459434098
92304,123872,0.9600601902979444,false,92304,123872,0.9600601902979444
92304,9052,0.7669235178701742,false,92304,9052,0.7669235178701742
92304,105372793,0.748752873025602,false,92304,105372793,0.748752873025602
92304,653509,0.9691234323828786,false,92304,653509,0.9691234323828786
92304,100874095,0.7295796886971115,false,92304,100874095,0.7295796886971115
92304,729238,0.9745615788313525,false,92304,729238,0.9745615788313525
92304,3855,0.9223380877604898,false,92304,3855,0.9223380877604898
92304,26298,0.7845453845668933,false,92304,26298,0.7845453845668933
92304,100033436,0.7803130303360819,false,92304,100033436,0.7803130303360819
222389,138428,0.7307014657558373,false,222389,138428,0.7307014657558373
222389,6523,0.8539194284389592,false,222389,6523,0.8539194284389592
222389,155465,0.8829879082019564,false,222389,155465,0.8829879082019564
222389,345895,0.7921772151092398,false,222389,345895,0.7921772151092398
222389,58524,0.9121945247995157,false,222389,58524,0.9121945247995157
222389,399949,0.848291703891898,false,222389,399949,0.848291703891898
222389,5265,0.9005114299138018,false,222389,5265,0.9005114299138018
222389,4318,0.8834008032918205,false,222389,4318,0.8834008032918205
222389,105377033,0.8651454502627475,false,222389,105377033,0.8651454502627475
222389,10568,0.9248783093584667,false,222389,10568,0.9248783093584667
222389,33,0.9604721633152031,false,222389,33,0.9604721633152031
222389,1770,0.7591412919834558,false,222389,1770,0.7591412919834558
222389,10917,0.9986479563097973,false,222389,10917,0.9986479563097973
222389,11254,0.9451707807292107,false,222389,11254,0.9451707807292107
222389,286207,0.7135627104503436,false,222389,286207,0.7135627104503436
222389,5555,0.7412034058061687,false,222389,5555,0.7412034058061687
222389,57530,0.7656610437957607,false,222389,57530,0.7656610437957607
222389,60494,0.8062544880610326,false,222389,60494,0.8062544880610326
222389,722,0.8650964453120138,false,222389,722,0.8650964453120138
222389,5544,0.7218591479516233,false,222389,5544,0.7218591479516233
222389,10579,0.7284002815957598,false,222389,10579,0.7284002815957598
222389,730,0.7479895074205504,false,222389,730,0.7479895074205504
222389,85452,0.8648680096822462,false,222389,85452,0.8648680096822462
222389,146177,0.8551575509489494,false,222389,146177,0.8551575509489494
222389,100129940,0.7780602975344194,false,222389,100129940,0.7780602975344194
222389,1906,0.9588980456810807,false,222389,1906,0.9588980456810807
222389,3240,0.9875434898007607,false,222389,3240,0.9875434898007607
222389,7033,0.8864399089898739,false,222389,7033,0.8864399089898739
222389,221395,0.823641763536112,false,222389,221395,0.823641763536112
222389,718,0.8966738355532419,false,222389,718,0.8966738355532419
222389,64073,0.8473571589020601,false,222389,64073,0.8473571589020601
222389,6441,0.805421909282082,false,222389,6441,0.805421909282082
222389,4070,0.8364814971388699,false,222389,4070,0.8364814971388699
222389,56892,0.964847336301222,false,222389,56892,0.964847336301222
222389,8091,0.9662505307138858,false,222389,8091,0.9662505307138858
222389,160728,0.8633295936762401,false,222389,160728,0.8633295936762401
222389,7356,0.8691789449358983,false,222389,7356,0.8691789449358983
222389,109729127,0.8409480434158948,false,222389,109729127,0.8409480434158948
222389,400578,0.8497243459661198,false,222389,400578,0.8497243459661198
222389,94025,0.8571879163986184,false,222389,94025,0.8571879163986184
222389,109729184,0.8897611308963882,false,222389,109729184,0.8897611308963882
222389,728276,0.8605666164754577,false,222389,728276,0.8605666164754577
222389,101927516,0.9058270291409593,false,222389,101927516,0.9058270291409593
222389,102723635,0.7553830221666805,false,222389,102723635,0.7553830221666805
222389,5545,0.8420838968957047,false,222389,5545,0.8420838968957047
222389,727897,0.828724355271074,false,222389,727897,0.828724355271074
222389,54848,0.963021225541032,false,222389,54848,0.963021225541032
222389,1767,0.7568425326228924,false,222389,1767,0.7568425326228924
222389,117156,0.8742002693168639,false,222389,117156,0.8742002693168639
222389,195814,0.9242720951819505,false,222389,195814,0.9242720951819505
222389,140766,0.9282786858118786,false,222389,140766,0.9282786858118786
222389,105,0.8967282755361163,false,222389,105,0.8967282755361163
222389,84059,0.7184817599644024,false,222389,84059,0.7184817599644024
222389,57477,0.8061702391689046,false,222389,57477,0.8061702391689046
222389,6097,0.8184620211636503,false,222389,6097,0.8184620211636503
222389,120892,0.758305529110909,false,222389,120892,0.758305529110909
222389,4057,0.8789441335828231,false,222389,4057,0.8789441335828231
222389,220136,0.82125496305485,false,222389,220136,0.82125496305485
222389,112577518,0.8474437297379348,false,222389,112577518,0.8474437297379348
222389,9370,0.8525736521902676,false,222389,9370,0.8525736521902676
222389,693188,0.9760538959023054,false,222389,693188,0.9760538959023054
222389,389376,0.7915337964138257,false,222389,389376,0.7915337964138257
222389,6799,0.9117246569632476,false,222389,6799,0.9117246569632476
222389,353189,0.7441519944965241,false,222389,353189,0.7441519944965241
222389,563,0.8516059143092058,false,222389,563,0.8516059143092058
222389,84851,0.701643739333488,false,222389,84851,0.701643739333488
222389,10203,0.7730545144260712,false,222389,10203,0.7730545144260712
222389,4069,0.763357167003514,false,222389,4069,0.763357167003514
222389,1080,0.7961378763899176,false,222389,1080,0.7961378763899176
222389,123872,0.9378974007927946,false,222389,123872,0.9378974007927946
222389,105372793,0.9424409248726748,false,222389,105372793,0.9424409248726748
222389,100874095,0.8525736521902676,false,222389,100874095,0.8525736521902676
222389,729238,0.7429168599938308,false,222389,729238,0.7429168599938308
222389,26298,0.8106885819252134,false,222389,26298,0.8106885819252134
222389,100033436,0.8426993944291152,false,222389,100033436,0.8426993944291152
79839,163131,0.7572311271521653,false,79839,163131,0.7572311271521653
79839,7225,0.7737714130812037,false,79839,7225,0.7737714130812037
79839,8999,0.7402019185334066,false,79839,8999,0.7402019185334066
79839,6262,0.8192629364299725,false,79839,6262,0.8192629364299725
79839,3248,0.729840327108925,false,79839,3248,0.729840327108925
79839,10529,0.7336760589888075,false,79839,10529,0.7336760589888075
79839,163720,0.860957863522449,false,79839,163720,0.860957863522449
79839,57186,0.7881262884771005,false,79839,57186,0.7881262884771005
79839,79908,0.7859401571317806,false,79839,79908,0.7859401571317806
79839,1910,0.7115072064466458,false,79839,1910,0.7115072064466458
79839,5787,0.8499755894303621,false,79839,5787,0.8499755894303621
79839,2324,0.9417102970918547,false,79839,2324,0.9417102970918547
79839,728643,0.7845583383771474,false,79839,728643,0.7845583383771474
79839,219790,0.9304738851731191,false,79839,219790,0.9304738851731191
79839,115677,0.890467243953541,false,79839,115677,0.890467243953541
79839,503645,0.7890202439336242,false,79839,503645,0.7890202439336242
79839,346007,0.8626344846758267,false,79839,346007,0.8626344846758267
79839,116984,0.7103397197256793,false,79839,116984,0.7103397197256793
79839,9196,0.8671332853782038,false,79839,9196,0.8671332853782038
79839,114327,0.9896905019346316,false,79839,114327,0.9896905019346316
79839,57669,0.8075828577253866,false,79839,57669,0.8075828577253866
79839,130271,0.9583683062721075,false,79839,130271,0.9583683062721075
79839,54897,0.7857837473310161,false,79839,54897,0.7857837473310161
79839,54861,0.7874001366199157,false,79839,54861,0.7874001366199157
79839,54,0.8494340996716139,false,79839,54,0.8494340996716139
79839,9771,0.8032728881205066,false,79839,9771,0.8032728881205066
79839,121512,0.7033784709096306,false,79839,121512,0.7033784709096306
79839,342892,0.7076608477014522,false,79839,342892,0.7076608477014522
79839,776,0.8127897642672334,false,79839,776,0.8127897642672334
79839,7433,0.7113943638079822,false,79839,7433,0.7113943638079822
79839,65217,0.9139279927661028,false,79839,65217,0.9139279927661028
79839,84765,0.8282231888182248,false,79839,84765,0.8282231888182248
79839,649946,0.7919199402980973,false,79839,649946,0.7919199402980973
6928,253982,0.8979689376729941,false,6928,253982,0.8979689376729941
6928,4574,0.7271245838799292,false,6928,4574,0.7271245838799292
6928,3249,0.7064631722216155,false,6928,3249,0.7064631722216155
6928,6440,0.7192668412274327,false,6928,6440,0.7192668412274327
6928,1636,0.8472897622748767,false,6928,1636,0.8472897622748767
6928,105375355,0.9256943057684697,false,6928,105375355,0.9256943057684697
6928,102724057,0.9678724980610072,false,6928,102724057,0.9678724980610072
6928,103504738,0.8713775352891916,false,6928,103504738,0.8713775352891916
6928,1580,0.9564590302993033,false,6928,1580,0.9564590302993033
6928,375612,0.7719573597841057,false,6928,375612,0.7719573597841057
6928,9914,0.8864198813487856,false,6928,9914,0.8864198813487856
6928,56241,0.8673387324027918,false,6928,56241,0.8673387324027918
6928,89,0.9076727095944329,false,6928,89,0.9076727095944329
6928,57526,0.825531730839599,false,6928,57526,0.825531730839599
6928,2327,0.9874419153841486,false,6928,2327,0.9874419153841486
6928,146556,0.8766101163484421,false,6928,146556,0.8766101163484421
6928,7080,0.8580192368320235,false,6928,7080,0.8580192368320235
6928,406903,0.8472717340546548,false,6928,406903,0.8472717340546548
6928,101929066,0.7082231911386331,false,6928,101929066,0.7082231911386331
6928,728226,0.7898106790933882,false,6928,728226,0.7898106790933882
6928,84842,0.8506314999199198,false,6928,84842,0.8506314999199198
6928,388555,0.8340677991867034,false,6928,388555,0.8340677991867034
6928,128602,0.9793486618301336,false,6928,128602,0.9793486618301336
6928,100506380,0.7565004230036136,false,6928,100506380,0.7565004230036136
6928,363,0.8340677991867033,false,6928,363,0.8340677991867033
6928,1180,0.7039652037455986,false,6928,1180,0.7039652037455986
6928,65998,0.8708900423406851,false,6928,65998,0.8708900423406851
6928,419,0.8340677991867034,false,6928,419,0.8340677991867034
6928,93517,0.8631975951491202,false,6928,93517,0.8631975951491202
6928,388633,0.8697963432147376,false,6928,388633,0.8697963432147376
6928,340596,0.7123826031581798,false,6928,340596,0.7123826031581798
6928,11185,0.8354135143375494,false,6928,11185,0.8354135143375494
6928,10586,0.8194211351056455,false,6928,10586,0.8194211351056455
6928,2125,0.8871431695415669,false,6928,2125,0.8871431695415669
6928,3780,0.7847576459366647,false,6928,3780,0.7847576459366647
6928,57524,0.7749765685124488,false,6928,57524,0.7749765685124488
6928,163479,0.8136252995080276,false,6928,163479,0.8136252995080276
6928,84867,0.9604006376156062,false,6928,84867,0.9604006376156062
6928,284680,0.8807162612574387,false,6928,284680,0.8807162612574387
6928,128218,0.9143674433635006,false,6928,128218,0.9143674433635006
6928,5349,0.8353082346791368,false,6928,5349,0.8353082346791368
6928,26797,0.8082079531522467,false,6928,26797,0.8082079531522467
6928,692209,0.8306919912517057,false,6928,692209,0.8306919912517057
6928,84525,0.7283020191117359,false,6928,84525,0.7283020191117359
6928,4861,0.882667928211556,false,6928,4861,0.882667928211556
6928,21,0.765741003759111,false,6928,21,0.765741003759111
6928,284434,0.9331954871576634,false,6928,284434,0.9331954871576634
6928,56955,0.7934285879410938,false,6928,56955,0.7934285879410938
6928,440590,0.8254772216918544,false,6928,440590,0.8254772216918544
6928,55282,0.8270728787608465,false,6928,55282,0.8270728787608465
6928,100423031,0.8340677991867034,false,6928,100423031,0.8340677991867034
6928,1515,0.8646736673872941,false,6928,1515,0.8646736673872941
6928,165186,0.9500262610416302,false,6928,165186,0.9500262610416302
138428,155465,0.789973599496971,false,138428,155465,0.789973599496971
138428,3249,0.8004011801067121,false,138428,3249,0.8004011801067121
138428,6440,0.8726767930639519,false,138428,6440,0.8726767930639519
138428,399949,0.7403143561304737,false,138428,399949,0.7403143561304737
138428,5265,0.8136681236666017,false,138428,5265,0.8136681236666017
138428,105377033,0.8344072950052844,false,138428,105377033,0.8344072950052844
138428,10568,0.8463635178135844,false,138428,10568,0.8463635178135844
138428,33,0.8702085190715892,false,138428,33,0.8702085190715892
138428,1770,0.8491574452459567,false,138428,1770,0.8491574452459567
138428,11254,0.7478021041021723,false,138428,11254,0.7478021041021723
138428,177,0.9272469990731989,false,138428,177,0.9272469990731989
138428,9914,0.7198336820035623,false,138428,9914,0.7198336820035623
138428,56241,0.7357750031985026,false,138428,56241,0.7357750031985026
138428,57530,0.9829514281069693,false,138428,57530,0.9829514281069693
138428,60494,0.872168933618539,false,138428,60494,0.872168933618539
138428,146556,0.7012914398496102,false,138428,146556,0.7012914398496102
138428,7080,0.7859867564214441,false,138428,7080,0.7859867564214441
138428,6439,0.9013578234543899,false,138428,6439,0.9013578234543899
138428,85452,0.7752379047918447,false,138428,85452,0.7752379047918447
138428,146177,0.9019486929856904,false,138428,146177,0.9019486929856904
138428,3240,0.730489090726724,false,138428,3240,0.730489090726724
138428,7033,0.7183546912489319,false,138428,7033,0.7183546912489319
138428,718,0.7101311756985556,false,138428,718,0.7101311756985556
138428,64073,0.8685952917477942,false,138428,64073,0.8685952917477942
138428,6441,0.9768798109088428,false,138428,6441,0.9768798109088428
138428,4070,0.9360589232280053,false,138428,4070,0.9360589232280053
138428,56892,0.8497257476208524,false,138428,56892,0.8497257476208524
138428,160728,0.9313696309325483,false,138428,160728,0.9313696309325483
138428,4680,0.7271452690665465,false,138428,4680,0.7271452690665465
138428,7356,0.8809379194921573,false,138428,7356,0.8809379194921573
138428,109729127,0.9095056123574206,false,138428,109729127,0.9095056123574206
138428,387882,0.7696114823486833,false,138428,387882,0.7696114823486833
138428,728276,0.835123296204862,false,138428,728276,0.835123296204862
138428,102723635,0.957035311733455,false,138428,102723635,0.957035311733455
138428,10586,0.7072749904480153,false,138428,10586,0.7072749904480153
138428,54848,0.8746446505699079,false,138428,54848,0.8746446505699079
138428,2125,0.7575819057568765,false,138428,2125,0.7575819057568765
138428,9476,0.8907551533691385,false,138428,9476,0.8907551533691385
138428,117156,0.9266188271337892,false,138428,117156,0.9266188271337892
138428,195814,0.8813241164747909,false,138428,195814,0.8813241164747909
138428,140766,0.8390521795204255,false,138428,140766,0.8390521795204255
138428,105,0.7408774895255998,false,138428,105,0.7408774895255998
138428,6097,0.9602951891057031,false,138428,6097,0.9602951891057031
138428,4057,0.728270379652112,false,138428,4057,0.728270379652112
138428,220136,0.7470155765001735,false,138428,220136,0.7470155765001735
138428,389376,0.9590831536235235,false,138428,389376,0.9590831536235235
138428,6799,0.850111398884877,false,138428,6799,0.850111398884877
138428,563,0.7093639524890459,false,138428,563,0.7093639524890459
138428,84525,0.8152718042629974,false,138428,84525,0.8152718042629974
138428,21,0.8906612151221003,false,138428,21,0.8906612151221003
138428,498,0.7744200469910897,false,138428,498,0.7744200469910897
138428,123872,0.9117216419024718,false,138428,123872,0.9117216419024718
138428,105372793,0.7112157807310372,false,138428,105372793,0.7112157807310372
138428,653509,0.9260241985151999,false,138428,653509,0.9260241985151999
138428,729238,0.9414092687964641,false,138428,729238,0.9414092687964641
138428,3855,0.9616406619919219,false,138428,3855,0.9616406619919219
138428,26298,0.7184699403277036,false,138428,26298,0.7184699403277036
138428,100033436,0.7811662791509895,false,138428,100033436,0.7811662791509895
277,80736,0.9082315922441345,false,277,80736,0.9082315922441345
277,163131,0.8587945729310869,false,277,163131,0.8587945729310869
277,25901,0.9171630302149165,false,277,25901,0.9171630302149165
277,100302170,0.937439917963955,false,277,100302170,0.937439917963955
277,51365,0.9249290091865412,false,277,51365,0.9249290091865412
277,7225,0.9390214856221408,false,277,7225,0.9390214856221408
277,4128,0.825256923222169,false,277,4128,0.825256923222169
277,27134,0.9577664161250766,false,277,27134,0.9577664161250766
277,654412,0.9503289969345906,false,277,654412,0.9503289969345906
277,55892,0.85226279397871,false,277,55892,0.85226279397871
277,8999,0.8235400778301499,false,277,8999,0.8235400778301499
277,306,0.8588965577161288,false,277,306,0.8588965577161288
277,157310,0.850049155658723,false,277,157310,0.850049155658723
277,5340,0.9504842042233346,false,277,5340,0.9504842042233346
277,4582,0.9653061383511675,false,277,4582,0.9653061383511675
277,3248,0.9229293287229746,false,277,3248,0.9229293287229746
277,255189,0.9263154716846439,false,277,255189,0.9263154716846439
277,641384,0.9314085276278934,false,277,641384,0.9314085276278934
277,100130449,0.9769616339250518,false,277,100130449,0.9769616339250518
277,10103,0.982114016219945,false,277,10103,0.982114016219945
277,3856,0.9788658165560005,false,277,3856,0.9788658165560005
277,1048,0.9343210461977729,false,277,1048,0.9343210461977729
277,100419743,0.9341755291485936,false,277,100419743,0.9341755291485936
277,79838,0.9823328009966441,false,277,79838,0.9823328009966441
277,10529,0.782456238306392,false,277,10529,0.782456238306392
277,3983,0.9395196109292175,false,277,3983,0.9395196109292175
277,3694,0.962599808916268,false,277,3694,0.962599808916268
277,22941,0.8736613227075174,false,277,22941,0.8736613227075174
277,285989,0.9668647032232551,false,277,285989,0.9668647032232551
277,2627,0.9744964120858511,false,277,2627,0.9744964120858511
277,503640,0.9363629460334376,false,277,503640,0.9363629460334376
277,259290,0.8878079642140119,false,277,259290,0.8878079642140119
277,1555,0.9883173988652842,false,277,1555,0.9883173988652842
277,57528,0.9279632041239063,false,277,57528,0.9279632041239063
277,201456,0.9225221947510572,false,277,201456,0.9225221947510572
277,142827,0.8791619888012336,false,277,142827,0.8791619888012336
277,57186,0.9230050726540157,false,277,57186,0.9230050726540157
277,6751,0.888604768530458,false,277,6751,0.888604768530458
277,79908,0.7355975106856886,false,277,79908,0.7355975106856886
277,102723508,0.8761845183203288,false,277,102723508,0.8761845183203288
277,28984,0.9355428339598044,false,277,28984,0.9355428339598044
277,51185,0.7398137294670375,false,277,51185,0.7398137294670375
277,130367,0.9713739357452019,false,277,130367,0.9713739357452019
277,285335,0.9149186680042648,false,277,285335,0.9149186680042648
277,9356,0.9030250435546724,false,277,9356,0.9030250435546724
277,1910,0.8771607506680409,false,277,1910,0.8771607506680409
277,641776,0.9586273382539364,false,277,641776,0.9586273382539364
277,100506658,0.8914206353423538,false,277,100506658,0.8914206353423538
277,200373,0.8425421845129509,false,277,200373,0.8425421845129509
277,168090,0.7967481568716168,false,277,168090,0.7967481568716168
277,341676,0.993129603440635,false,277,341676,0.993129603440635
277,148213,0.9629740786710494,false,277,148213,0.9629740786710494
277,10595,0.9972799150151974,false,277,10595,0.9972799150151974
277,4583,0.9955996082426485,false,277,4583,0.9955996082426485
277,728643,0.8298155282661386,false,277,728643,0.8298155282661386
277,55567,0.9932913836757872,false,277,55567,0.9932913836757872
277,6103,0.8218274608481203,false,277,6103,0.8218274608481203
277,54997,0.9293088919944508,false,277,54997,0.9293088919944508
277,79848,0.893560169116502,false,277,79848,0.893560169116502
277,115677,0.8420644733038317,false,277,115677,0.8420644733038317
277,5961,0.9154580576515666,false,277,5961,0.9154580576515666
277,7851,0.9684952720252549,false,277,7851,0.9684952720252549
277,692072,0.9427826442948667,false,277,692072,0.9427826442948667
277,109136579,0.9679905647813701,false,277,109136579,0.9679905647813701
277,503645,0.8792097916599445,false,277,503645,0.8792097916599445
277,55808,0.9474560441729093,false,277,55808,0.9474560441729093
277,999,0.9971624796870847,false,277,999,0.9971624796870847
277,126353,0.9757271239883513,false,277,126353,0.9757271239883513
277,26226,0.9407554561771041,false,277,26226,0.9407554561771041
277,64332,0.9451240149340212,false,277,64332,0.9451240149340212
277,346007,0.8466826672555267,false,277,346007,0.8466826672555267
277,388743,0.9431529846508189,false,277,388743,0.9431529846508189
277,116984,0.7348635145036343,false,277,116984,0.7348635145036343
277,137872,0.8822777174815813,false,277,137872,0.8822777174815813
277,1577,0.9631679975123796,false,277,1577,0.9631679975123796
277,100033430,0.9965440622629522,false,277,100033430,0.9965440622629522
277,340267,0.9695501397056917,false,277,340267,0.9695501397056917
277,200879,0.9385291815471013,false,277,200879,0.9385291815471013
277,1510,0.9597928529831935,false,277,1510,0.9597928529831935
277,441251,0.9891901682744724,false,277,441251,0.9891901682744724
277,102723849,0.9545335303934342,false,277,102723849,0.9545335303934342
277,6337,0.9164706243039685,false,277,6337,0.9164706243039685
277,5284,0.8453092175017408,false,277,5284,0.8453092175017408
277,57669,0.8915563999897529,false,277,57669,0.8915563999897529
277,619383,0.9730725980352667,false,277,619383,0.9730725980352667
277,89765,0.9176154471439496,false,277,89765,0.9176154471439496
277,57111,0.965519045451726,false,277,57111,0.965519045451726
277,278,0.9700866249133168,false,277,278,0.9700866249133168
277,116844,0.988017621910136,false,277,116844,0.988017621910136
277,10129,0.9570542223276653,false,277,10129,0.9570542223276653
277,4586,0.9372863162365848,false,277,4586,0.9372863162365848
277,100158262,0.8925759070745916,false,277,100158262,0.8925759070745916
277,10551,0.95293918679423,false,277,10551,0.95293918679423
277,688,0.8679975659715492,false,277,688,0.8679975659715492
277,6101,0.7753728983329429,false,277,6101,0.7753728983329429
277,378938,0.9683698728576057,false,277,378938,0.9683698728576057
277,54897,0.8143980089174424,false,277,54897,0.8143980089174424
277,285,0.7326112362676452,false,277,285,0.7326112362676452
277,117155,0.9154923622038073,false,277,117155,0.9154923622038073
277,112268155,0.9630249555253156,false,277,112268155,0.9630249555253156
277,1152,0.9476717336484163,false,277,1152,0.9476717336484163
277,27074,0.7680401696524559,false,277,27074,0.7680401696524559
277,79083,0.9381100962954259,false,277,79083,0.9381100962954259
277,66002,0.9338646539893817,false,277,66002,0.9338646539893817
277,1556,0.9570241746875583,false,277,1556,0.9570241746875583
277,4585,0.7009720849238514,false,277,4585,0.7009720849238514
277,22996,0.9569382106848008,false,277,22996,0.9569382106848008
277,55930,0.9507877919354576,false,277,55930,0.9507877919354576
277,7620,0.7737813778526531,false,277,7620,0.7737813778526531
277,7113,0.9857624950507956,false,277,7113,0.9857624950507956
277,54861,0.9380770045210592,false,277,54861,0.9380770045210592
277,222256,0.9958587890249874,false,277,222256,0.9958587890249874
277,105180391,0.9433861490568947,false,277,105180391,0.9433861490568947
277,26084,0.7128656993036168,false,277,26084,0.7128656993036168
277,100529240,0.9590923711680881,false,277,100529240,0.9590923711680881
277,113218482,0.9390879108403575,false,277,113218482,0.9390879108403575
277,647024,0.9924373209266233,false,277,647024,0.9924373209266233
277,255928,0.915194572486022,false,277,255928,0.915194572486022
277,151531,0.9576962992620783,false,277,151531,0.9576962992620783
277,8537,0.9055562721330678,false,277,8537,0.9055562721330678
277,10018,0.9468874714211649,false,277,10018,0.9468874714211649
277,115019,0.944457513997138,false,277,115019,0.944457513997138
277,201625,0.9377312031195708,false,277,201625,0.9377312031195708
277,105180390,0.952367946757782,false,277,105180390,0.952367946757782
277,1043,0.8252463019250994,false,277,1043,0.8252463019250994
277,692058,0.9860461907353288,false,277,692058,0.9860461907353288
277,276,0.9405492130668411,false,277,276,0.9405492130668411
277,168374,0.9874050075039676,false,277,168374,0.9874050075039676
277,83481,0.9874668331659135,false,277,83481,0.9874668331659135
277,645843,0.9877986471029528,false,277,645843,0.9877986471029528
277,143884,0.8641655184854028,false,277,143884,0.8641655184854028
277,1579,0.8304775562189257,false,277,1579,0.8304775562189257
277,80004,0.9727548215231085,false,277,80004,0.9727548215231085
277,121512,0.9507137549056965,false,277,121512,0.9507137549056965
277,3993,0.912486143957129,false,277,3993,0.912486143957129
277,389852,0.9533931024487553,false,277,389852,0.9533931024487553
277,342892,0.9083479956317975,false,277,342892,0.9083479956317975
277,164312,0.9437390065354713,false,277,164312,0.9437390065354713
277,84239,0.9687664478387766,false,277,84239,0.9687664478387766
277,2065,0.9920896274968466,false,277,2065,0.9920896274968466
277,57402,0.8277176421259868,false,277,57402,0.8277176421259868
277,1513,0.8196059888407091,false,277,1513,0.8196059888407091
277,776,0.7355778266290665,false,277,776,0.7355778266290665
277,780,0.929359269636796,false,277,780,0.929359269636796
277,135656,0.9349033387090941,false,277,135656,0.9349033387090941
277,3880,0.9549553077257977,false,277,3880,0.9549553077257977
277,94059,0.9521934003746315,false,277,94059,0.9521934003746315
277,26769,0.9926161275564857,false,277,26769,0.9926161275564857
277,3960,0.933711203813981,false,277,3960,0.933711203813981
277,7433,0.782809154382138,false,277,7433,0.782809154382138
277,284323,0.9064764550468892,false,277,284323,0.9064764550468892
277,100129460,0.9443071464020993,false,277,100129460,0.9443071464020993
277,65217,0.8143621937449268,false,277,65217,0.8143621937449268
277,23584,0.8939049801053769,false,277,23584,0.8939049801053769
277,692213,0.9523452129028617,false,277,692213,0.9523452129028617
277,153643,0.9970628142231162,false,277,153643,0.9970628142231162
277,112268422,0.928001163791063,false,277,112268422,0.928001163791063
277,649946,0.8305794450194862,false,277,649946,0.8305794450194862
277,259294,0.9215363274201257,false,277,259294,0.9215363274201257
277,79740,0.9264501532022276,false,277,79740,0.9264501532022276
277,2266,0.9303241213643074,false,277,2266,0.9303241213643074
277,745,0.9483584551377406,false,277,745,0.9483584551377406
277,440352,0.8609612995382133,false,277,440352,0.8609612995382133
84700,29895,0.7351368663795869,false,84700,29895,0.7351368663795869
84700,11081,0.7493616171092351,false,84700,11081,0.7493616171092351
84700,3481,0.7268391871259823,false,84700,3481,0.7268391871259823
84700,4062,0.7051215057952301,false,84700,4062,0.7051215057952301
84700,7125,0.710820930063461,false,84700,7125,0.710820930063461
84700,1132,0.8409307869430792,false,84700,1132,0.8409307869430792
84700,3229,0.7041036330697628,false,84700,3229,0.7041036330697628
84700,7060,0.7167709973358375,false,84700,7060,0.7167709973358375
84700,54112,0.7006969410242032,false,84700,54112,0.7006969410242032
84700,4892,0.7109602102269699,false,84700,4892,0.7109602102269699
84700,644649,0.7370058704734591,false,84700,644649,0.7370058704734591
84700,3929,0.7486253921356417,false,84700,3929,0.7486253921356417
84700,105369937,0.700696941024203,false,84700,105369937,0.700696941024203
84700,27022,0.7969483583364847,false,84700,27022,0.7969483583364847
84700,107984498,0.7054359577246532,false,84700,107984498,0.7054359577246532
84700,284111,0.7320564048873937,false,84700,284111,0.7320564048873937
84700,23562,0.7614555065399079,false,84700,23562,0.7614555065399079
84700,100130701,0.9159059089986104,false,84700,100130701,0.9159059089986104
84700,9454,0.8214312568410419,false,84700,9454,0.8214312568410419
84700,128674,0.700696941024203,false,84700,128674,0.700696941024203
84700,222183,0.8195578487332729,false,84700,222183,0.8195578487332729
84700,7546,0.71259023775938,false,84700,7546,0.71259023775938
84700,7780,0.7195469199707778,false,84700,7780,0.7195469199707778
84700,101928580,0.7825802243178921,false,84700,101928580,0.7825802243178921
84700,83643,0.7847446233490123,false,84700,83643,0.7847446233490123
84700,1028,0.7639483067170495,false,84700,1028,0.7639483067170495
84700,57110,0.7153033548816061,false,84700,57110,0.7153033548816061
84700,646480,0.7209318825370078,false,84700,646480,0.7209318825370078
84700,4606,0.7053502375067688,false,84700,4606,0.7053502375067688
84700,102465485,0.8056527524737055,false,84700,102465485,0.8056527524737055
29895,11081,0.9980386714617386,false,29895,11081,0.9980386714617386
29895,3481,0.9381284002846993,false,29895,3481,0.9381284002846993
29895,4062,0.9950469088007252,false,29895,4062,0.9950469088007252
29895,7125,0.9961742134137512,false,29895,7125,0.9961742134137512
29895,3229,0.9952921082970438,false,29895,3229,0.9952921082970438
29895,7060,0.9969787810195614,false,29895,7060,0.9969787810195614
29895,102723382,0.853511885340969,false,29895,102723382,0.853511885340969
29895,54112,0.9958789633474595,false,29895,54112,0.9958789633474595
29895,4892,0.9966309762358453,false,29895,4892,0.9966309762358453
29895,3207,0.8090679102936678,false,29895,3207,0.8090679102936678
29895,644649,0.7644396749951896,false,29895,644649,0.7644396749951896
29895,3929,0.9976810509163824,false,29895,3929,0.9976810509163824
29895,105369937,0.9958789633474593,false,29895,105369937,0.9958789633474593
29895,27022,0.8889732941884606,false,29895,27022,0.8889732941884606
29895,107984498,0.9949640374172307,false,29895,107984498,0.9949640374172307
29895,284111,0.9992075159710463,false,29895,284111,0.9992075159710463
29895,100130701,0.7000086768796292,false,29895,100130701,0.7000086768796292
29895,128674,0.9958789633474593,false,29895,128674,0.9958789633474593
29895,7780,0.9992191349747044,false,29895,7780,0.9992191349747044
29895,101928580,0.9457577207793291,false,29895,101928580,0.9457577207793291
29895,57110,0.9986756854747066,false,29895,57110,0.9986756854747066
29895,646480,0.9841033932345079,false,29895,646480,0.9841033932345079
29895,4606,0.9950876915823783,false,29895,4606,0.9950876915823783
80736,163131,0.8473929874950589,false,80736,163131,0.8473929874950589
80736,25901,0.9170734250168427,false,80736,25901,0.9170734250168427
80736,100302170,0.933748277519829,false,80736,100302170,0.933748277519829
80736,51365,0.9228911445812056,false,80736,51365,0.9228911445812056
80736,7225,0.8993774554679442,false,80736,7225,0.8993774554679442
80736,4128,0.8068146745452232,false,80736,4128,0.8068146745452232
80736,27134,0.9714881913516082,false,80736,27134,0.9714881913516082
80736,654412,0.9463955996348545,false,80736,654412,0.9463955996348545
80736,55892,0.8260769453236296,false,80736,55892,0.8260769453236296
80736,8999,0.9200457260222937,false,80736,8999,0.9200457260222937
80736,306,0.9379022017241067,false,80736,306,0.9379022017241067
80736,157310,0.9399653538302003,false,80736,157310,0.9399653538302003
80736,5340,0.9360412595774712,false,80736,5340,0.9360412595774712
80736,4582,0.9531502525646556,false,80736,4582,0.9531502525646556
80736,3248,0.9211396597099815,false,80736,3248,0.9211396597099815
80736,255189,0.9898825376079513,false,80736,255189,0.9898825376079513
80736,641384,0.9283788589318772,false,80736,641384,0.9283788589318772
80736,100130449,0.9340473062637457,false,80736,100130449,0.9340473062637457
80736,10103,0.9408966326556825,false,80736,10103,0.9408966326556825
80736,3856,0.8824182852430003,false,80736,3856,0.8824182852430003
80736,1048,0.9346693663645879,false,80736,1048,0.9346693663645879
80736,100419743,0.934180958607724,false,80736,100419743,0.934180958607724
80736,79838,0.8875719714287984,false,80736,79838,0.8875719714287984
80736,3983,0.9286220266966052,false,80736,3983,0.9286220266966052
80736,3694,0.9422426892839114,false,80736,3694,0.9422426892839114
80736,22941,0.9823409850632832,false,80736,22941,0.9823409850632832
80736,285989,0.9170072067191338,false,80736,285989,0.9170072067191338
80736,2627,0.9461052555907721,false,80736,2627,0.9461052555907721
80736,503640,0.9237269753151137,false,80736,503640,0.9237269753151137
80736,259290,0.8823960818822469,false,80736,259290,0.8823960818822469
80736,1555,0.947346032889956,false,80736,1555,0.947346032889956
80736,57528,0.9322665551492832,false,80736,57528,0.9322665551492832
80736,201456,0.9454680458984124,false,80736,201456,0.9454680458984124
80736,142827,0.9841120855810097,false,80736,142827,0.9841120855810097
80736,57186,0.8546997949575607,false,80736,57186,0.8546997949575607
80736,6751,0.9402904206744312,false,80736,6751,0.9402904206744312
80736,79908,0.8295184439159454,false,80736,79908,0.8295184439159454
80736,102723508,0.8697653708567457,false,80736,102723508,0.8697653708567457
80736,28984,0.7887992663442018,false,80736,28984,0.7887992663442018
80736,130367,0.8258989814929385,false,80736,130367,0.8258989814929385
80736,285335,0.7286931622470374,false,80736,285335,0.7286931622470374
80736,9356,0.9200075969310948,false,80736,9356,0.9200075969310948
80736,1910,0.7605685295453071,false,80736,1910,0.7605685295453071
80736,641776,0.9241613072626772,false,80736,641776,0.9241613072626772
80736,100506658,0.9724768650461721,false,80736,100506658,0.9724768650461721
80736,200373,0.7103693213681751,false,80736,200373,0.7103693213681751
80736,168090,0.7047275335060634,false,80736,168090,0.7047275335060634
80736,341676,0.9284163267475114,false,80736,341676,0.9284163267475114
80736,148213,0.9388164406859171,false,80736,148213,0.9388164406859171
80736,10595,0.902068445606011,false,80736,10595,0.902068445606011
80736,4583,0.8808300893553378,false,80736,4583,0.8808300893553378
80736,728643,0.8849659094952311,false,80736,728643,0.8849659094952311
80736,55567,0.9476046430552884,false,80736,55567,0.9476046430552884
80736,54997,0.9355640806884311,false,80736,54997,0.9355640806884311
80736,79848,0.8739309096069651,false,80736,79848,0.8739309096069651
80736,219790,0.7099252238541892,false,80736,219790,0.7099252238541892
80736,115677,0.7900065944062248,false,80736,115677,0.7900065944062248
80736,5961,0.9091342680995345,false,80736,5961,0.9091342680995345
80736,7851,0.9437122323327175,false,80736,7851,0.9437122323327175
80736,692072,0.9109726844535594,false,80736,692072,0.9109726844535594
80736,109136579,0.878669691222412,false,80736,109136579,0.878669691222412
80736,503645,0.8343256541375786,false,80736,503645,0.8343256541375786
80736,55808,0.951364808281075,false,80736,55808,0.951364808281075
80736,999,0.9299769578435366,false,80736,999,0.9299769578435366
80736,126353,0.9598570071466771,false,80736,126353,0.9598570071466771
80736,26226,0.8898423638413832,false,80736,26226,0.8898423638413832
80736,64332,0.7874070761744414,false,80736,64332,0.7874070761744414
80736,388743,0.9414182742129575,false,80736,388743,0.9414182742129575
80736,137872,0.898938940325182,false,80736,137872,0.898938940325182
80736,1577,0.9166132539901288,false,80736,1577,0.9166132539901288
80736,100033430,0.9030676015881618,false,80736,100033430,0.9030676015881618
80736,340267,0.9434258516556875,false,80736,340267,0.9434258516556875
80736,200879,0.9378826542090437,false,80736,200879,0.9378826542090437
80736,1510,0.954673676959878,false,80736,1510,0.954673676959878
80736,441251,0.8539081709044761,false,80736,441251,0.8539081709044761
80736,102723849,0.9202035306053572,false,80736,102723849,0.9202035306053572
80736,6337,0.9551341057357621,false,80736,6337,0.9551341057357621
80736,57669,0.9011058077892392,false,80736,57669,0.9011058077892392
80736,619383,0.8938610940753149,false,80736,619383,0.8938610940753149
80736,89765,0.8663696300081901,false,80736,89765,0.8663696300081901
80736,57111,0.9486981328971109,false,80736,57111,0.9486981328971109
80736,278,0.8062420308511082,false,80736,278,0.8062420308511082
80736,116844,0.9295362269776476,false,80736,116844,0.9295362269776476
80736,10129,0.9123223169002738,false,80736,10129,0.9123223169002738
80736,4586,0.9348185062147584,false,80736,4586,0.9348185062147584
80736,100158262,0.8718070088422719,false,80736,100158262,0.8718070088422719
80736,10551,0.9379104141982626,false,80736,10551,0.9379104141982626
80736,6101,0.7412034321621879,false,80736,6101,0.7412034321621879
80736,378938,0.8789788802010658,false,80736,378938,0.8789788802010658
80736,54897,0.9064811210182965,false,80736,54897,0.9064811210182965
80736,117155,0.9345686806835782,false,80736,117155,0.9345686806835782
80736,112268155,0.9142953573921861,false,80736,112268155,0.9142953573921861
80736,1152,0.927289550988703,false,80736,1152,0.927289550988703
80736,79083,0.9347581833332295,false,80736,79083,0.9347581833332295
80736,66002,0.9510671844845001,false,80736,66002,0.9510671844845001
80736,1556,0.9620665256340136,false,80736,1556,0.9620665256340136
80736,22996,0.9762600795205372,false,80736,22996,0.9762600795205372
80736,55930,0.9756433242961473,false,80736,55930,0.9756433242961473
80736,7620,0.7409155739825669,false,80736,7620,0.7409155739825669
80736,7113,0.9478653179158953,false,80736,7113,0.9478653179158953
80736,54861,0.8786507732065686,false,80736,54861,0.8786507732065686
80736,222256,0.8769071088078876,false,80736,222256,0.8769071088078876
80736,105180391,0.915920240720417,false,80736,105180391,0.915920240720417
80736,26084,0.8265512116641045,false,80736,26084,0.8265512116641045
80736,100529240,0.9290463751022628,false,80736,100529240,0.9290463751022628
80736,113218482,0.9427201220506406,false,80736,113218482,0.9427201220506406
80736,647024,0.9417893492734972,false,80736,647024,0.9417893492734972
80736,255928,0.9253503536988106,false,80736,255928,0.9253503536988106
80736,151531,0.9043144061512074,false,80736,151531,0.9043144061512074
80736,8537,0.8633120164224807,false,80736,8537,0.8633120164224807
80736,10018,0.9350796932401466,false,80736,10018,0.9350796932401466
80736,115019,0.9450132408850341,false,80736,115019,0.9450132408850341
80736,201625,0.8372877826890796,false,80736,201625,0.8372877826890796
80736,105180390,0.9207246615529411,false,80736,105180390,0.9207246615529411
80736,692058,0.9104312350288938,false,80736,692058,0.9104312350288938
80736,276,0.7531303883314265,false,80736,276,0.7531303883314265
80736,168374,0.8936952870774371,false,80736,168374,0.8936952870774371
80736,83481,0.9606338331920182,false,80736,83481,0.9606338331920182
80736,645843,0.9126016461280183,false,80736,645843,0.9126016461280183
80736,143884,0.8333880775983566,false,80736,143884,0.8333880775983566
80736,80004,0.9056704787227015,false,80736,80004,0.9056704787227015
80736,121512,0.9035764848598755,false,80736,121512,0.9035764848598755
80736,3993,0.9941905674135482,false,80736,3993,0.9941905674135482
80736,389852,0.9345019515576286,false,80736,389852,0.9345019515576286
80736,342892,0.895697732294811,false,80736,342892,0.895697732294811
80736,164312,0.9821234047183723,false,80736,164312,0.9821234047183723
80736,84239,0.9351966465197,false,80736,84239,0.9351966465197
80736,2065,0.943427357014918,false,80736,2065,0.943427357014918
80736,57402,0.972850717839485,false,80736,57402,0.972850717839485
80736,776,0.7658386681656323,false,80736,776,0.7658386681656323
80736,780,0.964327813292706,false,80736,780,0.964327813292706
80736,135656,0.9344741673234395,false,80736,135656,0.9344741673234395
80736,3880,0.9132004514198352,false,80736,3880,0.9132004514198352
80736,94059,0.9327704475258353,false,80736,94059,0.9327704475258353
80736,26769,0.8696630819195972,false,80736,26769,0.8696630819195972
80736,3960,0.9363608831139656,false,80736,3960,0.9363608831139656
80736,7433,0.924330400400337,false,80736,7433,0.924330400400337
80736,284323,0.9142558791025638,false,80736,284323,0.9142558791025638
80736,100129460,0.7451036987600137,false,80736,100129460,0.7451036987600137
80736,65217,0.7873568665038275,false,80736,65217,0.7873568665038275
80736,23584,0.952248369280759,false,80736,23584,0.952248369280759
80736,692213,0.9512127743535973,false,80736,692213,0.9512127743535973
80736,153643,0.9093729070258586,false,80736,153643,0.9093729070258586
80736,112268422,0.929347321461926,false,80736,112268422,0.929347321461926
80736,259294,0.9182807612806,false,80736,259294,0.9182807612806
80736,79740,0.9810712427262517,false,80736,79740,0.9810712427262517
80736,2266,0.9175765302767581,false,80736,2266,0.9175765302767581
80736,745,0.9636866857032923,false,80736,745,0.9636866857032923
80736,440352,0.9888248712200741,false,80736,440352,0.9888248712200741
163131,25901,0.9344231819736488,false,163131,25901,0.9344231819736488
163131,100302170,0.9322995177068312,false,163131,100302170,0.9322995177068312
163131,51365,0.9334023304743481,false,163131,51365,0.9334023304743481
163131,7225,0.9521880739011709,false,163131,7225,0.9521880739011709
163131,4128,0.8285962587625628,false,163131,4128,0.8285962587625628
163131,27134,0.9150876715528923,false,163131,27134,0.9150876715528923
163131,654412,0.9201268324208329,false,163131,654412,0.9201268324208329
163131,55892,0.9688752044483433,false,163131,55892,0.9688752044483433
163131,8999,0.9403506876883223,false,163131,8999,0.9403506876883223
163131,306,0.7700313253124513,false,163131,306,0.7700313253124513
163131,5340,0.957190912804081,false,163131,5340,0.957190912804081
163131,4582,0.9182144122021996,false,163131,4582,0.9182144122021996
163131,3248,0.9768553217917173,false,163131,3248,0.9768553217917173
163131,255189,0.8954583758946881,false,163131,255189,0.8954583758946881
163131,641384,0.9375010598808028,false,163131,641384,0.9375010598808028
163131,100130449,0.9083716753414477,false,163131,100130449,0.9083716753414477
163131,10103,0.8925365719647416,false,163131,10103,0.8925365719647416
163131,3856,0.7518814638808285,false,163131,3856,0.7518814638808285
163131,1048,0.931881897748298,false,163131,1048,0.931881897748298
163131,100419743,0.9315739112356238,false,163131,100419743,0.9315739112356238
163131,79838,0.8054010013006794,false,163131,79838,0.8054010013006794
163131,3983,0.9093813096144386,false,163131,3983,0.9093813096144386
163131,3694,0.8180423706375157,false,163131,3694,0.8180423706375157
163131,22941,0.8735604560260981,false,163131,22941,0.8735604560260981
163131,285989,0.9509608385526452,false,163131,285989,0.9509608385526452
163131,2627,0.9072580379568583,false,163131,2627,0.9072580379568583
163131,503640,0.9569469021805825,false,163131,503640,0.9569469021805825
163131,259290,0.9870312505719584,false,163131,259290,0.9870312505719584
163131,1555,0.8883049477336362,false,163131,1555,0.8883049477336362
163131,57528,0.9311187857867298,false,163131,57528,0.9311187857867298
163131,201456,0.9485839266227772,false,163131,201456,0.9485839266227772
163131,142827,0.8534347879527309,false,163131,142827,0.8534347879527309
163131,57186,0.8633453707599894,false,163131,57186,0.8633453707599894
163131,6751,0.9360767298796828,false,163131,6751,0.9360767298796828
163131,79908,0.8064473177214663,false,163131,79908,0.8064473177214663
163131,6473,0.7277246544156452,false,163131,6473,0.7277246544156452
163131,102723508,0.9679795721120305,false,163131,102723508,0.9679795721120305
163131,28984,0.7607038906984428,false,163131,28984,0.7607038906984428
163131,130367,0.7306055419624746,false,163131,130367,0.7306055419624746
163131,9356,0.9698428709118452,false,163131,9356,0.9698428709118452
163131,1910,0.7436598768084708,false,163131,1910,0.7436598768084708
163131,641776,0.9441257661672415,false,163131,641776,0.9441257661672415
163131,100506658,0.8349809238487952,false,163131,100506658,0.8349809238487952
163131,341676,0.8998263563054671,false,163131,341676,0.8998263563054671
163131,148213,0.931807997175521,false,163131,148213,0.931807997175521
163131,10595,0.8384783527406874,false,163131,10595,0.8384783527406874
163131,4583,0.818648133051262,false,163131,4583,0.818648133051262
163131,728643,0.9740850952270428,false,163131,728643,0.9740850952270428
163131,55567,0.883519140115007,false,163131,55567,0.883519140115007
163131,54997,0.9480163982317138,false,163131,54997,0.9480163982317138
163131,79848,0.9915569277681282,false,163131,79848,0.9915569277681282
163131,219790,0.8641236508200073,false,163131,219790,0.8641236508200073
163131,115677,0.8759633960214138,false,163131,115677,0.8759633960214138
163131,5961,0.9729973295223603,false,163131,5961,0.9729973295223603
163131,7851,0.9253500324960627,false,163131,7851,0.9253500324960627
163131,692072,0.9434719901285152,false,163131,692072,0.9434719901285152
163131,109136579,0.946041909340345,false,163131,109136579,0.946041909340345
163131,503645,0.9947397512733166,false,163131,503645,0.9947397512733166
163131,55808,0.923737158497579,false,163131,55808,0.923737158497579
163131,999,0.847753740985579,false,163131,999,0.847753740985579
163131,126353,0.8799940347631124,false,163131,126353,0.8799940347631124
163131,26226,0.9737792915074754,false,163131,26226,0.9737792915074754
163131,64332,0.914452684264783,false,163131,64332,0.914452684264783
163131,346007,0.8648298454063101,false,163131,346007,0.8648298454063101
163131,388743,0.9279280009550204,false,163131,388743,0.9279280009550204
163131,137872,0.9114171535287565,false,163131,137872,0.9114171535287565
163131,1577,0.9458459997586003,false,163131,1577,0.9458459997586003
163131,100033430,0.8674102947804431,false,163131,100033430,0.8674102947804431
163131,340267,0.9257131847157444,false,163131,340267,0.9257131847157444
163131,200879,0.9395269244077677,false,163131,200879,0.9395269244077677
163131,1510,0.908831676682865,false,163131,1510,0.908831676682865
163131,441251,0.866477281249465,false,163131,441251,0.866477281249465
163131,102723849,0.9492942028713688,false,163131,102723849,0.9492942028713688
163131,9196,0.9501516383871932,false,163131,9196,0.9501516383871932
163131,114327,0.7261894018443465,false,163131,114327,0.7261894018443465
163131,6337,0.8268892296104836,false,163131,6337,0.8268892296104836
163131,57669,0.9450336757907609,false,163131,57669,0.9450336757907609
163131,619383,0.9462208008505443,false,163131,619383,0.9462208008505443
163131,57111,0.9214285017953595,false,163131,57111,0.9214285017953595
163131,278,0.7790598318180331,false,163131,278,0.7790598318180331
163131,116844,0.8914916879313434,false,163131,116844,0.8914916879313434
163131,10129,0.9579315956225527,false,163131,10129,0.9579315956225527
163131,4586,0.9310366526411791,false,163131,4586,0.9310366526411791
163131,100158262,0.9525111539830282,false,163131,100158262,0.9525111539830282
163131,10551,0.9308665763790771,false,163131,10551,0.9308665763790771
163131,130271,0.8025609051781747,false,163131,130271,0.8025609051781747
163131,378938,0.945868577455238,false,163131,378938,0.945868577455238
163131,54897,0.9308707589148585,false,163131,54897,0.9308707589148585
163131,285,0.7398377522031108,false,163131,285,0.7398377522031108
163131,117155,0.9326816509098361,false,163131,117155,0.9326816509098361
163131,112268155,0.9321777229557812,false,163131,112268155,0.9321777229557812
163131,1152,0.9519545222195288,false,163131,1152,0.9519545222195288
163131,79083,0.9495937174938547,false,163131,79083,0.9495937174938547
163131,66002,0.9258897910761259,false,163131,66002,0.9258897910761259
163131,1556,0.9345277732778658,false,163131,1556,0.9345277732778658
163131,22996,0.906431788639505,false,163131,22996,0.906431788639505
163131,55930,0.9174678398901385,false,163131,55930,0.9174678398901385
163131,7620,0.9262923484387058,false,163131,7620,0.9262923484387058
163131,7113,0.8878806814058386,false,163131,7113,0.8878806814058386
163131,54861,0.9552421761249821,false,163131,54861,0.9552421761249821
163131,222256,0.8346195495972017,false,163131,222256,0.8346195495972017
163131,105180391,0.9586323965202642,false,163131,105180391,0.9586323965202642
163131,100529240,0.9487591109960225,false,163131,100529240,0.9487591109960225
163131,113218482,0.9212750837934169,false,163131,113218482,0.9212750837934169
163131,647024,0.8418366837262224,false,163131,647024,0.8418366837262224
163131,255928,0.9052912472819948,false,163131,255928,0.9052912472819948
163131,151531,0.8316866667129544,false,163131,151531,0.8316866667129544
163131,8537,0.9039152387626894,false,163131,8537,0.9039152387626894
163131,10018,0.9338763695466855,false,163131,10018,0.9338763695466855
163131,115019,0.9259335860034895,false,163131,115019,0.9259335860034895
163131,201625,0.7525536836630938,false,163131,201625,0.7525536836630938
163131,105180390,0.9547366137028124,false,163131,105180390,0.9547366137028124
163131,692058,0.9100492000687134,false,163131,692058,0.9100492000687134
163131,168374,0.9206980210953291,false,163131,168374,0.9206980210953291
163131,83481,0.8646937300227816,false,163131,83481,0.8646937300227816
163131,645843,0.9264037951272382,false,163131,645843,0.9264037951272382
163131,143884,0.9733395080846425,false,163131,143884,0.9733395080846425
163131,80004,0.7559978142351855,false,163131,80004,0.7559978142351855
163131,121512,0.8914444945409402,false,163131,121512,0.8914444945409402
163131,3993,0.8690080515540951,false,163131,3993,0.8690080515540951
163131,389852,0.9287631161916354,false,163131,389852,0.9287631161916354
163131,342892,0.9914832101096994,false,163131,342892,0.9914832101096994
163131,164312,0.9098439101769634,false,163131,164312,0.9098439101769634
163131,84239,0.9089415762932174,false,163131,84239,0.9089415762932174
163131,2065,0.8908132506759852,false,163131,2065,0.8908132506759852
163131,57402,0.8578249593176572,false,163131,57402,0.8578249593176572
163131,1513,0.7995000020637509,false,163131,1513,0.7995000020637509
163131,776,0.9704663790217338,false,163131,776,0.9704663790217338
163131,780,0.7553883227201993,false,163131,780,0.7553883227201993
163131,135656,0.9322375703930587,false,163131,135656,0.9322375703930587
163131,3880,0.740611980119252,false,163131,3880,0.740611980119252
163131,94059,0.9443587476174011,false,163131,94059,0.9443587476174011
163131,26769,0.8673644562538699,false,163131,26769,0.8673644562538699
163131,3960,0.9310802139587274,false,163131,3960,0.9310802139587274
163131,7433,0.8988202744008686,false,163131,7433,0.8988202744008686
163131,284323,0.963950135017045,false,163131,284323,0.963950135017045
163131,100129460,0.7544904875915726,false,163131,100129460,0.7544904875915726
163131,65217,0.9236246991701826,false,163131,65217,0.9236246991701826
163131,23584,0.9450426200171251,false,163131,23584,0.9450426200171251
163131,692213,0.9216008485500831,false,163131,692213,0.9216008485500831
163131,153643,0.8302622431864156,false,163131,153643,0.8302622431864156
163131,112268422,0.935390317143618,false,163131,112268422,0.935390317143618
163131,649946,0.8106880197864094,false,163131,649946,0.8106880197864094
163131,259294,0.9597684247101844,false,163131,259294,0.9597684247101844
163131,79740,0.8603567889277282,false,163131,79740,0.8603567889277282
163131,2266,0.9410628447092171,false,163131,2266,0.9410628447092171
163131,745,0.9233157421189037,false,163131,745,0.9233157421189037
163131,440352,0.8681428944256795,false,163131,440352,0.8681428944256795
6523,155465,0.9728817502495946,false,6523,155465,0.9728817502495946
6523,58524,0.9766389604888789,false,6523,58524,0.9766389604888789
6523,5225,0.827846754520553,false,6523,5225,0.827846754520553
6523,399949,0.9761588203602027,false,6523,399949,0.9761588203602027
6523,5265,0.9660681168528582,false,6523,5265,0.9660681168528582
6523,4318,0.8299257548837546,false,6523,4318,0.8299257548837546
6523,105377033,0.9610787861805842,false,6523,105377033,0.9610787861805842
6523,10568,0.8557954357653461,false,6523,10568,0.8557954357653461
6523,33,0.8842215033462643,false,6523,33,0.8842215033462643
6523,1770,0.7555367347903328,false,6523,1770,0.7555367347903328
6523,10917,0.8456181587406216,false,6523,10917,0.8456181587406216
6523,11254,0.9645707816597755,false,6523,11254,0.9645707816597755
6523,286207,0.8138171176468391,false,6523,286207,0.8138171176468391
6523,5555,0.7973308787463037,false,6523,5555,0.7973308787463037
6523,57530,0.7270292341328665,false,6523,57530,0.7270292341328665
6523,60494,0.7788205400998517,false,6523,60494,0.7788205400998517
6523,5544,0.8855021101788332,false,6523,5544,0.8855021101788332
6523,10579,0.7622348753178294,false,6523,10579,0.7622348753178294
6523,1906,0.7770297792172052,false,6523,1906,0.7770297792172052
6523,3240,0.8958312578958318,false,6523,3240,0.8958312578958318
6523,7033,0.9805952288433585,false,6523,7033,0.9805952288433585
6523,54842,0.70363761282218,false,6523,54842,0.70363761282218
6523,718,0.7333537965067821,false,6523,718,0.7333537965067821
6523,64073,0.9445886399607462,false,6523,64073,0.9445886399607462
6523,253970,0.7200477944250895,false,6523,253970,0.7200477944250895
6523,6441,0.7738896187988581,false,6523,6441,0.7738896187988581
6523,4070,0.8764663070837706,false,6523,4070,0.8764663070837706
6523,56892,0.9006517600392389,false,6523,56892,0.9006517600392389
6523,8091,0.8972658254306992,false,6523,8091,0.8972658254306992
6523,3875,0.7965275096505452,false,6523,3875,0.7965275096505452
6523,160728,0.8968220615443101,false,6523,160728,0.8968220615443101
6523,4680,0.7633469317648278,false,6523,4680,0.7633469317648278
6523,7356,0.9122445381617511,false,6523,7356,0.9122445381617511
6523,109729127,0.9086620545263359,false,6523,109729127,0.9086620545263359
6523,400578,0.9831041995735045,false,6523,400578,0.9831041995735045
6523,94025,0.9733962400753025,false,6523,94025,0.9733962400753025
6523,728276,0.953379829882023,false,6523,728276,0.953379829882023
6523,101927516,0.7232409387829415,false,6523,101927516,0.7232409387829415
6523,5545,0.9767137548454932,false,6523,5545,0.9767137548454932
6523,727897,0.968175671574085,false,6523,727897,0.968175671574085
6523,54848,0.8299614953713458,false,6523,54848,0.8299614953713458
6523,79632,0.7484515988561008,false,6523,79632,0.7484515988561008
6523,4585,0.7573357306261234,false,6523,4585,0.7573357306261234
6523,1767,0.8675934533900372,false,6523,1767,0.8675934533900372
6523,1604,0.7539814758053516,false,6523,1604,0.7539814758053516
6523,117156,0.8476977410646255,false,6523,117156,0.8476977410646255
6523,195814,0.9280689128076749,false,6523,195814,0.9280689128076749
6523,140766,0.7904990243419356,false,6523,140766,0.7904990243419356
6523,105,0.9860768176233061,false,6523,105,0.9860768176233061
6523,84059,0.7127218696251703,false,6523,84059,0.7127218696251703
6523,120892,0.7602577767859529,false,6523,120892,0.7602577767859529
6523,4057,0.9828354320109483,false,6523,4057,0.9828354320109483
6523,220136,0.9422513042972107,false,6523,220136,0.9422513042972107
6523,112577518,0.9800289597120047,false,6523,112577518,0.9800289597120047
6523,9370,0.9839999469815194,false,6523,9370,0.9839999469815194
6523,693188,0.8385104020872111,false,6523,693188,0.8385104020872111
6523,389376,0.8195434221906787,false,6523,389376,0.8195434221906787
6523,6799,0.9523950323425656,false,6523,6799,0.9523950323425656
6523,353189,0.9081958689004132,false,6523,353189,0.9081958689004132
6523,563,0.9828748759481275,false,6523,563,0.9828748759481275
6523,84851,0.7499695451681294,false,6523,84851,0.7499695451681294
6523,4069,0.9141796354170563,false,6523,4069,0.9141796354170563
6523,1080,0.7451476297252223,false,6523,1080,0.7451476297252223
6523,123872,0.8291245396489961,false,6523,123872,0.8291245396489961
6523,105372793,0.977113456587353,false,6523,105372793,0.977113456587353
6523,100874095,0.9839999469815194,false,6523,100874095,0.9839999469815194
6523,729238,0.7351743345459169,false,6523,729238,0.7351743345459169
6523,26298,0.9375481134984454,false,6523,26298,0.9375481134984454
6523,100033436,0.9876026976192488,false,6523,100033436,0.9876026976192488
155465,345895,0.7823982351244365,false,155465,345895,0.7823982351244365
155465,58524,0.9855115822921344,false,155465,58524,0.9855115822921344
155465,5225,0.8207324181841801,false,155465,5225,0.8207324181841801
155465,399949,0.9942874600083363,false,155465,399949,0.9942874600083363
155465,5265,0.9945917890180093,false,155465,5265,0.9945917890180093
155465,4318,0.8080290776540013,false,155465,4318,0.8080290776540013
155465,105377033,0.9958923128831063,false,155465,105377033,0.9958923128831063
155465,10568,0.9323272620626457,false,155465,10568,0.9323272620626457
155465,33,0.9418669465920846,false,155465,33,0.9418669465920846
155465,1770,0.8728544748567312,false,155465,1770,0.8728544748567312
155465,10917,0.872297137344475,false,155465,10917,0.872297137344475
155465,11254,0.9844891602504365,false,155465,11254,0.9844891602504365
155465,286207,0.8746328756064611,false,155465,286207,0.8746328756064611
155465,5555,0.8510669064123408,false,155465,5555,0.8510669064123408
155465,57530,0.8126047797263767,false,155465,57530,0.8126047797263767
155465,60494,0.8709696182310251,false,155465,60494,0.8709696182310251
155465,5544,0.8929188859576591,false,155465,5544,0.8929188859576591
155465,10579,0.8082152360884637,false,155465,10579,0.8082152360884637
155465,146177,0.7288784557172987,false,155465,146177,0.7288784557172987
155465,1906,0.79357328636663,false,155465,1906,0.79357328636663
155465,3240,0.9216651433808492,false,155465,3240,0.9216651433808492
155465,7033,0.9923496921699909,false,155465,7033,0.9923496921699909
155465,54842,0.7005061668504343,false,155465,54842,0.7005061668504343
155465,718,0.7111032550720521,false,155465,718,0.7111032550720521
155465,64073,0.9858868757271755,false,155465,64073,0.9858868757271755
155465,253970,0.8113216752678586,false,155465,253970,0.8113216752678586
155465,6441,0.8654528737746984,false,155465,6441,0.8654528737746984
155465,4070,0.9465597102814909,false,155465,4070,0.9465597102814909
155465,56892,0.9255109754204414,false,155465,56892,0.9255109754204414
155465,8091,0.9136697430308536,false,155465,8091,0.9136697430308536
155465,3875,0.820717806787799,false,155465,3875,0.820717806787799
155465,160728,0.941780806370559,false,155465,160728,0.941780806370559
155465,4680,0.852064714609027,false,155465,4680,0.852064714609027
155465,7356,0.9788857634005251,false,155465,7356,0.9788857634005251
155465,109729127,0.9697450394595933,false,155465,109729127,0.9697450394595933
155465,400578,0.9887630558732063,false,155465,400578,0.9887630558732063
155465,94025,0.980552904380772,false,155465,94025,0.980552904380772
155465,728276,0.9951450373731003,false,155465,728276,0.9951450373731003
155465,101927516,0.7502164728545664,false,155465,101927516,0.7502164728545664
155465,102723635,0.7776046761460695,false,155465,102723635,0.7776046761460695
155465,5545,0.9830084232916949,false,155465,5545,0.9830084232916949
155465,727897,0.9749770993025085,false,155465,727897,0.9749770993025085
155465,54848,0.8942337479345672,false,155465,54848,0.8942337479345672
155465,79632,0.7604949433850513,false,155465,79632,0.7604949433850513
155465,4585,0.7655481923293361,false,155465,4585,0.7655481923293361
155465,1767,0.9147730969482665,false,155465,1767,0.9147730969482665
155465,1604,0.778542147212016,false,155465,1604,0.778542147212016
155465,9476,0.7809035745845875,false,155465,9476,0.7809035745845875
155465,117156,0.9373303761427185,false,155465,117156,0.9373303761427185
155465,195814,0.9748389379300757,false,155465,195814,0.9748389379300757
155465,140766,0.8265884410851124,false,155465,140766,0.8265884410851124
155465,105,0.9948517417307002,false,155465,105,0.9948517417307002
155465,84059,0.727271793297796,false,155465,84059,0.727271793297796
155465,57477,0.7166777943500199,false,155465,57477,0.7166777943500199
155465,6097,0.8114691954797478,false,155465,6097,0.8114691954797478
155465,120892,0.8083071649618822,false,155465,120892,0.8083071649618822
155465,4057,0.9949867813977599,false,155465,4057,0.9949867813977599
155465,220136,0.9645397120800063,false,155465,220136,0.9645397120800063
155465,112577518,0.9858357899252965,false,155465,112577518,0.9858357899252965
155465,9370,0.9890864645836344,false,155465,9370,0.9890864645836344
155465,693188,0.8734684250705452,false,155465,693188,0.8734684250705452
155465,389376,0.9069004573183901,false,155465,389376,0.9069004573183901
155465,6799,0.9918219242316783,false,155465,6799,0.9918219242316783
155465,353189,0.9229837387438208,false,155465,353189,0.9229837387438208
155465,563,0.9897889503751278,false,155465,563,0.9897889503751278
155465,84851,0.783430920832752,false,155465,84851,0.783430920832752
155465,4069,0.921530332858386,false,155465,4069,0.921530332858386
155465,1080,0.7961769812506339,false,155465,1080,0.7961769812506339
155465,123872,0.9024689003907309,false,155465,123872,0.9024689003907309
155465,105372793,0.9685203051603247,false,155465,105372793,0.9685203051603247
155465,653509,0.7637686372729044,false,155465,653509,0.7637686372729044
155465,100874095,0.9890864645836344,false,155465,100874095,0.9890864645836344
155465,729238,0.8487087511566624,false,155465,729238,0.8487087511566624
155465,26298,0.9746270714701701,false,155465,26298,0.9746270714701701
155465,100033436,0.9898084359014389,false,155465,100033436,0.9898084359014389
345895,58524,0.7848171777642485,false,345895,58524,0.7848171777642485
345895,5225,0.8334249407921869,false,345895,5225,0.8334249407921869
345895,399949,0.7463679397790199,false,345895,399949,0.7463679397790199
345895,5265,0.8128160325631635,false,345895,5265,0.8128160325631635
345895,4318,0.7705208754559929,false,345895,4318,0.7705208754559929
345895,105377033,0.7722394584464933,false,345895,105377033,0.7722394584464933
345895,10568,0.9027263383913405,false,345895,10568,0.9027263383913405
345895,33,0.8268740341463786,false,345895,33,0.8268740341463786
345895,1770,0.8856929414948387,false,345895,1770,0.8856929414948387
345895,10917,0.8051880741908225,false,345895,10917,0.8051880741908225
345895,10529,0.844259693955878,false,345895,10529,0.844259693955878
345895,11254,0.8130274176138419,false,345895,11254,0.8130274176138419
345895,286207,0.9283529326012101,false,345895,286207,0.9283529326012101
345895,5555,0.9471432528176822,false,345895,5555,0.9471432528176822
345895,163720,0.7608850367506617,false,345895,163720,0.7608850367506617
345895,5544,0.8285695409531969,false,345895,5544,0.8285695409531969
345895,10579,0.9606926607092227,false,345895,10579,0.9606926607092227
345895,28984,0.7129656945348886,false,345895,28984,0.7129656945348886
345895,1910,0.7871525852696059,false,345895,1910,0.7871525852696059
345895,146177,0.725408920468593,false,345895,146177,0.725408920468593
345895,200373,0.8403055833092498,false,345895,200373,0.8403055833092498
345895,168090,0.8916881837899526,false,345895,168090,0.8916881837899526
345895,474354,0.8807042834765391,false,345895,474354,0.8807042834765391
345895,1906,0.8050252817041044,false,345895,1906,0.8050252817041044
345895,3240,0.8549854641599871,false,345895,3240,0.8549854641599871
345895,7033,0.7650668082530098,false,345895,7033,0.7650668082530098
345895,221395,0.817524443997002,false,345895,221395,0.817524443997002
345895,54842,0.8715768554027964,false,345895,54842,0.8715768554027964
345895,6103,0.7552889134035679,false,345895,6103,0.7552889134035679
345895,64073,0.7599684905888248,false,345895,64073,0.7599684905888248
345895,253970,0.9483041896622519,false,345895,253970,0.9483041896622519
345895,6441,0.7325831235375357,false,345895,6441,0.7325831235375357
345895,4070,0.7636576979594387,false,345895,4070,0.7636576979594387
345895,56892,0.7708327766723213,false,345895,56892,0.7708327766723213
345895,8091,0.8581257409711239,false,345895,8091,0.8581257409711239
345895,3875,0.8874019754499631,false,345895,3875,0.8874019754499631
345895,160728,0.7386573715801532,false,345895,160728,0.7386573715801532
345895,4680,0.8425577986297413,false,345895,4680,0.8425577986297413
345895,7356,0.8050601241067689,false,345895,7356,0.8050601241067689
345895,109729127,0.7392859041991529,false,345895,109729127,0.7392859041991529
345895,400578,0.7432341213290697,false,345895,400578,0.7432341213290697
345895,5284,0.8121861585553211,false,345895,5284,0.8121861585553211
345895,94025,0.7961756866082347,false,345895,94025,0.7961756866082347
345895,728276,0.7798326817172544,false,345895,728276,0.7798326817172544
345895,101927516,0.8778418723031439,false,345895,101927516,0.8778418723031439
345895,688,0.7412029638302747,false,345895,688,0.7412029638302747
345895,6101,0.8624342573677539,false,345895,6101,0.8624342573677539
345895,5545,0.7749956773550395,false,345895,5545,0.7749956773550395
345895,727897,0.7578496726850542,false,345895,727897,0.7578496726850542
345895,27074,0.9178827686792426,false,345895,27074,0.9178827686792426
345895,54848,0.8117872051839868,false,345895,54848,0.8117872051839868
345895,79632,0.9106060671481268,false,345895,79632,0.9106060671481268
345895,4585,0.8085982932603862,false,345895,4585,0.8085982932603862
345895,1767,0.9025123970448451,false,345895,1767,0.9025123970448451
345895,54,0.7593439295477623,false,345895,54,0.7593439295477623
345895,9476,0.7924238012996114,false,345895,9476,0.7924238012996114
345895,117156,0.811051869639323,false,345895,117156,0.811051869639323
345895,201625,0.7428965475034175,false,345895,201625,0.7428965475034175
345895,195814,0.8006357102895263,false,345895,195814,0.8006357102895263
345895,1043,0.8337980971071977,false,345895,1043,0.8337980971071977
345895,2122,0.870306799562453,false,345895,2122,0.870306799562453
345895,105,0.7678315231843028,false,345895,105,0.7678315231843028
345895,84059,0.9378753386481341,false,345895,84059,0.9378753386481341
345895,1579,0.8564727024223407,false,345895,1579,0.8564727024223407
345895,57477,0.9813207037612178,false,345895,57477,0.9813207037612178
345895,6097,0.7561156582049341,false,345895,6097,0.7561156582049341
345895,120892,0.9751511985693244,false,345895,120892,0.9751511985693244
345895,123624,0.8546262046751798,false,345895,123624,0.8546262046751798
345895,4057,0.7693486791287683,false,345895,4057,0.7693486791287683
345895,112577518,0.7295779112636945,false,345895,112577518,0.7295779112636945
345895,9370,0.7498579155363277,false,345895,9370,0.7498579155363277
345895,693188,0.7467994546942621,false,345895,693188,0.7467994546942621
345895,389376,0.742302076862941,false,345895,389376,0.742302076862941
345895,6799,0.7750274389791679,false,345895,6799,0.7750274389791679
345895,353189,0.8514769160940451,false,345895,353189,0.8514769160940451
345895,563,0.7348857807482849,false,345895,563,0.7348857807482849
345895,84851,0.9032726347051514,false,345895,84851,0.9032726347051514
345895,10203,0.7668189509394282,false,345895,10203,0.7668189509394282
345895,4069,0.8470381506949244,false,345895,4069,0.8470381506949244
345895,1080,0.9837108979375861,false,345895,1080,0.9837108979375861
345895,123872,0.8019319395721846,false,345895,123872,0.8019319395721846
345895,1286,0.9626614297846612,false,345895,1286,0.9626614297846612
345895,105372793,0.7500761577097173,false,345895,105372793,0.7500761577097173
345895,79784,0.7703214180033038,false,345895,79784,0.7703214180033038
345895,653509,0.7650250265192201,false,345895,653509,0.7650250265192201
345895,100874095,0.7498579155363277,false,345895,100874095,0.7498579155363277
345895,729238,0.7828674219375948,false,345895,729238,0.7828674219375948
345895,144535,0.9241153542593549,false,345895,144535,0.9241153542593549
345895,26298,0.851216557414628,false,345895,26298,0.851216557414628
345895,100033436,0.7208401669591021,false,345895,100033436,0.7208401669591021
58524,5225,0.8353312498184212,false,58524,5225,0.8353312498184212
58524,399949,0.9853469114157322,false,58524,399949,0.9853469114157322
58524,5265,0.9763777892018454,false,58524,5265,0.9763777892018454
58524,4318,0.8928393223680888,false,58524,4318,0.8928393223680888
58524,105377033,0.9666509288587001,false,58524,105377033,0.9666509288587001
58524,10568,0.9085188581351943,false,58524,10568,0.9085188581351943
58524,33,0.9254513237667253,false,58524,33,0.9254513237667253
58524,1770,0.8088027932086373,false,58524,1770,0.8088027932086373
58524,10917,0.9081636084217456,false,58524,10917,0.9081636084217456
58524,11254,0.9940244061700532,false,58524,11254,0.9940244061700532
58524,286207,0.8497294717316468,false,58524,286207,0.8497294717316468
58524,5555,0.8592090674895555,false,58524,5555,0.8592090674895555
58524,57530,0.7279779715295758,false,58524,57530,0.7279779715295758
58524,60494,0.8337751271016941,false,58524,60494,0.8337751271016941
58524,5544,0.9114840702471445,false,58524,5544,0.9114840702471445
58524,10579,0.8213863213978172,false,58524,10579,0.8213863213978172
58524,1906,0.8168383802662614,false,58524,1906,0.8168383802662614
58524,3240,0.9432528700805572,false,58524,3240,0.9432528700805572
58524,7033,0.9970895141315103,false,58524,7033,0.9970895141315103
58524,54842,0.704713396288371,false,58524,54842,0.704713396288371
58524,718,0.7353262022138363,false,58524,718,0.7353262022138363
58524,64073,0.9445175179691451,false,58524,64073,0.9445175179691451
58524,253970,0.7672430040168354,false,58524,253970,0.7672430040168354
58524,6441,0.7898390194750174,false,58524,6441,0.7898390194750174
58524,4070,0.886576363210116,false,58524,4070,0.886576363210116
58524,56892,0.9167438868693243,false,58524,56892,0.9167438868693243
58524,8091,0.9566985591446925,false,58524,8091,0.9566985591446925
58524,3875,0.8095173485453133,false,58524,3875,0.8095173485453133
58524,160728,0.8897451520042841,false,58524,160728,0.8897451520042841
58524,4680,0.784246941766101,false,58524,4680,0.784246941766101
58524,7356,0.938696784549717,false,58524,7356,0.938696784549717
58524,109729127,0.919137336285969,false,58524,109729127,0.919137336285969
58524,400578,0.9899921215668357,false,58524,400578,0.9899921215668357
58524,94025,0.9909771698242839,false,58524,94025,0.9909771698242839
58524,109729184,0.7508230423351816,false,58524,109729184,0.7508230423351816
58524,728276,0.964521042280721,false,58524,728276,0.964521042280721
58524,101927516,0.8220509126595141,false,58524,101927516,0.8220509126595141
58524,102723635,0.7073304854371566,false,58524,102723635,0.7073304854371566
58524,5545,0.988271261622082,false,58524,5545,0.988271261622082
58524,727897,0.9845313918472224,false,58524,727897,0.9845313918472224
58524,54848,0.8783695590828773,false,58524,54848,0.8783695590828773
58524,79632,0.8021607844581286,false,58524,79632,0.8021607844581286
58524,4585,0.7862924159854617,false,58524,4585,0.7862924159854617
58524,1767,0.9096004103202426,false,58524,1767,0.9096004103202426
58524,1604,0.8075184532978554,false,58524,1604,0.8075184532978554
58524,117156,0.8876041657514486,false,58524,117156,0.8876041657514486
58524,195814,0.9475960094189452,false,58524,195814,0.9475960094189452
58524,140766,0.8257974612926099,false,58524,140766,0.8257974612926099
58524,105,0.9960760054599573,false,58524,105,0.9960760054599573
58524,84059,0.7527603496237288,false,58524,84059,0.7527603496237288
58524,57477,0.7473298998954775,false,58524,57477,0.7473298998954775
58524,6097,0.7431081721372543,false,58524,6097,0.7431081721372543
58524,120892,0.8212560272301915,false,58524,120892,0.8212560272301915
58524,4057,0.9949671210019426,false,58524,4057,0.9949671210019426
58524,220136,0.9554846747760932,false,58524,220136,0.9554846747760932
58524,112577518,0.9891307904982576,false,58524,112577518,0.9891307904982576
58524,9370,0.990877093916577,false,58524,9370,0.990877093916577
58524,693188,0.9179571835027978,false,58524,693188,0.9179571835027978
58524,389376,0.8317184870219337,false,58524,389376,0.8317184870219337
58524,6799,0.970847290089787,false,58524,6799,0.970847290089787
58524,353189,0.9225830534862949,false,58524,353189,0.9225830534862949
58524,563,0.9895376925962514,false,58524,563,0.9895376925962514
58524,84851,0.8241197139938281,false,58524,84851,0.8241197139938281
58524,4069,0.9337452347662962,false,58524,4069,0.9337452347662962
58524,1080,0.819221783605854,false,58524,1080,0.819221783605854
58524,123872,0.8720960094533126,false,58524,123872,0.8720960094533126
58524,1286,0.7115938404999418,false,58524,1286,0.7115938404999418
58524,105372793,0.9888567345796772,false,58524,105372793,0.9888567345796772
58524,100874095,0.990877093916577,false,58524,100874095,0.990877093916577
58524,729238,0.7637093165757327,false,58524,729238,0.7637093165757327
58524,144535,0.7009392159643913,false,58524,144535,0.7009392159643913
58524,26298,0.9549658168776379,false,58524,26298,0.9549658168776379
58524,100033436,0.9694278153190554,false,58524,100033436,0.9694278153190554
8436,306,0.7273359637814331,false,8436,306,0.7273359637814331
8436,1636,0.7379752842438568,false,8436,1636,0.7379752842438568
8436,163720,0.7864654929925176,false,8436,163720,0.7864654929925176
8436,57186,0.7043781346226617,false,8436,57186,0.7043781346226617
8436,79908,0.7767933596785541,false,8436,79908,0.7767933596785541
8436,100506658,0.7386621831764256,false,8436,100506658,0.7386621831764256
8436,5787,0.8442495643522824,false,8436,5787,0.8442495643522824
8436,2595,0.8464030584984632,false,8436,2595,0.8464030584984632
8436,219790,0.7634845119913225,false,8436,219790,0.7634845119913225
8436,115677,0.7326744898577253,false,8436,115677,0.7326744898577253
8436,116984,0.8426675771878639,false,8436,116984,0.8426675771878639
8436,6337,0.7126978125723296,false,8436,6337,0.7126978125723296
8436,57669,0.7061207448259332,false,8436,57669,0.7061207448259332
8436,54897,0.7310143756480453,false,8436,54897,0.7310143756480453
8436,54,0.7424988222296606,false,8436,54,0.7424988222296606
8436,2122,0.7073281841948326,false,8436,2122,0.7073281841948326
8436,7433,0.7270122108511178,false,8436,7433,0.7270122108511178
25901,100302170,0.997511135791641,false,25901,100302170,0.997511135791641
25901,51365,0.9966781751234696,false,25901,51365,0.9966781751234696
25901,7225,0.925422136225993,false,25901,7225,0.925422136225993
25901,4128,0.7276188984475488,false,25901,4128,0.7276188984475488
25901,27134,0.9793587342374631,false,25901,27134,0.9793587342374631
25901,654412,0.9927966185283572,false,25901,654412,0.9927966185283572
25901,55892,0.923421832009904,false,25901,55892,0.923421832009904
25901,8999,0.9130908179655092,false,25901,8999,0.9130908179655092
25901,306,0.768626540498313,false,25901,306,0.768626540498313
25901,157310,0.7530978053279967,false,25901,157310,0.7530978053279967
25901,5340,0.9805449417416009,false,25901,5340,0.9805449417416009
25901,4582,0.984763649698688,false,25901,4582,0.984763649698688
25901,3248,0.9622560829100821,false,25901,3248,0.9622560829100821
25901,255189,0.9642318659558498,false,25901,255189,0.9642318659558498
25901,641384,0.9988515923373047,false,25901,641384,0.9988515923373047
25901,100130449,0.9789896788254286,false,25901,100130449,0.9789896788254286
25901,10103,0.968947441091066,false,25901,10103,0.968947441091066
25901,3856,0.8445885099912976,false,25901,3856,0.8445885099912976
25901,1048,0.9973089161718063,false,25901,1048,0.9973089161718063
25901,100419743,0.9973187377789248,false,25901,100419743,0.9973187377789248
25901,79838,0.8414200022950282,false,25901,79838,0.8414200022950282
25901,3983,0.9814776746386971,false,25901,3983,0.9814776746386971
25901,3694,0.8487217299451849,false,25901,3694,0.8487217299451849
25901,22941,0.8854564483492795,false,25901,22941,0.8854564483492795
25901,285989,0.9769160286567088,false,25901,285989,0.9769160286567088
25901,2627,0.9296395493796705,false,25901,2627,0.9296395493796705
25901,503640,0.9929833814389423,false,25901,503640,0.9929833814389423
25901,259290,0.9784657476651077,false,25901,259290,0.9784657476651077
25901,1555,0.9606268364520286,false,25901,1555,0.9606268364520286
25901,57528,0.9962331756745766,false,25901,57528,0.9962331756745766
25901,201456,0.9915675564654052,false,25901,201456,0.9915675564654052
25901,142827,0.9446266920619071,false,25901,142827,0.9446266920619071
25901,57186,0.8259346472111605,false,25901,57186,0.8259346472111605
25901,6751,0.9919188516372123,false,25901,6751,0.9919188516372123
25901,6473,0.7855700370152425,false,25901,6473,0.7855700370152425
25901,102723508,0.9871729735095937,false,25901,102723508,0.9871729735095937
25901,28984,0.7437671824109686,false,25901,28984,0.7437671824109686
25901,130367,0.7995748157775997,false,25901,130367,0.7995748157775997
25901,9356,0.9766712822468083,false,25901,9356,0.9766712822468083
25901,641776,0.9722804925965286,false,25901,641776,0.9722804925965286
25901,100506658,0.8618689308877734,false,25901,100506658,0.8618689308877734
25901,341676,0.955360927727805,false,25901,341676,0.955360927727805
25901,148213,0.9883020394611616,false,25901,148213,0.9883020394611616
25901,10595,0.9206232458961332,false,25901,10595,0.9206232458961332
25901,4583,0.9001024326135223,false,25901,4583,0.9001024326135223
25901,728643,0.9220212493773189,false,25901,728643,0.9220212493773189
25901,55567,0.9378094374762482,false,25901,55567,0.9378094374762482
25901,54997,0.9923788437937173,false,25901,54997,0.9923788437937173
25901,79848,0.9684924779754012,false,25901,79848,0.9684924779754012
25901,115677,0.7685145531140983,false,25901,115677,0.7685145531140983
25901,5961,0.9892401075842759,false,25901,5961,0.9892401075842759
25901,7851,0.9831474548228659,false,25901,7851,0.9831474548228659
25901,692072,0.9951790181145536,false,25901,692072,0.9951790181145536
25901,109136579,0.9600668927388704,false,25901,109136579,0.9600668927388704
25901,503645,0.9288880203949454,false,25901,503645,0.9288880203949454
25901,55808,0.991358646079551,false,25901,55808,0.991358646079551
25901,999,0.9207329826055217,false,25901,999,0.9207329826055217
25901,126353,0.9678413303803964,false,25901,126353,0.9678413303803964
25901,26226,0.9757828866060272,false,25901,26226,0.9757828866060272
25901,64332,0.9117051142858605,false,25901,64332,0.9117051142858605
25901,346007,0.7955636734756616,false,25901,346007,0.7955636734756616
25901,388743,0.9951751086422675,false,25901,388743,0.9951751086422675
25901,137872,0.995577021718639,false,25901,137872,0.995577021718639
25901,1577,0.9864016680997614,false,25901,1577,0.9864016680997614
25901,100033430,0.9347259887844781,false,25901,100033430,0.9347259887844781
25901,340267,0.9856538211569248,false,25901,340267,0.9856538211569248
25901,200879,0.9952170280079211,false,25901,200879,0.9952170280079211
25901,1510,0.9866220185701409,false,25901,1510,0.9866220185701409
25901,441251,0.8902429601892443,false,25901,441251,0.8902429601892443
25901,102723849,0.9887581785555022,false,25901,102723849,0.9887581785555022
25901,9196,0.7908715599422033,false,25901,9196,0.7908715599422033
25901,6337,0.8383174740542142,false,25901,6337,0.8383174740542142
25901,57669,0.9041169845424354,false,25901,57669,0.9041169845424354
25901,619383,0.9655990642561854,false,25901,619383,0.9655990642561854
25901,89765,0.7611005735024718,false,25901,89765,0.7611005735024718
25901,57111,0.9856988568858053,false,25901,57111,0.9856988568858053
25901,278,0.8138518362171019,false,25901,278,0.8138518362171019
25901,116844,0.9646316229631794,false,25901,116844,0.9646316229631794
25901,10129,0.9846432363070061,false,25901,10129,0.9846432363070061
25901,4586,0.9969620203247735,false,25901,4586,0.9969620203247735
25901,100158262,0.9903579210984413,false,25901,100158262,0.9903579210984413
25901,10551,0.9928451621614057,false,25901,10551,0.9928451621614057
25901,378938,0.9597519465493676,false,25901,378938,0.9597519465493676
25901,54897,0.8736349005763923,false,25901,54897,0.8736349005763923
25901,117155,0.9932277077756959,false,25901,117155,0.9932277077756959
25901,112268155,0.9775238188670032,false,25901,112268155,0.9775238188670032
25901,1152,0.9275052019872274,false,25901,1152,0.9275052019872274
25901,79083,0.9928170514003595,false,25901,79083,0.9928170514003595
25901,66002,0.9943535811470234,false,25901,66002,0.9943535811470234
25901,1556,0.9755023374345466,false,25901,1556,0.9755023374345466
25901,22996,0.9759174388140947,false,25901,22996,0.9759174388140947
25901,55930,0.9790283073272134,false,25901,55930,0.9790283073272134
25901,7620,0.877684211441241,false,25901,7620,0.877684211441241
25901,7113,0.9606279220884282,false,25901,7113,0.9606279220884282
25901,54861,0.9112016243654136,false,25901,54861,0.9112016243654136
25901,222256,0.8861047417962729,false,25901,222256,0.8861047417962729
25901,105180391,0.9733656229582172,false,25901,105180391,0.9733656229582172
25901,100529240,0.9866123169771501,false,25901,100529240,0.9866123169771501
25901,113218482,0.9944359834772573,false,25901,113218482,0.9944359834772573
25901,647024,0.9290693547372898,false,25901,647024,0.9290693547372898
25901,255928,0.9945936252355532,false,25901,255928,0.9945936252355532
25901,151531,0.946801092439434,false,25901,151531,0.946801092439434
25901,8537,0.9775565942824114,false,25901,8537,0.9775565942824114
25901,10018,0.996189309877306,false,25901,10018,0.996189309877306
25901,115019,0.9935611219805939,false,25901,115019,0.9935611219805939
25901,201625,0.7479910878928667,false,25901,201625,0.7479910878928667
25901,105180390,0.9746075588577887,false,25901,105180390,0.9746075588577887
25901,692058,0.967133518232998,false,25901,692058,0.967133518232998
25901,276,0.7386531405173993,false,25901,276,0.7386531405173993
25901,168374,0.9495575787450193,false,25901,168374,0.9495575787450193
25901,83481,0.9393202036280363,false,25901,83481,0.9393202036280363
25901,645843,0.9515165178285998,false,25901,645843,0.9515165178285998
25901,143884,0.9741027965106026,false,25901,143884,0.9741027965106026
25901,80004,0.8547036029890129,false,25901,80004,0.8547036029890129
25901,121512,0.9229749637802984,false,25901,121512,0.9229749637802984
25901,3993,0.9465283287089067,false,25901,3993,0.9465283287089067
25901,389852,0.9922648133716442,false,25901,389852,0.9922648133716442
25901,342892,0.9689979528901762,false,25901,342892,0.9689979528901762
25901,164312,0.9707931343506231,false,25901,164312,0.9707931343506231
25901,84239,0.909428607849078,false,25901,84239,0.909428607849078
25901,2065,0.9396113735924826,false,25901,2065,0.9396113735924826
25901,57402,0.8689181173519681,false,25901,57402,0.8689181173519681
25901,776,0.8313201362513581,false,25901,776,0.8313201362513581
25901,780,0.8848968252481428,false,25901,780,0.8848968252481428
25901,135656,0.9972299553414259,false,25901,135656,0.9972299553414259
25901,3880,0.8031330517684518,false,25901,3880,0.8031330517684518
25901,94059,0.9898373868763286,false,25901,94059,0.9898373868763286
25901,26769,0.9226860131985942,false,25901,26769,0.9226860131985942
25901,3960,0.997204901950631,false,25901,3960,0.997204901950631
25901,7433,0.8643679698053445,false,25901,7433,0.8643679698053445
25901,284323,0.9945115437636047,false,25901,284323,0.9945115437636047
25901,100129460,0.7607959665707806,false,25901,100129460,0.7607959665707806
25901,65217,0.7967683441089253,false,25901,65217,0.7967683441089253
25901,23584,0.9762151913380812,false,25901,23584,0.9762151913380812
25901,692213,0.9921434714119581,false,25901,692213,0.9921434714119581
25901,153643,0.9136476874119426,false,25901,153643,0.9136476874119426
25901,112268422,0.9988064910421185,false,25901,112268422,0.9988064910421185
25901,259294,0.9964905363403834,false,25901,259294,0.9964905363403834
25901,79740,0.8787700291276548,false,25901,79740,0.8787700291276548
25901,2266,0.9846643823577191,false,25901,2266,0.9846643823577191
25901,745,0.9843666652121827,false,25901,745,0.9843666652121827
25901,440352,0.9096223776017593,false,25901,440352,0.9096223776017593
100302170,51365,0.9985438383478672,false,100302170,51365,0.9985438383478672
100302170,7225,0.9430677332709804,false,100302170,7225,0.9430677332709804
100302170,4128,0.7445623214477581,false,100302170,4128,0.7445623214477581
100302170,27134,0.9897349079414327,false,100302170,27134,0.9897349079414327
100302170,654412,0.9984874076554165,false,100302170,654412,0.9984874076554165
100302170,55892,0.9129336324237185,false,100302170,55892,0.9129336324237185
100302170,8999,0.9218601800939398,false,100302170,8999,0.9218601800939398
100302170,306,0.8046813852938492,false,100302170,306,0.8046813852938492
100302170,157310,0.7825836522011691,false,100302170,157310,0.7825836522011691
100302170,5340,0.9893640489566614,false,100302170,5340,0.9893640489566614
100302170,4582,0.9941671213779678,false,100302170,4582,0.9941671213779678
100302170,3248,0.9710039137518388,false,100302170,3248,0.9710039137518388
100302170,255189,0.9743383389501731,false,100302170,255189,0.9743383389501731
100302170,641384,0.9996459056959919,false,100302170,641384,0.9996459056959919
100302170,100130449,0.9893281835886827,false,100302170,100130449,0.9893281835886827
100302170,10103,0.9826349625029859,false,100302170,10103,0.9826349625029859
100302170,3856,0.8759763499027547,false,100302170,3856,0.8759763499027547
100302170,1048,0.999896617540436,false,100302170,1048,0.999896617540436
100302170,100419743,0.9998879353611795,false,100302170,100419743,0.9998879353611795
100302170,79838,0.8734512821821119,false,100302170,79838,0.8734512821821119
100302170,3983,0.9906942654464649,false,100302170,3983,0.9906942654464649
100302170,3694,0.8807448920527282,false,100302170,3694,0.8807448920527282
100302170,22941,0.9054800733353913,false,100302170,22941,0.9054800733353913
100302170,285989,0.9858460012265067,false,100302170,285989,0.9858460012265067
100302170,2627,0.9520149956639916,false,100302170,2627,0.9520149956639916
100302170,503640,0.9963216438623961,false,100302170,503640,0.9963216438623961
100302170,259290,0.9743542405291276,false,100302170,259290,0.9743542405291276
100302170,1555,0.975832799094756,false,100302170,1555,0.975832799094756
100302170,57528,0.999025048320734,false,100302170,57528,0.999025048320734
100302170,201456,0.9953452148074038,false,100302170,201456,0.9953452148074038
100302170,142827,0.9494259481906959,false,100302170,142827,0.9494259481906959
100302170,57186,0.8587363502428194,false,100302170,57186,0.8587363502428194
100302170,6751,0.9895857326124066,false,100302170,6751,0.9895857326124066
100302170,79908,0.7175187893432178,false,100302170,79908,0.7175187893432178
100302170,6473,0.7457705229159548,false,100302170,6473,0.7457705229159548
100302170,102723508,0.9783252827226118,false,100302170,102723508,0.9783252827226118
100302170,28984,0.7747461599980241,false,100302170,28984,0.7747461599980241
100302170,130367,0.8312829204659459,false,100302170,130367,0.8312829204659459
100302170,285335,0.7287036248624625,false,100302170,285335,0.7287036248624625
100302170,9356,0.9811424999558651,false,100302170,9356,0.9811424999558651
100302170,1910,0.7185151234806244,false,100302170,1910,0.7185151234806244
100302170,641776,0.9840936058084201,false,100302170,641776,0.9840936058084201
100302170,100506658,0.8902100107015375,false,100302170,100506658,0.8902100107015375
100302170,341676,0.970802699629737,false,100302170,341676,0.970802699629737
100302170,148213,0.996014925843568,false,100302170,148213,0.996014925843568
100302170,10595,0.9399706661987056,false,100302170,10595,0.9399706661987056
100302170,4583,0.9213566524457286,false,100302170,4583,0.9213566524457286
100302170,728643,0.9266085462564714,false,100302170,728643,0.9266085462564714
100302170,55567,0.957640385946005,false,100302170,55567,0.957640385946005
100302170,54997,0.9967095997676317,false,100302170,54997,0.9967095997676317
100302170,79848,0.9645898931513051,false,100302170,79848,0.9645898931513051
100302170,219790,0.7142678739698944,false,100302170,219790,0.7142678739698944
100302170,115677,0.7985756350347821,false,100302170,115677,0.7985756350347821
100302170,5961,0.9896944871851336,false,100302170,5961,0.9896944871851336
100302170,7851,0.9931656935892635,false,100302170,7851,0.9931656935892635
100302170,692072,0.9948611540693534,false,100302170,692072,0.9948611540693534
100302170,109136579,0.9692367610717605,false,100302170,109136579,0.9692367610717605
100302170,503645,0.9310305155634109,false,100302170,503645,0.9310305155634109
100302170,55808,0.9979374405079232,false,100302170,55808,0.9979374405079232
100302170,999,0.9424915688618271,false,100302170,999,0.9424915688618271
100302170,126353,0.9813835712378994,false,100302170,126353,0.9813835712378994
100302170,26226,0.9798804378663231,false,100302170,26226,0.9798804378663231
100302170,64332,0.919960245824924,false,100302170,64332,0.919960245824924
100302170,346007,0.8161278057608282,false,100302170,346007,0.8161278057608282
100302170,388743,0.9995779200434005,false,100302170,388743,0.9995779200434005
100302170,137872,0.988238518890903,false,100302170,137872,0.988238518890903
100302170,1577,0.990954903989266,false,100302170,1577,0.990954903989266
100302170,100033430,0.9527775316391165,false,100302170,100033430,0.9527775316391165
100302170,340267,0.9938289731277742,false,100302170,340267,0.9938289731277742
100302170,200879,0.9992721635173125,false,100302170,200879,0.9992721635173125
100302170,1510,0.9949099137588617,false,100302170,1510,0.9949099137588617
100302170,441251,0.9119475297023782,false,100302170,441251,0.9119475297023782
100302170,102723849,0.9945242521872134,false,100302170,102723849,0.9945242521872134
100302170,9196,0.7833961278059354,false,100302170,9196,0.7833961278059354
100302170,6337,0.8712196418748088,false,100302170,6337,0.8712196418748088
100302170,57669,0.9224932420854589,false,100302170,57669,0.9224932420854589
100302170,619383,0.9739446104739831,false,100302170,619383,0.9739446104739831
100302170,89765,0.7994128663058235,false,100302170,89765,0.7994128663058235
100302170,57111,0.994771626497511,false,100302170,57111,0.994771626497511
100302170,278,0.837553287294973,false,100302170,278,0.837553287294973
100302170,116844,0.9781385403202956,false,100302170,116844,0.9781385403202956
100302170,10129,0.9896994481494632,false,100302170,10129,0.9896994481494632
100302170,4586,0.9999377955109269,false,100302170,4586,0.9999377955109269
100302170,100158262,0.9811146877665639,false,100302170,100158262,0.9811146877665639
100302170,10551,0.9986322111505608,false,100302170,10551,0.9986322111505608
100302170,378938,0.969026091864201,false,100302170,378938,0.969026091864201
100302170,54897,0.8878522002692157,false,100302170,54897,0.8878522002692157
100302170,117155,0.9962021007147441,false,100302170,117155,0.9962021007147441
100302170,112268155,0.9877075766833806,false,100302170,112268155,0.9877075766833806
100302170,1152,0.9386290429505124,false,100302170,1152,0.9386290429505124
100302170,79083,0.997445170262833,false,100302170,79083,0.997445170262833
100302170,66002,0.998362086415317,false,100302170,66002,0.998362086415317
100302170,1556,0.9875445895195091,false,100302170,1556,0.9875445895195091
100302170,22996,0.9867016675862441,false,100302170,22996,0.9867016675862441
100302170,55930,0.9883223896624589,false,100302170,55930,0.9883223896624589
100302170,7620,0.8565453891590583,false,100302170,7620,0.8565453891590583
100302170,7113,0.9766604238713559,false,100302170,7113,0.9766604238713559
100302170,54861,0.9286929166106299,false,100302170,54861,0.9286929166106299
100302170,222256,0.9074572163193467,false,100302170,222256,0.9074572163193467
100302170,105180391,0.9829036261701759,false,100302170,105180391,0.9829036261701759
100302170,100529240,0.9937676327288307,false,100302170,100529240,0.9937676327288307
100302170,113218482,0.9990421787701519,false,100302170,113218482,0.9990421787701519
100302170,647024,0.9495421882329482,false,100302170,647024,0.9495421882329482
100302170,255928,0.9956913056720866,false,100302170,255928,0.9956913056720866
100302170,151531,0.9624148382414403,false,100302170,151531,0.9624148382414403
100302170,8537,0.9677600528527946,false,100302170,8537,0.9677600528527946
100302170,10018,0.9993868899599513,false,100302170,10018,0.9993868899599513
100302170,115019,0.9989922027078738,false,100302170,115019,0.9989922027078738
100302170,201625,0.787133090765123,false,100302170,201625,0.787133090765123
100302170,105180390,0.9847145099248393,false,100302170,105180390,0.9847145099248393
100302170,692058,0.9770121841008863,false,100302170,692058,0.9770121841008863
100302170,276,0.7685559665078546,false,100302170,276,0.7685559665078546
100302170,168374,0.962660507146125,false,100302170,168374,0.962660507146125
100302170,83481,0.9572796425280478,false,100302170,83481,0.9572796425280478
100302170,645843,0.9659527496439083,false,100302170,645843,0.9659527496439083
100302170,143884,0.9640394676058305,false,100302170,143884,0.9640394676058305
100302170,80004,0.8865919980981993,false,100302170,80004,0.8865919980981993
100302170,121512,0.945404150504656,false,100302170,121512,0.945404150504656
100302170,3993,0.9599614735509939,false,100302170,3993,0.9599614735509939
100302170,389852,0.998290259614091,false,100302170,389852,0.998290259614091
100302170,342892,0.9703359209625458,false,100302170,342892,0.9703359209625458
100302170,164312,0.9826176680030021,false,100302170,164312,0.9826176680030021
100302170,84239,0.9337305653252224,false,100302170,84239,0.9337305653252224
100302170,2065,0.9596787342950593,false,100302170,2065,0.9596787342950593
100302170,57402,0.8862553487898892,false,100302170,57402,0.8862553487898892
100302170,776,0.8268072876551892,false,100302170,776,0.8268072876551892
100302170,780,0.9024497850843651,false,100302170,780,0.9024497850843651
100302170,135656,0.9999061139006601,false,100302170,135656,0.9999061139006601
100302170,3880,0.8382009999394323,false,100302170,3880,0.8382009999394323
100302170,94059,0.9964507121559828,false,100302170,94059,0.9964507121559828
100302170,26769,0.9367744110674948,false,100302170,26769,0.9367744110674948
100302170,3960,0.9998402163374943,false,100302170,3960,0.9998402163374943
100302170,7433,0.8767151545753225,false,100302170,7433,0.8767151545753225
100302170,284323,0.9926992512141402,false,100302170,284323,0.9926992512141402
100302170,100129460,0.7919122586887429,false,100302170,100129460,0.7919122586887429
100302170,65217,0.817316086751317,false,100302170,65217,0.817316086751317
100302170,23584,0.9813123188907761,false,100302170,23584,0.9813123188907761
100302170,692213,0.9973271754026884,false,100302170,692213,0.9973271754026884
100302170,153643,0.9350727981510991,false,100302170,153643,0.9350727981510991
100302170,112268422,0.9996204616383658,false,100302170,112268422,0.9996204616383658
100302170,649946,0.708953205887765,false,100302170,649946,0.708953205887765
100302170,259294,0.9957028108933883,false,100302170,259294,0.9957028108933883
100302170,79740,0.9033076660559614,false,100302170,79740,0.9033076660559614
100302170,2266,0.9913241098185102,false,100302170,2266,0.9913241098185102
100302170,745,0.9935956945552452,false,100302170,745,0.9935956945552452
100302170,440352,0.9195692584474646,false,100302170,440352,0.9195692584474646
5225,399949,0.8340522422387172,false,5225,399949,0.8340522422387172
5225,5265,0.8191612251763943,false,5225,5265,0.8191612251763943
5225,4318,0.7882509415539369,false,5225,4318,0.7882509415539369
5225,105377033,0.7980417761275385,false,5225,105377033,0.7980417761275385
5225,10568,0.7484610128644782,false,5225,10568,0.7484610128644782
5225,3856,0.7272897621921635,false,5225,3856,0.7272897621921635
5225,1770,0.7402793455209367,false,5225,1770,0.7402793455209367
5225,79838,0.706196278585117,false,5225,79838,0.706196278585117
5225,10529,0.7541177216350665,false,5225,10529,0.7541177216350665
5225,11254,0.8078464945524115,false,5225,11254,0.8078464945524115
5225,286207,0.9415822702686262,false,5225,286207,0.9415822702686262
5225,5555,0.9549966952620772,false,5225,5555,0.9549966952620772
5225,5544,0.976994218539901,false,5225,5544,0.976994218539901
5225,10579,0.9509629104871756,false,5225,10579,0.9509629104871756
5225,28984,0.7474839559799638,false,5225,28984,0.7474839559799638
5225,130367,0.7858025675815582,false,5225,130367,0.7858025675815582
5225,285335,0.8741216850688222,false,5225,285335,0.8741216850688222
5225,1910,0.7272434178631891,false,5225,1910,0.7272434178631891
5225,200373,0.9005282582874852,false,5225,200373,0.9005282582874852
5225,168090,0.8009295551922633,false,5225,168090,0.8009295551922633
5225,474354,0.8461041480885474,false,5225,474354,0.8461041480885474
5225,3240,0.7458914480057091,false,5225,3240,0.7458914480057091
5225,7033,0.8349908948544247,false,5225,7033,0.8349908948544247
5225,54842,0.9343726187626765,false,5225,54842,0.9343726187626765
5225,6103,0.7870998170790671,false,5225,6103,0.7870998170790671
5225,64073,0.771843735008787,false,5225,64073,0.771843735008787
5225,253970,0.8588491803500391,false,5225,253970,0.8588491803500391
5225,8091,0.7990664715446335,false,5225,8091,0.7990664715446335
5225,3875,0.9806498955626528,false,5225,3875,0.9806498955626528
5225,4680,0.8456159038432889,false,5225,4680,0.8456159038432889
5225,7356,0.7552999492595939,false,5225,7356,0.7552999492595939
5225,109729127,0.7078450314148386,false,5225,109729127,0.7078450314148386
5225,400578,0.8511282745778066,false,5225,400578,0.8511282745778066
5225,5284,0.9233147349271843,false,5225,5284,0.9233147349271843
5225,94025,0.8929651988767344,false,5225,94025,0.8929651988767344
5225,89765,0.7524369954492832,false,5225,89765,0.7524369954492832
5225,278,0.7334762137553944,false,5225,278,0.7334762137553944
5225,728276,0.7988978085011537,false,5225,728276,0.7988978085011537
5225,101927516,0.7300991516715131,false,5225,101927516,0.7300991516715131
5225,688,0.8724456055094069,false,5225,688,0.8724456055094069
5225,5545,0.886056556312772,false,5225,5545,0.886056556312772
5225,727897,0.8800248198704217,false,5225,727897,0.8800248198704217
5225,27074,0.8498041438366695,false,5225,27074,0.8498041438366695
5225,79632,0.959386352804779,false,5225,79632,0.959386352804779
5225,4585,0.9842638864148954,false,5225,4585,0.9842638864148954
5225,1767,0.9563367167137451,false,5225,1767,0.9563367167137451
5225,1604,0.8089330625878274,false,5225,1604,0.8089330625878274
5225,201625,0.75127524232737,false,5225,201625,0.75127524232737
5225,195814,0.7309441923161013,false,5225,195814,0.7309441923161013
5225,1043,0.9433590301118902,false,5225,1043,0.9433590301118902
5225,276,0.8125798145282735,false,5225,276,0.8125798145282735
5225,2122,0.766856543622654,false,5225,2122,0.766856543622654
5225,105,0.8290526398494116,false,5225,105,0.8290526398494116
5225,84059,0.9079808963824121,false,5225,84059,0.9079808963824121
5225,1579,0.8356121248155015,false,5225,1579,0.8356121248155015
5225,57477,0.7868921122432437,false,5225,57477,0.7868921122432437
5225,120892,0.9315198638842141,false,5225,120892,0.9315198638842141
5225,4057,0.8429440362471378,false,5225,4057,0.8429440362471378
5225,220136,0.7175274922947269,false,5225,220136,0.7175274922947269
5225,112577518,0.8401952424107911,false,5225,112577518,0.8401952424107911
5225,9370,0.8560297626488319,false,5225,9370,0.8560297626488319
5225,6799,0.7541028248212898,false,5225,6799,0.7541028248212898
5225,353189,0.9751049341763492,false,5225,353189,0.9751049341763492
5225,563,0.8393709715829127,false,5225,563,0.8393709715829127
5225,84851,0.9477111494529638,false,5225,84851,0.9477111494529638
5225,3880,0.7025822726478265,false,5225,3880,0.7025822726478265
5225,100129460,0.7844768817349078,false,5225,100129460,0.7844768817349078
5225,4069,0.9743607694457501,false,5225,4069,0.9743607694457501
5225,1080,0.8974264229021126,false,5225,1080,0.8974264229021126
5225,1286,0.8659335559467013,false,5225,1286,0.8659335559467013
5225,105372793,0.7832268536167167,false,5225,105372793,0.7832268536167167
5225,100874095,0.8560297626488319,false,5225,100874095,0.8560297626488319
5225,144535,0.8764659345341861,false,5225,144535,0.8764659345341861
5225,26298,0.9119335849459324,false,5225,26298,0.9119335849459324
5225,100033436,0.8166189531824518,false,5225,100033436,0.8166189531824518
51365,7225,0.9436879728225589,false,51365,7225,0.9436879728225589
51365,4128,0.7187040751338053,false,51365,4128,0.7187040751338053
51365,27134,0.9837830006253859,false,51365,27134,0.9837830006253859
51365,654412,0.9953997982004851,false,51365,654412,0.9953997982004851
51365,55892,0.9038147025772462,false,51365,55892,0.9038147025772462
51365,8999,0.9277785790496111,false,51365,8999,0.9277785790496111
51365,306,0.7915825679259817,false,51365,306,0.7915825679259817
51365,157310,0.7572231127621586,false,51365,157310,0.7572231127621586
51365,5340,0.9881557634129483,false,51365,5340,0.9881557634129483
51365,4582,0.9895168935524534,false,51365,4582,0.9895168935524534
51365,3248,0.9717997201327238,false,51365,3248,0.9717997201327238
51365,255189,0.9672541978715261,false,51365,255189,0.9672541978715261
51365,641384,0.9983601978524268,false,51365,641384,0.9983601978524268
51365,100130449,0.9842502498357798,false,51365,100130449,0.9842502498357798
51365,10103,0.9768081355211621,false,51365,10103,0.9768081355211621
51365,3856,0.8628955119353171,false,51365,3856,0.8628955119353171
51365,1048,0.9990136554695377,false,51365,1048,0.9990136554695377
51365,100419743,0.9990763023116719,false,51365,100419743,0.9990763023116719
51365,79838,0.8591601119559112,false,51365,79838,0.8591601119559112
51365,3983,0.9932145910765362,false,51365,3983,0.9932145910765362
51365,3694,0.8654897508470571,false,51365,3694,0.8654897508470571
51365,22941,0.8988297490695746,false,51365,22941,0.8988297490695746
51365,285989,0.9828492416836646,false,51365,285989,0.9828492416836646
51365,2627,0.9464365913358619,false,51365,2627,0.9464365913358619
51365,503640,0.996273431489125,false,51365,503640,0.996273431489125
51365,259290,0.9756947772988629,false,51365,259290,0.9756947772988629
51365,1555,0.9673130661631253,false,51365,1555,0.9673130661631253
51365,57528,0.9996793434425134,false,51365,57528,0.9996793434425134
51365,201456,0.9953110330736623,false,51365,201456,0.9953110330736623
51365,142827,0.9395650770737283,false,51365,142827,0.9395650770737283
51365,57186,0.8574131233177789,false,51365,57186,0.8574131233177789
51365,6751,0.9892106975827223,false,51365,6751,0.9892106975827223
51365,79908,0.7123955339450357,false,51365,79908,0.7123955339450357
51365,6473,0.7379029276594701,false,51365,6473,0.7379029276594701
51365,102723508,0.9800876149169035,false,51365,102723508,0.9800876149169035
51365,28984,0.7516885976140906,false,51365,28984,0.7516885976140906
51365,130367,0.8138088726812945,false,51365,130367,0.8138088726812945
51365,285335,0.7071541055272187,false,51365,285335,0.7071541055272187
51365,9356,0.9849120049332115,false,51365,9356,0.9849120049332115
51365,1910,0.7051770577143017,false,51365,1910,0.7051770577143017
51365,641776,0.9841061011265727,false,51365,641776,0.9841061011265727
51365,100506658,0.8846682291968074,false,51365,100506658,0.8846682291968074
51365,341676,0.9625848918530372,false,51365,341676,0.9625848918530372
51365,148213,0.9926939975955098,false,51365,148213,0.9926939975955098
51365,10595,0.9285578261639286,false,51365,10595,0.9285578261639286
51365,4583,0.9092164825955891,false,51365,4583,0.9092164825955891
51365,728643,0.9333837616973575,false,51365,728643,0.9333837616973575
51365,55567,0.9471131133243291,false,51365,55567,0.9471131133243291
51365,54997,0.9975740191114006,false,51365,54997,0.9975740191114006
51365,79848,0.9631519822833978,false,51365,79848,0.9631519822833978
51365,219790,0.7277184281942186,false,51365,219790,0.7277184281942186
51365,115677,0.8012476888979277,false,51365,115677,0.8012476888979277
51365,5961,0.99101950730679,false,51365,5961,0.99101950730679
51365,7851,0.9894654945669363,false,51365,7851,0.9894654945669363
51365,692072,0.9910540613180359,false,51365,692072,0.9910540613180359
51365,109136579,0.9662473942138761,false,51365,109136579,0.9662473942138761
51365,503645,0.9335521710232929,false,51365,503645,0.9335521710232929
51365,55808,0.9955077073198423,false,51365,55808,0.9955077073198423
51365,999,0.9306204876984225,false,51365,999,0.9306204876984225
51365,126353,0.9737438153833246,false,51365,126353,0.9737438153833246
51365,26226,0.9792788777134372,false,51365,26226,0.9792788777134372
51365,64332,0.9176082940708475,false,51365,64332,0.9176082940708475
51365,346007,0.826551976680413,false,51365,346007,0.826551976680413
51365,388743,0.997697684178025,false,51365,388743,0.997697684178025
51365,137872,0.9890996530480761,false,51365,137872,0.9890996530480761
51365,1577,0.9859385195128594,false,51365,1577,0.9859385195128594
51365,100033430,0.9441516068821987,false,51365,100033430,0.9441516068821987
51365,340267,0.9883278638044459,false,51365,340267,0.9883278638044459
51365,200879,0.9984224729781346,false,51365,200879,0.9984224729781346
51365,1510,0.9902388630907033,false,51365,1510,0.9902388630907033
51365,441251,0.9025232048326233,false,51365,441251,0.9025232048326233
51365,102723849,0.9930872047160331,false,51365,102723849,0.9930872047160331
51365,9196,0.7933126200971585,false,51365,9196,0.7933126200971585
51365,6337,0.8616147542032301,false,51365,6337,0.8616147542032301
51365,57669,0.9269149471963287,false,51365,57669,0.9269149471963287
51365,619383,0.9685309378886731,false,51365,619383,0.9685309378886731
51365,89765,0.7837081403612898,false,51365,89765,0.7837081403612898
51365,57111,0.9905412554982471,false,51365,57111,0.9905412554982471
51365,278,0.8171745527113835,false,51365,278,0.8171745527113835
51365,116844,0.9710692043885564,false,51365,116844,0.9710692043885564
51365,10129,0.9866731838462213,false,51365,10129,0.9866731838462213
51365,4586,0.9988282519776711,false,51365,4586,0.9988282519776711
51365,100158262,0.9796597635981534,false,51365,100158262,0.9796597635981534
51365,10551,0.9963398121686713,false,51365,10551,0.9963398121686713
51365,378938,0.9659575582994064,false,51365,378938,0.9659575582994064
51365,54897,0.8924299642186053,false,51365,54897,0.8924299642186053
51365,117155,0.9984057731025762,false,51365,117155,0.9984057731025762
51365,112268155,0.9875505369074504,false,51365,112268155,0.9875505369074504
51365,1152,0.9259826567569671,false,51365,1152,0.9259826567569671
51365,79083,0.9971638098936594,false,51365,79083,0.9971638098936594
51365,66002,0.9963110100948637,false,51365,66002,0.9963110100948637
51365,1556,0.9840870421885756,false,51365,1556,0.9840870421885756
51365,22996,0.9797197818000823,false,51365,22996,0.9797197818000823
51365,55930,0.9817421368697112,false,51365,55930,0.9817421368697112
51365,7620,0.8466184340671522,false,51365,7620,0.8466184340671522
51365,7113,0.9696581800526477,false,51365,7113,0.9696581800526477
51365,54861,0.9277415651597042,false,51365,54861,0.9277415651597042
51365,222256,0.891746152092155,false,51365,222256,0.891746152092155
51365,105180391,0.9845515532736709,false,51365,105180391,0.9845515532736709
51365,100529240,0.9913839467413345,false,51365,100529240,0.9913839467413345
51365,113218482,0.997813264055353,false,51365,113218482,0.997813264055353
51365,647024,0.9378973626187813,false,51365,647024,0.9378973626187813
51365,255928,0.9970028846764876,false,51365,255928,0.9970028846764876
51365,151531,0.9617896513896848,false,51365,151531,0.9617896513896848
51365,8537,0.959921129980253,false,51365,8537,0.959921129980253
51365,10018,0.9963696117333894,false,51365,10018,0.9963696117333894
51365,115019,0.997203529615244,false,51365,115019,0.997203529615244
51365,201625,0.7690364539543132,false,51365,201625,0.7690364539543132
51365,105180390,0.9850031641092696,false,51365,105180390,0.9850031641092696
51365,692058,0.9690315421463227,false,51365,692058,0.9690315421463227
51365,276,0.745912775471105,false,51365,276,0.745912775471105
51365,168374,0.9555171619852395,false,51365,168374,0.9555171619852395
51365,83481,0.9441328053550723,false,51365,83481,0.9441328053550723
51365,645843,0.9585838278306898,false,51365,645843,0.9585838278306898
51365,143884,0.9675281017088588,false,51365,143884,0.9675281017088588
51365,80004,0.8754168273599104,false,51365,80004,0.8754168273599104
51365,121512,0.9482188122898523,false,51365,121512,0.9482188122898523
51365,3993,0.9538860274942698,false,51365,3993,0.9538860274942698
51365,389852,0.9964779275640205,false,51365,389852,0.9964779275640205
51365,342892,0.969973624690115,false,51365,342892,0.969973624690115
51365,164312,0.9773395428129191,false,51365,164312,0.9773395428129191
51365,84239,0.9271179153212854,false,51365,84239,0.9271179153212854
51365,2065,0.95084278044671,false,51365,2065,0.95084278044671
51365,57402,0.8815542210839388,false,51365,57402,0.8815542210839388
51365,776,0.8290179185698539,false,51365,776,0.8290179185698539
51365,780,0.8828785561718984,false,51365,780,0.8828785561718984
51365,135656,0.999023897664277,false,51365,135656,0.999023897664277
51365,3880,0.8179875553607746,false,51365,3880,0.8179875553607746
51365,94059,0.9952223985084084,false,51365,94059,0.9952223985084084
51365,26769,0.924565661378248,false,51365,26769,0.924565661378248
51365,3960,0.9988823145638909,false,51365,3960,0.9988823145638909
51365,7433,0.8798971794220289,false,51365,7433,0.8798971794220289
51365,284323,0.9937758380568626,false,51365,284323,0.9937758380568626
51365,100129460,0.7781845733272856,false,51365,100129460,0.7781845733272856
51365,65217,0.8224661002762529,false,51365,65217,0.8224661002762529
51365,23584,0.9831923060491379,false,51365,23584,0.9831923060491379
51365,692213,0.9923466190083869,false,51365,692213,0.9923466190083869
51365,153643,0.9232638636207395,false,51365,153643,0.9232638636207395
51365,112268422,0.9988955904234024,false,51365,112268422,0.9988955904234024
51365,649946,0.7019273008214768,false,51365,649946,0.7019273008214768
51365,259294,0.9951071151537156,false,51365,259294,0.9951071151537156
51365,79740,0.8898937480776955,false,51365,79740,0.8898937480776955
51365,2266,0.9949987603119874,false,51365,2266,0.9949987603119874
51365,745,0.9906606562550604,false,51365,745,0.9906606562550604
51365,440352,0.9088813134194493,false,51365,440352,0.9088813134194493
253982,1636,0.7499249349059665,false,253982,1636,0.7499249349059665
253982,105375355,0.7621266871165653,false,253982,105375355,0.7621266871165653
253982,102724057,0.7768761732783207,false,253982,102724057,0.7768761732783207
253982,1580,0.7804294525801375,false,253982,1580,0.7804294525801375
253982,375612,0.9246793021030951,false,253982,375612,0.9246793021030951
253982,9914,0.8086403925884799,false,253982,9914,0.8086403925884799
253982,56241,0.7100092708671187,false,253982,56241,0.7100092708671187
253982,2327,0.9001609805071634,false,253982,2327,0.9001609805071634
253982,146556,0.789066333553205,false,253982,146556,0.789066333553205
253982,7080,0.770859746138014,false,253982,7080,0.770859746138014
253982,728226,0.8463734334776536,false,253982,728226,0.8463734334776536
253982,22943,0.7238710084796735,false,253982,22943,0.7238710084796735
253982,2696,0.8183853105611619,false,253982,2696,0.8183853105611619
253982,54084,0.8164658243580436,false,253982,54084,0.8164658243580436
253982,7473,0.789533288710342,false,253982,7473,0.789533288710342
253982,128602,0.9309662820955732,false,253982,128602,0.9309662820955732
253982,6332,0.803024960340941,false,253982,6332,0.803024960340941
253982,1180,0.8060734869449141,false,253982,1180,0.8060734869449141
253982,825,0.7115355955264736,false,253982,825,0.7115355955264736
253982,65998,0.7036847399804802,false,253982,65998,0.7036847399804802
253982,6532,0.8387984775327472,false,253982,6532,0.8387984775327472
253982,100996506,0.8126793229057343,false,253982,100996506,0.8126793229057343
253982,100505495,0.876166711551494,false,253982,100505495,0.876166711551494
253982,57524,0.9698073714213015,false,253982,57524,0.9698073714213015
253982,256076,0.706306968750881,false,253982,256076,0.706306968750881
253982,84867,0.7742947581709431,false,253982,84867,0.7742947581709431
253982,284680,0.9623683504663588,false,253982,284680,0.9623683504663588
253982,128218,0.9814155004108365,false,253982,128218,0.9814155004108365
253982,284434,0.8855032515256918,false,253982,284434,0.8855032515256918
253982,440590,0.9873180713402206,false,253982,440590,0.9873180713402206
253982,55282,0.945964636118901,false,253982,55282,0.945964636118901
253982,165186,0.7323849134378122,false,253982,165186,0.7323849134378122
253982,102465485,0.7961926171893166,false,253982,102465485,0.7961926171893166
7225,4128,0.8242425107638532,false,7225,4128,0.8242425107638532
7225,27134,0.951502509923693,false,7225,27134,0.951502509923693
7225,654412,0.944877957444492,false,7225,654412,0.944877957444492
7225,55892,0.885969052608112,false,7225,55892,0.885969052608112
7225,8999,0.9433927533504655,false,7225,8999,0.9433927533504655
7225,306,0.8781342348794068,false,7225,306,0.8781342348794068
7225,157310,0.7703052261350389,false,7225,157310,0.7703052261350389
7225,5340,0.980936278148387,false,7225,5340,0.980936278148387
7225,4582,0.9553498018094884,false,7225,4582,0.9553498018094884
7225,3248,0.988387867441834,false,7225,3248,0.988387867441834
7225,255189,0.9263123334250992,false,7225,255189,0.9263123334250992
7225,641384,0.9401889992955942,false,7225,641384,0.9401889992955942
7225,100130449,0.95358116371383,false,7225,100130449,0.95358116371383
7225,10103,0.9525237380628755,false,7225,10103,0.9525237380628755
7225,3856,0.8900438103049755,false,7225,3856,0.8900438103049755
7225,1048,0.9432641302875393,false,7225,1048,0.9432641302875393
7225,100419743,0.943095205859263,false,7225,100419743,0.943095205859263
7225,79838,0.9255420476607952,false,7225,79838,0.9255420476607952
7225,10529,0.7959276342131111,false,7225,10529,0.7959276342131111
7225,3983,0.9545978711373508,false,7225,3983,0.9545978711373508
7225,3694,0.9274596389532859,false,7225,3694,0.9274596389532859
7225,22941,0.9223468128873176,false,7225,22941,0.9223468128873176
7225,285989,0.9780690393878544,false,7225,285989,0.9780690393878544
7225,2627,0.9835758453991893,false,7225,2627,0.9835758453991893
7225,503640,0.963600575644811,false,7225,503640,0.963600575644811
7225,259290,0.9493372975084498,false,7225,259290,0.9493372975084498
7225,1555,0.9505352364705751,false,7225,1555,0.9505352364705751
7225,57528,0.9443289096018159,false,7225,57528,0.9443289096018159
7225,201456,0.9557001785494046,false,7225,201456,0.9557001785494046
7225,142827,0.863887494753087,false,7225,142827,0.863887494753087
7225,163720,0.767211878774496,false,7225,163720,0.767211878774496
7225,57186,0.9717913019379051,false,7225,57186,0.9717913019379051
7225,6751,0.919585820638445,false,7225,6751,0.919585820638445
7225,79908,0.8616915877576696,false,7225,79908,0.8616915877576696
7225,102723508,0.9209851140927889,false,7225,102723508,0.9209851140927889
7225,28984,0.8574209818035978,false,7225,28984,0.8574209818035978
7225,130367,0.863723954355888,false,7225,130367,0.863723954355888
7225,285335,0.757007554047474,false,7225,285335,0.757007554047474
7225,9356,0.9720794530905706,false,7225,9356,0.9720794530905706
7225,1910,0.8770376859352564,false,7225,1910,0.8770376859352564
7225,641776,0.9850384035342429,false,7225,641776,0.9850384035342429
7225,100506658,0.9268769395680584,false,7225,100506658,0.9268769395680584
7225,200373,0.7251601514829424,false,7225,200373,0.7251601514829424
7225,168090,0.7128145827532049,false,7225,168090,0.7128145827532049
7225,341676,0.9601711283703739,false,7225,341676,0.9601711283703739
7225,148213,0.9611794266197856,false,7225,148213,0.9611794266197856
7225,10595,0.9244230971697949,false,7225,10595,0.9244230971697949
7225,4583,0.913802483101299,false,7225,4583,0.913802483101299
7225,728643,0.9567845768256774,false,7225,728643,0.9567845768256774
7225,55567,0.957254865669666,false,7225,55567,0.957254865669666
7225,6103,0.7748403479107515,false,7225,6103,0.7748403479107515
7225,54997,0.9604399430662963,false,7225,54997,0.9604399430662963
7225,79848,0.9487390713539037,false,7225,79848,0.9487390713539037
7225,219790,0.8576830855082801,false,7225,219790,0.8576830855082801
7225,115677,0.9528679435776897,false,7225,115677,0.9528679435776897
7225,5961,0.962032640828886,false,7225,5961,0.962032640828886
7225,7851,0.9642636277643895,false,7225,7851,0.9642636277643895
7225,692072,0.9390076040817431,false,7225,692072,0.9390076040817431
7225,109136579,0.9745300411110718,false,7225,109136579,0.9745300411110718
7225,503645,0.9690405102890522,false,7225,503645,0.9690405102890522
7225,55808,0.9502014733674143,false,7225,55808,0.9502014733674143
7225,999,0.9369183175618453,false,7225,999,0.9369183175618453
7225,126353,0.9388940166386479,false,7225,126353,0.9388940166386479
7225,26226,0.9757090912710303,false,7225,26226,0.9757090912710303
7225,64332,0.9423007059342294,false,7225,64332,0.9423007059342294
7225,346007,0.9340946865534181,false,7225,346007,0.9340946865534181
7225,388743,0.9465377929540143,false,7225,388743,0.9465377929540143
7225,116984,0.8026743907278084,false,7225,116984,0.8026743907278084
7225,137872,0.8891866282564443,false,7225,137872,0.8891866282564443
7225,1577,0.9577655608304072,false,7225,1577,0.9577655608304072
7225,100033430,0.9453274657039914,false,7225,100033430,0.9453274657039914
7225,340267,0.9562527820897839,false,7225,340267,0.9562527820897839
7225,200879,0.9536879550878125,false,7225,200879,0.9536879550878125
7225,1510,0.9445052732678999,false,7225,1510,0.9445052732678999
7225,441251,0.9487861108490719,false,7225,441251,0.9487861108490719
7225,102723849,0.9679049203916917,false,7225,102723849,0.9679049203916917
7225,9196,0.8597854041843259,false,7225,9196,0.8597854041843259
7225,114327,0.7155941965915048,false,7225,114327,0.7155941965915048
7225,6337,0.9328548604255441,false,7225,6337,0.9328548604255441
7225,57669,0.9899782192210221,false,7225,57669,0.9899782192210221
7225,619383,0.9696692141662397,false,7225,619383,0.9696692141662397
7225,89765,0.7982580211954756,false,7225,89765,0.7982580211954756
7225,57111,0.9573323340491061,false,7225,57111,0.9573323340491061
7225,278,0.8670269625387363,false,7225,278,0.8670269625387363
7225,116844,0.950314713214383,false,7225,116844,0.950314713214383
7225,10129,0.9689515266737484,false,7225,10129,0.9689515266737484
7225,4586,0.9442339435677346,false,7225,4586,0.9442339435677346
7225,100158262,0.9085699530750345,false,7225,100158262,0.9085699530750345
7225,10551,0.954298120271158,false,7225,10551,0.954298120271158
7225,130271,0.8207134664855619,false,7225,130271,0.8207134664855619
7225,6101,0.7666486964793255,false,7225,6101,0.7666486964793255
7225,378938,0.9746654050636646,false,7225,378938,0.9746654050636646
7225,54897,0.9456284672670542,false,7225,54897,0.9456284672670542
7225,117155,0.9451021805961745,false,7225,117155,0.9451021805961745
7225,112268155,0.9735968590689534,false,7225,112268155,0.9735968590689534
7225,1152,0.9592307724318282,false,7225,1152,0.9592307724318282
7225,27074,0.7029211139388336,false,7225,27074,0.7029211139388336
7225,79083,0.9627038719912776,false,7225,79083,0.9627038719912776
7225,66002,0.9411939830311059,false,7225,66002,0.9411939830311059
7225,1556,0.9731458240775027,false,7225,1556,0.9731458240775027
7225,22996,0.9447480985019368,false,7225,22996,0.9447480985019368
7225,55930,0.9468232862822427,false,7225,55930,0.9468232862822427
7225,7620,0.800203685773185,false,7225,7620,0.800203685773185
7225,7113,0.954751098628051,false,7225,7113,0.954751098628051
7225,54861,0.997367702231994,false,7225,54861,0.997367702231994
7225,222256,0.9171895229692797,false,7225,222256,0.9171895229692797
7225,105180391,0.9866391110434162,false,7225,105180391,0.9866391110434162
7225,100529240,0.9710945072605041,false,7225,100529240,0.9710945072605041
7225,54,0.7047318259320272,false,7225,54,0.7047318259320272
7225,113218482,0.9428114419328102,false,7225,113218482,0.9428114419328102
7225,647024,0.9289951717502775,false,7225,647024,0.9289951717502775
7225,255928,0.9199772610022213,false,7225,255928,0.9199772610022213
7225,151531,0.9194443185154159,false,7225,151531,0.9194443185154159
7225,8537,0.8662113730301924,false,7225,8537,0.8662113730301924
7225,10018,0.9458647140118293,false,7225,10018,0.9458647140118293
7225,115019,0.9487031810039659,false,7225,115019,0.9487031810039659
7225,201625,0.8863311854234703,false,7225,201625,0.8863311854234703
7225,105180390,0.9858718435566702,false,7225,105180390,0.9858718435566702
7225,692058,0.9496163223970617,false,7225,692058,0.9496163223970617
7225,276,0.8159180038187176,false,7225,276,0.8159180038187176
7225,168374,0.966718954809501,false,7225,168374,0.966718954809501
7225,83481,0.9332507051886041,false,7225,83481,0.9332507051886041
7225,645843,0.9743286367088756,false,7225,645843,0.9743286367088756
7225,143884,0.9196625599509356,false,7225,143884,0.9196625599509356
7225,1579,0.7944967615395091,false,7225,1579,0.7944967615395091
7225,80004,0.8968086365081941,false,7225,80004,0.8968086365081941
7225,121512,0.9813972393182232,false,7225,121512,0.9813972393182232
7225,3993,0.9157124707729901,false,7225,3993,0.9157124707729901
7225,389852,0.954560195252417,false,7225,389852,0.954560195252417
7225,342892,0.9703091643187098,false,7225,342892,0.9703091643187098
7225,164312,0.9492234200605265,false,7225,164312,0.9492234200605265
7225,84239,0.9855114581138329,false,7225,84239,0.9855114581138329
7225,2065,0.9655576217931164,false,7225,2065,0.9655576217931164
7225,57402,0.8939364347245712,false,7225,57402,0.8939364347245712
7225,1513,0.8071868429794564,false,7225,1513,0.8071868429794564
7225,776,0.8867844159229308,false,7225,776,0.8867844159229308
7225,780,0.8293880791399979,false,7225,780,0.8293880791399979
7225,135656,0.9439120445199249,false,7225,135656,0.9439120445199249
7225,3880,0.8714881769510139,false,7225,3880,0.8714881769510139
7225,94059,0.9670598190037852,false,7225,94059,0.9670598190037852
7225,26769,0.925037133004816,false,7225,26769,0.925037133004816
7225,3960,0.9425805448237929,false,7225,3960,0.9425805448237929
7225,7433,0.9074585444954826,false,7225,7433,0.9074585444954826
7225,284323,0.9468989638980104,false,7225,284323,0.9468989638980104
7225,100129460,0.8739377349611553,false,7225,100129460,0.8739377349611553
7225,65217,0.954770005047202,false,7225,65217,0.954770005047202
7225,23584,0.9519393497664618,false,7225,23584,0.9519393497664618
7225,692213,0.9414522942629674,false,7225,692213,0.9414522942629674
7225,153643,0.9239786954411547,false,7225,153643,0.9239786954411547
7225,112268422,0.9389531696476975,false,7225,112268422,0.9389531696476975
7225,649946,0.863237097010942,false,7225,649946,0.863237097010942
7225,259294,0.9484279021967187,false,7225,259294,0.9484279021967187
7225,79740,0.9287481197171387,false,7225,79740,0.9287481197171387
7225,2266,0.9675114441426704,false,7225,2266,0.9675114441426704
7225,745,0.9566844979461668,false,7225,745,0.9566844979461668
7225,440352,0.8799255450228601,false,7225,440352,0.8799255450228601
4574,3249,0.7591819701580821,false,4574,3249,0.7591819701580821
4574,105375355,0.8327249922647743,false,4574,105375355,0.8327249922647743
4574,102724057,0.8222296158398541,false,4574,102724057,0.8222296158398541
4574,103504738,0.909682192802313,false,4574,103504738,0.909682192802313
4574,1580,0.8324650993740101,false,4574,1580,0.8324650993740101
4574,1132,0.725799814121082,false,4574,1132,0.725799814121082
4574,5694,0.8064946655084273,false,4574,5694,0.8064946655084273
4574,56241,0.8808474021033419,false,4574,56241,0.8808474021033419
4574,89,0.8975219038285238,false,4574,89,0.8975219038285238
4574,57526,0.9235458630436604,false,4574,57526,0.9235458630436604
4574,2327,0.7603760552450937,false,4574,2327,0.7603760552450937
4574,146556,0.853070922799239,false,4574,146556,0.853070922799239
4574,100506686,0.7325907375403924,false,4574,100506686,0.7325907375403924
4574,406903,0.9238959313407964,false,4574,406903,0.9238959313407964
4574,84842,0.9240144595622696,false,4574,84842,0.9240144595622696
4574,388555,0.8868762260969383,false,4574,388555,0.8868762260969383
4574,100506380,0.9758473191870746,false,4574,100506380,0.9758473191870746
4574,363,0.8868762260969383,false,4574,363,0.8868762260969383
4574,65998,0.9592709981021882,false,4574,65998,0.9592709981021882
4574,419,0.8868762260969382,false,4574,419,0.8868762260969382
4574,93517,0.8761240056593157,false,4574,93517,0.8761240056593157
4574,388633,0.9099353243398383,false,4574,388633,0.9099353243398383
4574,340596,0.8104878528595181,false,4574,340596,0.8104878528595181
4574,10586,0.8689212923518083,false,4574,10586,0.8689212923518083
4574,2125,0.8161875808046163,false,4574,2125,0.8161875808046163
4574,3780,0.9097492574379532,false,4574,3780,0.9097492574379532
4574,23562,0.8280461314718665,false,4574,23562,0.8280461314718665
4574,163479,0.9015165862478813,false,4574,163479,0.9015165862478813
4574,84867,0.7982508650034011,false,4574,84867,0.7982508650034011
4574,441151,0.8474226266003675,false,4574,441151,0.8474226266003675
4574,5349,0.9020136720341504,false,4574,5349,0.9020136720341504
4574,222183,0.7952908210997218,false,4574,222183,0.7952908210997218
4574,113219467,0.9910221168931785,false,4574,113219467,0.9910221168931785
4574,26797,0.9791483393563613,false,4574,26797,0.9791483393563613
4574,57710,0.7067412892083378,false,4574,57710,0.7067412892083378
4574,692209,0.9305472161956441,false,4574,692209,0.9305472161956441
4574,4861,0.9334844056883034,false,4574,4861,0.9334844056883034
4574,284434,0.7310811724102342,false,4574,284434,0.7310811724102342
4574,56955,0.7723911402899984,false,4574,56955,0.7723911402899984
4574,1028,0.7381899753213261,false,4574,1028,0.7381899753213261
4574,100423031,0.8868762260969383,false,4574,100423031,0.8868762260969383
4574,1515,0.7963795833390628,false,4574,1515,0.7963795833390628
4574,165186,0.8466942841228122,false,4574,165186,0.8466942841228122
4128,27134,0.7945966224961329,false,4128,27134,0.7945966224961329
4128,654412,0.7541666054545845,false,4128,654412,0.7541666054545845
4128,55892,0.8613679696856635,false,4128,55892,0.8613679696856635
4128,8999,0.7590008216080245,false,4128,8999,0.7590008216080245
4128,306,0.8498632858270706,false,4128,306,0.8498632858270706
4128,157310,0.8259907037793381,false,4128,157310,0.8259907037793381
4128,5340,0.799108018571157,false,4128,5340,0.799108018571157
4128,4582,0.7787157957000802,false,4128,4582,0.7787157957000802
4128,3248,0.8172237476241722,false,4128,3248,0.8172237476241722
4128,255189,0.7915791499890854,false,4128,255189,0.7915791499890854
4128,641384,0.7447343696003766,false,4128,641384,0.7447343696003766
4128,100130449,0.7715183805142466,false,4128,100130449,0.7715183805142466
4128,10103,0.7716372050329325,false,4128,10103,0.7716372050329325
4128,3856,0.7554756333791347,false,4128,3856,0.7554756333791347
4128,1048,0.7396752415316389,false,4128,1048,0.7396752415316389
4128,100419743,0.738534920199107,false,4128,100419743,0.738534920199107
4128,79838,0.840078937239342,false,4128,79838,0.840078937239342
4128,10529,0.7937362889079167,false,4128,10529,0.7937362889079167
4128,3983,0.7037908100599277,false,4128,3983,0.7037908100599277
4128,3694,0.8701910237091842,false,4128,3694,0.8701910237091842
4128,22941,0.8298727292672706,false,4128,22941,0.8298727292672706
4128,285989,0.8051112172523283,false,4128,285989,0.8051112172523283
4128,2627,0.8329724866132927,false,4128,2627,0.8329724866132927
4128,503640,0.7677080094096715,false,4128,503640,0.7677080094096715
4128,259290,0.7828463724756151,false,4128,259290,0.7828463724756151
4128,1555,0.7985872404587673,false,4128,1555,0.7985872404587673
4128,57528,0.7263538488030014,false,4128,57528,0.7263538488030014
4128,201456,0.7625586592231127,false,4128,201456,0.7625586592231127
4128,142827,0.7618312115040474,false,4128,142827,0.7618312115040474
4128,57186,0.8120248464918199,false,4128,57186,0.8120248464918199
4128,6751,0.7360287345799598,false,4128,6751,0.7360287345799598
4128,79908,0.8549462909257607,false,4128,79908,0.8549462909257607
4128,102723508,0.7369558886777658,false,4128,102723508,0.7369558886777658
4128,28984,0.9004267354389176,false,4128,28984,0.9004267354389176
4128,51185,0.7232831930343506,false,4128,51185,0.7232831930343506
4128,130367,0.7848690784678177,false,4128,130367,0.7848690784678177
4128,285335,0.7053925403036532,false,4128,285335,0.7053925403036532
4128,9356,0.7647671339480393,false,4128,9356,0.7647671339480393
4128,1910,0.8582523403097605,false,4128,1910,0.8582523403097605
4128,641776,0.7807913328012602,false,4128,641776,0.7807913328012602
4128,100506658,0.8000808736519537,false,4128,100506658,0.8000808736519537
4128,200373,0.7128731734739682,false,4128,200373,0.7128731734739682
4128,168090,0.8500600558747566,false,4128,168090,0.8500600558747566
4128,341676,0.8115216958286054,false,4128,341676,0.8115216958286054
4128,148213,0.7769182793797106,false,4128,148213,0.7769182793797106
4128,10595,0.7841104512680055,false,4128,10595,0.7841104512680055
4128,4583,0.7777441540353703,false,4128,4583,0.7777441540353703
4128,728643,0.7751863075852808,false,4128,728643,0.7751863075852808
4128,55567,0.8335894259006064,false,4128,55567,0.8335894259006064
4128,6103,0.7918956235940607,false,4128,6103,0.7918956235940607
4128,54997,0.7528784879609921,false,4128,54997,0.7528784879609921
4128,79848,0.8177313636684126,false,4128,79848,0.8177313636684126
4128,219790,0.7099861607984657,false,4128,219790,0.7099861607984657
4128,115677,0.8157657478407845,false,4128,115677,0.8157657478407845
4128,5961,0.7712804433276043,false,4128,5961,0.7712804433276043
4128,7851,0.7805172267292426,false,4128,7851,0.7805172267292426
4128,692072,0.7708642493084352,false,4128,692072,0.7708642493084352
4128,109136579,0.8031274072707884,false,4128,109136579,0.8031274072707884
4128,503645,0.8192265982811467,false,4128,503645,0.8192265982811467
4128,55808,0.7569572602289808,false,4128,55808,0.7569572602289808
4128,999,0.8099909713298601,false,4128,999,0.8099909713298601
4128,126353,0.7745854241168189,false,4128,126353,0.7745854241168189
4128,26226,0.8010071047368963,false,4128,26226,0.8010071047368963
4128,64332,0.7698155259273961,false,4128,64332,0.7698155259273961
4128,388743,0.749146402475605,false,4128,388743,0.749146402475605
4128,1577,0.8005687516277642,false,4128,1577,0.8005687516277642
4128,100033430,0.7866492738793478,false,4128,100033430,0.7866492738793478
4128,340267,0.7909017729199502,false,4128,340267,0.7909017729199502
4128,200879,0.7542495900728697,false,4128,200879,0.7542495900728697
4128,1510,0.7634960403130691,false,4128,1510,0.7634960403130691
4128,441251,0.8197844730080841,false,4128,441251,0.8197844730080841
4128,102723849,0.7762923112294821,false,4128,102723849,0.7762923112294821
4128,9196,0.7417696194577145,false,4128,9196,0.7417696194577145
4128,6337,0.8451596680774207,false,4128,6337,0.8451596680774207
4128,5284,0.7085005255887994,false,4128,5284,0.7085005255887994
4128,57669,0.7988029382589549,false,4128,57669,0.7988029382589549
4128,619383,0.8214063860108259,false,4128,619383,0.8214063860108259
4128,57111,0.7772655583310437,false,4128,57111,0.7772655583310437
4128,278,0.8440178368097228,false,4128,278,0.8440178368097228
4128,116844,0.7811620090886616,false,4128,116844,0.7811620090886616
4128,10129,0.8009146185152591,false,4128,10129,0.8009146185152591
4128,4586,0.7414951429225939,false,4128,4586,0.7414951429225939
4128,100158262,0.7413744394777316,false,4128,100158262,0.7413744394777316
4128,10551,0.7600519204655546,false,4128,10551,0.7600519204655546
4128,130271,0.7746099425110778,false,4128,130271,0.7746099425110778
4128,688,0.7632712342795617,false,4128,688,0.7632712342795617
4128,6101,0.8692435114758805,false,4128,6101,0.8692435114758805
4128,378938,0.8040408962734514,false,4128,378938,0.8040408962734514
4128,54897,0.7923667739441993,false,4128,54897,0.7923667739441993
4128,117155,0.7181163494923148,false,4128,117155,0.7181163494923148
4128,112268155,0.7580513458644129,false,4128,112268155,0.7580513458644129
4128,1152,0.9272586179779532,false,4128,1152,0.9272586179779532
4128,27074,0.746554985569385,false,4128,27074,0.746554985569385
4128,79083,0.7647499974648144,false,4128,79083,0.7647499974648144
4128,66002,0.7495354086545083,false,4128,66002,0.7495354086545083
4128,1556,0.8029951473492846,false,4128,1556,0.8029951473492846
4128,22996,0.7959709169235133,false,4128,22996,0.7959709169235133
4128,55930,0.8019320455231217,false,4128,55930,0.8019320455231217
4128,7620,0.8064294411132612,false,4128,7620,0.8064294411132612
4128,7113,0.786911205399281,false,4128,7113,0.786911205399281
4128,54861,0.8468343917393841,false,4128,54861,0.8468343917393841
4128,222256,0.8376450883564198,false,4128,222256,0.8376450883564198
4128,105180391,0.779269547997982,false,4128,105180391,0.779269547997982
4128,26084,0.7728240693842858,false,4128,26084,0.7728240693842858
4128,100529240,0.7893893877013836,false,4128,100529240,0.7893893877013836
4128,54,0.727330856034672,false,4128,54,0.727330856034672
4128,113218482,0.7360746707634325,false,4128,113218482,0.7360746707634325
4128,647024,0.7944904632997887,false,4128,647024,0.7944904632997887
4128,8537,0.737618268965517,false,4128,8537,0.737618268965517
4128,10018,0.7623226877988895,false,4128,10018,0.7623226877988895
4128,115019,0.7495161009219801,false,4128,115019,0.7495161009219801
4128,201625,0.8699951073495886,false,4128,201625,0.8699951073495886
4128,105180390,0.78683021819783,false,4128,105180390,0.78683021819783
4128,692058,0.8008287990657978,false,4128,692058,0.8008287990657978
4128,276,0.8117561774208668,false,4128,276,0.8117561774208668
4128,168374,0.8225562280711834,false,4128,168374,0.8225562280711834
4128,83481,0.8289111400726745,false,4128,83481,0.8289111400726745
4128,645843,0.8367708336481282,false,4128,645843,0.8367708336481282
4128,143884,0.7289216999982712,false,4128,143884,0.7289216999982712
4128,1579,0.7700544900622043,false,4128,1579,0.7700544900622043
4128,80004,0.7433467666391511,false,4128,80004,0.7433467666391511
4128,121512,0.7379139087180772,false,4128,121512,0.7379139087180772
4128,3993,0.7675764477651886,false,4128,3993,0.7675764477651886
4128,389852,0.7534503096076635,false,4128,389852,0.7534503096076635
4128,342892,0.8224706910502219,false,4128,342892,0.8224706910502219
4128,164312,0.7926044816718354,false,4128,164312,0.7926044816718354
4128,84239,0.859135115729063,false,4128,84239,0.859135115729063
4128,2065,0.8273064372343347,false,4128,2065,0.8273064372343347
4128,57402,0.7969166510234378,false,4128,57402,0.7969166510234378
4128,1513,0.8623338724400752,false,4128,1513,0.8623338724400752
4128,776,0.82970522570523,false,4128,776,0.82970522570523
4128,780,0.7765646369201243,false,4128,780,0.7765646369201243
4128,135656,0.7403216199513853,false,4128,135656,0.7403216199513853
4128,3880,0.8417323838544043,false,4128,3880,0.8417323838544043
4128,94059,0.7713637924074941,false,4128,94059,0.7713637924074941
4128,26769,0.8109404988912423,false,4128,26769,0.8109404988912423
4128,3960,0.7397410869047444,false,4128,3960,0.7397410869047444
4128,7433,0.7681894106793085,false,4128,7433,0.7681894106793085
4128,284323,0.7545854519337423,false,4128,284323,0.7545854519337423
4128,100129460,0.7940643365777413,false,4128,100129460,0.7940643365777413
4128,65217,0.8193347690778892,false,4128,65217,0.8193347690778892
4128,23584,0.7558909179018296,false,4128,23584,0.7558909179018296
4128,692213,0.7724529311945624,false,4128,692213,0.7724529311945624
4128,153643,0.7867873819470131,false,4128,153643,0.7867873819470131
4128,112268422,0.7374864603692521,false,4128,112268422,0.7374864603692521
4128,649946,0.8232588441650311,false,4128,649946,0.8232588441650311
4128,259294,0.7646559092522286,false,4128,259294,0.7646559092522286
4128,79740,0.8827086972881323,false,4128,79740,0.8827086972881323
4128,2266,0.7263218259247313,false,4128,2266,0.7263218259247313
4128,745,0.7728248336457272,false,4128,745,0.7728248336457272
4128,440352,0.8224005957477186,false,4128,440352,0.8224005957477186
27134,654412,0.9950389615915307,false,27134,654412,0.9950389615915307
27134,55892,0.894148841059447,false,27134,55892,0.894148841059447
27134,8999,0.9288763028470126,false,27134,8999,0.9288763028470126
27134,306,0.876875684881684,false,27134,306,0.876875684881684
27134,157310,0.8605621868059355,false,27134,157310,0.8605621868059355
27134,5340,0.9882312923607663,false,27134,5340,0.9882312923607663
27134,4582,0.9975328485107439,false,27134,4582,0.9975328485107439
27134,3248,0.970158671700639,false,27134,3248,0.970158671700639
27134,255189,0.992659064640049,false,27134,255189,0.992659064640049
27134,641384,0.9867759429397482,false,27134,641384,0.9867759429397482
27134,100130449,0.9903899007047058,false,27134,100130449,0.9903899007047058
27134,10103,0.9899559302649542,false,27134,10103,0.9899559302649542
27134,3856,0.9132360986156863,false,27134,3856,0.9132360986156863
27134,1048,0.9895782855679566,false,27134,1048,0.9895782855679566
27134,100419743,0.9893911768844709,false,27134,100419743,0.9893911768844709
27134,79838,0.9151193109357235,false,27134,79838,0.9151193109357235
27134,3983,0.9843701378739245,false,27134,3983,0.9843701378739245
27134,3694,0.9339973999583654,false,27134,3694,0.9339973999583654
27134,22941,0.9470787614112716,false,27134,22941,0.9470787614112716
27134,285989,0.9823304227463184,false,27134,285989,0.9823304227463184
27134,2627,0.9759252040307143,false,27134,2627,0.9759252040307143
27134,503640,0.9851092620746523,false,27134,503640,0.9851092620746523
27134,259290,0.9524810996992692,false,27134,259290,0.9524810996992692
27134,1555,0.9892650983287723,false,27134,1555,0.9892650983287723
27134,57528,0.9875536176214216,false,27134,57528,0.9875536176214216
27134,201456,0.9895201410976597,false,27134,201456,0.9895201410976597
27134,142827,0.9687664556028553,false,27134,142827,0.9687664556028553
27134,57186,0.8903227576111792,false,27134,57186,0.8903227576111792
27134,6751,0.9785928753996769,false,27134,6751,0.9785928753996769
27134,79908,0.7779918651137704,false,27134,79908,0.7779918651137704
27134,102723508,0.947719634850783,false,27134,102723508,0.947719634850783
27134,28984,0.8220215020675833,false,27134,28984,0.8220215020675833
27134,130367,0.8693286731065514,false,27134,130367,0.8693286731065514
27134,285335,0.7726641005744539,false,27134,285335,0.7726641005744539
27134,9356,0.9717153380772815,false,27134,9356,0.9717153380772815
27134,1910,0.7767283215285756,false,27134,1910,0.7767283215285756
27134,641776,0.9830849130866152,false,27134,641776,0.9830849130866152
27134,100506658,0.9389996811582223,false,27134,100506658,0.9389996811582223
27134,200373,0.7005813265904203,false,27134,200373,0.7005813265904203
27134,341676,0.9814475485643678,false,27134,341676,0.9814475485643678
27134,148213,0.993642260450304,false,27134,148213,0.993642260450304
27134,10595,0.9562650849848339,false,27134,10595,0.9562650849848339
27134,4583,0.9390901197984047,false,27134,4583,0.9390901197984047
27134,728643,0.9210263002642032,false,27134,728643,0.9210263002642032
27134,55567,0.9808670287396144,false,27134,55567,0.9808670287396144
27134,54997,0.9881783678858106,false,27134,54997,0.9881783678858106
27134,79848,0.9452752163098622,false,27134,79848,0.9452752163098622
27134,219790,0.7232864117539736,false,27134,219790,0.7232864117539736
27134,115677,0.8257027826320478,false,27134,115677,0.8257027826320478
27134,5961,0.9737806978274912,false,27134,5961,0.9737806978274912
27134,7851,0.9947238644998806,false,27134,7851,0.9947238644998806
27134,692072,0.9799837277869285,false,27134,692072,0.9799837277869285
27134,109136579,0.9611823716088644,false,27134,109136579,0.9611823716088644
27134,503645,0.9138458169527328,false,27134,503645,0.9138458169527328
27134,55808,0.9962026680733773,false,27134,55808,0.9962026680733773
27134,999,0.9671543474602309,false,27134,999,0.9671543474602309
27134,126353,0.9940812365265552,false,27134,126353,0.9940812365265552
27134,26226,0.9664318243403307,false,27134,26226,0.9664318243403307
27134,64332,0.9013593570869275,false,27134,64332,0.9013593570869275
27134,346007,0.803213857944546,false,27134,346007,0.803213857944546
27134,388743,0.9930096993009511,false,27134,388743,0.9930096993009511
27134,116984,0.7040317547736563,false,27134,116984,0.7040317547736563
27134,137872,0.9623861957793832,false,27134,137872,0.9623861957793832
27134,1577,0.9834222088079588,false,27134,1577,0.9834222088079588
27134,100033430,0.9638880704386618,false,27134,100033430,0.9638880704386618
27134,340267,0.9947045071807799,false,27134,340267,0.9947045071807799
27134,200879,0.9912853516197117,false,27134,200879,0.9912853516197117
27134,1510,0.9972552616424869,false,27134,1510,0.9972552616424869
27134,441251,0.9256636043832791,false,27134,441251,0.9256636043832791
27134,102723849,0.985780442220182,false,27134,102723849,0.985780442220182
27134,9196,0.7517816475555494,false,27134,9196,0.7517816475555494
27134,6337,0.927158482548202,false,27134,6337,0.927158482548202
27134,57669,0.9344842752358635,false,27134,57669,0.9344842752358635
27134,619383,0.9690214010257215,false,27134,619383,0.9690214010257215
27134,89765,0.8567006811893146,false,27134,89765,0.8567006811893146
27134,57111,0.9964889041938603,false,27134,57111,0.9964889041938603
27134,278,0.8655540094896276,false,27134,278,0.8655540094896276
27134,116844,0.9845930946230068,false,27134,116844,0.9845930946230068
27134,10129,0.980954111976773,false,27134,10129,0.980954111976773
27134,4586,0.9901069659372593,false,27134,4586,0.9901069659372593
27134,100158262,0.9516231293308421,false,27134,100158262,0.9516231293308421
27134,10551,0.9930399051677701,false,27134,10551,0.9930399051677701
27134,688,0.7126005726349266,false,27134,688,0.7126005726349266
27134,378938,0.9612322972765373,false,27134,378938,0.9612322972765373
27134,54897,0.9056213264839738,false,27134,54897,0.9056213264839738
27134,117155,0.9851665305759918,false,27134,117155,0.9851665305759918
27134,112268155,0.9819471095021445,false,27134,112268155,0.9819471095021445
27134,1152,0.9573102681487036,false,27134,1152,0.9573102681487036
27134,79083,0.9895753270864732,false,27134,79083,0.9895753270864732
27134,66002,0.9940172639285884,false,27134,66002,0.9940172639285884
27134,1556,0.9965258995064914,false,27134,1556,0.9965258995064914
27134,22996,0.9996206720055053,false,27134,22996,0.9996206720055053
27134,55930,0.9994003333692297,false,27134,55930,0.9994003333692297
27134,7620,0.8225334476300885,false,27134,7620,0.8225334476300885
27134,7113,0.9897489330171544,false,27134,7113,0.9897489330171544
27134,54861,0.9369091055831569,false,27134,54861,0.9369091055831569
27134,222256,0.9304960461760338,false,27134,222256,0.9304960461760338
27134,105180391,0.9776199654756739,false,27134,105180391,0.9776199654756739
27134,26084,0.7022131294200429,false,27134,26084,0.7022131294200429
27134,100529240,0.9890379014803224,false,27134,100529240,0.9890379014803224
27134,113218482,0.992509065750503,false,27134,113218482,0.992509065750503
27134,647024,0.9737417704210106,false,27134,647024,0.9737417704210106
27134,255928,0.9809574863109142,false,27134,255928,0.9809574863109142
27134,151531,0.9633293894893236,false,27134,151531,0.9633293894893236
27134,8537,0.9420905850387046,false,27134,8537,0.9420905850387046
27134,10018,0.9912315909793726,false,27134,10018,0.9912315909793726
27134,115019,0.9941838270010929,false,27134,115019,0.9941838270010929
27134,201625,0.8461779154308228,false,27134,201625,0.8461779154308228
27134,105180390,0.981350492486213,false,27134,105180390,0.981350492486213
27134,692058,0.9772330048495943,false,27134,692058,0.9772330048495943
27134,276,0.8065728575680455,false,27134,276,0.8065728575680455
27134,168374,0.9651629739892343,false,27134,168374,0.9651629739892343
27134,83481,0.9831640348294994,false,27134,83481,0.9831640348294994
27134,645843,0.973399997430145,false,27134,645843,0.973399997430145
27134,143884,0.926639390426232,false,27134,143884,0.926639390426232
27134,80004,0.9258417911315552,false,27134,80004,0.9258417911315552
27134,121512,0.955556913444326,false,27134,121512,0.955556913444326
27134,3993,0.9844796393967307,false,27134,3993,0.9844796393967307
27134,389852,0.9918562787094782,false,27134,389852,0.9918562787094782
27134,342892,0.9584554272816742,false,27134,342892,0.9584554272816742
27134,164312,0.9977946809974417,false,27134,164312,0.9977946809974417
27134,84239,0.9620807595899884,false,27134,84239,0.9620807595899884
27134,2065,0.9807435319166324,false,27134,2065,0.9807435319166324
27134,57402,0.9265047240141565,false,27134,57402,0.9265047240141565
27134,1513,0.7005731241187168,false,27134,1513,0.7005731241187168
27134,776,0.8137138713818833,false,27134,776,0.8137138713818833
27134,780,0.9439763614590925,false,27134,780,0.9439763614590925
27134,135656,0.9896260538487777,false,27134,135656,0.9896260538487777
27134,3880,0.8993937985661751,false,27134,3880,0.8993937985661751
27134,94059,0.9905890618004304,false,27134,94059,0.9905890618004304
27134,26769,0.9430573272849033,false,27134,26769,0.9430573272849033
27134,3960,0.9899928491012644,false,27134,3960,0.9899928491012644
27134,7433,0.8998312742760264,false,27134,7433,0.8998312742760264
27134,284323,0.9751719472437551,false,27134,284323,0.9751719472437551
27134,100129460,0.818950275882727,false,27134,100129460,0.818950275882727
27134,65217,0.8304105471282276,false,27134,65217,0.8304105471282276
27134,23584,0.9803749635454853,false,27134,23584,0.9803749635454853
27134,692213,0.9960682116347246,false,27134,692213,0.9960682116347246
27134,153643,0.9561282847591375,false,27134,153643,0.9561282847591375
27134,112268422,0.9865872971965484,false,27134,112268422,0.9865872971965484
27134,649946,0.7188495259336348,false,27134,649946,0.7188495259336348
27134,259294,0.9802114009402543,false,27134,259294,0.9802114009402543
27134,79740,0.9531051800321432,false,27134,79740,0.9531051800321432
27134,2266,0.9800992258576302,false,27134,2266,0.9800992258576302
27134,745,0.9983846187388815,false,27134,745,0.9983846187388815
27134,440352,0.9527888034231398,false,27134,440352,0.9527888034231398
654412,55892,0.9008856994057599,false,654412,55892,0.9008856994057599
654412,8999,0.917718668468164,false,654412,8999,0.917718668468164
654412,306,0.8268804292312738,false,654412,306,0.8268804292312738
654412,157310,0.8104472188597233,false,654412,157310,0.8104472188597233
654412,5340,0.989249878142024,false,654412,5340,0.989249878142024
654412,4582,0.9981722318165657,false,654412,4582,0.9981722318165657
654412,3248,0.9682087514989902,false,654412,3248,0.9682087514989902
654412,255189,0.9808272623456111,false,654412,255189,0.9808272623456111
654412,641384,0.9968302978723254,false,654412,641384,0.9968302978723254
654412,100130449,0.9940047695536399,false,654412,100130449,0.9940047695536399
654412,10103,0.9900364452396156,false,654412,10103,0.9900364452396156
654412,3856,0.8981411069380835,false,654412,3856,0.8981411069380835
654412,1048,0.998269019714085,false,654412,1048,0.998269019714085
654412,100419743,0.998234294302948,false,654412,100419743,0.998234294302948
654412,79838,0.893398854243438,false,654412,79838,0.893398854243438
654412,3983,0.9920410358493039,false,654412,3983,0.9920410358493039
654412,3694,0.9015246963149645,false,654412,3694,0.9015246963149645
654412,22941,0.9156596238906828,false,654412,22941,0.9156596238906828
654412,285989,0.9863100277364908,false,654412,285989,0.9863100277364908
654412,2627,0.9619717053673507,false,654412,2627,0.9619717053673507
654412,503640,0.9930768254053887,false,654412,503640,0.9930768254053887
654412,259290,0.9637893337417619,false,654412,259290,0.9637893337417619
654412,1555,0.9850684652673323,false,654412,1555,0.9850684652673323
654412,57528,0.9969334386864561,false,654412,57528,0.9969334386864561
654412,201456,0.9931335836295592,false,654412,201456,0.9931335836295592
654412,142827,0.955666445123803,false,654412,142827,0.955666445123803
654412,57186,0.8702578161745332,false,654412,57186,0.8702578161745332
654412,6751,0.9848543577146293,false,654412,6751,0.9848543577146293
654412,79908,0.7276663834393041,false,654412,79908,0.7276663834393041
654412,6473,0.721863065908351,false,654412,6473,0.721863065908351
654412,102723508,0.9662045353915658,false,654412,102723508,0.9662045353915658
654412,28984,0.7948124332476977,false,654412,28984,0.7948124332476977
654412,130367,0.8538973279701025,false,654412,130367,0.8538973279701025
654412,285335,0.7569187419557065,false,654412,285335,0.7569187419557065
654412,9356,0.9758601599448252,false,654412,9356,0.9758601599448252
654412,1910,0.7395575036377323,false,654412,1910,0.7395575036377323
654412,641776,0.9853972443152378,false,654412,641776,0.9853972443152378
654412,100506658,0.9056438213444943,false,654412,100506658,0.9056438213444943
654412,341676,0.9789145569373533,false,654412,341676,0.9789145569373533
654412,148213,0.9977588687522787,false,654412,148213,0.9977588687522787
654412,10595,0.9531107753175627,false,654412,10595,0.9531107753175627
654412,4583,0.9358357087444408,false,654412,4583,0.9358357087444408
654412,728643,0.9177311198223181,false,654412,728643,0.9177311198223181
654412,55567,0.9695816268037288,false,654412,55567,0.9695816268037288
654412,54997,0.9943600449012086,false,654412,54997,0.9943600449012086
654412,79848,0.9543884915371352,false,654412,79848,0.9543884915371352
654412,219790,0.7042125667498172,false,654412,219790,0.7042125667498172
654412,115677,0.8035557888491843,false,654412,115677,0.8035557888491843
654412,5961,0.9831637117637767,false,654412,5961,0.9831637117637767
654412,7851,0.9965503301493512,false,654412,7851,0.9965503301493512
654412,692072,0.9915787283311006,false,654412,692072,0.9915787283311006
654412,109136579,0.9688814313387547,false,654412,109136579,0.9688814313387547
654412,503645,0.920516330417862,false,654412,503645,0.920516330417862
654412,55808,0.9995338939450571,false,654412,55808,0.9995338939450571
654412,999,0.957058083150855,false,654412,999,0.957058083150855
654412,126353,0.9903394090347206,false,654412,126353,0.9903394090347206
654412,26226,0.9751482707293263,false,654412,26226,0.9751482707293263
654412,64332,0.9174867481511815,false,654412,64332,0.9174867481511815
654412,346007,0.8131046562656518,false,654412,346007,0.8131046562656518
654412,388743,0.9995366953846146,false,654412,388743,0.9995366953846146
654412,137872,0.9811644748357824,false,654412,137872,0.9811644748357824
654412,1577,0.9903763951190477,false,654412,1577,0.9903763951190477
654412,100033430,0.9631136679280623,false,654412,100033430,0.9631136679280623
654412,340267,0.9969177224607855,false,654412,340267,0.9969177224607855
654412,200879,0.997979428943352,false,654412,200879,0.997979428943352
654412,1510,0.998936053329948,false,654412,1510,0.998936053329948
654412,441251,0.9222663859598464,false,654412,441251,0.9222663859598464
654412,102723849,0.9932858316228518,false,654412,102723849,0.9932858316228518
654412,9196,0.7603681921361728,false,654412,9196,0.7603681921361728
654412,6337,0.8898932146468261,false,654412,6337,0.8898932146468261
654412,57669,0.9231080212083601,false,654412,57669,0.9231080212083601
654412,619383,0.9744350763341364,false,654412,619383,0.9744350763341364
654412,89765,0.8304485640439994,false,654412,89765,0.8304485640439994
654412,57111,0.9982262372716785,false,654412,57111,0.9982262372716785
654412,278,0.8543386169470292,false,654412,278,0.8543386169470292
654412,116844,0.9855976947007354,false,654412,116844,0.9855976947007354
654412,10129,0.9878883942579089,false,654412,10129,0.9878883942579089
654412,4586,0.9986346351774907,false,654412,4586,0.9986346351774907
654412,100158262,0.9709070414295055,false,654412,100158262,0.9709070414295055
654412,10551,0.9991723691473863,false,654412,10551,0.9991723691473863
654412,378938,0.9687590207386638,false,654412,378938,0.9687590207386638
654412,54897,0.8861046469339309,false,654412,54897,0.8861046469339309
654412,117155,0.9935230242445394,false,654412,117155,0.9935230242445394
654412,112268155,0.988859979641161,false,654412,112268155,0.988859979641161
654412,1152,0.9421849936860723,false,654412,1152,0.9421849936860723
654412,79083,0.9955671749533865,false,654412,79083,0.9955671749533865
654412,66002,0.9984284787358845,false,654412,66002,0.9984284787358845
654412,1556,0.9914922986681484,false,654412,1556,0.9914922986681484
654412,22996,0.9930387874993059,false,654412,22996,0.9930387874993059
654412,55930,0.9932010312510908,false,654412,55930,0.9932010312510908
654412,7620,0.8385044437211245,false,654412,7620,0.8385044437211245
654412,7113,0.9858377168678614,false,654412,7113,0.9858377168678614
654412,54861,0.929979569154589,false,654412,54861,0.929979569154589
654412,222256,0.9218340264407983,false,654412,222256,0.9218340264407983
654412,105180391,0.9815063405106269,false,654412,105180391,0.9815063405106269
654412,100529240,0.9937178641085358,false,654412,100529240,0.9937178641085358
654412,113218482,0.9992502293848234,false,654412,113218482,0.9992502293848234
654412,647024,0.9641495046572395,false,654412,647024,0.9641495046572395
654412,255928,0.993727551835211,false,654412,255928,0.993727551835211
654412,151531,0.971045274030274,false,654412,151531,0.971045274030274
654412,8537,0.9616324899977389,false,654412,8537,0.9616324899977389
654412,10018,0.9986918114323758,false,654412,10018,0.9986918114323758
654412,115019,0.9995891887131133,false,654412,115019,0.9995891887131133
654412,201625,0.8112550884057371,false,654412,201625,0.8112550884057371
654412,105180390,0.9844372106531284,false,654412,105180390,0.9844372106531284
654412,692058,0.9815695033004642,false,654412,692058,0.9815695033004642
654412,276,0.7904958945626513,false,654412,276,0.7904958945626513
654412,168374,0.9671911238810437,false,654412,168374,0.9671911238810437
654412,83481,0.9704663364020115,false,654412,83481,0.9704663364020115
654412,645843,0.9713525772349481,false,654412,645843,0.9713525772349481
654412,143884,0.9493072268050565,false,654412,143884,0.9493072268050565
654412,80004,0.9088627057291622,false,654412,80004,0.9088627057291622
654412,121512,0.9523637182181921,false,654412,121512,0.9523637182181921
654412,3993,0.9688477120016913,false,654412,3993,0.9688477120016913
654412,389852,0.9988272397105527,false,654412,389852,0.9988272397105527
654412,342892,0.9629537243486566,false,654412,342892,0.9629537243486566
654412,164312,0.9886624803463838,false,654412,164312,0.9886624803463838
654412,84239,0.9441417156049301,false,654412,84239,0.9441417156049301
654412,2065,0.9707322403065957,false,654412,2065,0.9707322403065957
654412,57402,0.8944992518607212,false,654412,57402,0.8944992518607212
654412,776,0.809872768632718,false,654412,776,0.809872768632718
654412,780,0.9220655754377185,false,654412,780,0.9220655754377185
654412,135656,0.9982996098670962,false,654412,135656,0.9982996098670962
654412,3880,0.8646665584188549,false,654412,3880,0.8646665584188549
654412,94059,0.9961214908398427,false,654412,94059,0.9961214908398427
654412,26769,0.9452807322375553,false,654412,26769,0.9452807322375553
654412,3960,0.9983353554137179,false,654412,3960,0.9983353554137179
654412,7433,0.8762605503810401,false,654412,7433,0.8762605503810401
654412,284323,0.9858105821530273,false,654412,284323,0.9858105821530273
654412,100129460,0.8089020758680758,false,654412,100129460,0.8089020758680758
654412,65217,0.814572971827817,false,654412,65217,0.814572971827817
654412,23584,0.9789586110557345,false,654412,23584,0.9789586110557345
654412,692213,0.9992149424201798,false,654412,692213,0.9992149424201798
654412,153643,0.9498203229141041,false,654412,153643,0.9498203229141041
654412,112268422,0.9967519479831372,false,654412,112268422,0.9967519479831372
654412,649946,0.7117786446771056,false,654412,649946,0.7117786446771056
654412,259294,0.9903119568702367,false,654412,259294,0.9903119568702367
654412,79740,0.9187554538354816,false,654412,79740,0.9187554538354816
654412,2266,0.9890518087407242,false,654412,2266,0.9890518087407242
654412,745,0.9967978804427124,false,654412,745,0.9967978804427124
654412,440352,0.9269862305004022,false,654412,440352,0.9269862305004022
55892,8999,0.8606523305970895,false,55892,8999,0.8606523305970895
55892,306,0.7112772553768724,false,55892,306,0.7112772553768724
55892,5340,0.9194977068498011,false,55892,5340,0.9194977068498011
55892,4582,0.897027601897733,false,55892,4582,0.897027601897733
55892,3248,0.9265938089964199,false,55892,3248,0.9265938089964199
55892,255189,0.8756037414041539,false,55892,255189,0.8756037414041539
55892,641384,0.9207386263644685,false,55892,641384,0.9207386263644685
55892,100130449,0.8903278873981,false,55892,100130449,0.8903278873981
55892,10103,0.8706455890308517,false,55892,10103,0.8706455890308517
55892,3856,0.7289360942039005,false,55892,3856,0.7289360942039005
55892,1048,0.9097171762742683,false,55892,1048,0.9097171762742683
55892,100419743,0.9092432139146023,false,55892,100419743,0.9092432139146023
55892,79838,0.7792684770145057,false,55892,79838,0.7792684770145057
55892,3983,0.8614694021275323,false,55892,3983,0.8614694021275323
55892,3694,0.7876740599409817,false,55892,3694,0.7876740599409817
55892,22941,0.8212256860383625,false,55892,22941,0.8212256860383625
55892,285989,0.9237465996814272,false,55892,285989,0.9237465996814272
55892,2627,0.8587228297722664,false,55892,2627,0.8587228297722664
55892,503640,0.9279517163133851,false,55892,503640,0.9279517163133851
55892,259290,0.9640515406894594,false,55892,259290,0.9640515406894594
55892,1555,0.8731720573720896,false,55892,1555,0.8731720573720896
55892,57528,0.9021634865237532,false,55892,57528,0.9021634865237532
55892,201456,0.9159305045718301,false,55892,201456,0.9159305045718301
55892,142827,0.8552536758291768,false,55892,142827,0.8552536758291768
55892,57186,0.7749724035203426,false,55892,57186,0.7749724035203426
55892,6751,0.9170840252491165,false,55892,6751,0.9170840252491165
55892,79908,0.7156771168507807,false,55892,79908,0.7156771168507807
55892,6473,0.8389156736355303,false,55892,6473,0.8389156736355303
55892,102723508,0.9569472655537398,false,55892,102723508,0.9569472655537398
55892,28984,0.772573031529323,false,55892,28984,0.772573031529323
55892,51185,0.746984365450171,false,55892,51185,0.746984365450171
55892,130367,0.7272320992222728,false,55892,130367,0.7272320992222728
55892,9356,0.9178551934599007,false,55892,9356,0.9178551934599007
55892,641776,0.8977009238319767,false,55892,641776,0.8977009238319767
55892,100506658,0.7647165842148809,false,55892,100506658,0.7647165842148809
55892,341676,0.8835530082386914,false,55892,341676,0.8835530082386914
55892,148213,0.9092033245298881,false,55892,148213,0.9092033245298881
55892,10595,0.832683552723986,false,55892,10595,0.832683552723986
55892,4583,0.8137641146681989,false,55892,4583,0.8137641146681989
55892,728643,0.901413164174227,false,55892,728643,0.901413164174227
55892,55567,0.8648463733951081,false,55892,55567,0.8648463733951081
55892,54997,0.9123930874018199,false,55892,54997,0.9123930874018199
55892,79848,0.9788748916927913,false,55892,79848,0.9788748916927913
55892,219790,0.7353097186977766,false,55892,219790,0.7353097186977766
55892,115677,0.7704212153193316,false,55892,115677,0.7704212153193316
55892,5961,0.942425252631271,false,55892,5961,0.942425252631271
55892,7851,0.8993949398431706,false,55892,7851,0.8993949398431706
55892,692072,0.9407513764677148,false,55892,692072,0.9407513764677148
55892,109136579,0.9211941478085062,false,55892,109136579,0.9211941478085062
55892,503645,0.951925089663268,false,55892,503645,0.951925089663268
55892,55808,0.8986787821118666,false,55892,55808,0.8986787821118666
55892,999,0.8345941595418925,false,55892,999,0.8345941595418925
55892,126353,0.8643032503060576,false,55892,126353,0.8643032503060576
55892,26226,0.9455749843341031,false,55892,26226,0.9455749843341031
55892,64332,0.8952284169366359,false,55892,64332,0.8952284169366359
55892,346007,0.763934912879591,false,55892,346007,0.763934912879591
55892,388743,0.9060177485728607,false,55892,388743,0.9060177485728607
55892,137872,0.9053101837761586,false,55892,137872,0.9053101837761586
55892,1577,0.9373050830328457,false,55892,1577,0.9373050830328457
55892,100033430,0.851527782444262,false,55892,100033430,0.851527782444262
55892,340267,0.911153078958525,false,55892,340267,0.911153078958525
55892,200879,0.9130088478583142,false,55892,200879,0.9130088478583142
55892,1510,0.8907532896181526,false,55892,1510,0.8907532896181526
55892,441251,0.8458673151203974,false,55892,441251,0.8458673151203974
55892,102723849,0.922826376599949,false,55892,102723849,0.922826376599949
55892,9196,0.8897818890916986,false,55892,9196,0.8897818890916986
55892,6337,0.7651250816697113,false,55892,6337,0.7651250816697113
55892,57669,0.8567178579267368,false,55892,57669,0.8567178579267368
55892,619383,0.9320687291985807,false,55892,619383,0.9320687291985807
55892,57111,0.89952845163133,false,55892,57111,0.89952845163133
55892,278,0.8024121949646303,false,55892,278,0.8024121949646303
55892,116844,0.8762288589830013,false,55892,116844,0.8762288589830013
55892,10129,0.9388880198570485,false,55892,10129,0.9388880198570485
55892,4586,0.9092162497513288,false,55892,4586,0.9092162497513288
55892,100158262,0.9581967697980263,false,55892,100158262,0.9581967697980263
55892,10551,0.9082069271787715,false,55892,10551,0.9082069271787715
55892,378938,0.9210928953601902,false,55892,378938,0.9210928953601902
55892,54897,0.842295409677337,false,55892,54897,0.842295409677337
55892,285,0.7957650218032805,false,55892,285,0.7957650218032805
55892,117155,0.8954682867383752,false,55892,117155,0.8954682867383752
55892,112268155,0.893219038332503,false,55892,112268155,0.893219038332503
55892,1152,0.9499957970500505,false,55892,1152,0.9499957970500505
55892,79083,0.9185241055427781,false,55892,79083,0.9185241055427781
55892,66002,0.9038531301262487,false,55892,66002,0.9038531301262487
55892,1556,0.898543316055531,false,55892,1556,0.898543316055531
55892,22996,0.8886992325399237,false,55892,22996,0.8886992325399237
55892,55930,0.9000129649571156,false,55892,55930,0.9000129649571156
55892,7620,0.9859316819879993,false,55892,7620,0.9859316819879993
55892,7113,0.8647781572717369,false,55892,7113,0.8647781572717369
55892,54861,0.8958086134328463,false,55892,54861,0.8958086134328463
55892,222256,0.8407530724065173,false,55892,222256,0.8407530724065173
55892,105180391,0.9087692900598338,false,55892,105180391,0.9087692900598338
55892,100529240,0.922304883387509,false,55892,100529240,0.922304883387509
55892,113218482,0.8965544347901682,false,55892,113218482,0.8965544347901682
55892,647024,0.8304550647718147,false,55892,647024,0.8304550647718147
55892,255928,0.8797773961486602,false,55892,255928,0.8797773961486602
55892,151531,0.7914751071986647,false,55892,151531,0.7914751071986647
55892,8537,0.941962198166907,false,55892,8537,0.941962198166907
55892,10018,0.9194558547089406,false,55892,10018,0.9194558547089406
55892,115019,0.9012312671719722,false,55892,115019,0.9012312671719722
55892,201625,0.7237518778165646,false,55892,201625,0.7237518778165646
55892,105180390,0.9098015069619707,false,55892,105180390,0.9098015069619707
55892,692058,0.9062259411072373,false,55892,692058,0.9062259411072373
55892,276,0.7227433061664927,false,55892,276,0.7227433061664927
55892,168374,0.9054776527682249,false,55892,168374,0.9054776527682249
55892,83481,0.86076041889088,false,55892,83481,0.86076041889088
55892,645843,0.9068086227605211,false,55892,645843,0.9068086227605211
55892,143884,0.9589962710694063,false,55892,143884,0.9589962710694063
55892,80004,0.7221224045227616,false,55892,80004,0.7221224045227616
55892,121512,0.8133442661781393,false,55892,121512,0.8133442661781393
55892,3993,0.8375097619949827,false,55892,3993,0.8375097619949827
55892,389852,0.9042721893142949,false,55892,389852,0.9042721893142949
55892,342892,0.9622802134649772,false,55892,342892,0.9622802134649772
55892,164312,0.8805336361684246,false,55892,164312,0.8805336361684246
55892,84239,0.8586876240727987,false,55892,84239,0.8586876240727987
55892,2065,0.8646928455198586,false,55892,2065,0.8646928455198586
55892,57402,0.8008071106879383,false,55892,57402,0.8008071106879383
55892,1513,0.8203114225184448,false,55892,1513,0.8203114225184448
55892,776,0.9309429899729175,false,55892,776,0.9309429899729175
55892,780,0.7788692126905082,false,55892,780,0.7788692126905082
55892,135656,0.9099003792270564,false,55892,135656,0.9099003792270564
55892,3880,0.7294717639679128,false,55892,3880,0.7294717639679128
55892,94059,0.9143906583183323,false,55892,94059,0.9143906583183323
55892,26769,0.8760458452253944,false,55892,26769,0.8760458452253944
55892,3960,0.9089573967383255,false,55892,3960,0.9089573967383255
55892,7433,0.8178609904300329,false,55892,7433,0.8178609904300329
55892,284323,0.9395146640951537,false,55892,284323,0.9395146640951537
55892,100129460,0.7371756329271967,false,55892,100129460,0.7371756329271967
55892,65217,0.8244465421060745,false,55892,65217,0.8244465421060745
55892,23584,0.8977056981456093,false,55892,23584,0.8977056981456093
55892,692213,0.9103255921944235,false,55892,692213,0.9103255921944235
55892,153643,0.8209476011862215,false,55892,153643,0.8209476011862215
55892,112268422,0.9162247723524956,false,55892,112268422,0.9162247723524956
55892,649946,0.7729639941593525,false,55892,649946,0.7729639941593525
55892,259294,0.9412079080725795,false,55892,259294,0.9412079080725795
55892,79740,0.8302026285181451,false,55892,79740,0.8302026285181451
55892,2266,0.8913136536820057,false,55892,2266,0.8913136536820057
55892,745,0.8926264882004733,false,55892,745,0.8926264882004733
55892,440352,0.8547993968736511,false,55892,440352,0.8547993968736511
3249,6440,0.8524022344691213,false,3249,6440,0.8524022344691213
3249,105375355,0.8026851582439544,false,3249,105375355,0.8026851582439544
3249,102724057,0.7806762707195017,false,3249,102724057,0.7806762707195017
3249,103504738,0.8179916278997513,false,3249,103504738,0.8179916278997513
3249,1580,0.8193014976622751,false,3249,1580,0.8193014976622751
3249,177,0.8332212810509059,false,3249,177,0.8332212810509059
3249,9914,0.7692835580454461,false,3249,9914,0.7692835580454461
3249,5694,0.8572466527381155,false,3249,5694,0.8572466527381155
3249,56241,0.8390725617941865,false,3249,56241,0.8390725617941865
3249,89,0.7983866220155241,false,3249,89,0.7983866220155241
3249,57530,0.8051907457470575,false,3249,57530,0.8051907457470575
3249,146556,0.7703090750608769,false,3249,146556,0.7703090750608769
3249,100506686,0.8910269628701428,false,3249,100506686,0.8910269628701428
3249,7080,0.7840607024170819,false,3249,7080,0.7840607024170819
3249,6439,0.8379916484655332,false,3249,6439,0.8379916484655332
3249,406903,0.8016844932318112,false,3249,406903,0.8016844932318112
3249,84842,0.7934064115410785,false,3249,84842,0.7934064115410785
3249,388555,0.7160818343220126,false,3249,388555,0.7160818343220126
3249,363,0.7160818343220127,false,3249,363,0.7160818343220127
3249,6441,0.7354358296229225,false,3249,6441,0.7354358296229225
3249,124944,0.8050541617153353,false,3249,124944,0.8050541617153353
3249,65998,0.7321809268433201,false,3249,65998,0.7321809268433201
3249,419,0.7160818343220126,false,3249,419,0.7160818343220126
3249,93517,0.7230581391728284,false,3249,93517,0.7230581391728284
3249,388633,0.7644859330316476,false,3249,388633,0.7644859330316476
3249,340596,0.7829006022702404,false,3249,340596,0.7829006022702404
3249,100506755,0.7868865154144973,false,3249,100506755,0.7868865154144973
3249,11185,0.758878879107348,false,3249,11185,0.758878879107348
3249,10586,0.8698900105227141,false,3249,10586,0.8698900105227141
3249,2125,0.9148904218889459,false,3249,2125,0.9148904218889459
3249,9476,0.7303705062769889,false,3249,9476,0.7303705062769889
3249,163479,0.8160956120164564,false,3249,163479,0.8160956120164564
3249,84867,0.7543998598955063,false,3249,84867,0.7543998598955063
3249,5349,0.7352719373415222,false,3249,5349,0.7352719373415222
3249,113219467,0.7206803488180092,false,3249,113219467,0.7206803488180092
3249,26797,0.7631361349444724,false,3249,26797,0.7631361349444724
3249,57710,0.7118242420073283,false,3249,57710,0.7118242420073283
3249,692209,0.7690519126681101,false,3249,692209,0.7690519126681101
3249,84525,0.9825323338449777,false,3249,84525,0.9825323338449777
3249,4861,0.726903363531042,false,3249,4861,0.726903363531042
3249,21,0.8659057297637154,false,3249,21,0.8659057297637154
3249,80381,0.8577582303710468,false,3249,80381,0.8577582303710468
3249,498,0.9181402780136463,false,3249,498,0.9181402780136463
3249,56955,0.7680888996082412,false,3249,56955,0.7680888996082412
3249,653509,0.7400402888624441,false,3249,653509,0.7400402888624441
3249,100423031,0.7160818343220126,false,3249,100423031,0.7160818343220126
3249,729238,0.7065691504920397,false,3249,729238,0.7065691504920397
3249,1515,0.7771342574244653,false,3249,1515,0.7771342574244653
3249,3855,0.8806311529753158,false,3249,3855,0.8806311529753158
3249,165186,0.8329601737250933,false,3249,165186,0.8329601737250933
8999,306,0.870099670269867,false,8999,306,0.870099670269867
8999,157310,0.760008767774913,false,8999,157310,0.760008767774913
8999,5340,0.9472876920637296,false,8999,5340,0.9472876920637296
8999,4582,0.916715800639105,false,8999,4582,0.916715800639105
8999,3248,0.9680607640364953,false,8999,3248,0.9680607640364953
8999,255189,0.9381603246713595,false,8999,255189,0.9381603246713595
8999,641384,0.9217316213723775,false,8999,641384,0.9217316213723775
8999,100130449,0.8913731089361778,false,8999,100130449,0.8913731089361778
8999,10103,0.8867182188044394,false,8999,10103,0.8867182188044394
8999,3856,0.757207121757607,false,8999,3856,0.757207121757607
8999,1048,0.9254662676606065,false,8999,1048,0.9254662676606065
8999,100419743,0.92514062925016,false,8999,100419743,0.92514062925016
8999,79838,0.7944405747130003,false,8999,79838,0.7944405747130003
8999,3983,0.9250161708746644,false,8999,3983,0.9250161708746644
8999,3694,0.8484187291209865,false,8999,3694,0.8484187291209865
8999,22941,0.9590570638008725,false,8999,22941,0.9590570638008725
8999,285989,0.9169600855754864,false,8999,285989,0.9169600855754864
8999,2627,0.9202539203502116,false,8999,2627,0.9202539203502116
8999,503640,0.9380547143501156,false,8999,503640,0.9380547143501156
8999,259290,0.9411793045560561,false,8999,259290,0.9411793045560561
8999,1555,0.8803976223316726,false,8999,1555,0.8803976223316726
8999,57528,0.9308922309994432,false,8999,57528,0.9308922309994432
8999,201456,0.9547067779132914,false,8999,201456,0.9547067779132914
8999,142827,0.9072515684668293,false,8999,142827,0.9072515684668293
8999,57186,0.8769663884968291,false,8999,57186,0.8769663884968291
8999,6751,0.9450068961086047,false,8999,6751,0.9450068961086047
8999,79908,0.8854527615489508,false,8999,79908,0.8854527615489508
8999,102723508,0.9165889817699803,false,8999,102723508,0.9165889817699803
8999,9356,0.9722109173538751,false,8999,9356,0.9722109173538751
8999,1910,0.7262813632368995,false,8999,1910,0.7262813632368995
8999,641776,0.9349958058410882,false,8999,641776,0.9349958058410882
8999,100506658,0.9353166067702106,false,8999,100506658,0.9353166067702106
8999,341676,0.8740330913226653,false,8999,341676,0.8740330913226653
8999,148213,0.9178525391604601,false,8999,148213,0.9178525391604601
8999,10595,0.8076623829429953,false,8999,10595,0.8076623829429953
8999,4583,0.7803833228494208,false,8999,4583,0.7803833228494208
8999,728643,0.9907020299715267,false,8999,728643,0.9907020299715267
8999,55567,0.8773108957739882,false,8999,55567,0.8773108957739882
8999,54997,0.9478839130072175,false,8999,54997,0.9478839130072175
8999,79848,0.9278343288291357,false,8999,79848,0.9278343288291357
8999,219790,0.9078621741787855,false,8999,219790,0.9078621741787855
8999,115677,0.8811291559778631,false,8999,115677,0.8811291559778631
8999,5961,0.9467679859080542,false,8999,5961,0.9467679859080542
8999,7851,0.9174421106204353,false,8999,7851,0.9174421106204353
8999,692072,0.8989307067688924,false,8999,692072,0.8989307067688924
8999,109136579,0.8857907173440528,false,8999,109136579,0.8857907173440528
8999,503645,0.9302098211071169,false,8999,503645,0.9302098211071169
8999,55808,0.9286165197309795,false,8999,55808,0.9286165197309795
8999,999,0.8372790628731875,false,8999,999,0.8372790628731875
8999,126353,0.8887262925349333,false,8999,126353,0.8887262925349333
8999,26226,0.9231703193999502,false,8999,26226,0.9231703193999502
8999,64332,0.8079276230958697,false,8999,64332,0.8079276230958697
8999,346007,0.8075274975469706,false,8999,346007,0.8075274975469706
8999,388743,0.9240024833710098,false,8999,388743,0.9240024833710098
8999,116984,0.7151363146094519,false,8999,116984,0.7151363146094519
8999,137872,0.8954081244306418,false,8999,137872,0.8954081244306418
8999,1577,0.9008971163349614,false,8999,1577,0.9008971163349614
8999,100033430,0.8349696484194711,false,8999,100033430,0.8349696484194711
8999,340267,0.9083901974921325,false,8999,340267,0.9083901974921325
8999,200879,0.9340259898525909,false,8999,200879,0.9340259898525909
8999,1510,0.911586410229177,false,8999,1510,0.911586410229177
8999,441251,0.8061025878834434,false,8999,441251,0.8061025878834434
8999,102723849,0.9224648470441477,false,8999,102723849,0.9224648470441477
8999,9196,0.8739803187015472,false,8999,9196,0.8739803187015472
8999,114327,0.7207171915163892,false,8999,114327,0.7207171915163892
8999,6337,0.9022797204969644,false,8999,6337,0.9022797204969644
8999,57669,0.9727890586090644,false,8999,57669,0.9727890586090644
8999,619383,0.8859965504947435,false,8999,619383,0.8859965504947435
8999,57111,0.9163237103262565,false,8999,57111,0.9163237103262565
8999,116844,0.8712039686729925,false,8999,116844,0.8712039686729925
8999,10129,0.9157322423900573,false,8999,10129,0.9157322423900573
8999,4586,0.9237134785105773,false,8999,4586,0.9237134785105773
8999,100158262,0.8898481820667818,false,8999,100158262,0.8898481820667818
8999,10551,0.9205246732005186,false,8999,10551,0.9205246732005186
8999,130271,0.7757530701782992,false,8999,130271,0.7757530701782992
8999,378938,0.8856777621041845,false,8999,378938,0.8856777621041845
8999,54897,0.9931979472808627,false,8999,54897,0.9931979472808627
8999,117155,0.9439858688597451,false,8999,117155,0.9439858688597451
8999,112268155,0.9142032559899459,false,8999,112268155,0.9142032559899459
8999,1152,0.9085058368283853,false,8999,1152,0.9085058368283853
8999,79083,0.941712303462236,false,8999,79083,0.941712303462236
8999,66002,0.9323502587687147,false,8999,66002,0.9323502587687147
8999,1556,0.9464025715319537,false,8999,1556,0.9464025715319537
8999,22996,0.9242730129697794,false,8999,22996,0.9242730129697794
8999,55930,0.9327660881718786,false,8999,55930,0.9327660881718786
8999,7620,0.7819451060801773,false,8999,7620,0.7819451060801773
8999,7113,0.8875730376290227,false,8999,7113,0.8875730376290227
8999,54861,0.9260116176526682,false,8999,54861,0.9260116176526682
8999,222256,0.7781494210464507,false,8999,222256,0.7781494210464507
8999,105180391,0.9466288543613515,false,8999,105180391,0.9466288543613515
8999,100529240,0.9261496694436795,false,8999,100529240,0.9261496694436795
8999,113218482,0.9243450903739572,false,8999,113218482,0.9243450903739572
8999,647024,0.842100513165594,false,8999,647024,0.842100513165594
8999,255928,0.9122842595787635,false,8999,255928,0.9122842595787635
8999,151531,0.847179552394673,false,8999,151531,0.847179552394673
8999,8537,0.8240534340927813,false,8999,8537,0.8240534340927813
8999,10018,0.9164444549238164,false,8999,10018,0.9164444549238164
8999,115019,0.926737281185586,false,8999,115019,0.926737281185586
8999,201625,0.7416908639750456,false,8999,201625,0.7416908639750456
8999,105180390,0.9404440303919093,false,8999,105180390,0.9404440303919093
8999,692058,0.8620928921119281,false,8999,692058,0.8620928921119281
8999,168374,0.8650990859311118,false,8999,168374,0.8650990859311118
8999,83481,0.8649218293008343,false,8999,83481,0.8649218293008343
8999,645843,0.8842733977007948,false,8999,645843,0.8842733977007948
8999,143884,0.9022572755820135,false,8999,143884,0.9022572755820135
8999,80004,0.7860953009091297,false,8999,80004,0.7860953009091297
8999,121512,0.9138727731145728,false,8999,121512,0.9138727731145728
8999,3993,0.9376461241306787,false,8999,3993,0.9376461241306787
8999,389852,0.9182487753277091,false,8999,389852,0.9182487753277091
8999,342892,0.9496221830452777,false,8999,342892,0.9496221830452777
8999,164312,0.9435321822834251,false,8999,164312,0.9435321822834251
8999,84239,0.9163707135123548,false,8999,84239,0.9163707135123548
8999,2065,0.8853843781011094,false,8999,2065,0.8853843781011094
8999,57402,0.9620929328761236,false,8999,57402,0.9620929328761236
8999,776,0.9131167866556992,false,8999,776,0.9131167866556992
8999,780,0.7962992475113592,false,8999,780,0.7962992475113592
8999,135656,0.9254818892674073,false,8999,135656,0.9254818892674073
8999,3880,0.7671546347698777,false,8999,3880,0.7671546347698777
8999,94059,0.9312233933569838,false,8999,94059,0.9312233933569838
8999,26769,0.7947906569051109,false,8999,26769,0.7947906569051109
8999,3960,0.9262512911318722,false,8999,3960,0.9262512911318722
8999,7433,0.9898218903717244,false,8999,7433,0.9898218903717244
8999,284323,0.9432487469589068,false,8999,284323,0.9432487469589068
8999,65217,0.9150613752572918,false,8999,65217,0.9150613752572918
8999,23584,0.9775495439175604,false,8999,23584,0.9775495439175604
8999,692213,0.9148130074108977,false,8999,692213,0.9148130074108977
8999,84765,0.7174375089309563,false,8999,84765,0.7174375089309563
8999,153643,0.8097872107244299,false,8999,153643,0.8097872107244299
8999,112268422,0.9241335777580044,false,8999,112268422,0.9241335777580044
8999,259294,0.9335483138254494,false,8999,259294,0.9335483138254494
8999,79740,0.9139171763951113,false,8999,79740,0.9139171763951113
8999,2266,0.942101311371451,false,8999,2266,0.942101311371451
8999,745,0.9400301308671744,false,8999,745,0.9400301308671744
8999,440352,0.9355016005455457,false,8999,440352,0.9355016005455457
6262,284266,0.8678577953777774,false,6262,284266,0.8678577953777774
6262,375612,0.719712260912613,false,6262,375612,0.719712260912613
6262,163720,0.7625519509872246,false,6262,163720,0.7625519509872246
6262,730,0.8870256554541581,false,6262,730,0.8870256554541581
6262,22943,0.723090210646649,false,6262,22943,0.723090210646649
6262,2696,0.8606245778557612,false,6262,2696,0.8606245778557612
6262,5787,0.8759982324303505,false,6262,5787,0.8759982324303505
6262,54084,0.7485858915586355,false,6262,54084,0.7485858915586355
6262,100129940,0.8884005414986204,false,6262,100129940,0.8884005414986204
6262,339983,0.9281606701055825,false,6262,339983,0.9281606701055825
6262,2324,0.9143965868448105,false,6262,2324,0.9143965868448105
6262,6969,0.8877496526665271,false,6262,6969,0.8877496526665271
6262,221395,0.8455756744233823,false,6262,221395,0.8455756744233823
6262,7473,0.8858053217885044,false,6262,7473,0.8858053217885044
6262,6332,0.8822559631063733,false,6262,6332,0.8822559631063733
6262,9223,0.9098328210169446,false,6262,9223,0.9098328210169446
6262,653082,0.9206977851954495,false,6262,653082,0.9206977851954495
6262,2277,0.8124270124452794,false,6262,2277,0.8124270124452794
6262,114327,0.8560066355954071,false,6262,114327,0.8560066355954071
6262,79148,0.7716273199401501,false,6262,79148,0.7716273199401501
6262,130271,0.8189007769928072,false,6262,130271,0.8189007769928072
6262,6532,0.8670027787661827,false,6262,6532,0.8670027787661827
6262,100996506,0.7933675557309567,false,6262,100996506,0.7933675557309567
6262,100505495,0.7178843459963078,false,6262,100505495,0.7178843459963078
6262,54,0.8380675476921997,false,6262,54,0.8380675476921997
6262,256076,0.9459248889750969,false,6262,256076,0.9459248889750969
6262,9411,0.8550095897064067,false,6262,9411,0.8550095897064067
6262,9771,0.897902169876,false,6262,9771,0.897902169876
6262,100820829,0.8890830602003578,false,6262,100820829,0.8890830602003578
6262,10203,0.8898279848154056,false,6262,10203,0.8898279848154056
6262,105373265,0.7072370864222661,false,6262,105373265,0.7072370864222661
6262,9211,0.9281606701055821,false,6262,9211,0.9281606701055821
6262,84765,0.7680609291417702,false,6262,84765,0.7680609291417702
306,157310,0.9442732500117506,false,306,157310,0.9442732500117506
306,5340,0.8526361513830106,false,306,5340,0.8526361513830106
306,4582,0.8517527839093191,false,306,4582,0.8517527839093191
306,3248,0.857679588968949,false,306,3248,0.857679588968949
306,255189,0.8959444145459952,false,306,255189,0.8959444145459952
306,641384,0.7945907421327665,false,306,641384,0.7945907421327665
306,100130449,0.8338183539659629,false,306,100130449,0.8338183539659629
306,10103,0.8519367618635572,false,306,10103,0.8519367618635572
306,3856,0.866312227693101,false,306,3856,0.866312227693101
306,1048,0.8058551081374966,false,306,1048,0.8058551081374966
306,100419743,0.8051043352258377,false,306,100419743,0.8051043352258377
306,79838,0.9022582616855187,false,306,79838,0.9022582616855187
306,10529,0.7898359070847738,false,306,10529,0.7898359070847738
306,3983,0.8218267215280614,false,306,3983,0.8218267215280614
306,3694,0.9618382901944238,false,306,3694,0.9618382901944238
306,22941,0.9636416112381765,false,306,22941,0.9636416112381765
306,285989,0.8324088833600559,false,306,285989,0.8324088833600559
306,2627,0.9209457060404773,false,306,2627,0.9209457060404773
306,503640,0.8117342663515205,false,306,503640,0.8117342663515205
306,259290,0.7652140156440924,false,306,259290,0.7652140156440924
306,1555,0.8679296234637094,false,306,1555,0.8679296234637094
306,57528,0.8041293470037288,false,306,57528,0.8041293470037288
306,201456,0.8332548836733751,false,306,201456,0.8332548836733751
306,142827,0.8637640043719533,false,306,142827,0.8637640043719533
306,163720,0.7796363976452401,false,306,163720,0.7796363976452401
306,57186,0.9063176337531559,false,306,57186,0.9063176337531559
306,6751,0.7998331251243296,false,306,6751,0.7998331251243296
306,79908,0.9367813284612153,false,306,79908,0.9367813284612153
306,102723508,0.7200328157713375,false,306,102723508,0.7200328157713375
306,28984,0.8366863206918099,false,306,28984,0.8366863206918099
306,130367,0.8269937315985241,false,306,130367,0.8269937315985241
306,285335,0.7417520702735566,false,306,285335,0.7417520702735566
306,9356,0.8280960836217615,false,306,9356,0.8280960836217615
306,1910,0.8816214732135569,false,306,1910,0.8816214732135569
306,641776,0.849493631564743,false,306,641776,0.849493631564743
306,100506658,0.979132583732596,false,306,100506658,0.979132583732596
306,200373,0.8204558536684653,false,306,200373,0.8204558536684653
306,168090,0.851675438783853,false,306,168090,0.851675438783853
306,341676,0.8576196627741438,false,306,341676,0.8576196627741438
306,148213,0.8346215773563104,false,306,148213,0.8346215773563104
306,10595,0.8367894262122392,false,306,10595,0.8367894262122392
306,4583,0.8248216684132267,false,306,4583,0.8248216684132267
306,728643,0.8284185603849288,false,306,728643,0.8284185603849288
306,55567,0.8974200510773604,false,306,55567,0.8974200510773604
306,54997,0.8237597413349524,false,306,54997,0.8237597413349524
306,79848,0.7660485939518649,false,306,79848,0.7660485939518649
306,219790,0.7676472704154568,false,306,219790,0.7676472704154568
306,115677,0.870719039349884,false,306,115677,0.870719039349884
306,5961,0.7960130263336617,false,306,5961,0.7960130263336617
306,7851,0.8482768994356388,false,306,7851,0.8482768994356388
306,692072,0.7778064029900039,false,306,692072,0.7778064029900039
306,109136579,0.8010958200100374,false,306,109136579,0.8010958200100374
306,503645,0.7721212738280332,false,306,503645,0.7721212738280332
306,55808,0.8378985001606647,false,306,55808,0.8378985001606647
306,999,0.8794876678845612,false,306,999,0.8794876678845612
306,126353,0.866470263140268,false,306,126353,0.866470263140268
306,26226,0.7978522288354547,false,306,26226,0.7978522288354547
306,64332,0.7169181607329254,false,306,64332,0.7169181607329254
306,346007,0.7098407914581177,false,306,346007,0.7098407914581177
306,388743,0.819081578381151,false,306,388743,0.819081578381151
306,116984,0.7462364894642138,false,306,116984,0.7462364894642138
306,137872,0.7236261398353865,false,306,137872,0.7236261398353865
306,1577,0.8081148616121907,false,306,1577,0.8081148616121907
306,100033430,0.8377034475392025,false,306,100033430,0.8377034475392025
306,340267,0.8402463271283703,false,306,340267,0.8402463271283703
306,200879,0.8195366218331027,false,306,200879,0.8195366218331027
306,1510,0.8436593641436531,false,306,1510,0.8436593641436531
306,441251,0.8270164067474234,false,306,441251,0.8270164067474234
306,102723849,0.8158444710575568,false,306,102723849,0.8158444710575568
306,6337,0.9888732413229459,false,306,6337,0.9888732413229459
306,5284,0.7606932147902542,false,306,5284,0.7606932147902542
306,57669,0.8923831961016254,false,306,57669,0.8923831961016254
306,619383,0.8111590554417939,false,306,619383,0.8111590554417939
306,89765,0.8654625272194814,false,306,89765,0.8654625272194814
306,57111,0.8467380972841255,false,306,57111,0.8467380972841255
306,278,0.7923462514125421,false,306,278,0.7923462514125421
306,116844,0.8417084267611635,false,306,116844,0.8417084267611635
306,10129,0.8120500886803831,false,306,10129,0.8120500886803831
306,4586,0.807239344238951,false,306,4586,0.807239344238951
306,100158262,0.7117022781015789,false,306,100158262,0.7117022781015789
306,10551,0.8232655695502021,false,306,10551,0.8232655695502021
306,130271,0.7275076296153146,false,306,130271,0.7275076296153146
306,688,0.7340170365036816,false,306,688,0.7340170365036816
306,6101,0.909527230614224,false,306,6101,0.909527230614224
306,378938,0.8019266026731058,false,306,378938,0.8019266026731058
306,54897,0.8962651775464548,false,306,54897,0.8962651775464548
306,117155,0.8097059139554021,false,306,117155,0.8097059139554021
306,112268155,0.8240547264404493,false,306,112268155,0.8240547264404493
306,1152,0.8851402817382285,false,306,1152,0.8851402817382285
306,27074,0.8384724494506943,false,306,27074,0.8384724494506943
306,79083,0.8246072210271932,false,306,79083,0.8246072210271932
306,66002,0.8275050392898972,false,306,66002,0.8275050392898972
306,1556,0.8843415053339497,false,306,1556,0.8843415053339497
306,22996,0.8815850133998336,false,306,22996,0.8815850133998336
306,55930,0.8789129019247374,false,306,55930,0.8789129019247374
306,7113,0.8709834890721954,false,306,7113,0.8709834890721954
306,54861,0.8665228219228012,false,306,54861,0.8665228219228012
306,222256,0.8383720012345338,false,306,222256,0.8383720012345338
306,105180391,0.8387542922627003,false,306,105180391,0.8387542922627003
306,26084,0.9281873160088785,false,306,26084,0.9281873160088785
306,100529240,0.8314428506979781,false,306,100529240,0.8314428506979781
306,54,0.7580246552423666,false,306,54,0.7580246552423666
306,113218482,0.8183449446132969,false,306,113218482,0.8183449446132969
306,647024,0.8791547239798003,false,306,647024,0.8791547239798003
306,255928,0.7792171215305399,false,306,255928,0.7792171215305399
306,151531,0.8040299704624266,false,306,151531,0.8040299704624266
306,10018,0.8104640422297505,false,306,10018,0.8104640422297505
306,115019,0.8266175314587448,false,306,115019,0.8266175314587448
306,201625,0.9097324003339344,false,306,201625,0.9097324003339344
306,105180390,0.843381090332376,false,306,105180390,0.843381090332376
306,1043,0.718159400716088,false,306,1043,0.718159400716088
306,692058,0.8160449742111999,false,306,692058,0.8160449742111999
306,276,0.768678419448976,false,306,276,0.768678419448976
306,168374,0.8261678456490769,false,306,168374,0.8261678456490769
306,83481,0.8948995147622314,false,306,83481,0.8948995147622314
306,645843,0.852510924743152,false,306,645843,0.852510924743152
306,1579,0.8177948228503034,false,306,1579,0.8177948228503034
306,80004,0.8879314532390473,false,306,80004,0.8879314532390473
306,121512,0.8713804647106536,false,306,121512,0.8713804647106536
306,123624,0.725009940742727,false,306,123624,0.725009940742727
306,3993,0.9108579740473784,false,306,3993,0.9108579740473784
306,389852,0.8197766577362195,false,306,389852,0.8197766577362195
306,342892,0.8072427866795662,false,306,342892,0.8072427866795662
306,164312,0.8962394472740112,false,306,164312,0.8962394472740112
306,84239,0.9302976388306831,false,306,84239,0.9302976388306831
306,2065,0.8959366968969135,false,306,2065,0.8959366968969135
306,57402,0.9468628162153652,false,306,57402,0.9468628162153652
306,776,0.7274502293890419,false,306,776,0.7274502293890419
306,780,0.8807091607705759,false,306,780,0.8807091607705759
306,135656,0.8061852040078663,false,306,135656,0.8061852040078663
306,3880,0.9346074192392543,false,306,3880,0.9346074192392543
306,94059,0.8290763158475878,false,306,94059,0.8290763158475878
306,26769,0.7964863806607866,false,306,26769,0.7964863806607866
306,3960,0.8075110931112943,false,306,3960,0.8075110931112943
306,7433,0.899284088756141,false,306,7433,0.899284088756141
306,284323,0.7856363594526834,false,306,284323,0.7856363594526834
306,100129460,0.7752923774826362,false,306,100129460,0.7752923774826362
306,65217,0.838531971837472,false,306,65217,0.838531971837472
306,23584,0.8531203538623997,false,306,23584,0.8531203538623997
306,692213,0.8316176856958892,false,306,692213,0.8316176856958892
306,79784,0.7622146989783478,false,306,79784,0.7622146989783478
306,153643,0.8525299211437215,false,306,153643,0.8525299211437215
306,112268422,0.7946126459128487,false,306,112268422,0.7946126459128487
306,259294,0.7904796462228696,false,306,259294,0.7904796462228696
306,79740,0.9772477139723267,false,306,79740,0.9772477139723267
306,2266,0.8141405913099576,false,306,2266,0.8141405913099576
306,745,0.8648069638793292,false,306,745,0.8648069638793292
306,440352,0.9170410887993916,false,306,440352,0.9170410887993916
6440,105375355,0.8992388888711642,false,6440,105375355,0.8992388888711642
6440,1770,0.7764758019835514,false,6440,1770,0.7764758019835514
6440,103504738,0.8372824192682305,false,6440,103504738,0.8372824192682305
6440,1580,0.8633517788096257,false,6440,1580,0.8633517788096257
6440,177,0.9378612939041836,false,6440,177,0.9378612939041836
6440,9914,0.818276252856212,false,6440,9914,0.818276252856212
6440,56241,0.9166394822872644,false,6440,56241,0.9166394822872644
6440,89,0.7182509289574066,false,6440,89,0.7182509289574066
6440,57530,0.8704443098512902,false,6440,57530,0.8704443098512902
6440,57526,0.7514600786913279,false,6440,57526,0.7514600786913279
6440,2327,0.7771802619160829,false,6440,2327,0.7771802619160829
6440,146556,0.8462358671145032,false,6440,146556,0.8462358671145032
6440,7080,0.8902708310029659,false,6440,7080,0.8902708310029659
6440,6439,0.9772053113143524,false,6440,6439,0.9772053113143524
6440,406903,0.7309698069890989,false,6440,406903,0.7309698069890989
6440,146177,0.794927564937544,false,6440,146177,0.794927564937544
6440,84842,0.7484960059942658,false,6440,84842,0.7484960059942658
6440,388555,0.8129191320329402,false,6440,388555,0.8129191320329402
6440,128602,0.7607137155858246,false,6440,128602,0.7607137155858246
6440,363,0.8129191320329403,false,6440,363,0.8129191320329403
6440,6441,0.8435135920374612,false,6440,6441,0.8435135920374612
6440,4070,0.7375586035606068,false,6440,4070,0.7375586035606068
6440,160728,0.7013791394132282,false,6440,160728,0.7013791394132282
6440,419,0.8129191320329402,false,6440,419,0.8129191320329402
6440,93517,0.8278366027173528,false,6440,93517,0.8278366027173528
6440,388633,0.7856757042651572,false,6440,388633,0.7856757042651572
6440,387882,0.751680248341581,false,6440,387882,0.751680248341581
6440,102723635,0.8156896668507868,false,6440,102723635,0.8156896668507868
6440,11185,0.9224041286847193,false,6440,11185,0.9224041286847193
6440,10586,0.9384028469550109,false,6440,10586,0.9384028469550109
6440,2125,0.9404873869879141,false,6440,2125,0.9404873869879141
6440,3780,0.7370928805273689,false,6440,3780,0.7370928805273689
6440,9476,0.886301438958294,false,6440,9476,0.886301438958294
6440,117156,0.7415832292965826,false,6440,117156,0.7415832292965826
6440,6097,0.864332422557223,false,6440,6097,0.864332422557223
6440,5349,0.858874152220251,false,6440,5349,0.858874152220251
6440,123624,0.7397577568830122,false,6440,123624,0.7397577568830122
6440,389376,0.8064661870845383,false,6440,389376,0.8064661870845383
6440,84525,0.8262677102323189,false,6440,84525,0.8262677102323189
6440,4861,0.7342343292613317,false,6440,4861,0.7342343292613317
6440,21,0.9555996669752334,false,6440,21,0.9555996669752334
6440,123872,0.7014517782575013,false,6440,123872,0.7014517782575013
6440,284434,0.8217120107306868,false,6440,284434,0.8217120107306868
6440,9052,0.8696126140234339,false,6440,9052,0.8696126140234339
6440,79784,0.7124197827572023,false,6440,79784,0.7124197827572023
6440,653509,0.9216570153106464,false,6440,653509,0.9216570153106464
6440,100423031,0.8129191320329404,false,6440,100423031,0.8129191320329404
6440,729238,0.8677726649364127,false,6440,729238,0.8677726649364127
6440,79098,0.8954835572298426,false,6440,79098,0.8954835572298426
6440,3855,0.9535392608031111,false,6440,3855,0.9535392608031111
6440,165186,0.7189545742877701,false,6440,165186,0.7189545742877701
399949,5265,0.9788500469138915,false,399949,5265,0.9788500469138915
399949,4318,0.8109500215450176,false,399949,4318,0.8109500215450176
399949,105377033,0.9854115003360722,false,399949,105377033,0.9854115003360722
399949,10568,0.8924488328469109,false,399949,10568,0.8924488328469109
399949,33,0.9035341055611026,false,399949,33,0.9035341055611026
399949,1770,0.837190062960918,false,399949,1770,0.837190062960918
399949,10917,0.8382064548761293,false,399949,10917,0.8382064548761293
399949,11254,0.9728683071668428,false,399949,11254,0.9728683071668428
399949,286207,0.8634042634830226,false,399949,286207,0.8634042634830226
399949,5555,0.8468338436920365,false,399949,5555,0.8468338436920365
399949,57530,0.755708091476746,false,399949,57530,0.755708091476746
399949,60494,0.8600781477906299,false,399949,60494,0.8600781477906299
399949,5544,0.9119601122660973,false,399949,5544,0.9119601122660973
399949,10579,0.7967186797451968,false,399949,10579,0.7967186797451968
399949,1906,0.7377829921717898,false,399949,1906,0.7377829921717898
399949,3240,0.8896810616179595,false,399949,3240,0.8896810616179595
399949,7033,0.9953842279221253,false,399949,7033,0.9953842279221253
399949,64073,0.9707879184788859,false,399949,64073,0.9707879184788859
399949,253970,0.7799812630838384,false,399949,253970,0.7799812630838384
399949,6441,0.8161618840648304,false,399949,6441,0.8161618840648304
399949,4070,0.9158523507670241,false,399949,4070,0.9158523507670241
399949,56892,0.885457560023773,false,399949,56892,0.885457560023773
399949,8091,0.8971085587765111,false,399949,8091,0.8971085587765111
399949,3875,0.8180238664494015,false,399949,3875,0.8180238664494015
399949,160728,0.9063940097704035,false,399949,160728,0.9063940097704035
399949,4680,0.8383875925315523,false,399949,4680,0.8383875925315523
399949,7356,0.9587257154091388,false,399949,7356,0.9587257154091388
399949,109729127,0.9506542248976952,false,399949,109729127,0.9506542248976952
399949,400578,0.9975987751357334,false,399949,400578,0.9975987751357334
399949,94025,0.9880121882187937,false,399949,94025,0.9880121882187937
399949,728276,0.9852501625331453,false,399949,728276,0.9852501625331453
399949,101927516,0.7245077444263183,false,399949,101927516,0.7245077444263183
399949,102723635,0.7380158727912285,false,399949,102723635,0.7380158727912285
399949,5545,0.9925775361170894,false,399949,5545,0.9925775361170894
399949,727897,0.9897981620099099,false,399949,727897,0.9897981620099099
399949,54848,0.8454232983045977,false,399949,54848,0.8454232983045977
399949,79632,0.7601983592488842,false,399949,79632,0.7601983592488842
399949,4585,0.7904263680360621,false,399949,4585,0.7904263680360621
399949,1767,0.9168619984134425,false,399949,1767,0.9168619984134425
399949,1604,0.8316159962005886,false,399949,1604,0.8316159962005886
399949,9476,0.7305623879542841,false,399949,9476,0.7305623879542841
399949,117156,0.9022057826770732,false,399949,117156,0.9022057826770732
399949,195814,0.946370395753862,false,399949,195814,0.946370395753862
399949,140766,0.7915549226136437,false,399949,140766,0.7915549226136437
399949,105,0.993055180535232,false,399949,105,0.993055180535232
399949,84059,0.7013036277593753,false,399949,84059,0.7013036277593753
399949,6097,0.7524240811703645,false,399949,6097,0.7524240811703645
399949,120892,0.789006993338676,false,399949,120892,0.789006993338676
399949,4057,0.9970051838217289,false,399949,4057,0.9970051838217289
399949,220136,0.9781031212569197,false,399949,220136,0.9781031212569197
399949,112577518,0.9968649868293933,false,399949,112577518,0.9968649868293933
399949,9370,0.9971300254423872,false,399949,9370,0.9971300254423872
399949,693188,0.856539161007488,false,399949,693188,0.856539161007488
399949,389376,0.8705837228102196,false,399949,389376,0.8705837228102196
399949,6799,0.9755894398040716,false,399949,6799,0.9755894398040716
399949,353189,0.9315484675586253,false,399949,353189,0.9315484675586253
399949,563,0.9982983327051661,false,399949,563,0.9982983327051661
399949,84851,0.7922684533810291,false,399949,84851,0.7922684533810291
399949,4069,0.9327727252788076,false,399949,4069,0.9327727252788076
399949,1080,0.7715602643491825,false,399949,1080,0.7715602643491825
399949,123872,0.8542152506997559,false,399949,123872,0.8542152506997559
399949,105372793,0.9603181311631709,false,399949,105372793,0.9603181311631709
399949,653509,0.7081377106394176,false,399949,653509,0.7081377106394176
399949,100874095,0.9971300254423872,false,399949,100874095,0.9971300254423872
399949,729238,0.8033391286465319,false,399949,729238,0.8033391286465319
399949,26298,0.972213441526091,false,399949,26298,0.972213441526091
399949,100033436,0.9870585407946549,false,399949,100033436,0.9870585407946549
157310,5340,0.7946999237365837,false,157310,5340,0.7946999237365837
157310,4582,0.8319635302761931,false,157310,4582,0.8319635302761931
157310,3248,0.7710405868729222,false,157310,3248,0.7710405868729222
157310,255189,0.8897714913912499,false,157310,255189,0.8897714913912499
157310,641384,0.7725754240143442,false,157310,641384,0.7725754240143442
157310,100130449,0.8160126222070114,false,157310,100130449,0.8160126222070114
157310,10103,0.8351981733140745,false,157310,10103,0.8351981733140745
157310,3856,0.8636661085311549,false,157310,3856,0.8636661085311549
157310,1048,0.7813839904783082,false,157310,1048,0.7813839904783082
157310,100419743,0.7805362221316512,false,157310,100419743,0.7805362221316512
157310,79838,0.8713101618645751,false,157310,79838,0.8713101618645751
157310,3983,0.7753093266902867,false,157310,3983,0.7753093266902867
157310,3694,0.9334749706232851,false,157310,3694,0.9334749706232851
157310,22941,0.9109634601723073,false,157310,22941,0.9109634601723073
157310,285989,0.7826452287898172,false,157310,285989,0.7826452287898172
157310,2627,0.8590866109517385,false,157310,2627,0.8590866109517385
157310,503640,0.7654088259223193,false,157310,503640,0.7654088259223193
157310,259290,0.702050616890247,false,157310,259290,0.702050616890247
157310,1555,0.8580448072206444,false,157310,1555,0.8580448072206444
157310,57528,0.7727427737037994,false,157310,57528,0.7727427737037994
157310,201456,0.7910884784745128,false,157310,201456,0.7910884784745128
157310,142827,0.8942222295215349,false,157310,142827,0.8942222295215349
157310,57186,0.7783699436267427,false,157310,57186,0.7783699436267427
157310,6751,0.7783638613438223,false,157310,6751,0.7783638613438223
157310,79908,0.7937907325307345,false,157310,79908,0.7937907325307345
157310,28984,0.8191434831940585,false,157310,28984,0.8191434831940585
157310,130367,0.8302761069611867,false,157310,130367,0.8302761069611867
157310,285335,0.7764571916353782,false,157310,285335,0.7764571916353782
157310,9356,0.7485110784739307,false,157310,9356,0.7485110784739307
157310,1910,0.7778021354487026,false,157310,1910,0.7778021354487026
157310,641776,0.7836409226905398,false,157310,641776,0.7836409226905398
157310,100506658,0.915901084192332,false,157310,100506658,0.915901084192332
157310,200373,0.8093451966679546,false,157310,200373,0.8093451966679546
157310,168090,0.8336485056277847,false,157310,168090,0.8336485056277847
157310,341676,0.836083157661424,false,157310,341676,0.836083157661424
157310,148213,0.8059562673338181,false,157310,148213,0.8059562673338181
157310,10595,0.8383004216265865,false,157310,10595,0.8383004216265865
157310,4583,0.8262913684201125,false,157310,4583,0.8262913684201125
157310,728643,0.7064265539224601,false,157310,728643,0.7064265539224601
157310,55567,0.8785758120026653,false,157310,55567,0.8785758120026653
157310,54997,0.7770624398804212,false,157310,54997,0.7770624398804212
157310,79848,0.7062326750248762,false,157310,79848,0.7062326750248762
157310,5961,0.7381457033649281,false,157310,5961,0.7381457033649281
157310,7851,0.8180719698089871,false,157310,7851,0.8180719698089871
157310,692072,0.7624631119255444,false,157310,692072,0.7624631119255444
157310,109136579,0.7440014808559334,false,157310,109136579,0.7440014808559334
157310,55808,0.8144524746778262,false,157310,55808,0.8144524746778262
157310,999,0.8740380905104999,false,157310,999,0.8740380905104999
157310,126353,0.8650060457519049,false,157310,126353,0.8650060457519049
157310,26226,0.7330097572910261,false,157310,26226,0.7330097572910261
157310,388743,0.7966636811606238,false,157310,388743,0.7966636811606238
157310,137872,0.7211028236356327,false,157310,137872,0.7211028236356327
157310,1577,0.7827900383323819,false,157310,1577,0.7827900383323819
157310,100033430,0.820403561923169,false,157310,100033430,0.820403561923169
157310,340267,0.8220945379332724,false,157310,340267,0.8220945379332724
157310,200879,0.7867683129783943,false,157310,200879,0.7867683129783943
157310,1510,0.8325115267121431,false,157310,1510,0.8325115267121431
157310,441251,0.783088574054955,false,157310,441251,0.783088574054955
157310,102723849,0.7726488135726866,false,157310,102723849,0.7726488135726866
157310,6337,0.9260543966391069,false,157310,6337,0.9260543966391069
157310,5284,0.788576675868453,false,157310,5284,0.788576675868453
157310,57669,0.7615597418402905,false,157310,57669,0.7615597418402905
157310,619383,0.7688736979665196,false,157310,619383,0.7688736979665196
157310,89765,0.8943422173761935,false,157310,89765,0.8943422173761935
157310,57111,0.8242775630165218,false,157310,57111,0.8242775630165218
157310,278,0.801593056193895,false,157310,278,0.801593056193895
157310,116844,0.8285094668000823,false,157310,116844,0.8285094668000823
157310,10129,0.7695641217600101,false,157310,10129,0.7695641217600101
157310,4586,0.7832568318301263,false,157310,4586,0.7832568318301263
157310,10551,0.7968456932767604,false,157310,10551,0.7968456932767604
157310,688,0.8011011214213948,false,157310,688,0.8011011214213948
157310,6101,0.8345042949815991,false,157310,6101,0.8345042949815991
157310,378938,0.7449151087367747,false,157310,378938,0.7449151087367747
157310,54897,0.7670561602905237,false,157310,54897,0.7670561602905237
157310,117155,0.7693570518755322,false,157310,117155,0.7693570518755322
157310,112268155,0.7710498187260262,false,157310,112268155,0.7710498187260262
157310,1152,0.8473044551649744,false,157310,1152,0.8473044551649744
157310,27074,0.7812213751336509,false,157310,27074,0.7812213751336509
157310,79083,0.7813034913697436,false,157310,79083,0.7813034913697436
157310,66002,0.8077840105085865,false,157310,66002,0.8077840105085865
157310,1556,0.841031984942313,false,157310,1556,0.841031984942313
157310,22996,0.8722579276626824,false,157310,22996,0.8722579276626824
157310,55930,0.8660034524171609,false,157310,55930,0.8660034524171609
157310,7113,0.853467714977425,false,157310,7113,0.853467714977425
157310,54861,0.7560917356624502,false,157310,54861,0.7560917356624502
157310,222256,0.8384000842779255,false,157310,222256,0.8384000842779255
157310,105180391,0.7625139612288209,false,157310,105180391,0.7625139612288209
157310,26084,0.9539008234723357,false,157310,26084,0.9539008234723357
157310,100529240,0.7890631870497835,false,157310,100529240,0.7890631870497835
157310,113218482,0.7963677725491367,false,157310,113218482,0.7963677725491367
157310,647024,0.8831903152931495,false,157310,647024,0.8831903152931495
157310,255928,0.762251379717014,false,157310,255928,0.762251379717014
157310,151531,0.7849000884494866,false,157310,151531,0.7849000884494866
157310,8537,0.7188558771258474,false,157310,8537,0.7188558771258474
157310,10018,0.791914690987625,false,157310,10018,0.791914690987625
157310,115019,0.8023156789833183,false,157310,115019,0.8023156789833183
157310,201625,0.8643041218722723,false,157310,201625,0.8643041218722723
157310,105180390,0.7746429687084081,false,157310,105180390,0.7746429687084081
157310,1043,0.7141934025191019,false,157310,1043,0.7141934025191019
157310,692058,0.8035096347686573,false,157310,692058,0.8035096347686573
157310,276,0.7825956410455505,false,157310,276,0.7825956410455505
157310,168374,0.7886059182486638,false,157310,168374,0.7886059182486638
157310,83481,0.9026742979022724,false,157310,83481,0.9026742979022724
157310,645843,0.8117038162645996,false,157310,645843,0.8117038162645996
157310,1579,0.7238814272362548,false,157310,1579,0.7238814272362548
157310,80004,0.8798754732709285,false,157310,80004,0.8798754732709285
157310,121512,0.7788976261503245,false,157310,121512,0.7788976261503245
157310,123624,0.7738794015517714,false,157310,123624,0.7738794015517714
157310,3993,0.9009217692703877,false,157310,3993,0.9009217692703877
157310,389852,0.7916879420587779,false,157310,389852,0.7916879420587779
157310,342892,0.7337970489741958,false,157310,342892,0.7337970489741958
157310,164312,0.8736994849960679,false,157310,164312,0.8736994849960679
157310,84239,0.8578681974852329,false,157310,84239,0.8578681974852329
157310,2065,0.86613175619054,false,157310,2065,0.86613175619054
157310,57402,0.892312980004171,false,157310,57402,0.892312980004171
157310,780,0.9529927861428196,false,157310,780,0.9529927861428196
157310,135656,0.7812846528371655,false,157310,135656,0.7812846528371655
157310,3880,0.9422629004502138,false,157310,3880,0.9422629004502138
157310,94059,0.7872309930170436,false,157310,94059,0.7872309930170436
157310,26769,0.7947086910420142,false,157310,26769,0.7947086910420142
157310,3960,0.7837396769049079,false,157310,3960,0.7837396769049079
157310,7433,0.7943665549472201,false,157310,7433,0.7943665549472201
157310,284323,0.7412189249963944,false,157310,284323,0.7412189249963944
157310,100129460,0.7287261485635735,false,157310,100129460,0.7287261485635735
157310,23584,0.7955209990655068,false,157310,23584,0.7955209990655068
157310,692213,0.8230501249402918,false,157310,692213,0.8230501249402918
157310,79784,0.8356683773029022,false,157310,79784,0.8356683773029022
157310,153643,0.8532798269438511,false,157310,153643,0.8532798269438511
157310,112268422,0.7714812763057451,false,157310,112268422,0.7714812763057451
157310,259294,0.7544243892213531,false,157310,259294,0.7544243892213531
157310,79740,0.9478111203722405,false,157310,79740,0.9478111203722405
157310,2266,0.7507841255690902,false,157310,2266,0.7507841255690902
157310,745,0.8356460083923969,false,157310,745,0.8356460083923969
157310,440352,0.9158800099942532,false,157310,440352,0.9158800099942532
5265,4318,0.802228977379622,false,5265,4318,0.802228977379622
5265,105377033,0.9943832365669596,false,5265,105377033,0.9943832365669596
5265,10568,0.9563221719255125,false,5265,10568,0.9563221719255125
5265,33,0.9618423495232932,false,5265,33,0.9618423495232932
5265,1770,0.8928097024275721,false,5265,1770,0.8928097024275721
5265,10917,0.8904379565279191,false,5265,10917,0.8904379565279191
5265,11254,0.9846339203820235,false,5265,11254,0.9846339203820235
5265,286207,0.8858126049060043,false,5265,286207,0.8858126049060043
5265,5555,0.8556563948976088,false,5265,5555,0.8556563948976088
5265,57530,0.8491450060342823,false,5265,57530,0.8491450060342823
5265,60494,0.8505430536625912,false,5265,60494,0.8505430536625912
5265,5544,0.8774983973242131,false,5265,5544,0.8774983973242131
5265,10579,0.8233599164859948,false,5265,10579,0.8233599164859948
5265,146177,0.7759013689749922,false,5265,146177,0.7759013689749922
5265,1906,0.8385983664408394,false,5265,1906,0.8385983664408394
5265,3240,0.9414115771648088,false,5265,3240,0.9414115771648088
5265,7033,0.9797595274782167,false,5265,7033,0.9797595274782167
5265,54842,0.7347590269263419,false,5265,54842,0.7347590269263419
5265,718,0.7380403821328663,false,5265,718,0.7380403821328663
5265,64073,0.9882250796356828,false,5265,64073,0.9882250796356828
5265,253970,0.8395603451074954,false,5265,253970,0.8395603451074954
5265,6441,0.893705732503262,false,5265,6441,0.893705732503262
5265,4070,0.9599803731718871,false,5265,4070,0.9599803731718871
5265,56892,0.9506379161842878,false,5265,56892,0.9506379161842878
5265,8091,0.9206407685635742,false,5265,8091,0.9206407685635742
5265,3875,0.8324088194486223,false,5265,3875,0.8324088194486223
5265,160728,0.9622787435278785,false,5265,160728,0.9622787435278785
5265,4680,0.8606757028773793,false,5265,4680,0.8606757028773793
5265,7356,0.982428481744722,false,5265,7356,0.982428481744722
5265,109729127,0.9713426209109588,false,5265,109729127,0.9713426209109588
5265,400578,0.9723521218408222,false,5265,400578,0.9723521218408222
5265,94025,0.9677196727113332,false,5265,94025,0.9677196727113332
5265,728276,0.9922772687715803,false,5265,728276,0.9922772687715803
5265,101927516,0.7686301980046522,false,5265,101927516,0.7686301980046522
5265,102723635,0.782692670162671,false,5265,102723635,0.782692670162671
5265,5545,0.9678936944908718,false,5265,5545,0.9678936944908718
5265,727897,0.9540802607212592,false,5265,727897,0.9540802607212592
5265,54848,0.9226205294814652,false,5265,54848,0.9226205294814652
5265,79632,0.7697094110777214,false,5265,79632,0.7697094110777214
5265,4585,0.7516086295311107,false,5265,4585,0.7516086295311107
5265,1767,0.9109516630877067,false,5265,1767,0.9109516630877067
5265,1604,0.720892315193466,false,5265,1604,0.720892315193466
5265,9476,0.8166744432628064,false,5265,9476,0.8166744432628064
5265,117156,0.9516403557344155,false,5265,117156,0.9516403557344155
5265,195814,0.9876068865951506,false,5265,195814,0.9876068865951506
5265,140766,0.834598879375351,false,5265,140766,0.834598879375351
5265,105,0.9874804746463164,false,5265,105,0.9874804746463164
5265,84059,0.7630723194766805,false,5265,84059,0.7630723194766805
5265,57477,0.7512585902405636,false,5265,57477,0.7512585902405636
5265,6097,0.8450634760466358,false,5265,6097,0.8450634760466358
5265,120892,0.8301915574839449,false,5265,120892,0.8301915574839449
5265,4057,0.9840797511420684,false,5265,4057,0.9840797511420684
5265,220136,0.9350185692823667,false,5265,220136,0.9350185692823667
5265,112577518,0.9664660095736228,false,5265,112577518,0.9664660095736228
5265,9370,0.9738197336033135,false,5265,9370,0.9738197336033135
5265,693188,0.8700577145765133,false,5265,693188,0.8700577145765133
5265,389376,0.9239874919331293,false,5265,389376,0.9239874919331293
5265,6799,0.992705794662768,false,5265,6799,0.992705794662768
5265,353189,0.9170594572610439,false,5265,353189,0.9170594572610439
5265,563,0.972888404993039,false,5265,563,0.972888404993039
5265,84851,0.778201216473186,false,5265,84851,0.778201216473186
5265,4069,0.91292895955354,false,5265,4069,0.91292895955354
5265,1080,0.8211505048807505,false,5265,1080,0.8211505048807505
5265,123872,0.9294013502804704,false,5265,123872,0.9294013502804704
5265,1286,0.7005149726597464,false,5265,1286,0.7005149726597464
5265,105372793,0.9675972758321573,false,5265,105372793,0.9675972758321573
5265,653509,0.7990430146396973,false,5265,653509,0.7990430146396973
5265,100874095,0.9738197336033135,false,5265,100874095,0.9738197336033135
5265,729238,0.8747958800235981,false,5265,729238,0.8747958800235981
5265,144535,0.734597703969697,false,5265,144535,0.734597703969697
5265,3855,0.7225243217960017,false,5265,3855,0.7225243217960017
5265,26298,0.9717724361055805,false,5265,26298,0.9717724361055805
5265,100033436,0.9854353146064135,false,5265,100033436,0.9854353146064135
5340,4582,0.9913689890326998,false,5340,4582,0.9913689890326998
5340,3248,0.9935080248550291,false,5340,3248,0.9935080248550291
5340,255189,0.9700042399360382,false,5340,255189,0.9700042399360382
5340,641384,0.9881180923280397,false,5340,641384,0.9881180923280397
5340,100130449,0.9868038809824821,false,5340,100130449,0.9868038809824821
5340,10103,0.9822896560908476,false,5340,10103,0.9822896560908476
5340,3856,0.8916675610428899,false,5340,3856,0.8916675610428899
5340,1048,0.9893414491250558,false,5340,1048,0.9893414491250558
5340,100419743,0.9892258114278987,false,5340,100419743,0.9892258114278987
5340,79838,0.9075988403255472,false,5340,79838,0.9075988403255472
5340,3983,0.9869868914704268,false,5340,3983,0.9869868914704268
5340,3694,0.9152912133570551,false,5340,3694,0.9152912133570551
5340,22941,0.9303904479529028,false,5340,22941,0.9303904479529028
5340,285989,0.9960563981188157,false,5340,285989,0.9960563981188157
5340,2627,0.9792237672120635,false,5340,2627,0.9792237672120635
5340,503640,0.9962893279721019,false,5340,503640,0.9962893279721019
5340,259290,0.9790055687287477,false,5340,259290,0.9790055687287477
5340,1555,0.9782086392493528,false,5340,1555,0.9782086392493528
5340,57528,0.988995667038394,false,5340,57528,0.988995667038394
5340,201456,0.9931048904643968,false,5340,201456,0.9931048904643968
5340,142827,0.9301072156511518,false,5340,142827,0.9301072156511518
5340,57186,0.9185168267323301,false,5340,57186,0.9185168267323301
5340,6751,0.975083400283411,false,5340,6751,0.975083400283411
5340,79908,0.7969319198138647,false,5340,79908,0.7969319198138647
5340,102723508,0.9683938196213296,false,5340,102723508,0.9683938196213296
5340,28984,0.8230447790731648,false,5340,28984,0.8230447790731648
5340,130367,0.8546410699035975,false,5340,130367,0.8546410699035975
5340,285335,0.7474838212704074,false,5340,285335,0.7474838212704074
5340,9356,0.9917657357062686,false,5340,9356,0.9917657357062686
5340,1910,0.7977872773743377,false,5340,1910,0.7977872773743377
5340,641776,0.9974373022380125,false,5340,641776,0.9974373022380125
5340,100506658,0.9213170876075588,false,5340,100506658,0.9213170876075588
5340,341676,0.9791571428620949,false,5340,341676,0.9791571428620949
5340,148213,0.9946803367120127,false,5340,148213,0.9946803367120127
5340,10595,0.9445929604479184,false,5340,10595,0.9445929604479184
5340,4583,0.9286519586782767,false,5340,4583,0.9286519586782767
5340,728643,0.9554405907632932,false,5340,728643,0.9554405907632932
5340,55567,0.9711346557642403,false,5340,55567,0.9711346557642403
5340,54997,0.9951410212757833,false,5340,54997,0.9951410212757833
5340,79848,0.9737998794548957,false,5340,79848,0.9737998794548957
5340,219790,0.7901783641484436,false,5340,219790,0.7901783641484436
5340,115677,0.8769627287284618,false,5340,115677,0.8769627287284618
5340,5961,0.9923606483482098,false,5340,5961,0.9923606483482098
5340,7851,0.9942397346923096,false,5340,7851,0.9942397346923096
5340,692072,0.9850097913814766,false,5340,692072,0.9850097913814766
5340,109136579,0.9840202689804848,false,5340,109136579,0.9840202689804848
5340,503645,0.9620966841526842,false,5340,503645,0.9620966841526842
5340,55808,0.991380177091452,false,5340,55808,0.991380177091452
5340,999,0.952530042606149,false,5340,999,0.952530042606149
5340,126353,0.976556072576016,false,5340,126353,0.976556072576016
5340,26226,0.9919396962059809,false,5340,26226,0.9919396962059809
5340,64332,0.9397249355142769,false,5340,64332,0.9397249355142769
5340,346007,0.8735069313211529,false,5340,346007,0.8735069313211529
5340,388743,0.9905982902316258,false,5340,388743,0.9905982902316258
5340,116984,0.732243768689229,false,5340,116984,0.732243768689229
5340,137872,0.9592673725555843,false,5340,137872,0.9592673725555843
5340,1577,0.9907428193824517,false,5340,1577,0.9907428193824517
5340,100033430,0.9609509534069024,false,5340,100033430,0.9609509534069024
5340,340267,0.9916619736091871,false,5340,340267,0.9916619736091871
5340,200879,0.9936441751038905,false,5340,200879,0.9936441751038905
5340,1510,0.987058288244034,false,5340,1510,0.987058288244034
5340,441251,0.9386883729024752,false,5340,441251,0.9386883729024752
5340,102723849,0.9965667568002265,false,5340,102723849,0.9965667568002265
5340,9196,0.8313869980420878,false,5340,9196,0.8313869980420878
5340,6337,0.9128229261207988,false,5340,6337,0.9128229261207988
5340,57669,0.9654134731220513,false,5340,57669,0.9654134731220513
5340,619383,0.9855010748689564,false,5340,619383,0.9855010748689564
5340,89765,0.8074557511798873,false,5340,89765,0.8074557511798873
5340,57111,0.9924214613607684,false,5340,57111,0.9924214613607684
5340,278,0.8615403401577951,false,5340,278,0.8615403401577951
5340,116844,0.9786463404370784,false,5340,116844,0.9786463404370784
5340,10129,0.9947580054157418,false,5340,10129,0.9947580054157418
5340,4586,0.989721179588871,false,5340,4586,0.989721179588871
5340,100158262,0.9645472451124855,false,5340,100158262,0.9645472451124855
5340,10551,0.993188520452899,false,5340,10551,0.993188520452899
5340,130271,0.7109125724195283,false,5340,130271,0.7109125724195283
5340,378938,0.9839722335744489,false,5340,378938,0.9839722335744489
5340,54897,0.9291864645172062,false,5340,54897,0.9291864645172062
5340,117155,0.9878311728224711,false,5340,117155,0.9878311728224711
5340,112268155,0.993810346337874,false,5340,112268155,0.993810346337874
5340,1152,0.9651880032998187,false,5340,1152,0.9651880032998187
5340,79083,0.9965867739124693,false,5340,79083,0.9965867739124693
5340,66002,0.9881700130287545,false,5340,66002,0.9881700130287545
5340,1556,0.9959892914793695,false,5340,1556,0.9959892914793695
5340,22996,0.9837939415248171,false,5340,22996,0.9837939415248171
5340,55930,0.9860339130040006,false,5340,55930,0.9860339130040006
5340,7620,0.8503431388338027,false,5340,7620,0.8503431388338027
5340,7113,0.9801318878753905,false,5340,7113,0.9801318878753905
5340,54861,0.9717846560755973,false,5340,54861,0.9717846560755973
5340,222256,0.9237416362993144,false,5340,222256,0.9237416362993144
5340,105180391,0.9977665112212418,false,5340,105180391,0.9977665112212418
5340,100529240,0.997838512830376,false,5340,100529240,0.997838512830376
5340,113218482,0.9884648909616037,false,5340,113218482,0.9884648909616037
5340,647024,0.9532960711657843,false,5340,647024,0.9532960711657843
5340,255928,0.9758950794388473,false,5340,255928,0.9758950794388473
5340,151531,0.9531365348132799,false,5340,151531,0.9531365348132799
5340,8537,0.9384570832384853,false,5340,8537,0.9384570832384853
5340,10018,0.9904338967825252,false,5340,10018,0.9904338967825252
5340,115019,0.9911551564121794,false,5340,115019,0.9911551564121794
5340,201625,0.8418866925993289,false,5340,201625,0.8418866925993289
5340,105180390,0.9985361597006002,false,5340,105180390,0.9985361597006002
5340,692058,0.9781588929767567,false,5340,692058,0.9781588929767567
5340,276,0.7985525928914133,false,5340,276,0.7985525928914133
5340,168374,0.9770681763513458,false,5340,168374,0.9770681763513458
5340,83481,0.9613038552707361,false,5340,83481,0.9613038552707361
5340,645843,0.9829084597440626,false,5340,645843,0.9829084597440626
5340,143884,0.9589533065334048,false,5340,143884,0.9589533065334048
5340,1579,0.7047353408820446,false,5340,1579,0.7047353408820446
5340,80004,0.9009255217510891,false,5340,80004,0.9009255217510891
5340,121512,0.97135402604154,false,5340,121512,0.97135402604154
5340,3993,0.9568072514528217,false,5340,3993,0.9568072514528217
5340,389852,0.9927984126270958,false,5340,389852,0.9927984126270958
5340,342892,0.9860282147164701,false,5340,342892,0.9860282147164701
5340,164312,0.9836426318497605,false,5340,164312,0.9836426318497605
5340,84239,0.9700532883291645,false,5340,84239,0.9700532883291645
5340,2065,0.9755270882913019,false,5340,2065,0.9755270882913019
5340,57402,0.9076461552313019,false,5340,57402,0.9076461552313019
5340,1513,0.7553640120764497,false,5340,1513,0.7553640120764497
5340,776,0.8706906933877409,false,5340,776,0.8706906933877409
5340,780,0.8862886574460911,false,5340,780,0.8862886574460911
5340,135656,0.989611382395673,false,5340,135656,0.989611382395673
5340,3880,0.8657851890109091,false,5340,3880,0.8657851890109091
5340,94059,0.9974679518825792,false,5340,94059,0.9974679518825792
5340,26769,0.9435600515572903,false,5340,26769,0.9435600515572903
5340,3960,0.9890761584470701,false,5340,3960,0.9890761584470701
5340,7433,0.9074413191340064,false,5340,7433,0.9074413191340064
5340,284323,0.9877671219660609,false,5340,284323,0.9877671219660609
5340,100129460,0.8354559715343046,false,5340,100129460,0.8354559715343046
5340,65217,0.8900253580102095,false,5340,65217,0.8900253580102095
5340,23584,0.9840926981067044,false,5340,23584,0.9840926981067044
5340,692213,0.9877774359302635,false,5340,692213,0.9877774359302635
5340,153643,0.9416925306250346,false,5340,153643,0.9416925306250346
5340,112268422,0.9874838213926012,false,5340,112268422,0.9874838213926012
5340,649946,0.7848902324104844,false,5340,649946,0.7848902324104844
5340,259294,0.9900455782819192,false,5340,259294,0.9900455782819192
5340,79740,0.9316026869609804,false,5340,79740,0.9316026869609804
5340,2266,0.993615491462454,false,5340,2266,0.993615491462454
5340,745,0.9921427445365658,false,5340,745,0.9921427445365658
5340,440352,0.921684182255964,false,5340,440352,0.921684182255964
4582,3248,0.9709856098801422,false,4582,3248,0.9709856098801422
4582,255189,0.9822011854385778,false,4582,255189,0.9822011854385778
4582,641384,0.991462457390557,false,4582,641384,0.991462457390557
4582,100130449,0.9972361235258872,false,4582,100130449,0.9972361235258872
4582,10103,0.9955452294468004,false,4582,10103,0.9955452294468004
4582,3856,0.919579014207123,false,4582,3856,0.919579014207123
4582,1048,0.9936689771833168,false,4582,1048,0.9936689771833168
4582,100419743,0.9935861715510447,false,4582,100419743,0.9935861715510447
4582,79838,0.9183931729394168,false,4582,79838,0.9183931729394168
4582,3983,0.9905170209567015,false,4582,3983,0.9905170209567015
4582,3694,0.9252704968263412,false,4582,3694,0.9252704968263412
4582,22941,0.9253334316056805,false,4582,22941,0.9253334316056805
4582,285989,0.9900164923059426,false,4582,285989,0.9900164923059426
4582,2627,0.9755632374516394,false,4582,2627,0.9755632374516394
4582,503640,0.9903562944977056,false,4582,503640,0.9903562944977056
4582,259290,0.9574621994780301,false,4582,259290,0.9574621994780301
4582,1555,0.992918604383119,false,4582,1555,0.992918604383119
4582,57528,0.9917582042271216,false,4582,57528,0.9917582042271216
4582,201456,0.9894905813300473,false,4582,201456,0.9894905813300473
4582,142827,0.952603981749395,false,4582,142827,0.952603981749395
4582,57186,0.8932767586197133,false,4582,57186,0.8932767586197133
4582,6751,0.9759270710738597,false,4582,6751,0.9759270710738597
4582,79908,0.7513526012999906,false,4582,79908,0.7513526012999906
4582,102723508,0.9552179631584283,false,4582,102723508,0.9552179631584283
4582,28984,0.8268424990816401,false,4582,28984,0.8268424990816401
4582,130367,0.8798596876550974,false,4582,130367,0.8798596876550974
4582,285335,0.7871325028009925,false,4582,285335,0.7871325028009925
4582,9356,0.9730181215730638,false,4582,9356,0.9730181215730638
4582,1910,0.7771432143883508,false,4582,1910,0.7771432143883508
4582,641776,0.9893300574590812,false,4582,641776,0.9893300574590812
4582,100506658,0.9205177910243032,false,4582,100506658,0.9205177910243032
4582,200373,0.7010947583403506,false,4582,200373,0.7010947583403506
4582,341676,0.9881996001869451,false,4582,341676,0.9881996001869451
4582,148213,0.99866506112792,false,4582,148213,0.99866506112792
4582,10595,0.9659717815943277,false,4582,10595,0.9659717815943277
4582,4583,0.9508717891275094,false,4582,4583,0.9508717891275094
4582,728643,0.9157359330987551,false,4582,728643,0.9157359330987551
4582,55567,0.9824067003212551,false,4582,55567,0.9824067003212551
4582,54997,0.9910692457316662,false,4582,54997,0.9910692457316662
4582,79848,0.9504153997341559,false,4582,79848,0.9504153997341559
4582,219790,0.7117429627231162,false,4582,219790,0.7117429627231162
4582,115677,0.8261795326590031,false,4582,115677,0.8261795326590031
4582,5961,0.9787273018847708,false,4582,5961,0.9787273018847708
4582,7851,0.9991326226822662,false,4582,7851,0.9991326226822662
4582,692072,0.9876868916027219,false,4582,692072,0.9876868916027219
4582,109136579,0.9743545792309237,false,4582,109136579,0.9743545792309237
4582,503645,0.921754969035583,false,4582,503645,0.921754969035583
4582,55808,0.9980772166593099,false,4582,55808,0.9980772166593099
4582,999,0.9714529711032602,false,4582,999,0.9714529711032602
4582,126353,0.9953288206181155,false,4582,126353,0.9953288206181155
4582,26226,0.9757813089142336,false,4582,26226,0.9757813089142336
4582,64332,0.9247588664191015,false,4582,64332,0.9247588664191015
4582,346007,0.8268260107878813,false,4582,346007,0.8268260107878813
4582,388743,0.996539048290739,false,4582,388743,0.996539048290739
4582,116984,0.7145026420196647,false,4582,116984,0.7145026420196647
4582,137872,0.9679063641256628,false,4582,137872,0.9679063641256628
4582,1577,0.991174137996113,false,4582,1577,0.991174137996113
4582,100033430,0.9745604592695926,false,4582,100033430,0.9745604592695926
4582,340267,0.9989273096710527,false,4582,340267,0.9989273096710527
4582,200879,0.9948394641826418,false,4582,200879,0.9948394641826418
4582,1510,0.999313769327397,false,4582,1510,0.999313769327397
4582,441251,0.9397429410644409,false,4582,441251,0.9397429410644409
4582,102723849,0.9931630340768389,false,4582,102723849,0.9931630340768389
4582,9196,0.7560161746678195,false,4582,9196,0.7560161746678195
4582,6337,0.9113694811838726,false,4582,6337,0.9113694811838726
4582,57669,0.9320170641276533,false,4582,57669,0.9320170641276533
4582,619383,0.9798271004305982,false,4582,619383,0.9798271004305982
4582,89765,0.8546027619494156,false,4582,89765,0.8546027619494156
4582,57111,0.9998798205241712,false,4582,57111,0.9998798205241712
4582,278,0.8781325264377788,false,4582,278,0.8781325264377788
4582,116844,0.9920972245837204,false,4582,116844,0.9920972245837204
4582,10129,0.9888156791864638,false,4582,10129,0.9888156791864638
4582,4586,0.9944365248496236,false,4582,4586,0.9944365248496236
4582,100158262,0.9604502953285999,false,4582,100158262,0.9604502953285999
4582,10551,0.9978613427479258,false,4582,10551,0.9978613427479258
4582,688,0.7187829133636244,false,4582,688,0.7187829133636244
4582,378938,0.9743442151098909,false,4582,378938,0.9743442151098909
4582,54897,0.8909680362653819,false,4582,54897,0.8909680362653819
4582,117155,0.9876887611070317,false,4582,117155,0.9876887611070317
4582,112268155,0.991301152829811,false,4582,112268155,0.991301152829811
4582,1152,0.9531338990714179,false,4582,1152,0.9531338990714179
4582,79083,0.9932391489683436,false,4582,79083,0.9932391489683436
4582,66002,0.9947081979151643,false,4582,66002,0.9947081979151643
4582,1556,0.9954027943792145,false,4582,1556,0.9954027943792145
4582,22996,0.9958575340809781,false,4582,22996,0.9958575340809781
4582,55930,0.9950765231762095,false,4582,55930,0.9950765231762095
4582,7620,0.8283128127765486,false,4582,7620,0.8283128127765486
4582,7113,0.9935219592127846,false,4582,7113,0.9935219592127846
4582,54861,0.9423506805485711,false,4582,54861,0.9423506805485711
4582,222256,0.9399642444208541,false,4582,222256,0.9399642444208541
4582,105180391,0.9836904865525248,false,4582,105180391,0.9836904865525248
4582,100529240,0.9948923625990537,false,4582,100529240,0.9948923625990537
4582,113218482,0.9957124144521827,false,4582,113218482,0.9957124144521827
4582,647024,0.9764759376488399,false,4582,647024,0.9764759376488399
4582,255928,0.9858706374311823,false,4582,255928,0.9858706374311823
4582,151531,0.9742793389488326,false,4582,151531,0.9742793389488326
4582,8537,0.9523338464192704,false,4582,8537,0.9523338464192704
4582,10018,0.9958325737860672,false,4582,10018,0.9958325737860672
4582,115019,0.9971745906488366,false,4582,115019,0.9971745906488366
4582,201625,0.844969254182655,false,4582,201625,0.844969254182655
4582,105180390,0.9874209205673399,false,4582,105180390,0.9874209205673399
4582,692058,0.987181600298217,false,4582,692058,0.987181600298217
4582,276,0.8200520885760512,false,4582,276,0.8200520885760512
4582,168374,0.9764630599298567,false,4582,168374,0.9764630599298567
4582,83481,0.9816809640234894,false,4582,83481,0.9816809640234894
4582,645843,0.9813169151542017,false,4582,645843,0.9813169151542017
4582,143884,0.9383170576815688,false,4582,143884,0.9383170576815688
4582,80004,0.9288001138738639,false,4582,80004,0.9288001138738639
4582,121512,0.9626068414251152,false,4582,121512,0.9626068414251152
4582,3993,0.9712394594165158,false,4582,3993,0.9712394594165158
4582,389852,0.997506309590792,false,4582,389852,0.997506309590792
4582,342892,0.9618514517513254,false,4582,342892,0.9618514517513254
4582,164312,0.9914206998602061,false,4582,164312,0.9914206998602061
4582,84239,0.9606806984424767,false,4582,84239,0.9606806984424767
4582,2065,0.9833463897146892,false,4582,2065,0.9833463897146892
4582,57402,0.9007543201478142,false,4582,57402,0.9007543201478142
4582,1513,0.7204826656629845,false,4582,1513,0.7204826656629845
4582,776,0.8086827079922446,false,4582,776,0.8086827079922446
4582,780,0.9317244255620023,false,4582,780,0.9317244255620023
4582,135656,0.99379875265883,false,4582,135656,0.99379875265883
4582,3880,0.8917015207412178,false,4582,3880,0.8917015207412178
4582,94059,0.9958222444184424,false,4582,94059,0.9958222444184424
4582,26769,0.9568846756694775,false,4582,26769,0.9568846756694775
4582,3960,0.9937080991043354,false,4582,3960,0.9937080991043354
4582,7433,0.8781700755207283,false,4582,7433,0.8781700755207283
4582,284323,0.9789115915021759,false,4582,284323,0.9789115915021759
4582,100129460,0.8373521476185046,false,4582,100129460,0.8373521476185046
4582,65217,0.8299746706751421,false,4582,65217,0.8299746706751421
4582,23584,0.9751376143797349,false,4582,23584,0.9751376143797349
4582,692213,0.9978567792011396,false,4582,692213,0.9978567792011396
4582,153643,0.9640171370339876,false,4582,153643,0.9640171370339876
4582,112268422,0.9909605646978207,false,4582,112268422,0.9909605646978207
4582,649946,0.7389570671092404,false,4582,649946,0.7389570671092404
4582,259294,0.9847679660694473,false,4582,259294,0.9847679660694473
4582,79740,0.9353101141044363,false,4582,79740,0.9353101141044363
4582,2266,0.9867084980189509,false,4582,2266,0.9867084980189509
4582,745,0.9973747910973506,false,4582,745,0.9973747910973506
4582,440352,0.9296021997654782,false,4582,440352,0.9296021997654782
11081,3481,0.9266643336599995,false,11081,3481,0.9266643336599995
11081,4062,0.994717464540454,false,11081,4062,0.994717464540454
11081,7125,0.995287169378378,false,11081,7125,0.995287169378378
11081,3229,0.9946328312137452,false,11081,3229,0.9946328312137452
11081,7060,0.9958441106484117,false,11081,7060,0.9958441106484117
11081,102723382,0.8370203282074385,false,11081,102723382,0.8370203282074385
11081,54112,0.9941617010547348,false,11081,54112,0.9941617010547348
11081,4892,0.9955664936867531,false,11081,4892,0.9955664936867531
11081,3207,0.8176203082413853,false,11081,3207,0.8176203082413853
11081,644649,0.7961057874048135,false,11081,644649,0.7961057874048135
11081,3929,0.9976245283939178,false,11081,3929,0.9976245283939178
11081,105369937,0.9941617010547348,false,11081,105369937,0.9941617010547348
11081,27022,0.8871369578659624,false,11081,27022,0.8871369578659624
11081,107984498,0.9947378874787443,false,11081,107984498,0.9947378874787443
11081,284111,0.9991417022892843,false,11081,284111,0.9991417022892843
11081,100130701,0.7262634086142014,false,11081,100130701,0.7262634086142014
11081,128674,0.9941617010547348,false,11081,128674,0.9941617010547348
11081,7780,0.9974669162427817,false,11081,7780,0.9974669162427817
11081,101928580,0.9522436457145252,false,11081,101928580,0.9522436457145252
11081,1028,0.72471118778923,false,11081,1028,0.72471118778923
11081,57110,0.9969312363005634,false,11081,57110,0.9969312363005634
11081,646480,0.9902986423450194,false,11081,646480,0.9902986423450194
11081,4606,0.9946393016651391,false,11081,4606,0.9946393016651391
3481,4062,0.9449609921756147,false,3481,4062,0.9449609921756147
3481,7125,0.9473219068554305,false,3481,7125,0.9473219068554305
3481,3229,0.9456451696671756,false,3481,3229,0.9456451696671756
3481,7060,0.9471247375462019,false,3481,7060,0.9471247375462019
3481,102723382,0.8600168442878126,false,3481,102723382,0.8600168442878126
3481,54112,0.9476502486780098,false,3481,54112,0.9476502486780098
3481,4892,0.9468781338162543,false,3481,4892,0.9468781338162543
3481,3207,0.7061548029622793,false,3481,3207,0.7061548029622793
3481,644649,0.7411746726531958,false,3481,644649,0.7411746726531958
3481,3929,0.9488382055327301,false,3481,3929,0.9488382055327301
3481,105369937,0.94765024867801,false,3481,105369937,0.94765024867801
3481,27022,0.7545358610410416,false,3481,27022,0.7545358610410416
3481,107984498,0.9447409541721442,false,3481,107984498,0.9447409541721442
3481,284111,0.9362986312664865,false,3481,284111,0.9362986312664865
3481,128674,0.94765024867801,false,3481,128674,0.94765024867801
3481,7780,0.9420349618523148,false,3481,7780,0.9420349618523148
3481,101928580,0.9535402898089825,false,3481,101928580,0.9535402898089825
3481,57110,0.9435756800386569,false,3481,57110,0.9435756800386569
3481,646480,0.9256431479024627,false,3481,646480,0.9256431479024627
3481,4606,0.9456263303412729,false,3481,4606,0.9456263303412729
284266,375612,0.721264631410484,false,284266,375612,0.721264631410484
284266,722,0.8130617069482794,false,284266,722,0.8130617069482794
284266,730,0.9148789079159764,false,284266,730,0.9148789079159764
284266,728226,0.7408309870568935,false,284266,728226,0.7408309870568935
284266,22943,0.8427423001905543,false,284266,22943,0.8427423001905543
284266,2696,0.8527648982190004,false,284266,2696,0.8527648982190004
284266,5787,0.7033858023791832,false,284266,5787,0.7033858023791832
284266,54084,0.8177638158907005,false,284266,54084,0.8177638158907005
284266,100129940,0.9004420792536404,false,284266,100129940,0.9004420792536404
284266,339983,0.916561205694787,false,284266,339983,0.916561205694787
284266,6969,0.9226476341623858,false,284266,6969,0.9226476341623858
284266,221395,0.7702165482218054,false,284266,221395,0.7702165482218054
284266,7473,0.8507608694192745,false,284266,7473,0.8507608694192745
284266,6332,0.8266526054591627,false,284266,6332,0.8266526054591627
284266,9223,0.948789615716487,false,284266,9223,0.948789615716487
284266,1180,0.7574706099541132,false,284266,1180,0.7574706099541132
284266,653082,0.926965730884916,false,284266,653082,0.926965730884916
284266,2277,0.8330587039461868,false,284266,2277,0.8330587039461868
284266,825,0.8057518428912647,false,284266,825,0.8057518428912647
284266,388327,0.7564734092821046,false,284266,388327,0.7564734092821046
284266,109729184,0.770310219352067,false,284266,109729184,0.770310219352067
284266,79148,0.8427027126663305,false,284266,79148,0.8427027126663305
284266,6532,0.7719669255409527,false,284266,6532,0.7719669255409527
284266,100996506,0.8165610783314239,false,284266,100996506,0.8165610783314239
284266,100505495,0.7487932662960932,false,284266,100505495,0.7487932662960932
284266,256076,0.8581786887540264,false,284266,256076,0.8581786887540264
284266,9411,0.8641308548946828,false,284266,9411,0.8641308548946828
284266,9771,0.7333706769505166,false,284266,9771,0.7333706769505166
284266,100820829,0.9452372984059928,false,284266,100820829,0.9452372984059928
284266,10203,0.7997478300385749,false,284266,10203,0.7997478300385749
284266,105373265,0.8175330088792006,false,284266,105373265,0.8175330088792006
284266,9211,0.916561205694787,false,284266,9211,0.916561205694787
3248,255189,0.9542557219552307,false,3248,255189,0.9542557219552307
3248,641384,0.9708725222999797,false,3248,641384,0.9708725222999797
3248,100130449,0.9625190160358009,false,3248,100130449,0.9625190160358009
3248,10103,0.9563868418386664,false,3248,10103,0.9563868418386664
3248,3856,0.8543269409564584,false,3248,3856,0.8543269409564584
3248,1048,0.9715343941608829,false,3248,1048,0.9715343941608829
3248,100419743,0.9713293012170646,false,3248,100419743,0.9713293012170646
3248,79838,0.8863382610715861,false,3248,79838,0.8863382610715861
3248,10529,0.7036543201519139,false,3248,10529,0.7036543201519139
3248,3983,0.9684197047132673,false,3248,3983,0.9684197047132673
3248,3694,0.9014116920928708,false,3248,3694,0.9014116920928708
3248,22941,0.9358836432503241,false,3248,22941,0.9358836432503241
3248,285989,0.9849958843062406,false,3248,285989,0.9849958843062406
3248,2627,0.9708778862267431,false,3248,2627,0.9708778862267431
3248,503640,0.9863637395141184,false,3248,503640,0.9863637395141184
3248,259290,0.9826317476752631,false,3248,259290,0.9826317476752631
3248,1555,0.9523757344324436,false,3248,1555,0.9523757344324436
3248,57528,0.9723445619926155,false,3248,57528,0.9723445619926155
3248,201456,0.9842039460326673,false,3248,201456,0.9842039460326673
3248,142827,0.9095729544631554,false,3248,142827,0.9095729544631554
3248,57186,0.926881285672564,false,3248,57186,0.926881285672564
3248,6751,0.964199247174671,false,3248,6751,0.964199247174671
3248,79908,0.8408083766779937,false,3248,79908,0.8408083766779937
3248,102723508,0.963687683289301,false,3248,102723508,0.963687683289301
3248,28984,0.8084672014146834,false,3248,28984,0.8084672014146834
3248,130367,0.817976982374358,false,3248,130367,0.817976982374358
3248,9356,0.9946651722704664,false,3248,9356,0.9946651722704664
3248,1910,0.8058497434498435,false,3248,1910,0.8058497434498435
3248,641776,0.988674547431894,false,3248,641776,0.988674547431894
3248,100506658,0.9213174593416968,false,3248,100506658,0.9213174593416968
3248,341676,0.9563484438102268,false,3248,341676,0.9563484438102268
3248,148213,0.9766848558027916,false,3248,148213,0.9766848558027916
3248,10595,0.9102853714476167,false,3248,10595,0.9102853714476167
3248,4583,0.892690711923524,false,3248,4583,0.892690711923524
3248,728643,0.9799846837753963,false,3248,728643,0.9799846837753963
3248,55567,0.9495616461071248,false,3248,55567,0.9495616461071248
3248,54997,0.9848994595092309,false,3248,54997,0.9848994595092309
3248,79848,0.979145434462325,false,3248,79848,0.979145434462325
3248,219790,0.8523921625690206,false,3248,219790,0.8523921625690206
3248,115677,0.908575101117872,false,3248,115677,0.908575101117872
3248,5961,0.989102805397476,false,3248,5961,0.989102805397476
3248,7851,0.9758241765384885,false,3248,7851,0.9758241765384885
3248,692072,0.9668637800854021,false,3248,692072,0.9668637800854021
3248,109136579,0.9730967699777145,false,3248,109136579,0.9730967699777145
3248,503645,0.9800321399386925,false,3248,503645,0.9800321399386925
3248,55808,0.9728445709725068,false,3248,55808,0.9728445709725068
3248,999,0.9232348209579176,false,3248,999,0.9232348209579176
3248,126353,0.9486124599389876,false,3248,126353,0.9486124599389876
3248,26226,0.9884477564118307,false,3248,26226,0.9884477564118307
3248,64332,0.9280586794253479,false,3248,64332,0.9280586794253479
3248,346007,0.8883187408948279,false,3248,346007,0.8883187408948279
3248,388743,0.9717731717855091,false,3248,388743,0.9717731717855091
3248,116984,0.7309862007620654,false,3248,116984,0.7309862007620654
3248,137872,0.9373713315233584,false,3248,137872,0.9373713315233584
3248,1577,0.9744261434604238,false,3248,1577,0.9744261434604238
3248,100033430,0.932301111021013,false,3248,100033430,0.932301111021013
3248,340267,0.9715203429781502,false,3248,340267,0.9715203429781502
3248,200879,0.9787155476147479,false,3248,200879,0.9787155476147479
3248,1510,0.9639043705232108,false,3248,1510,0.9639043705232108
3248,441251,0.9190300138261368,false,3248,441251,0.9190300138261368
3248,102723849,0.9833701329264145,false,3248,102723849,0.9833701329264145
3248,9196,0.8821820490813752,false,3248,9196,0.8821820490813752
3248,6337,0.9121971791729903,false,3248,6337,0.9121971791729903
3248,57669,0.9829219226448236,false,3248,57669,0.9829219226448236
3248,619383,0.9726846893347113,false,3248,619383,0.9726846893347113
3248,89765,0.7596815683427334,false,3248,89765,0.7596815683427334
3248,57111,0.9724751769977685,false,3248,57111,0.9724751769977685
3248,278,0.8312372564169286,false,3248,278,0.8312372564169286
3248,116844,0.9516378154968366,false,3248,116844,0.9516378154968366
3248,10129,0.9835798042845987,false,3248,10129,0.9835798042845987
3248,4586,0.9714588626013395,false,3248,4586,0.9714588626013395
3248,100158262,0.951690400097755,false,3248,100158262,0.951690400097755
3248,10551,0.9746935381398528,false,3248,10551,0.9746935381398528
3248,130271,0.776907029529119,false,3248,130271,0.776907029529119
3248,378938,0.9730554193049955,false,3248,378938,0.9730554193049955
3248,54897,0.9580682080348094,false,3248,54897,0.9580682080348094
3248,117155,0.9744841156664373,false,3248,117155,0.9744841156664373
3248,112268155,0.9786467976315492,false,3248,112268155,0.9786467976315492
3248,1152,0.9668634892041468,false,3248,1152,0.9668634892041468
3248,79083,0.9853579941598651,false,3248,79083,0.9853579941598651
3248,66002,0.9704740104628665,false,3248,66002,0.9704740104628665
3248,1556,0.9852433676369805,false,3248,1556,0.9852433676369805
3248,22996,0.9642300004395752,false,3248,22996,0.9642300004395752
3248,55930,0.9693019374431704,false,3248,55930,0.9693019374431704
3248,7620,0.8564550613698757,false,3248,7620,0.8564550613698757
3248,7113,0.9552112727335602,false,3248,7113,0.9552112727335602
3248,54861,0.9818179180037765,false,3248,54861,0.9818179180037765
3248,222256,0.894451361961485,false,3248,222256,0.894451361961485
3248,105180391,0.9940601980690972,false,3248,105180391,0.9940601980690972
3248,100529240,0.9851438068771806,false,3248,100529240,0.9851438068771806
3248,113218482,0.9686954353092706,false,3248,113218482,0.9686954353092706
3248,647024,0.9212663620324837,false,3248,647024,0.9212663620324837
3248,255928,0.9528785914771977,false,3248,255928,0.9528785914771977
3248,151531,0.917531799129916,false,3248,151531,0.917531799129916
3248,8537,0.9103643204892625,false,3248,8537,0.9103643204892625
3248,10018,0.971561726982495,false,3248,10018,0.971561726982495
3248,115019,0.9725399243511753,false,3248,115019,0.9725399243511753
3248,201625,0.8306258476220384,false,3248,201625,0.8306258476220384
3248,105180390,0.9924032130065508,false,3248,105180390,0.9924032130065508
3248,692058,0.9536385175961746,false,3248,692058,0.9536385175961746
3248,276,0.7644344802067109,false,3248,276,0.7644344802067109
3248,168374,0.9598522383448118,false,3248,168374,0.9598522383448118
3248,83481,0.9340420242625825,false,3248,83481,0.9340420242625825
3248,645843,0.9683503554659444,false,3248,645843,0.9683503554659444
3248,143884,0.9582267003400504,false,3248,143884,0.9582267003400504
3248,1579,0.7025521548277093,false,3248,1579,0.7025521548277093
3248,80004,0.865262499138018,false,3248,80004,0.865262499138018
3248,121512,0.9626781339862593,false,3248,121512,0.9626781339862593
3248,3993,0.9407757422818834,false,3248,3993,0.9407757422818834
3248,389852,0.9737788095247533,false,3248,389852,0.9737788095247533
3248,342892,0.9927378195888112,false,3248,342892,0.9927378195888112
3248,164312,0.9690373245898605,false,3248,164312,0.9690373245898605
3248,84239,0.967278525786771,false,3248,84239,0.967278525786771
3248,2065,0.9561074089935724,false,3248,2065,0.9561074089935724
3248,57402,0.9171039239671507,false,3248,57402,0.9171039239671507
3248,1513,0.7655807533615985,false,3248,1513,0.7655807533615985
3248,776,0.915393052987029,false,3248,776,0.915393052987029
3248,780,0.8452081355825863,false,3248,780,0.8452081355825863
3248,135656,0.9718726358588455,false,3248,135656,0.9718726358588455
3248,3880,0.8387469817607022,false,3248,3880,0.8387469817607022
3248,94059,0.9839524412910168,false,3248,94059,0.9839524412910168
3248,26769,0.9138869945716562,false,3248,26769,0.9138869945716562
3248,3960,0.9712295746696648,false,3248,3960,0.9712295746696648
3248,7433,0.9330575304966096,false,3248,7433,0.9330575304966096
3248,284323,0.9812426688243395,false,3248,284323,0.9812426688243395
3248,100129460,0.8140920612983646,false,3248,100129460,0.8140920612983646
3248,65217,0.9297713486143965,false,3248,65217,0.9297713486143965
3248,23584,0.9825853466906318,false,3248,23584,0.9825853466906318
3248,692213,0.9666642893971924,false,3248,692213,0.9666642893971924
3248,153643,0.9076402844946031,false,3248,153643,0.9076402844946031
3248,112268422,0.9702704475186867,false,3248,112268422,0.9702704475186867
3248,649946,0.8032632000331035,false,3248,649946,0.8032632000331035
3248,259294,0.9801132273865609,false,3248,259294,0.9801132273865609
3248,79740,0.9278692725263191,false,3248,79740,0.9278692725263191
3248,2266,0.9834882291612747,false,3248,2266,0.9834882291612747
3248,745,0.9764553329606579,false,3248,745,0.9764553329606579
3248,440352,0.917510347855079,false,3248,440352,0.917510347855079
1636,105375355,0.7772777477294011,false,1636,105375355,0.7772777477294011
1636,102724057,0.7727687575866061,false,1636,102724057,0.7727687575866061
1636,1580,0.8010997745520275,false,1636,1580,0.8010997745520275
1636,375612,0.7354992818214987,false,1636,375612,0.7354992818214987
1636,9914,0.7941109236053028,false,1636,9914,0.7941109236053028
1636,2327,0.8308410391401597,false,1636,2327,0.8308410391401597
1636,7080,0.7863976279266673,false,1636,7080,0.7863976279266673
1636,728226,0.7613626286862011,false,1636,728226,0.7613626286862011
1636,128602,0.8604857507306146,false,1636,128602,0.8604857507306146
1636,6332,0.7299349663685952,false,1636,6332,0.7299349663685952
1636,2595,0.8676181647800006,false,1636,2595,0.8676181647800006
1636,2277,0.7202871115073439,false,1636,2277,0.7202871115073439
1636,93517,0.7038283122364226,false,1636,93517,0.7038283122364226
1636,11185,0.8916113036561049,false,1636,11185,0.8916113036561049
1636,2125,0.7353079908292506,false,1636,2125,0.7353079908292506
1636,84867,0.7611595487086616,false,1636,84867,0.7611595487086616
1636,284680,0.8350632806629215,false,1636,284680,0.8350632806629215
1636,128218,0.8460964547156956,false,1636,128218,0.8460964547156956
1636,21,0.7120493005558567,false,1636,21,0.7120493005558567
1636,284434,0.8026488397184309,false,1636,284434,0.8026488397184309
1636,9052,0.8519627511097229,false,1636,9052,0.8519627511097229
1636,440590,0.7219932669276676,false,1636,440590,0.7219932669276676
1636,55282,0.720428717041332,false,1636,55282,0.720428717041332
1636,79098,0.8064666701302433,false,1636,79098,0.8064666701302433
1636,165186,0.7366095676991755,false,1636,165186,0.7366095676991755
105375355,102724057,0.9134323152295879,false,105375355,102724057,0.9134323152295879
105375355,103504738,0.9673726478349333,false,105375355,103504738,0.9673726478349333
105375355,1580,0.9928084273765772,false,105375355,1580,0.9928084273765772
105375355,177,0.7992079335176894,false,105375355,177,0.7992079335176894
105375355,9914,0.8442034564222233,false,105375355,9914,0.8442034564222233
105375355,56241,0.9713078908162032,false,105375355,56241,0.9713078908162032
105375355,89,0.921807092924058,false,105375355,89,0.921807092924058
105375355,57526,0.9292325620723026,false,105375355,57526,0.9292325620723026
105375355,2327,0.9616328634748058,false,105375355,2327,0.9616328634748058
105375355,146556,0.9312713847440305,false,105375355,146556,0.9312713847440305
105375355,7080,0.8733628755754961,false,105375355,7080,0.8733628755754961
105375355,6439,0.8025193428263176,false,105375355,6439,0.8025193428263176
105375355,406903,0.9094949415538046,false,105375355,406903,0.9094949415538046
105375355,84842,0.9222549808607594,false,105375355,84842,0.9222549808607594
105375355,388555,0.9537312589045829,false,105375355,388555,0.9537312589045829
105375355,128602,0.9391189943372074,false,105375355,128602,0.9391189943372074
105375355,100506380,0.8351728073528156,false,105375355,100506380,0.8351728073528156
105375355,363,0.9537312589045828,false,105375355,363,0.9537312589045828
105375355,65998,0.8816447890329916,false,105375355,65998,0.8816447890329916
105375355,419,0.9537312589045829,false,105375355,419,0.9537312589045829
105375355,93517,0.9693786270843946,false,105375355,93517,0.9693786270843946
105375355,388633,0.9524267190624987,false,105375355,388633,0.9524267190624987
105375355,11185,0.9218799984216136,false,105375355,11185,0.9218799984216136
105375355,10586,0.9690932447110988,false,105375355,10586,0.9690932447110988
105375355,2125,0.9708423651526418,false,105375355,2125,0.9708423651526418
105375355,3780,0.9068643250175182,false,105375355,3780,0.9068643250175182
105375355,163479,0.836428709033843,false,105375355,163479,0.836428709033843
105375355,84867,0.8782963025929273,false,105375355,84867,0.8782963025929273
105375355,284680,0.7752345219723046,false,105375355,284680,0.7752345219723046
105375355,128218,0.8150094026441451,false,105375355,128218,0.8150094026441451
105375355,5349,0.9670942275595017,false,105375355,5349,0.9670942275595017
105375355,113219467,0.7649630222778675,false,105375355,113219467,0.7649630222778675
105375355,26797,0.8816414804222424,false,105375355,26797,0.8816414804222424
105375355,692209,0.8360578467579376,false,105375355,692209,0.8360578467579376
105375355,84525,0.7741886603457128,false,105375355,84525,0.7741886603457128
105375355,4861,0.9380704556030892,false,105375355,4861,0.9380704556030892
105375355,21,0.8578245582472543,false,105375355,21,0.8578245582472543
105375355,284434,0.9629345157467358,false,105375355,284434,0.9629345157467358
105375355,9052,0.7790775323098251,false,105375355,9052,0.7790775323098251
105375355,56955,0.7032490101655293,false,105375355,56955,0.7032490101655293
105375355,100423031,0.9537312589045829,false,105375355,100423031,0.9537312589045829
105375355,79098,0.8490587070300317,false,105375355,79098,0.8490587070300317
105375355,1515,0.7774924935916663,false,105375355,1515,0.7774924935916663
105375355,3855,0.7523591994102659,false,105375355,3855,0.7523591994102659
105375355,165186,0.9123391966059272,false,105375355,165186,0.9123391966059272
677831,5544,0.7255435627602743,false,677831,5544,0.7255435627602743
677831,28984,0.762087756607786,false,677831,28984,0.762087756607786
677831,51185,0.9473419195603685,false,677831,51185,0.9473419195603685
677831,285335,0.7185194266415786,false,677831,285335,0.7185194266415786
677831,6103,0.8391759534793588,false,677831,6103,0.8391759534793588
677831,278,0.7710900591842267,false,677831,278,0.7710900591842267
677831,688,0.762356894818973,false,677831,688,0.762356894818973
677831,285,0.8914593175322572,false,677831,285,0.8914593175322572
677831,4585,0.7571225687463218,false,677831,4585,0.7571225687463218
677831,1604,0.8813164291367013,false,677831,1604,0.8813164291367013
677831,1043,0.7209061454626092,false,677831,1043,0.7209061454626092
677831,276,0.790181080264201,false,677831,276,0.790181080264201
677831,1513,0.8694475534320096,false,677831,1513,0.8694475534320096
677831,84851,0.7863796883324444,false,677831,84851,0.7863796883324444
677831,100129460,0.758295974070349,false,677831,100129460,0.758295974070349
677831,649946,0.7689874050489434,false,677831,649946,0.7689874050489434
4318,105377033,0.7557916177079316,false,4318,105377033,0.7557916177079316
4318,10568,0.7669107988521164,false,4318,10568,0.7669107988521164
4318,33,0.7812957733641556,false,4318,33,0.7812957733641556
4318,10917,0.9007802501077937,false,4318,10917,0.9007802501077937
4318,11254,0.8854291235606793,false,4318,11254,0.8854291235606793
4318,286207,0.7210034502139303,false,4318,286207,0.7210034502139303
4318,5555,0.8154743219798775,false,4318,5555,0.8154743219798775
4318,5544,0.8465200659882652,false,4318,5544,0.8465200659882652
4318,10579,0.8087098424468668,false,4318,10579,0.8087098424468668
4318,474354,0.8458426263407579,false,4318,474354,0.8458426263407579
4318,1906,0.8137908822500105,false,4318,1906,0.8137908822500105
4318,3240,0.8980424225159499,false,4318,3240,0.8980424225159499
4318,7033,0.8599004401367526,false,4318,7033,0.8599004401367526
4318,221395,0.7202655583796571,false,4318,221395,0.7202655583796571
4318,6103,0.7387764895121787,false,4318,6103,0.7387764895121787
4318,64073,0.7076892668750229,false,4318,64073,0.7076892668750229
4318,56892,0.7852239703352321,false,4318,56892,0.7852239703352321
4318,8091,0.9588916785334491,false,4318,8091,0.9588916785334491
4318,3875,0.7193263193132425,false,4318,3875,0.7193263193132425
4318,7356,0.7170738268421044,false,4318,7356,0.7170738268421044
4318,400578,0.8394846170174555,false,4318,400578,0.8394846170174555
4318,94025,0.8762051049632023,false,4318,94025,0.8762051049632023
4318,109729184,0.9177793133962742,false,4318,109729184,0.9177793133962742
4318,728276,0.7518417682400594,false,4318,728276,0.7518417682400594
4318,101927516,0.9488767091561967,false,4318,101927516,0.9488767091561967
4318,5545,0.8555806364033289,false,4318,5545,0.8555806364033289
4318,727897,0.8585476569710093,false,4318,727897,0.8585476569710093
4318,54848,0.7504667999022869,false,4318,54848,0.7504667999022869
4318,79632,0.8566199417592699,false,4318,79632,0.8566199417592699
4318,4585,0.7604860902924437,false,4318,4585,0.7604860902924437
4318,1767,0.8035104141949407,false,4318,1767,0.8035104141949407
4318,1604,0.7407259457749459,false,4318,1604,0.7407259457749459
4318,195814,0.7597176889458509,false,4318,195814,0.7597176889458509
4318,2122,0.7408626255881228,false,4318,2122,0.7408626255881228
4318,105,0.8525075942974658,false,4318,105,0.8525075942974658
4318,84059,0.795606492258695,false,4318,84059,0.795606492258695
4318,57477,0.8160310662718592,false,4318,57477,0.8160310662718592
4318,120892,0.8137833965326886,false,4318,120892,0.8137833965326886
4318,4057,0.8473760569160752,false,4318,4057,0.8473760569160752
4318,220136,0.7612292852762563,false,4318,220136,0.7612292852762563
4318,112577518,0.8404664702874008,false,4318,112577518,0.8404664702874008
4318,9370,0.8433226173667947,false,4318,9370,0.8433226173667947
4318,693188,0.9105283713795276,false,4318,693188,0.9105283713795276
4318,6799,0.7824016749872046,false,4318,6799,0.7824016749872046
4318,353189,0.8130605805987875,false,4318,353189,0.8130605805987875
4318,563,0.8335082640100259,false,4318,563,0.8335082640100259
4318,84851,0.8630591930658632,false,4318,84851,0.8630591930658632
4318,10203,0.7775933164302151,false,4318,10203,0.7775933164302151
4318,4069,0.8519459828400927,false,4318,4069,0.8519459828400927
4318,1080,0.8421356721036375,false,4318,1080,0.8421356721036375
4318,123872,0.7056198273362342,false,4318,123872,0.7056198273362342
4318,1286,0.7934831487366825,false,4318,1286,0.7934831487366825
4318,105372793,0.8964237674495339,false,4318,105372793,0.8964237674495339
4318,100874095,0.8433226173667947,false,4318,100874095,0.8433226173667947
4318,144535,0.7255539904694899,false,4318,144535,0.7255539904694899
4318,26298,0.7874564348903261,false,4318,26298,0.7874564348903261
4318,100033436,0.7685155575479187,false,4318,100033436,0.7685155575479187
105377033,10568,0.9378519422942366,false,105377033,10568,0.9378519422942366
105377033,33,0.9453429351558497,false,105377033,33,0.9453429351558497
105377033,1770,0.8952991627214917,false,105377033,1770,0.8952991627214917
105377033,10917,0.8509717118789026,false,105377033,10917,0.8509717118789026
105377033,11254,0.970155734102624,false,105377033,11254,0.970155734102624
105377033,286207,0.8733365128442253,false,105377033,286207,0.8733365128442253
105377033,5555,0.8319829112124983,false,105377033,5555,0.8319829112124983
105377033,57530,0.8549827968871326,false,105377033,57530,0.8549827968871326
105377033,60494,0.8796551523499115,false,105377033,60494,0.8796551523499115
105377033,5544,0.8663689157864927,false,105377033,5544,0.8663689157864927
105377033,10579,0.788681832379079,false,105377033,10579,0.788681832379079
105377033,146177,0.7543929785616742,false,105377033,146177,0.7543929785616742
105377033,1906,0.7843674118853886,false,105377033,1906,0.7843674118853886
105377033,3240,0.9059548431743889,false,105377033,3240,0.9059548431743889
105377033,7033,0.9775435216946949,false,105377033,7033,0.9775435216946949
105377033,718,0.7050912011521914,false,105377033,718,0.7050912011521914
105377033,64073,0.9969822305526753,false,105377033,64073,0.9969822305526753
105377033,253970,0.8230120947749463,false,105377033,253970,0.8230120947749463
105377033,6441,0.9004223948297214,false,105377033,6441,0.9004223948297214
105377033,4070,0.9695203964685869,false,105377033,4070,0.9695203964685869
105377033,56892,0.9278904156933602,false,105377033,56892,0.9278904156933602
105377033,8091,0.8838921520655939,false,105377033,8091,0.8838921520655939
105377033,3875,0.8126060658573151,false,105377033,3875,0.8126060658573151
105377033,160728,0.9635055321917428,false,105377033,160728,0.9635055321917428
105377033,4680,0.8723172755101855,false,105377033,4680,0.8723172755101855
105377033,7356,0.9890514000688484,false,105377033,7356,0.9890514000688484
105377033,109729127,0.9858807942889589,false,105377033,109729127,0.9858807942889589
105377033,400578,0.9746981034603518,false,105377033,400578,0.9746981034603518
105377033,94025,0.9615345219095167,false,105377033,94025,0.9615345219095167
105377033,728276,0.9993759528658567,false,105377033,728276,0.9993759528658567
105377033,101927516,0.7081471992665851,false,105377033,101927516,0.7081471992665851
105377033,102723635,0.808560176531728,false,105377033,102723635,0.808560176531728
105377033,5545,0.9662861237933903,false,105377033,5545,0.9662861237933903
105377033,727897,0.9550493159534652,false,105377033,727897,0.9550493159534652
105377033,54848,0.9001436959648069,false,105377033,54848,0.9001436959648069
105377033,79632,0.7263613750776038,false,105377033,79632,0.7263613750776038
105377033,4585,0.7366157083123638,false,105377033,4585,0.7366157083123638
105377033,1767,0.9014298622798214,false,105377033,1767,0.9014298622798214
105377033,1604,0.7407493603338381,false,105377033,1604,0.7407493603338381
105377033,9476,0.8237892771336047,false,105377033,9476,0.8237892771336047
105377033,117156,0.955008372406049,false,105377033,117156,0.955008372406049
105377033,195814,0.9817902728157633,false,105377033,195814,0.9817902728157633
105377033,140766,0.8264844545246014,false,105377033,140766,0.8264844545246014
105377033,105,0.9830828520923383,false,105377033,105,0.9830828520923383
105377033,84059,0.7071340097883774,false,105377033,84059,0.7071340097883774
105377033,6097,0.8441381729336329,false,105377033,6097,0.8441381729336329
105377033,120892,0.7906259284973715,false,105377033,120892,0.7906259284973715
105377033,4057,0.9826600334277126,false,105377033,4057,0.9826600334277126
105377033,220136,0.9553009412833993,false,105377033,220136,0.9553009412833993
105377033,112577518,0.9704038612378406,false,105377033,112577518,0.9704038612378406
105377033,9370,0.9748787137449647,false,105377033,9370,0.9748787137449647
105377033,693188,0.8440661424384225,false,105377033,693188,0.8440661424384225
105377033,389376,0.9382917777575825,false,105377033,389376,0.9382917777575825
105377033,6799,0.9932329729800897,false,105377033,6799,0.9932329729800897
105377033,353189,0.907698456683099,false,105377033,353189,0.907698456683099
105377033,563,0.9766042677614625,false,105377033,563,0.9766042677614625
105377033,84851,0.7466629686994655,false,105377033,84851,0.7466629686994655
105377033,4069,0.8998217399058521,false,105377033,4069,0.8998217399058521
105377033,1080,0.7747725868608976,false,105377033,1080,0.7747725868608976
105377033,123872,0.9150269239355487,false,105377033,123872,0.9150269239355487
105377033,105372793,0.950162669302559,false,105377033,105372793,0.950162669302559
105377033,653509,0.8078768929333485,false,105377033,653509,0.8078768929333485
105377033,100874095,0.9748787137449647,false,105377033,100874095,0.9748787137449647
105377033,729238,0.8855232739380658,false,105377033,729238,0.8855232739380658
105377033,3855,0.7493905338855733,false,105377033,3855,0.7493905338855733
105377033,26298,0.9706727572791097,false,105377033,26298,0.9706727572791097
105377033,100033436,0.9896799155507413,false,105377033,100033436,0.9896799155507413
255189,641384,0.9712855630328522,false,255189,641384,0.9712855630328522
255189,100130449,0.9669664015544662,false,255189,100130449,0.9669664015544662
255189,10103,0.9678668869076833,false,255189,10103,0.9678668869076833
255189,3856,0.8831407015799446,false,255189,3856,0.8831407015799446
255189,1048,0.9750113974475404,false,255189,1048,0.9750113974475404
255189,100419743,0.9746935728343015,false,255189,100419743,0.9746935728343015
255189,79838,0.8856113656894946,false,255189,79838,0.8856113656894946
255189,3983,0.965701574257824,false,255189,3983,0.965701574257824
255189,3694,0.9254389843534436,false,255189,3694,0.9254389843534436
255189,22941,0.9680624906690964,false,255189,22941,0.9680624906690964
255189,285989,0.9553290493442117,false,255189,285989,0.9553290493442117
255189,2627,0.9579373645849294,false,255189,2627,0.9579373645849294
255189,503640,0.9663084625184138,false,255189,503640,0.9663084625184138
255189,259290,0.9341532165194981,false,255189,259290,0.9341532165194981
255189,1555,0.9688658271797488,false,255189,1555,0.9688658271797488
255189,57528,0.9732999700229872,false,255189,57528,0.9732999700229872
255189,201456,0.9807018150189815,false,255189,201456,0.9807018150189815
255189,142827,0.9892116319308003,false,255189,142827,0.9892116319308003
255189,57186,0.8608064190850732,false,255189,57186,0.8608064190850732
255189,6751,0.9776061902357241,false,255189,6751,0.9776061902357241
255189,79908,0.7966449126928761,false,255189,79908,0.7966449126928761
255189,102723508,0.9287062669883993,false,255189,102723508,0.9287062669883993
255189,28984,0.7836536748787225,false,255189,28984,0.7836536748787225
255189,130367,0.8284558159669894,false,255189,130367,0.8284558159669894
255189,285335,0.724909486226989,false,255189,285335,0.724909486226989
255189,9356,0.9591335202280481,false,255189,9356,0.9591335202280481
255189,1910,0.7429576629738788,false,255189,1910,0.7429576629738788
255189,641776,0.9590688432476091,false,255189,641776,0.9590688432476091
255189,100506658,0.9528934445673248,false,255189,100506658,0.9528934445673248
255189,341676,0.9542294148469702,false,255189,341676,0.9542294148469702
255189,148213,0.9739936199140579,false,255189,148213,0.9739936199140579
255189,10595,0.9234156540549722,false,255189,10595,0.9234156540549722
255189,4583,0.9016667604058282,false,255189,4583,0.9016667604058282
255189,728643,0.9176800922601179,false,255189,728643,0.9176800922601179
255189,55567,0.9607291059667318,false,255189,55567,0.9607291059667318
255189,54997,0.9743031784359925,false,255189,54997,0.9743031784359925
255189,79848,0.924492268875664,false,255189,79848,0.924492268875664
255189,219790,0.7242479812023208,false,255189,219790,0.7242479812023208
255189,115677,0.7985404150474984,false,255189,115677,0.7985404150474984
255189,5961,0.9556383667683344,false,255189,5961,0.9556383667683344
255189,7851,0.9753674676235347,false,255189,7851,0.9753674676235347
255189,692072,0.9577224131080437,false,255189,692072,0.9577224131080437
255189,109136579,0.9234006265317712,false,255189,109136579,0.9234006265317712
255189,503645,0.8845872195413667,false,255189,503645,0.8845872195413667
255189,55808,0.9838497256869898,false,255189,55808,0.9838497256869898
255189,999,0.9423871426377953,false,255189,999,0.9423871426377953
255189,126353,0.9801043114649093,false,255189,126353,0.9801043114649093
255189,26226,0.937278459306093,false,255189,26226,0.937278459306093
255189,64332,0.8448171769154138,false,255189,64332,0.8448171769154138
255189,346007,0.7430873092007366,false,255189,346007,0.7430873092007366
255189,388743,0.9785786558269662,false,255189,388743,0.9785786558269662
255189,137872,0.9509258184153672,false,255189,137872,0.9509258184153672
255189,1577,0.9580889447015871,false,255189,1577,0.9580889447015871
255189,100033430,0.9295656669657818,false,255189,100033430,0.9295656669657818
255189,340267,0.975775574415913,false,255189,340267,0.975775574415913
255189,200879,0.9764600602702858,false,255189,200879,0.9764600602702858
255189,1510,0.9838953920199689,false,255189,1510,0.9838953920199689
255189,441251,0.8806865355544098,false,255189,441251,0.8806865355544098
255189,102723849,0.9619839466519996,false,255189,102723849,0.9619839466519996
255189,9196,0.7299624933187165,false,255189,9196,0.7299624933187165
255189,6337,0.9319936427270247,false,255189,6337,0.9319936427270247
255189,57669,0.9211604228644719,false,255189,57669,0.9211604228644719
255189,619383,0.9352297350416818,false,255189,619383,0.9352297350416818
255189,89765,0.8428686770167513,false,255189,89765,0.8428686770167513
255189,57111,0.9795790007761179,false,255189,57111,0.9795790007761179
255189,278,0.819938516001875,false,255189,278,0.819938516001875
255189,116844,0.9583967964641752,false,255189,116844,0.9583967964641752
255189,10129,0.9549897999148155,false,255189,10129,0.9549897999148155
255189,4586,0.9749186818393363,false,255189,4586,0.9749186818393363
255189,100158262,0.9304546911130496,false,255189,100158262,0.9304546911130496
255189,10551,0.9752239295898417,false,255189,10551,0.9752239295898417
255189,378938,0.9234840464614348,false,255189,378938,0.9234840464614348
255189,54897,0.9150933773736094,false,255189,54897,0.9150933773736094
255189,117155,0.9742004360599151,false,255189,117155,0.9742004360599151
255189,112268155,0.9540519978991729,false,255189,112268155,0.9540519978991729
255189,1152,0.9439760052437959,false,255189,1152,0.9439760052437959
255189,79083,0.9736451698827032,false,255189,79083,0.9736451698827032
255189,66002,0.9849214286319753,false,255189,66002,0.9849214286319753
255189,1556,0.9853934435538003,false,255189,1556,0.9853934435538003
255189,22996,0.9945170060568741,false,255189,22996,0.9945170060568741
255189,55930,0.9953729875710096,false,255189,55930,0.9953729875710096
255189,7620,0.8024872005339552,false,255189,7620,0.8024872005339552
255189,7113,0.9694654185992457,false,255189,7113,0.9694654185992457
255189,54861,0.9070963878211756,false,255189,54861,0.9070963878211756
255189,222256,0.8937049186563137,false,255189,222256,0.8937049186563137
255189,105180391,0.9543507401822177,false,255189,105180391,0.9543507401822177
255189,26084,0.7427167579827567,false,255189,26084,0.7427167579827567
255189,100529240,0.9670465595520024,false,255189,100529240,0.9670465595520024
255189,113218482,0.9793124127123872,false,255189,113218482,0.9793124127123872
255189,647024,0.9533647729319714,false,255189,647024,0.9533647729319714
255189,255928,0.9681443603420085,false,255189,255928,0.9681443603420085
255189,151531,0.9360415352959544,false,255189,151531,0.9360415352959544
255189,8537,0.9188961553473393,false,255189,8537,0.9188961553473393
255189,10018,0.974451609682541,false,255189,10018,0.974451609682541
255189,115019,0.9804442642146219,false,255189,115019,0.9804442642146219
255189,201625,0.8186834911068748,false,255189,201625,0.8186834911068748
255189,105180390,0.9577187275049788,false,255189,105180390,0.9577187275049788
255189,692058,0.9462904020338944,false,255189,692058,0.9462904020338944
255189,276,0.7573266770456659,false,255189,276,0.7573266770456659
255189,168374,0.9289752949460411,false,255189,168374,0.9289752949460411
255189,83481,0.9696934524124989,false,255189,83481,0.9696934524124989
255189,645843,0.9424862218156677,false,255189,645843,0.9424862218156677
255189,143884,0.8998860916638007,false,255189,143884,0.8998860916638007
255189,80004,0.9028160048175525,false,255189,80004,0.9028160048175525
255189,121512,0.9281548296638759,false,255189,121512,0.9281548296638759
255189,3993,0.9969364281696067,false,255189,3993,0.9969364281696067
255189,389852,0.9727599577745447,false,255189,389852,0.9727599577745447
255189,342892,0.9394192924331071,false,255189,342892,0.9394192924331071
255189,164312,0.9971391912381498,false,255189,164312,0.9971391912381498
255189,84239,0.9434312093689199,false,255189,84239,0.9434312093689199
255189,2065,0.9588168681836591,false,255189,2065,0.9588168681836591
255189,57402,0.9566214902426942,false,255189,57402,0.9566214902426942
255189,776,0.8057265810664032,false,255189,776,0.8057265810664032
255189,780,0.9524639206883186,false,255189,780,0.9524639206883186
255189,135656,0.9748463332993511,false,255189,135656,0.9748463332993511
255189,3880,0.8888250051241526,false,255189,3880,0.8888250051241526
255189,94059,0.9709229590951132,false,255189,94059,0.9709229590951132
255189,26769,0.902232133880152,false,255189,26769,0.902232133880152
255189,3960,0.9761159469412721,false,255189,3960,0.9761159469412721
255189,7433,0.9239993262582161,false,255189,7433,0.9239993262582161
255189,284323,0.9609742197301674,false,255189,284323,0.9609742197301674
255189,100129460,0.7611104426034053,false,255189,100129460,0.7611104426034053
255189,65217,0.8075222361126886,false,255189,65217,0.8075222361126886
255189,23584,0.9805692145496356,false,255189,23584,0.9805692145496356
255189,692213,0.9835821962176228,false,255189,692213,0.9835821962176228
255189,153643,0.925849408260527,false,255189,153643,0.925849408260527
255189,112268422,0.9720380131695293,false,255189,112268422,0.9720380131695293
255189,259294,0.9639487103673844,false,255189,259294,0.9639487103673844
255189,79740,0.963187859714755,false,255189,79740,0.963187859714755
255189,2266,0.9597608258962969,false,255189,2266,0.9597608258962969
255189,745,0.989697044779103,false,255189,745,0.989697044779103
255189,440352,0.980417336160911,false,255189,440352,0.980417336160911
102724057,57575,0.7526583274810589,false,102724057,57575,0.7526583274810589
102724057,103504738,0.9204044938499438,false,102724057,103504738,0.9204044938499438
102724057,1580,0.9539205914400036,false,102724057,1580,0.9539205914400036
102724057,9914,0.8022552161853567,false,102724057,9914,0.8022552161853567
102724057,5694,0.7634989282407451,false,102724057,5694,0.7634989282407451
102724057,56241,0.861413337459718,false,102724057,56241,0.861413337459718
102724057,89,0.9752389566549128,false,102724057,89,0.9752389566549128
102724057,57526,0.8610249187933007,false,102724057,57526,0.8610249187933007
102724057,2327,0.9449488264536877,false,102724057,2327,0.9449488264536877
102724057,146556,0.8456206903467935,false,102724057,146556,0.8456206903467935
102724057,100506686,0.7342346142520504,false,102724057,100506686,0.7342346142520504
102724057,7080,0.770426325329285,false,102724057,7080,0.770426325329285
102724057,406903,0.9343245328056323,false,102724057,406903,0.9343245328056323
102724057,101929066,0.8131474203154994,false,102724057,101929066,0.8131474203154994
102724057,84842,0.9298094216585321,false,102724057,84842,0.9298094216585321
102724057,388555,0.8673105434764081,false,102724057,388555,0.8673105434764081
102724057,128602,0.9096483151352011,false,102724057,128602,0.9096483151352011
102724057,100506380,0.8555177350121702,false,102724057,100506380,0.8555177350121702
102724057,363,0.8673105434764082,false,102724057,363,0.8673105434764082
102724057,65998,0.9288698281197487,false,102724057,65998,0.9288698281197487
102724057,419,0.8673105434764083,false,102724057,419,0.8673105434764083
102724057,93517,0.8834423038007803,false,102724057,93517,0.8834423038007803
102724057,388633,0.9220920133133735,false,102724057,388633,0.9220920133133735
102724057,340596,0.8636707897451368,false,102724057,340596,0.8636707897451368
102724057,11185,0.7832507254399896,false,102724057,11185,0.7832507254399896
102724057,10586,0.8477646011106965,false,102724057,10586,0.8477646011106965
102724057,2125,0.8914556876206698,false,102724057,2125,0.8914556876206698
102724057,3780,0.8111838027730662,false,102724057,3780,0.8111838027730662
102724057,163479,0.9304019578079563,false,102724057,163479,0.9304019578079563
102724057,84867,0.9967346608202733,false,102724057,84867,0.9967346608202733
102724057,284680,0.7336317685957126,false,102724057,284680,0.7336317685957126
102724057,128218,0.7865655627773986,false,102724057,128218,0.7865655627773986
102724057,5349,0.84785895991604,false,102724057,5349,0.84785895991604
102724057,113219467,0.753995976224887,false,102724057,113219467,0.753995976224887
102724057,26797,0.8986815111423929,false,102724057,26797,0.8986815111423929
102724057,57710,0.7004596083528892,false,102724057,57710,0.7004596083528892
102724057,692209,0.9372924834606864,false,102724057,692209,0.9372924834606864
102724057,84525,0.7733354489644042,false,102724057,84525,0.7733354489644042
102724057,4861,0.9321932655712493,false,102724057,4861,0.9321932655712493
102724057,21,0.7115501524232517,false,102724057,21,0.7115501524232517
102724057,284434,0.8637570440439399,false,102724057,284434,0.8637570440439399
102724057,56955,0.9109960779952471,false,102724057,56955,0.9109960779952471
102724057,100423031,0.8673105434764085,false,102724057,100423031,0.8673105434764085
102724057,1515,0.9562532478200706,false,102724057,1515,0.9562532478200706
102724057,165186,0.9951482819130865,false,102724057,165186,0.9951482819130865
10568,33,0.9847910993565145,false,10568,33,0.9847910993565145
10568,1770,0.9475941122664003,false,10568,1770,0.9475941122664003
10568,10917,0.9181173287904305,false,10568,10917,0.9181173287904305
10568,11254,0.943049036898265,false,10568,11254,0.943049036898265
10568,286207,0.8838413014723177,false,10568,286207,0.8838413014723177
10568,177,0.7709775339903859,false,10568,177,0.7709775339903859
10568,5555,0.8586029638900938,false,10568,5555,0.8586029638900938
10568,57530,0.8953635396659155,false,10568,57530,0.8953635396659155
10568,60494,0.8341100379547978,false,10568,60494,0.8341100379547978
10568,722,0.7573686945996934,false,10568,722,0.7573686945996934
10568,5544,0.7985140263464165,false,10568,5544,0.7985140263464165
10568,10579,0.8423916684977036,false,10568,10579,0.8423916684977036
10568,6439,0.7754407715186042,false,10568,6439,0.7754407715186042
10568,85452,0.8283182652581529,false,10568,85452,0.8283182652581529
10568,146177,0.8958292694372165,false,10568,146177,0.8958292694372165
10568,1906,0.8993095660707339,false,10568,1906,0.8993095660707339
10568,3240,0.9552683073111853,false,10568,3240,0.9552683073111853
10568,7033,0.9014772506707888,false,10568,7033,0.9014772506707888
10568,221395,0.7621565285368833,false,10568,221395,0.7621565285368833
10568,54842,0.7327971353979215,false,10568,54842,0.7327971353979215
10568,718,0.7376116638956449,false,10568,718,0.7376116638956449
10568,64073,0.9382883750548885,false,10568,64073,0.9382883750548885
10568,253970,0.8934863051045007,false,10568,253970,0.8934863051045007
10568,6441,0.9333968181394886,false,10568,6441,0.9333968181394886
10568,4070,0.9527734534087248,false,10568,4070,0.9527734534087248
10568,56892,0.9539427790022168,false,10568,56892,0.9539427790022168
10568,8091,0.9151646105874096,false,10568,8091,0.9151646105874096
10568,3875,0.8019261137992764,false,10568,3875,0.8019261137992764
10568,160728,0.946706617544583,false,10568,160728,0.946706617544583
10568,4680,0.8579398248745803,false,10568,4680,0.8579398248745803
10568,7356,0.9642819019242195,false,10568,7356,0.9642819019242195
10568,109729127,0.9380924100729615,false,10568,109729127,0.9380924100729615
10568,400578,0.8775057089630434,false,10568,400578,0.8775057089630434
10568,94025,0.8864949781901914,false,10568,94025,0.8864949781901914
10568,728276,0.9399406364783299,false,10568,728276,0.9399406364783299
10568,101927516,0.8257338881213181,false,10568,101927516,0.8257338881213181
10568,102723635,0.8327942399095929,false,10568,102723635,0.8327942399095929
10568,5545,0.8780028078938772,false,10568,5545,0.8780028078938772
10568,727897,0.8580200868236835,false,10568,727897,0.8580200868236835
10568,54848,0.9730433817156097,false,10568,54848,0.9730433817156097
10568,79632,0.7631984626964152,false,10568,79632,0.7631984626964152
10568,1767,0.8791160684344806,false,10568,1767,0.8791160684344806
10568,9476,0.8859062148304687,false,10568,9476,0.8859062148304687
10568,117156,0.9759119617282642,false,10568,117156,0.9759119617282642
10568,195814,0.9746784658924549,false,10568,195814,0.9746784658924549
10568,140766,0.8386871802153758,false,10568,140766,0.8386871802153758
10568,105,0.9128632388825322,false,10568,105,0.9128632388825322
10568,84059,0.7986471094010112,false,10568,84059,0.7986471094010112
10568,57477,0.8562341048235033,false,10568,57477,0.8562341048235033
10568,6097,0.9318217197252692,false,10568,6097,0.9318217197252692
10568,120892,0.8641623063982482,false,10568,120892,0.8641623063982482
10568,123624,0.7592588577603049,false,10568,123624,0.7592588577603049
10568,4057,0.9054017839394259,false,10568,4057,0.9054017839394259
10568,220136,0.8332092667626219,false,10568,220136,0.8332092667626219
10568,112577518,0.8684775655129491,false,10568,112577518,0.8684775655129491
10568,9370,0.8806219761804349,false,10568,9370,0.8806219761804349
10568,693188,0.8753194373686385,false,10568,693188,0.8753194373686385
10568,389376,0.9349454385927151,false,10568,389376,0.9349454385927151
10568,6799,0.9533236209448104,false,10568,6799,0.9533236209448104
10568,353189,0.8482656934993822,false,10568,353189,0.8482656934993822
10568,563,0.8778432391873184,false,10568,563,0.8778432391873184
10568,84851,0.7679878479564073,false,10568,84851,0.7679878479564073
10568,21,0.7050149106511727,false,10568,21,0.7050149106511727
10568,4069,0.8404074924485102,false,10568,4069,0.8404074924485102
10568,1080,0.8730451765777542,false,10568,1080,0.8730451765777542
10568,123872,0.9764050238982626,false,10568,123872,0.9764050238982626
10568,1286,0.7734000106059239,false,10568,1286,0.7734000106059239
10568,105372793,0.9021554753034845,false,10568,105372793,0.9021554753034845
10568,653509,0.887319845655044,false,10568,653509,0.887319845655044
10568,100874095,0.8806219761804349,false,10568,100874095,0.8806219761804349
10568,729238,0.9266888347812215,false,10568,729238,0.9266888347812215
10568,144535,0.7834019480061737,false,10568,144535,0.7834019480061737
10568,3855,0.7767637053715459,false,10568,3855,0.7767637053715459
10568,26298,0.9190879518588948,false,10568,26298,0.9190879518588948
10568,100033436,0.8939256413364786,false,10568,100033436,0.8939256413364786
641384,100130449,0.9861966515727137,false,641384,100130449,0.9861966515727137
641384,10103,0.9781560314293634,false,641384,10103,0.9781560314293634
641384,3856,0.8648292917413724,false,641384,3856,0.8648292917413724
641384,1048,0.9994767194489559,false,641384,1048,0.9994767194489559
641384,100419743,0.9994620188379001,false,641384,100419743,0.9994620188379001
641384,79838,0.8639364405404991,false,641384,79838,0.8639364405404991
641384,3983,0.987610145777026,false,641384,3983,0.987610145777026
641384,3694,0.8713912026528836,false,641384,3694,0.8713912026528836
641384,22941,0.9005603282395174,false,641384,22941,0.9005603282395174
641384,285989,0.9845643216308326,false,641384,285989,0.9845643216308326
641384,2627,0.9461399382551805,false,641384,2627,0.9461399382551805
641384,503640,0.9965566626639533,false,641384,503640,0.9965566626639533
641384,259290,0.9785115635900776,false,641384,259290,0.9785115635900776
641384,1555,0.9710337604990322,false,641384,1555,0.9710337604990322
641384,57528,0.9984831640694198,false,641384,57528,0.9984831640694198
641384,201456,0.9951688304235271,false,641384,201456,0.9951688304235271
641384,142827,0.9475047451263381,false,641384,142827,0.9475047451263381
641384,57186,0.8507869896032638,false,641384,57186,0.8507869896032638
641384,6751,0.9911017940220953,false,641384,6751,0.9911017940220953
641384,79908,0.7124799396481162,false,641384,79908,0.7124799396481162
641384,6473,0.760055793727328,false,641384,6473,0.760055793727328
641384,102723508,0.9832403892523662,false,641384,102723508,0.9832403892523662
641384,28984,0.7674081222468544,false,641384,28984,0.7674081222468544
641384,130367,0.8208734740724178,false,641384,130367,0.8208734740724178
641384,285335,0.7161030477718456,false,641384,285335,0.7161030477718456
641384,9356,0.9817186987474178,false,641384,9356,0.9817186987474178
641384,1910,0.7082872314559646,false,641384,1910,0.7082872314559646
641384,641776,0.9816086582995202,false,641384,641776,0.9816086582995202
641384,100506658,0.8818501723573482,false,641384,100506658,0.8818501723573482
641384,341676,0.9664582774976441,false,641384,341676,0.9664582774976441
641384,148213,0.9941915764953533,false,641384,148213,0.9941915764953533
641384,10595,0.9334700845548006,false,641384,10595,0.9334700845548006
641384,4583,0.9142083381101523,false,641384,4583,0.9142083381101523
641384,728643,0.9287557105103882,false,641384,728643,0.9287557105103882
641384,55567,0.951835309938967,false,641384,55567,0.951835309938967
641384,54997,0.9962820118506399,false,641384,54997,0.9962820118506399
641384,79848,0.969227271457627,false,641384,79848,0.969227271457627
641384,219790,0.7157764693387291,false,641384,219790,0.7157764693387291
641384,115677,0.7935226925840283,false,641384,115677,0.7935226925840283
641384,5961,0.9915008674788157,false,641384,5961,0.9915008674788157
641384,7851,0.9905023113226064,false,641384,7851,0.9905023113226064
641384,692072,0.9960171118596313,false,641384,692072,0.9960171118596313
641384,109136579,0.9682471713078541,false,641384,109136579,0.9682471713078541
641384,503645,0.9347270919631717,false,641384,503645,0.9347270919631717
641384,55808,0.9961005385307314,false,641384,55808,0.9961005385307314
641384,999,0.9354413938616276,false,641384,999,0.9354413938616276
641384,126353,0.9766269155566427,false,641384,126353,0.9766269155566427
641384,26226,0.9809558368103715,false,641384,26226,0.9809558368103715
641384,64332,0.9197413360765154,false,641384,64332,0.9197413360765154
641384,346007,0.8130223645655353,false,641384,346007,0.8130223645655353
641384,388743,0.998502441019157,false,641384,388743,0.998502441019157
641384,137872,0.9905760376596069,false,641384,137872,0.9905760376596069
641384,1577,0.9908147000431884,false,641384,1577,0.9908147000431884
641384,100033430,0.9471374539373191,false,641384,100033430,0.9471374539373191
641384,340267,0.9918076056130724,false,641384,340267,0.9918076056130724
641384,200879,0.9986508385373128,false,641384,200879,0.9986508385373128
641384,1510,0.9922299461104241,false,641384,1510,0.9922299461104241
641384,441251,0.9063927947638517,false,641384,441251,0.9063927947638517
641384,102723849,0.9938658147921153,false,641384,102723849,0.9938658147921153
641384,9196,0.7927766684192301,false,641384,9196,0.7927766684192301
641384,6337,0.861898532140657,false,641384,6337,0.861898532140657
641384,57669,0.9195816583493268,false,641384,57669,0.9195816583493268
641384,619383,0.973160564684046,false,641384,619383,0.973160564684046
641384,89765,0.7842118235063921,false,641384,89765,0.7842118235063921
641384,57111,0.9922463554716512,false,641384,57111,0.9922463554716512
641384,278,0.8311741671373849,false,641384,278,0.8311741671373849
641384,116844,0.9738761322137596,false,641384,116844,0.9738761322137596
641384,10129,0.9897524494083589,false,641384,10129,0.9897524494083589
641384,4586,0.9993770959574019,false,641384,4586,0.9993770959574019
641384,100158262,0.985703521620391,false,641384,100158262,0.985703521620391
641384,10551,0.997266856104021,false,641384,10551,0.997266856104021
641384,378938,0.9680069964810427,false,641384,378938,0.9680069964810427
641384,54897,0.8867495280775616,false,641384,54897,0.8867495280775616
641384,117155,0.9956674694155019,false,641384,117155,0.9956674694155019
641384,112268155,0.9852671859784539,false,641384,112268155,0.9852671859784539
641384,1152,0.9383991520123846,false,641384,1152,0.9383991520123846
641384,79083,0.9970017819122409,false,641384,79083,0.9970017819122409
641384,66002,0.99737130745107,false,641384,66002,0.99737130745107
641384,1556,0.9846653741771488,false,641384,1556,0.9846653741771488
641384,22996,0.9834567483230904,false,641384,22996,0.9834567483230904
641384,55930,0.9858373072060078,false,641384,55930,0.9858373072060078
641384,7620,0.8680615787100241,false,641384,7620,0.8680615787100241
641384,7113,0.9715041983266249,false,641384,7113,0.9715041983266249
641384,54861,0.926460280849091,false,641384,54861,0.926460280849091
641384,222256,0.9013335305769546,false,641384,222256,0.9013335305769546
641384,105180391,0.9815766076839839,false,641384,105180391,0.9815766076839839
641384,100529240,0.9927039552292497,false,641384,100529240,0.9927039552292497
641384,113218482,0.9976762001583016,false,641384,113218482,0.9976762001583016
641384,647024,0.942478141133669,false,641384,647024,0.942478141133669
641384,255928,0.9949265250972574,false,641384,255928,0.9949265250972574
641384,151531,0.9557927743375298,false,641384,151531,0.9557927743375298
641384,8537,0.9716052756220531,false,641384,8537,0.9716052756220531
641384,10018,0.998939976535563,false,641384,10018,0.998939976535563
641384,115019,0.9975386282741032,false,641384,115019,0.9975386282741032
641384,201625,0.7763599351770663,false,641384,201625,0.7763599351770663
641384,105180390,0.9830807032230295,false,641384,105180390,0.9830807032230295
641384,692058,0.9745776256467189,false,641384,692058,0.9745776256467189
641384,276,0.7598048300339213,false,641384,276,0.7598048300339213
641384,168374,0.9599565587477643,false,641384,168374,0.9599565587477643
641384,83481,0.9515505582777573,false,641384,83481,0.9515505582777573
641384,645843,0.9629035938814382,false,641384,645843,0.9629035938814382
641384,143884,0.9698947577531944,false,641384,143884,0.9698947577531944
641384,80004,0.87501016394396,false,641384,80004,0.87501016394396
641384,121512,0.9389159806283927,false,641384,121512,0.9389159806283927
641384,3993,0.9553770200473211,false,641384,3993,0.9553770200473211
641384,389852,0.99677811886886,false,641384,389852,0.99677811886886
641384,342892,0.9730947490758471,false,641384,342892,0.9730947490758471
641384,164312,0.979195412630597,false,641384,164312,0.979195412630597
641384,84239,0.9278812304845995,false,641384,84239,0.9278812304845995
641384,2065,0.9539149563573854,false,641384,2065,0.9539149563573854
641384,57402,0.8821480924690127,false,641384,57402,0.8821480924690127
641384,776,0.8348607820152986,false,641384,776,0.8348607820152986
641384,780,0.8951336625431681,false,641384,780,0.8951336625431681
641384,135656,0.9994699851866521,false,641384,135656,0.9994699851866521
641384,3880,0.8268486745269413,false,641384,3880,0.8268486745269413
641384,94059,0.9952873151958047,false,641384,94059,0.9952873151958047
641384,26769,0.9330171674592499,false,641384,26769,0.9330171674592499
641384,3960,0.9993817574253843,false,641384,3960,0.9993817574253843
641384,7433,0.8755107543310929,false,641384,7433,0.8755107543310929
641384,284323,0.9948409991979488,false,641384,284323,0.9948409991979488
641384,100129460,0.7835363870274247,false,641384,100129460,0.7835363870274247
641384,65217,0.8161455881327085,false,641384,65217,0.8161455881327085
641384,23584,0.9809188243452449,false,641384,23584,0.9809188243452449
641384,692213,0.9959777264307537,false,641384,692213,0.9959777264307537
641384,153643,0.927801798081432,false,641384,153643,0.927801798081432
641384,112268422,0.999877288319082,false,641384,112268422,0.999877288319082
641384,649946,0.7070545981438818,false,641384,649946,0.7070545981438818
641384,259294,0.9973661640273439,false,641384,259294,0.9973661640273439
641384,79740,0.8968868647155547,false,641384,79740,0.8968868647155547
641384,2266,0.9900104086739768,false,641384,2266,0.9900104086739768
641384,745,0.9910412952558928,false,641384,745,0.9910412952558928
641384,440352,0.9173808511674209,false,641384,440352,0.9173808511674209
100130449,10103,0.9986200618483766,false,100130449,10103,0.9986200618483766
100130449,3856,0.93510946814155,false,100130449,3856,0.93510946814155
100130449,1048,0.988161091888117,false,100130449,1048,0.988161091888117
100130449,100419743,0.988150599990118,false,100130449,100419743,0.988150599990118
100130449,79838,0.9308701578659572,false,100130449,79838,0.9308701578659572
100130449,3983,0.9877910232709981,false,100130449,3983,0.9877910232709981
100130449,3694,0.9248175270414531,false,100130449,3694,0.9248175270414531
100130449,22941,0.9009357808293876,false,100130449,22941,0.9009357808293876
100130449,285989,0.991630972953754,false,100130449,285989,0.991630972953754
100130449,2627,0.9746572518920978,false,100130449,2627,0.9746572518920978
100130449,503640,0.9856540569644983,false,100130449,503640,0.9856540569644983
100130449,259290,0.9489444986958318,false,100130449,259290,0.9489444986958318
100130449,1555,0.9959344138485924,false,100130449,1555,0.9959344138485924
100130449,57528,0.985577748922301,false,100130449,57528,0.985577748922301
100130449,201456,0.9791507293884208,false,100130449,201456,0.9791507293884208
100130449,142827,0.9313389960496201,false,100130449,142827,0.9313389960496201
100130449,57186,0.8976943864694218,false,100130449,57186,0.8976943864694218
100130449,6751,0.9609742335264294,false,100130449,6751,0.9609742335264294
100130449,79908,0.7253054192316483,false,100130449,79908,0.7253054192316483
100130449,102723508,0.9478817023916267,false,100130449,102723508,0.9478817023916267
100130449,28984,0.8463262621139361,false,100130449,28984,0.8463262621139361
100130449,130367,0.9029527800946618,false,100130449,130367,0.9029527800946618
100130449,285335,0.8196638058552034,false,100130449,285335,0.8196638058552034
100130449,9356,0.962027453265049,false,100130449,9356,0.962027453265049
100130449,1910,0.7902520522709904,false,100130449,1910,0.7902520522709904
100130449,641776,0.9886542213594629,false,100130449,641776,0.9886542213594629
100130449,100506658,0.9022847981141997,false,100130449,100506658,0.9022847981141997
100130449,200373,0.7243277885116884,false,100130449,200373,0.7243277885116884
100130449,341676,0.9944545156611844,false,100130449,341676,0.9944545156611844
100130449,148213,0.9972818453831634,false,100130449,148213,0.9972818453831634
100130449,10595,0.9793065977692523,false,100130449,10595,0.9793065977692523
100130449,4583,0.9677938571014565,false,100130449,4583,0.9677938571014565
100130449,728643,0.8958017173841476,false,100130449,728643,0.8958017173841476
100130449,55567,0.9858272462938003,false,100130449,55567,0.9858272462938003
100130449,6103,0.7086475830733513,false,100130449,6103,0.7086475830733513
100130449,54997,0.983647996745692,false,100130449,54997,0.983647996745692
100130449,79848,0.9436979327498154,false,100130449,79848,0.9436979327498154
100130449,115677,0.8246436838657712,false,100130449,115677,0.8246436838657712
100130449,5961,0.971803768428299,false,100130449,5961,0.971803768428299
100130449,7851,0.998116001169642,false,100130449,7851,0.998116001169642
100130449,692072,0.9867895812094928,false,100130449,692072,0.9867895812094928
100130449,109136579,0.9822202597242594,false,100130449,109136579,0.9822202597242594
100130449,503645,0.9178819966026996,false,100130449,503645,0.9178819966026996
100130449,55808,0.9923934477357841,false,100130449,55808,0.9923934477357841
100130449,999,0.979736385395774,false,100130449,999,0.979736385395774
100130449,126353,0.9946962089750256,false,100130449,126353,0.9946962089750256
100130449,26226,0.9760599596660678,false,100130449,26226,0.9760599596660678
100130449,64332,0.9437371074339291,false,100130449,64332,0.9437371074339291
100130449,346007,0.8435241614649863,false,100130449,346007,0.8435241614649863
100130449,388743,0.9916162350254212,false,100130449,388743,0.9916162350254212
100130449,116984,0.7241480681724142,false,100130449,116984,0.7241480681724142
100130449,137872,0.9599475940887965,false,100130449,137872,0.9599475940887965
100130449,1577,0.992610942957853,false,100130449,1577,0.992610942957853
100130449,100033430,0.9866314184544771,false,100130449,100033430,0.9866314184544771
100130449,340267,0.9981168562523589,false,100130449,340267,0.9981168562523589
100130449,200879,0.9891234439207679,false,100130449,200879,0.9891234439207679
100130449,1510,0.9958345758542606,false,100130449,1510,0.9958345758542606
100130449,441251,0.9573442869842743,false,100130449,441251,0.9573442869842743
100130449,102723849,0.9925083463617322,false,100130449,102723849,0.9925083463617322
100130449,9196,0.7413999518630259,false,100130449,9196,0.7413999518630259
100130449,6337,0.9000673056154505,false,100130449,6337,0.9000673056154505
100130449,5284,0.7192352045494899,false,100130449,5284,0.7192352045494899
100130449,57669,0.9214190588615825,false,100130449,57669,0.9214190588615825
100130449,619383,0.9861623420912424,false,100130449,619383,0.9861623420912424
100130449,89765,0.8660128963905643,false,100130449,89765,0.8660128963905643
100130449,57111,0.9977597014161064,false,100130449,57111,0.9977597014161064
100130449,278,0.9020025725442635,false,100130449,278,0.9020025725442635
100130449,116844,0.9979668370720409,false,100130449,116844,0.9979668370720409
100130449,10129,0.9892843562916771,false,100130449,10129,0.9892843562916771
100130449,4586,0.9894598733540916,false,100130449,4586,0.9894598733540916
100130449,100158262,0.9564470499327168,false,100130449,100158262,0.9564470499327168
100130449,10551,0.9950374383988921,false,100130449,10551,0.9950374383988921
100130449,688,0.7484119484462144,false,100130449,688,0.7484119484462144
100130449,378938,0.9822246154663041,false,100130449,378938,0.9822246154663041
100130449,54897,0.8655778999510721,false,100130449,54897,0.8655778999510721
100130449,117155,0.9788056363367486,false,100130449,117155,0.9788056363367486
100130449,112268155,0.9937543569401702,false,100130449,112268155,0.9937543569401702
100130449,1152,0.9478677041074999,false,100130449,1152,0.9478677041074999
100130449,79083,0.9874101572613884,false,100130449,79083,0.9874101572613884
100130449,66002,0.9866221680356563,false,100130449,66002,0.9866221680356563
100130449,1556,0.9886859254418825,false,100130449,1556,0.9886859254418825
100130449,22996,0.98809087206375,false,100130449,22996,0.98809087206375
100130449,55930,0.9858496760245079,false,100130449,55930,0.9858496760245079
100130449,7620,0.8223209632888537,false,100130449,7620,0.8223209632888537
100130449,7113,0.9960815898704334,false,100130449,7113,0.9960815898704334
100130449,54861,0.943192784883502,false,100130449,54861,0.943192784883502
100130449,222256,0.9562443293822627,false,100130449,222256,0.9562443293822627
100130449,105180391,0.9809906398016824,false,100130449,105180391,0.9809906398016824
100130449,100529240,0.9935448098690287,false,100130449,100529240,0.9935448098690287
100130449,113218482,0.9901928080805228,false,100130449,113218482,0.9901928080805228
100130449,647024,0.9825157520986318,false,100130449,647024,0.9825157520986318
100130449,255928,0.9798152569517182,false,100130449,255928,0.9798152569517182
100130449,151531,0.9816446534883664,false,100130449,151531,0.9816446534883664
100130449,8537,0.9538831074717735,false,100130449,8537,0.9538831074717735
100130449,10018,0.9922895746018111,false,100130449,10018,0.9922895746018111
100130449,115019,0.9919622677468494,false,100130449,115019,0.9919622677468494
100130449,201625,0.8576831466966999,false,100130449,201625,0.8576831466966999
100130449,105180390,0.9857200910096894,false,100130449,105180390,0.9857200910096894
100130449,692058,0.9948997738976181,false,100130449,692058,0.9948997738976181
100130449,276,0.8492022251440178,false,100130449,276,0.8492022251440178
100130449,168374,0.9861868508510193,false,100130449,168374,0.9861868508510193
100130449,83481,0.9828122099400965,false,100130449,83481,0.9828122099400965
100130449,645843,0.9877859171952089,false,100130449,645843,0.9877859171952089
100130449,143884,0.9342101628250595,false,100130449,143884,0.9342101628250595
100130449,1579,0.7172218182711466,false,100130449,1579,0.7172218182711466
100130449,80004,0.9395878153866365,false,100130449,80004,0.9395878153866365
100130449,121512,0.9653456343520507,false,100130449,121512,0.9653456343520507
100130449,3993,0.9537352090103186,false,100130449,3993,0.9537352090103186
100130449,389852,0.9954304080840469,false,100130449,389852,0.9954304080840469
100130449,342892,0.9543036250877063,false,100130449,342892,0.9543036250877063
100130449,164312,0.980098294101868,false,100130449,164312,0.980098294101868
100130449,84239,0.9598628049071322,false,100130449,84239,0.9598628049071322
100130449,2065,0.9869837428809317,false,100130449,2065,0.9869837428809317
100130449,57402,0.8701062842309522,false,100130449,57402,0.8701062842309522
100130449,1513,0.7466026991158136,false,100130449,1513,0.7466026991158136
100130449,776,0.7888527588874635,false,100130449,776,0.7888527588874635
100130449,780,0.9256418769958723,false,100130449,780,0.9256418769958723
100130449,135656,0.9884070832215901,false,100130449,135656,0.9884070832215901
100130449,3880,0.8971025714644957,false,100130449,3880,0.8971025714644957
100130449,94059,0.9929874953554397,false,100130449,94059,0.9929874953554397
100130449,26769,0.9732237868716234,false,100130449,26769,0.9732237868716234
100130449,3960,0.9878498538972401,false,100130449,3960,0.9878498538972401
100130449,7433,0.8455217862457612,false,100130449,7433,0.8455217862457612
100130449,284323,0.9701278781296776,false,100130449,284323,0.9701278781296776
100130449,100129460,0.8666862301538829,false,100130449,100129460,0.8666862301538829
100130449,65217,0.8223478024431831,false,100130449,65217,0.8223478024431831
100130449,23584,0.9584186824742111,false,100130449,23584,0.9584186824742111
100130449,692213,0.9930934975718418,false,100130449,692213,0.9930934975718418
100130449,153643,0.9763373349395147,false,100130449,153643,0.9763373349395147
100130449,112268422,0.9850553984918251,false,100130449,112268422,0.9850553984918251
100130449,649946,0.7633908453036279,false,100130449,649946,0.7633908453036279
100130449,259294,0.9782205347101083,false,100130449,259294,0.9782205347101083
100130449,79740,0.9207853403547426,false,100130449,79740,0.9207853403547426
100130449,2266,0.9826674158829761,false,100130449,2266,0.9826674158829761
100130449,745,0.9896615295529464,false,100130449,745,0.9896615295529464
100130449,440352,0.902607201937982,false,100130449,440352,0.902607201937982
10103,3856,0.9502190430911496,false,10103,3856,0.9502190430911496
10103,1048,0.9815745480801777,false,10103,1048,0.9815745480801777
10103,100419743,0.9815531788393763,false,10103,100419743,0.9815531788393763
10103,79838,0.9438390628891885,false,10103,79838,0.9438390628891885
10103,3983,0.9856229995001137,false,10103,3983,0.9856229995001137
10103,3694,0.9390394675637788,false,10103,3694,0.9390394675637788
10103,22941,0.907535169875506,false,10103,22941,0.907535169875506
10103,285989,0.9868118244902837,false,10103,285989,0.9868118244902837
10103,2627,0.9799497241295406,false,10103,2627,0.9799497241295406
10103,503640,0.9778483579099179,false,10103,503640,0.9778483579099179
10103,259290,0.9341338307044827,false,10103,259290,0.9341338307044827
10103,1555,0.998496747606232,false,10103,1555,0.998496747606232
10103,57528,0.9790593988138732,false,10103,57528,0.9790593988138732
10103,201456,0.9727171208989188,false,10103,201456,0.9727171208989188
10103,142827,0.9310921120631201,false,10103,142827,0.9310921120631201
10103,57186,0.907084344368151,false,10103,57186,0.907084344368151
10103,6751,0.9516647996411247,false,10103,6751,0.9516647996411247
10103,79908,0.7347458309593864,false,10103,79908,0.7347458309593864
10103,102723508,0.9310719616378419,false,10103,102723508,0.9310719616378419
10103,28984,0.8569260125401756,false,10103,28984,0.8569260125401756
10103,130367,0.9170697452634448,false,10103,130367,0.9170697452634448
10103,285335,0.838296564732822,false,10103,285335,0.838296564732822
10103,9356,0.9539887890319193,false,10103,9356,0.9539887890319193
10103,1910,0.806567459931997,false,10103,1910,0.806567459931997
10103,641776,0.9859624003692274,false,10103,641776,0.9859624003692274
10103,100506658,0.9148217905855698,false,10103,100506658,0.9148217905855698
10103,200373,0.7539826035939908,false,10103,200373,0.7539826035939908
10103,341676,0.9959082298683991,false,10103,341676,0.9959082298683991
10103,148213,0.9935510030126595,false,10103,148213,0.9935510030126595
10103,10595,0.9847759396681103,false,10103,10595,0.9847759396681103
10103,4583,0.9744244288755789,false,10103,4583,0.9744244288755789
10103,728643,0.8860972605440262,false,10103,728643,0.8860972605440262
10103,55567,0.9909870089443741,false,10103,55567,0.9909870089443741
10103,6103,0.7169493911246971,false,10103,6103,0.7169493911246971
10103,54997,0.9772195700114025,false,10103,54997,0.9772195700114025
10103,79848,0.9284146197062443,false,10103,79848,0.9284146197062443
10103,115677,0.8293940536313844,false,10103,115677,0.8293940536313844
10103,5961,0.9611329876717387,false,10103,5961,0.9611329876717387
10103,7851,0.9960843309748748,false,10103,7851,0.9960843309748748
10103,692072,0.9772295770728827,false,10103,692072,0.9772295770728827
10103,109136579,0.9763753770047174,false,10103,109136579,0.9763753770047174
10103,503645,0.904154544460584,false,10103,503645,0.904154544460584
10103,55808,0.98889032347632,false,10103,55808,0.98889032347632
10103,999,0.9869945922224234,false,10103,999,0.9869945922224234
10103,126353,0.9972362970697376,false,10103,126353,0.9972362970697376
10103,26226,0.9665836062340114,false,10103,26226,0.9665836062340114
10103,64332,0.9355720775476625,false,10103,64332,0.9355720775476625
10103,346007,0.8406198603256004,false,10103,346007,0.8406198603256004
10103,388743,0.9864182464598044,false,10103,388743,0.9864182464598044
10103,116984,0.7447685534231268,false,10103,116984,0.7447685534231268
10103,137872,0.9477749826869051,false,10103,137872,0.9477749826869051
10103,1577,0.9857057269451698,false,10103,1577,0.9857057269451698
10103,100033430,0.9901108697524166,false,10103,100033430,0.9901108697524166
10103,340267,0.9950643187466895,false,10103,340267,0.9950643187466895
10103,200879,0.9830516790935686,false,10103,200879,0.9830516790935686
10103,1510,0.9940633174077537,false,10103,1510,0.9940633174077537
10103,441251,0.9609071789267941,false,10103,441251,0.9609071789267941
10103,102723849,0.9862453998182908,false,10103,102723849,0.9862453998182908
10103,9196,0.7183413487117652,false,10103,9196,0.7183413487117652
10103,6337,0.9147235777096162,false,10103,6337,0.9147235777096162
10103,5284,0.7460327856942162,false,10103,5284,0.7460327856942162
10103,57669,0.9210483901263836,false,10103,57669,0.9210483901263836
10103,619383,0.9803958066912084,false,10103,619383,0.9803958066912084
10103,89765,0.8901894100260511,false,10103,89765,0.8901894100260511
10103,57111,0.9955893982387974,false,10103,57111,0.9955893982387974
10103,278,0.9088026008223851,false,10103,278,0.9088026008223851
10103,116844,0.9988841580657271,false,10103,116844,0.9988841580657271
10103,10129,0.9819108954935406,false,10103,10129,0.9819108954935406
10103,4586,0.9831273699063602,false,10103,4586,0.9831273699063602
10103,100158262,0.9402583056565821,false,10103,100158262,0.9402583056565821
10103,10551,0.990311321950266,false,10103,10551,0.990311321950266
10103,688,0.7681936165560744,false,10103,688,0.7681936165560744
10103,378938,0.9764528511993578,false,10103,378938,0.9764528511993578
10103,54897,0.8636286870859929,false,10103,54897,0.8636286870859929
10103,117155,0.9723747000157905,false,10103,117155,0.9723747000157905
10103,112268155,0.9904681622196606,false,10103,112268155,0.9904681622196606
10103,1152,0.9441669205925496,false,10103,1152,0.9441669205925496
10103,79083,0.9810357101097766,false,10103,79083,0.9810357101097766
10103,66002,0.9816285172017079,false,10103,66002,0.9816285172017079
10103,1556,0.9878693728424612,false,10103,1556,0.9878693728424612
10103,22996,0.9884378256954092,false,10103,22996,0.9884378256954092
10103,55930,0.984845197849225,false,10103,55930,0.984845197849225
10103,7620,0.79578789408531,false,10103,7620,0.79578789408531
10103,7113,0.9991385545527532,false,10103,7113,0.9991385545527532
10103,54861,0.9411040384331121,false,10103,54861,0.9411040384331121
10103,222256,0.9619007671939898,false,10103,222256,0.9619007671939898
10103,105180391,0.9760866669882613,false,10103,105180391,0.9760866669882613
10103,100529240,0.9883412420912489,false,10103,100529240,0.9883412420912489
10103,113218482,0.9854751351202325,false,10103,113218482,0.9854751351202325
10103,647024,0.9898197088619376,false,10103,647024,0.9898197088619376
10103,255928,0.9734093252879076,false,10103,255928,0.9734093252879076
10103,151531,0.9857198917919995,false,10103,151531,0.9857198917919995
10103,8537,0.9393878398689491,false,10103,8537,0.9393878398689491
10103,10018,0.9859320633061843,false,10103,10018,0.9859320633061843
10103,115019,0.987531688394381,false,10103,115019,0.987531688394381
10103,201625,0.8747988590455219,false,10103,201625,0.8747988590455219
10103,105180390,0.9814799781203913,false,10103,105180390,0.9814799781203913
10103,1043,0.7171222034833313,false,10103,1043,0.7171222034833313
10103,692058,0.9923022583313896,false,10103,692058,0.9923022583313896
10103,276,0.8609907920703043,false,10103,276,0.8609907920703043
10103,168374,0.9841426212648647,false,10103,168374,0.9841426212648647
10103,83481,0.9883180118562486,false,10103,83481,0.9883180118562486
10103,645843,0.986831732720029,false,10103,645843,0.986831732720029
10103,143884,0.9151767392910408,false,10103,143884,0.9151767392910408
10103,1579,0.7398580119675283,false,10103,1579,0.7398580119675283
10103,80004,0.9556231810137656,false,10103,80004,0.9556231810137656
10103,121512,0.9700145252741432,false,10103,121512,0.9700145252741432
10103,3993,0.9577795408137526,false,10103,3993,0.9577795408137526
10103,389852,0.9908213955040436,false,10103,389852,0.9908213955040436
10103,342892,0.9426100201303654,false,10103,342892,0.9426100201303654
10103,164312,0.9810139943914676,false,10103,164312,0.9810139943914676
10103,84239,0.9656149740397685,false,10103,84239,0.9656149740397685
10103,2065,0.9917921677684486,false,10103,2065,0.9917921677684486
10103,57402,0.8756045469224559,false,10103,57402,0.8756045469224559
10103,1513,0.7390731288498961,false,10103,1513,0.7390731288498961
10103,776,0.7697665701883629,false,10103,776,0.7697665701883629
10103,780,0.9360494599882613,false,10103,780,0.9360494599882613
10103,135656,0.9818439842723576,false,10103,135656,0.9818439842723576
10103,3880,0.915494948046309,false,10103,3880,0.915494948046309
10103,94059,0.9878582129185637,false,10103,94059,0.9878582129185637
10103,26769,0.9733345240583177,false,10103,26769,0.9733345240583177
10103,3960,0.9813844643539197,false,10103,3960,0.9813844643539197
10103,7433,0.8446684876712646,false,10103,7433,0.8446684876712646
10103,284323,0.9588771632055499,false,10103,284323,0.9588771632055499
10103,100129460,0.8763548966320195,false,10103,100129460,0.8763548966320195
10103,65217,0.8196910877610557,false,10103,65217,0.8196910877610557
10103,23584,0.953013050675568,false,10103,23584,0.953013050675568
10103,692213,0.9889255630011327,false,10103,692213,0.9889255630011327
10103,153643,0.9835377998181436,false,10103,153643,0.9835377998181436
10103,112268422,0.9771644264398421,false,10103,112268422,0.9771644264398421
10103,649946,0.7615060598055206,false,10103,649946,0.7615060598055206
10103,259294,0.9678722954065168,false,10103,259294,0.9678722954065168
10103,79740,0.9303674127680723,false,10103,79740,0.9303674127680723
10103,2266,0.9772052139213079,false,10103,2266,0.9772052139213079
10103,745,0.9879844245575453,false,10103,745,0.9879844245575453
10103,440352,0.9043570416723201,false,10103,440352,0.9043570416723201
3856,1048,0.8734228633094601,false,3856,1048,0.8734228633094601
3856,100419743,0.8733719689642241,false,3856,100419743,0.8733719689642241
3856,79838,0.9865089182451802,false,3856,79838,0.9865089182451802
3856,10529,0.8009374205270675,false,3856,10529,0.8009374205270675
3856,3983,0.8988619165865288,false,3856,3983,0.8988619165865288
3856,3694,0.9635766695850517,false,3856,3694,0.9635766695850517
3856,22941,0.8416873334920374,false,3856,22941,0.8416873334920374
3856,285989,0.9087677192072101,false,3856,285989,0.9087677192072101
3856,2627,0.9485446943062444,false,3856,2627,0.9485446943062444
3856,503640,0.8686244311375563,false,3856,503640,0.8686244311375563
3856,259290,0.7908260049754531,false,3856,259290,0.7908260049754531
3856,1555,0.9579951844133343,false,3856,1555,0.9579951844133343
3856,57528,0.8682400906867602,false,3856,57528,0.8682400906867602
3856,201456,0.8579508195267554,false,3856,201456,0.8579508195267554
3856,142827,0.8312837677210975,false,3856,142827,0.8312837677210975
3856,57186,0.9129198231277861,false,3856,57186,0.9129198231277861
3856,6751,0.8139405993359611,false,3856,6751,0.8139405993359611
3856,79908,0.7046299599286795,false,3856,79908,0.7046299599286795
3856,10579,0.7019436817859226,false,3856,10579,0.7019436817859226
3856,102723508,0.7767713206628134,false,3856,102723508,0.7767713206628134
3856,28984,0.9250159335689576,false,3856,28984,0.9250159335689576
3856,130367,0.9877291837943382,false,3856,130367,0.9877291837943382
3856,285335,0.9554653697151553,false,3856,285335,0.9554653697151553
3856,9356,0.8316373762605563,false,3856,9356,0.8316373762605563
3856,1910,0.8868686816341366,false,3856,1910,0.8868686816341366
3856,641776,0.9095445407627345,false,3856,641776,0.9095445407627345
3856,100506658,0.8858351957300925,false,3856,100506658,0.8858351957300925
3856,200373,0.9152355221850653,false,3856,200373,0.9152355221850653
3856,168090,0.8350400312287438,false,3856,168090,0.8350400312287438
3856,341676,0.95870549194935,false,3856,341676,0.95870549194935
3856,148213,0.9105894086487114,false,3856,148213,0.9105894086487114
3856,10595,0.9818728775764313,false,3856,10595,0.9818728775764313
3856,4583,0.985841544286865,false,3856,4583,0.985841544286865
3856,54842,0.7640370757773064,false,3856,54842,0.7640370757773064
3856,728643,0.7459123634821391,false,3856,728643,0.7459123634821391
3856,55567,0.9687571703032223,false,3856,55567,0.9687571703032223
3856,6103,0.8139851102893179,false,3856,6103,0.8139851102893179
3856,54997,0.8668765968914101,false,3856,54997,0.8668765968914101
3856,79848,0.7920320755210839,false,3856,79848,0.7920320755210839
3856,115677,0.8102514845585138,false,3856,115677,0.8102514845585138
3856,5961,0.8358108572894206,false,3856,5961,0.8358108572894206
3856,7851,0.9220280869877822,false,3856,7851,0.9220280869877822
3856,692072,0.8698568783067545,false,3856,692072,0.8698568783067545
3856,109136579,0.9083032376669986,false,3856,109136579,0.9083032376669986
3856,503645,0.7832189919198119,false,3856,503645,0.7832189919198119
3856,55808,0.8960720182356757,false,3856,55808,0.8960720182356757
3856,999,0.9839267781057894,false,3856,999,0.9839267781057894
3856,126353,0.946254693799165,false,3856,126353,0.946254693799165
3856,26226,0.8653010971074396,false,3856,26226,0.8653010971074396
3856,64332,0.8828850952338849,false,3856,64332,0.8828850952338849
3856,346007,0.8073877640970725,false,3856,346007,0.8073877640970725
3856,388743,0.8866718841665443,false,3856,388743,0.8866718841665443
3856,116984,0.7953991611354747,false,3856,116984,0.7953991611354747
3856,3875,0.72880519015317,false,3856,3875,0.72880519015317
3856,137872,0.8057536674298047,false,3856,137872,0.8057536674298047
3856,1577,0.8979912537599294,false,3856,1577,0.8979912537599294
3856,100033430,0.9735562071510754,false,3856,100033430,0.9735562071510754
3856,340267,0.9185102729511996,false,3856,340267,0.9185102729511996
3856,200879,0.8780536183426773,false,3856,200879,0.8780536183426773
3856,1510,0.9149176495954741,false,3856,1510,0.9149176495954741
3856,441251,0.9642972481313561,false,3856,441251,0.9642972481313561
3856,102723849,0.8932089440492492,false,3856,102723849,0.8932089440492492
3856,6337,0.9166170678525306,false,3856,6337,0.9166170678525306
3856,5284,0.9103002510108488,false,3856,5284,0.9103002510108488
3856,57669,0.8431567162934822,false,3856,57669,0.8431567162934822
3856,619383,0.911527290821183,false,3856,619383,0.911527290821183
3856,89765,0.9751222269235412,false,3856,89765,0.9751222269235412
3856,57111,0.9184570612516891,false,3856,57111,0.9184570612516891
3856,278,0.954814674331841,false,3856,278,0.954814674331841
3856,116844,0.954536467212863,false,3856,116844,0.954536467212863
3856,10129,0.8896962738434488,false,3856,10129,0.8896962738434488
3856,4586,0.87736334325892,false,3856,4586,0.87736334325892
3856,100158262,0.7964730672954443,false,3856,100158262,0.7964730672954443
3856,10551,0.8979880999143782,false,3856,10551,0.8979880999143782
3856,688,0.9036301888950072,false,3856,688,0.9036301888950072
3856,6101,0.80211924671934,false,3856,6101,0.80211924671934
3856,378938,0.9088637602982964,false,3856,378938,0.9088637602982964
3856,54897,0.7536787823867178,false,3856,54897,0.7536787823867178
3856,117155,0.8556561981578932,false,3856,117155,0.8556561981578932
3856,112268155,0.9152688098982319,false,3856,112268155,0.9152688098982319
3856,1152,0.877996329856393,false,3856,1152,0.877996329856393
3856,27074,0.837040301906524,false,3856,27074,0.837040301906524
3856,79083,0.8754487017087728,false,3856,79083,0.8754487017087728
3856,66002,0.876772412442275,false,3856,66002,0.876772412442275
3856,1556,0.9104101386269307,false,3856,1556,0.9104101386269307
3856,79632,0.7364631437706024,false,3856,79632,0.7364631437706024
3856,4585,0.7819025267221749,false,3856,4585,0.7819025267221749
3856,22996,0.9147776117208062,false,3856,22996,0.9147776117208062
3856,55930,0.9026086991186472,false,3856,55930,0.9026086991186472
3856,7113,0.9581634951909486,false,3856,7113,0.9581634951909486
3856,54861,0.8838213618095954,false,3856,54861,0.8838213618095954
3856,222256,0.9762839174279204,false,3856,222256,0.9762839174279204
3856,105180391,0.885510713884433,false,3856,105180391,0.885510713884433
3856,26084,0.761350464714452,false,3856,26084,0.761350464714452
3856,100529240,0.9001164406945593,false,3856,100529240,0.9001164406945593
3856,113218482,0.8853071107031745,false,3856,113218482,0.8853071107031745
3856,647024,0.9801337489842028,false,3856,647024,0.9801337489842028
3856,255928,0.8597833114761654,false,3856,255928,0.8597833114761654
3856,151531,0.9470262017780519,false,3856,151531,0.9470262017780519
3856,8537,0.8177954246318622,false,3856,8537,0.8177954246318622
3856,10018,0.885513050293135,false,3856,10018,0.885513050293135
3856,115019,0.8906038975052757,false,3856,115019,0.8906038975052757
3856,201625,0.9514503059143782,false,3856,201625,0.9514503059143782
3856,105180390,0.896684135221444,false,3856,105180390,0.896684135221444
3856,1043,0.8879240813440314,false,3856,1043,0.8879240813440314
3856,692058,0.9386372961373973,false,3856,692058,0.9386372961373973
3856,276,0.946268801733657,false,3856,276,0.946268801733657
3856,168374,0.9403251112419649,false,3856,168374,0.9403251112419649
3856,83481,0.9636988144399642,false,3856,83481,0.9636988144399642
3856,645843,0.9421736411053653,false,3856,645843,0.9421736411053653
3856,143884,0.7582026809331892,false,3856,143884,0.7582026809331892
3856,1579,0.8721545815373285,false,3856,1579,0.8721545815373285
3856,80004,0.9968222055831897,false,3856,80004,0.9968222055831897
3856,121512,0.9325103652829935,false,3856,121512,0.9325103652829935
3856,3993,0.8815921317845115,false,3856,3993,0.8815921317845115
3856,389852,0.8997697591489268,false,3856,389852,0.8997697591489268
3856,342892,0.8193286096256709,false,3856,342892,0.8193286096256709
3856,164312,0.9023815196953162,false,3856,164312,0.9023815196953162
3856,84239,0.941489456163584,false,3856,84239,0.941489456163584
3856,2065,0.9670063799229589,false,3856,2065,0.9670063799229589
3856,57402,0.7915923985418126,false,3856,57402,0.7915923985418126
3856,1513,0.746464998967049,false,3856,1513,0.746464998967049
3856,84851,0.7088108728683993,false,3856,84851,0.7088108728683993
3856,780,0.9235652709507869,false,3856,780,0.9235652709507869
3856,135656,0.874078157903833,false,3856,135656,0.874078157903833
3856,3880,0.9747248041101956,false,3856,3880,0.9747248041101956
3856,94059,0.8946423964749288,false,3856,94059,0.8946423964749288
3856,26769,0.9562903819339195,false,3856,26769,0.9562903819339195
3856,3960,0.8731054149831451,false,3856,3960,0.8731054149831451
3856,7433,0.7250171178335476,false,3856,7433,0.7250171178335476
3856,284323,0.8256098119020683,false,3856,284323,0.8256098119020683
3856,100129460,0.9447658369021832,false,3856,100129460,0.9447658369021832
3856,65217,0.7533634198186351,false,3856,65217,0.7533634198186351
3856,1286,0.7181433446886801,false,3856,1286,0.7181433446886801
3856,23584,0.8306375544992844,false,3856,23584,0.8306375544992844
3856,692213,0.8974625169071493,false,3856,692213,0.8974625169071493
3856,153643,0.9871470426973358,false,3856,153643,0.9871470426973358
3856,112268422,0.8623772930471251,false,3856,112268422,0.8623772930471251
3856,649946,0.7813811884259799,false,3856,649946,0.7813811884259799
3856,259294,0.8440413283206295,false,3856,259294,0.8440413283206295
3856,79740,0.9044081486421083,false,3856,79740,0.9044081486421083
3856,2266,0.8750502861722056,false,3856,2266,0.8750502861722056
3856,745,0.90119902858714,false,3856,745,0.90119902858714
3856,440352,0.811431569491761,false,3856,440352,0.811431569491761
57575,2208,0.9067701288052401,false,57575,2208,0.9067701288052401
57575,5694,0.9320679779822056,false,57575,5694,0.9320679779822056
57575,89,0.7625860396480797,false,57575,89,0.7625860396480797
57575,100506686,0.9224130296064587,false,57575,100506686,0.9224130296064587
57575,406903,0.7453556714213228,false,57575,406903,0.7453556714213228
57575,101929066,0.9492141838805155,false,57575,101929066,0.9492141838805155
57575,81615,0.8626520627438438,false,57575,81615,0.8626520627438438
57575,84842,0.7124719373699988,false,57575,84842,0.7124719373699988
57575,8153,0.8579557248579711,false,57575,8153,0.8579557248579711
57575,124944,0.8790271252815682,false,57575,124944,0.8790271252815682
57575,65998,0.7140536085917404,false,57575,65998,0.7140536085917404
57575,340596,0.9671826459118805,false,57575,340596,0.9671826459118805
57575,100506755,0.9099547801299656,false,57575,100506755,0.9099547801299656
57575,1746,0.956029544447602,false,57575,1746,0.956029544447602
57575,163479,0.8604243394290985,false,57575,163479,0.8604243394290985
57575,84867,0.7813805086866008,false,57575,84867,0.7813805086866008
57575,399726,0.8316937487990935,false,57575,399726,0.8316937487990935
57575,441151,0.7795497778176947,false,57575,441151,0.7795497778176947
57575,26797,0.7222251244123619,false,57575,26797,0.7222251244123619
57575,57710,0.8240781551255209,false,57575,57710,0.8240781551255209
57575,9699,0.9023113146788606,false,57575,9699,0.9023113146788606
57575,692209,0.8445773552654994,false,57575,692209,0.8445773552654994
57575,80381,0.7141424718339622,false,57575,80381,0.7141424718339622
57575,83643,0.7816416613322712,false,57575,83643,0.7816416613322712
57575,100874002,0.9768785369024653,false,57575,100874002,0.9768785369024653
57575,219793,0.9298643061140685,false,57575,219793,0.9298643061140685
57575,56955,0.9567578104658251,false,57575,56955,0.9567578104658251
57575,1515,0.9111013833520183,false,57575,1515,0.9111013833520183
57575,165186,0.7829296220405866,false,57575,165186,0.7829296220405866
33,1770,0.8936707473279485,false,33,1770,0.8936707473279485
33,10917,0.9498957727164783,false,33,10917,0.9498957727164783
33,11254,0.9600290955008615,false,33,11254,0.9600290955008615
33,286207,0.809371525313249,false,33,286207,0.809371525313249
33,177,0.7723728909595708,false,33,177,0.7723728909595708
33,5555,0.7861738975898509,false,33,5555,0.7861738975898509
33,57530,0.9011389396696131,false,33,57530,0.9011389396696131
33,60494,0.8757806974397384,false,33,60494,0.8757806974397384
33,722,0.8089303400806279,false,33,722,0.8089303400806279
33,5544,0.7557457425430795,false,33,5544,0.7557457425430795
33,10579,0.763236248265659,false,33,10579,0.763236248265659
33,6439,0.730800806307588,false,33,6439,0.730800806307588
33,85452,0.8537342908895358,false,33,85452,0.8537342908895358
33,146177,0.909695649228818,false,33,146177,0.909695649228818
33,1906,0.921299488118744,false,33,1906,0.921299488118744
33,3240,0.9708917758238408,false,33,3240,0.9708917758238408
33,7033,0.9172620716234298,false,33,7033,0.9172620716234298
33,221395,0.743466075888602,false,33,221395,0.743466075888602
33,718,0.834449692266167,false,33,718,0.834449692266167
33,64073,0.9443533421672439,false,33,64073,0.9443533421672439
33,253970,0.8059656572682016,false,33,253970,0.8059656572682016
33,6441,0.9338132050953035,false,33,6441,0.9338132050953035
33,4070,0.9537151403247139,false,33,4070,0.9537151403247139
33,56892,0.9868571796065398,false,33,56892,0.9868571796065398
33,8091,0.9250325071702513,false,33,8091,0.9250325071702513
33,3875,0.7219564580262217,false,33,3875,0.7219564580262217
33,160728,0.9622145787521043,false,33,160728,0.9622145787521043
33,4680,0.7828688733804519,false,33,4680,0.7828688733804519
33,7356,0.9623985044023781,false,33,7356,0.9623985044023781
33,109729127,0.9472894426200186,false,33,109729127,0.9472894426200186
33,400578,0.8903256222162972,false,33,400578,0.8903256222162972
33,94025,0.8866550107811987,false,33,94025,0.8866550107811987
33,109729184,0.7294217321673032,false,33,109729184,0.7294217321673032
33,728276,0.9439210702174433,false,33,728276,0.9439210702174433
33,101927516,0.814120233099823,false,33,101927516,0.814120233099823
33,102723635,0.8621742548034399,false,33,102723635,0.8621742548034399
33,5545,0.8802102956014685,false,33,5545,0.8802102956014685
33,727897,0.8615311226535868,false,33,727897,0.8615311226535868
33,54848,0.9925368377622574,false,33,54848,0.9925368377622574
33,1767,0.8232654927053045,false,33,1767,0.8232654927053045
33,9476,0.8315403780445374,false,33,9476,0.8315403780445374
33,117156,0.9724951397173953,false,33,117156,0.9724951397173953
33,195814,0.988583757637535,false,33,195814,0.988583757637535
33,140766,0.9174370431590141,false,33,140766,0.9174370431590141
33,105,0.9305858085564422,false,33,105,0.9305858085564422
33,84059,0.7242612152197,false,33,84059,0.7242612152197
33,57477,0.7894298341253424,false,33,57477,0.7894298341253424
33,6097,0.9278242643452699,false,33,6097,0.9278242643452699
33,120892,0.7884317505354733,false,33,120892,0.7884317505354733
33,4057,0.9181324572038807,false,33,4057,0.9181324572038807
33,220136,0.8693239586620749,false,33,220136,0.8693239586620749
33,112577518,0.8844418126604274,false,33,112577518,0.8844418126604274
33,9370,0.8923714580975842,false,33,9370,0.8923714580975842
33,693188,0.9170742429200771,false,33,693188,0.9170742429200771
33,389376,0.9295906863135378,false,33,389376,0.9295906863135378
33,6799,0.9714775428587785,false,33,6799,0.9714775428587785
33,353189,0.8045753476347118,false,33,353189,0.8045753476347118
33,563,0.8933585774978446,false,33,563,0.8933585774978446
33,4069,0.8030507877641746,false,33,4069,0.8030507877641746
33,1080,0.8042616446035056,false,33,1080,0.8042616446035056
33,123872,0.9919440371550433,false,33,123872,0.9919440371550433
33,105372793,0.9367847854467821,false,33,105372793,0.9367847854467821
33,653509,0.8455243681095359,false,33,653509,0.8455243681095359
33,100874095,0.8923714580975842,false,33,100874095,0.8923714580975842
33,729238,0.8967912947304388,false,33,729238,0.8967912947304388
33,144535,0.7026963263520088,false,33,144535,0.7026963263520088
33,3855,0.7636359954559654,false,33,3855,0.7636359954559654
33,26298,0.8912913874950231,false,33,26298,0.8912913874950231
33,100033436,0.9112043378375912,false,33,100033436,0.9112043378375912
1770,10917,0.7478711009420754,false,1770,10917,0.7478711009420754
1770,11254,0.8380431392754839,false,1770,11254,0.8380431392754839
1770,286207,0.9186487698851864,false,1770,286207,0.9186487698851864
1770,177,0.7801124791100937,false,1770,177,0.7801124791100937
1770,5555,0.8580282170551463,false,1770,5555,0.8580282170551463
1770,57530,0.8925471567399615,false,1770,57530,0.8925471567399615
1770,60494,0.7976991944252356,false,1770,60494,0.7976991944252356
1770,5544,0.7740200033790142,false,1770,5544,0.7740200033790142
1770,10579,0.8324308773744805,false,1770,10579,0.8324308773744805
1770,6439,0.8744193734656354,false,1770,6439,0.8744193734656354
1770,85452,0.7203880359875812,false,1770,85452,0.7203880359875812
1770,146177,0.8235761827482789,false,1770,146177,0.8235761827482789
1770,168090,0.7202806578342196,false,1770,168090,0.7202806578342196
1770,1906,0.7280764499446059,false,1770,1906,0.7280764499446059
1770,3240,0.8157565501255494,false,1770,3240,0.8157565501255494
1770,7033,0.819667898588493,false,1770,7033,0.819667898588493
1770,54842,0.7253331074945764,false,1770,54842,0.7253331074945764
1770,64073,0.9090412479113269,false,1770,64073,0.9090412479113269
1770,253970,0.9507856457146195,false,1770,253970,0.9507856457146195
1770,6441,0.931237083871759,false,1770,6441,0.931237083871759
1770,4070,0.9423668984168461,false,1770,4070,0.9423668984168461
1770,56892,0.8280535087708563,false,1770,56892,0.8280535087708563
1770,8091,0.7707389992495127,false,1770,8091,0.7707389992495127
1770,3875,0.8282607518799497,false,1770,3875,0.8282607518799497
1770,160728,0.9012694538681696,false,1770,160728,0.9012694538681696
1770,4680,0.9545344591959449,false,1770,4680,0.9545344591959449
1770,7356,0.9411916315057203,false,1770,7356,0.9411916315057203
1770,109729127,0.9196259016886987,false,1770,109729127,0.9196259016886987
1770,400578,0.8086846933865689,false,1770,400578,0.8086846933865689
1770,94025,0.815618064336536,false,1770,94025,0.815618064336536
1770,728276,0.9048326995978787,false,1770,728276,0.9048326995978787
1770,102723635,0.8277535367584649,false,1770,102723635,0.8277535367584649
1770,5545,0.8143507758557074,false,1770,5545,0.8143507758557074
1770,727897,0.7952600029905504,false,1770,727897,0.7952600029905504
1770,27074,0.7240573660708908,false,1770,27074,0.7240573660708908
1770,54848,0.8693578680543261,false,1770,54848,0.8693578680543261
1770,79632,0.7185615892588597,false,1770,79632,0.7185615892588597
1770,4585,0.7004634374617351,false,1770,4585,0.7004634374617351
1770,1767,0.883679727274812,false,1770,1767,0.883679727274812
1770,9476,0.9669738405182547,false,1770,9476,0.9669738405182547
1770,117156,0.9564004551161002,false,1770,117156,0.9564004551161002
1770,195814,0.9058766693345262,false,1770,195814,0.9058766693345262
1770,105,0.8267136573059015,false,1770,105,0.8267136573059015
1770,84059,0.7471580417224656,false,1770,84059,0.7471580417224656
1770,57477,0.7919182317413351,false,1770,57477,0.7919182317413351
1770,6097,0.9222375602859003,false,1770,6097,0.9222375602859003
1770,120892,0.8421545556971172,false,1770,120892,0.8421545556971172
1770,123624,0.8972607391252766,false,1770,123624,0.8972607391252766
1770,4057,0.8308485112411965,false,1770,4057,0.8308485112411965
1770,220136,0.7706911943079868,false,1770,220136,0.7706911943079868
1770,112577518,0.797471054212283,false,1770,112577518,0.797471054212283
1770,9370,0.8107653002012226,false,1770,9370,0.8107653002012226
1770,693188,0.710093131531635,false,1770,693188,0.710093131531635
1770,389376,0.9496568156681467,false,1770,389376,0.9496568156681467
1770,6799,0.8854769995860704,false,1770,6799,0.8854769995860704
1770,353189,0.8353041764497697,false,1770,353189,0.8353041764497697
1770,563,0.8085410124712421,false,1770,563,0.8085410124712421
1770,84851,0.7393124879243714,false,1770,84851,0.7393124879243714
1770,21,0.7392332703616376,false,1770,21,0.7392332703616376
1770,4069,0.807476777776996,false,1770,4069,0.807476777776996
1770,1080,0.8271541101122843,false,1770,1080,0.8271541101122843
1770,123872,0.8972917487681343,false,1770,123872,0.8972917487681343
1770,1286,0.7455835638508768,false,1770,1286,0.7455835638508768
1770,9052,0.7635601986190079,false,1770,9052,0.7635601986190079
1770,105372793,0.7661806784585491,false,1770,105372793,0.7661806784585491
1770,79784,0.8315280433120891,false,1770,79784,0.8315280433120891
1770,653509,0.9564350101297204,false,1770,653509,0.9564350101297204
1770,100874095,0.8107653002012226,false,1770,100874095,0.8107653002012226
1770,729238,0.9741328398497111,false,1770,729238,0.9741328398497111
1770,79098,0.7048814079359338,false,1770,79098,0.7048814079359338
1770,144535,0.7463745701963476,false,1770,144535,0.7463745701963476
1770,3855,0.8560522644299462,false,1770,3855,0.8560522644299462
1770,26298,0.9060870186291282,false,1770,26298,0.9060870186291282
1770,100033436,0.8331377121641526,false,1770,100033436,0.8331377121641526
4062,7125,0.9998829605252461,false,4062,7125,0.9998829605252461
4062,3229,0.9999851336414998,false,4062,3229,0.9999851336414998
4062,7060,0.9995578484604193,false,4062,7060,0.9995578484604193
4062,102723382,0.8776283299392333,false,4062,102723382,0.8776283299392333
4062,54112,0.9997367446343043,false,4062,54112,0.9997367446343043
4062,4892,0.9998031494998364,false,4062,4892,0.9998031494998364
4062,3207,0.8232979821797106,false,4062,3207,0.8232979821797106
4062,644649,0.7999601967476888,false,4062,644649,0.7999601967476888
4062,3929,0.9977077686216923,false,4062,3929,0.9977077686216923
4062,105369937,0.9997367446343044,false,4062,105369937,0.9997367446343044
4062,27022,0.8406430475288766,false,4062,27022,0.8406430475288766
4062,107984498,0.9999985420255725,false,4062,107984498,0.9999985420255725
4062,284111,0.997514183695315,false,4062,284111,0.997514183695315
4062,100130701,0.7003103584630616,false,4062,100130701,0.7003103584630616
4062,128674,0.9997367446343044,false,4062,128674,0.9997367446343044
4062,7780,0.9981078638639408,false,4062,7780,0.9981078638639408
4062,101928580,0.9629080334573148,false,4062,101928580,0.9629080334573148
4062,1028,0.7003871033110907,false,4062,1028,0.7003871033110907
4062,57110,0.998728165205647,false,4062,57110,0.998728165205647
4062,646480,0.9941691322494713,false,4062,646480,0.9941691322494713
4062,4606,0.9999973306046414,false,4062,4606,0.9999973306046414
1048,100419743,0.999998108378881,false,1048,100419743,0.999998108378881
1048,79838,0.870562882525668,false,1048,79838,0.870562882525668
1048,3983,0.9916597866720543,false,1048,3983,0.9916597866720543
1048,3694,0.8792256145736864,false,1048,3694,0.8792256145736864
1048,22941,0.9076330500622268,false,1048,22941,0.9076330500622268
1048,285989,0.9847297229926926,false,1048,285989,0.9847297229926926
1048,2627,0.9516436703210447,false,1048,2627,0.9516436703210447
1048,503640,0.9962746880510238,false,1048,503640,0.9962746880510238
1048,259290,0.9741567983462491,false,1048,259290,0.9741567983462491
1048,1555,0.9743201937338761,false,1048,1555,0.9743201937338761
1048,57528,0.999530722261605,false,1048,57528,0.999530722261605
1048,201456,0.996103177866833,false,1048,201456,0.996103177866833
1048,142827,0.9501701786905925,false,1048,142827,0.9501701786905925
1048,57186,0.8588280520573677,false,1048,57186,0.8588280520573677
1048,6751,0.9905545036932423,false,1048,6751,0.9905545036932423
1048,79908,0.7199509084508753,false,1048,79908,0.7199509084508753
1048,6473,0.7404861149075305,false,1048,6473,0.7404861149075305
1048,102723508,0.9779863685980132,false,1048,102723508,0.9779863685980132
1048,28984,0.7687918236358555,false,1048,28984,0.7687918236358555
1048,130367,0.8267646943853073,false,1048,130367,0.8267646943853073
1048,285335,0.7228117980806996,false,1048,285335,0.7228117980806996
1048,9356,0.9824691172392279,false,1048,9356,0.9824691172392279
1048,1910,0.7156874198708416,false,1048,1910,0.7156874198708416
1048,641776,0.98408560440746,false,1048,641776,0.98408560440746
1048,100506658,0.8925468035470596,false,1048,100506658,0.8925468035470596
1048,341676,0.9688115387823443,false,1048,341676,0.9688115387823443
1048,148213,0.9953953641435083,false,1048,148213,0.9953953641435083
1048,10595,0.9370121093671784,false,1048,10595,0.9370121093671784
1048,4583,0.9179526586677135,false,1048,4583,0.9179526586677135
1048,728643,0.9291815433676432,false,1048,728643,0.9291815433676432
1048,55567,0.955854512060375,false,1048,55567,0.955854512060375
1048,54997,0.9973302924445178,false,1048,54997,0.9973302924445178
1048,79848,0.9635065204690092,false,1048,79848,0.9635065204690092
1048,219790,0.7188187760014979,false,1048,219790,0.7188187760014979
1048,115677,0.7994408978726305,false,1048,115677,0.7994408978726305
1048,5961,0.9898230429783775,false,1048,5961,0.9898230429783775
1048,7851,0.9926006148806478,false,1048,7851,0.9926006148806478
1048,692072,0.9934825470787553,false,1048,692072,0.9934825470787553
1048,109136579,0.9672651577759905,false,1048,109136579,0.9672651577759905
1048,503645,0.9304430367828036,false,1048,503645,0.9304430367828036
1048,55808,0.9980555189165882,false,1048,55808,0.9980555189165882
1048,999,0.9401544878602993,false,1048,999,0.9401544878602993
1048,126353,0.9805242021727041,false,1048,126353,0.9805242021727041
1048,26226,0.9788571982852627,false,1048,26226,0.9788571982852627
1048,64332,0.9165636743901983,false,1048,64332,0.9165636743901983
1048,346007,0.8159224708626528,false,1048,346007,0.8159224708626528
1048,388743,0.9995531777840732,false,1048,388743,0.9995531777840732
1048,137872,0.9884925263311167,false,1048,137872,0.9884925263311167
1048,1577,0.9892837900314415,false,1048,1577,0.9892837900314415
1048,100033430,0.9502888272636506,false,1048,100033430,0.9502888272636506
1048,340267,0.9927707772706142,false,1048,340267,0.9927707772706142
1048,200879,0.9994209672414903,false,1048,200879,0.9994209672414903
1048,1510,0.9945227374007226,false,1048,1510,0.9945227374007226
1048,441251,0.9085073934960798,false,1048,441251,0.9085073934960798
1048,102723849,0.9938968803478537,false,1048,102723849,0.9938968803478537
1048,9196,0.7842680569789746,false,1048,9196,0.7842680569789746
1048,6337,0.8720772933052946,false,1048,6337,0.8720772933052946
1048,57669,0.9244960157971852,false,1048,57669,0.9244960157971852
1048,619383,0.9716691584191128,false,1048,619383,0.9716691584191128
1048,89765,0.7978570552298953,false,1048,89765,0.7978570552298953
1048,57111,0.9942315333405586,false,1048,57111,0.9942315333405586
1048,278,0.8314795008504552,false,1048,278,0.8314795008504552
1048,116844,0.976443543365244,false,1048,116844,0.976443543365244
1048,10129,0.9884537567687176,false,1048,10129,0.9884537567687176
1048,4586,0.9999611364559692,false,1048,4586,0.9999611364559692
1048,100158262,0.9798602472984942,false,1048,100158262,0.9798602472984942
1048,10551,0.9983112857707376,false,1048,10551,0.9983112857707376
1048,378938,0.9670430969086555,false,1048,378938,0.9670430969086555
1048,54897,0.8913399342622097,false,1048,54897,0.8913399342622097
1048,117155,0.9973282073861977,false,1048,117155,0.9973282073861977
1048,112268155,0.9873153330110728,false,1048,112268155,0.9873153330110728
1048,1152,0.936198426338704,false,1048,1152,0.936198426338704
1048,79083,0.997647844649966,false,1048,79083,0.997647844649966
1048,66002,0.9986848552898412,false,1048,66002,0.9986848552898412
1048,1556,0.9877336048389064,false,1048,1556,0.9877336048389064
1048,22996,0.9864986012933536,false,1048,22996,0.9864986012933536
1048,55930,0.9882031729567611,false,1048,55930,0.9882031729567611
1048,7620,0.8523770298350543,false,1048,7620,0.8523770298350543
1048,7113,0.975567160452619,false,1048,7113,0.975567160452619
1048,54861,0.9280964311132615,false,1048,54861,0.9280964311132615
1048,222256,0.9031697245284459,false,1048,222256,0.9031697245284459
1048,105180391,0.983193360169808,false,1048,105180391,0.983193360169808
1048,100529240,0.9931214306805479,false,1048,100529240,0.9931214306805479
1048,113218482,0.9992912079233766,false,1048,113218482,0.9992912079233766
1048,647024,0.9475651157830658,false,1048,647024,0.9475651157830658
1048,255928,0.9964219443477191,false,1048,255928,0.9964219443477191
1048,151531,0.9623676721666261,false,1048,151531,0.9623676721666261
1048,8537,0.9648492765444298,false,1048,8537,0.9648492765444298
1048,10018,0.9988339573220593,false,1048,10018,0.9988339573220593
1048,115019,0.999097674458585,false,1048,115019,0.999097674458585
1048,201625,0.7836806862809104,false,1048,201625,0.7836806862809104
1048,105180390,0.9846937505497381,false,1048,105180390,0.9846937505497381
1048,692058,0.9745048630460038,false,1048,692058,0.9745048630460038
1048,276,0.7619225197165899,false,1048,276,0.7619225197165899
1048,168374,0.9600487975226173,false,1048,168374,0.9600487975226173
1048,83481,0.955317980523146,false,1048,83481,0.955317980523146
1048,645843,0.9637579901942734,false,1048,645843,0.9637579901942734
1048,143884,0.963401384460097,false,1048,143884,0.963401384460097
1048,80004,0.8850891287777484,false,1048,80004,0.8850891287777484
1048,121512,0.9463416401735776,false,1048,121512,0.9463416401735776
1048,3993,0.9614488934829761,false,1048,3993,0.9614488934829761
1048,389852,0.9980021937264921,false,1048,389852,0.9980021937264921
1048,342892,0.9699334529915788,false,1048,342892,0.9699334529915788
1048,164312,0.9831970471969018,false,1048,164312,0.9831970471969018
1048,84239,0.9330958538739301,false,1048,84239,0.9330958538739301
1048,2065,0.9581652339182526,false,1048,2065,0.9581652339182526
1048,57402,0.8894075308504473,false,1048,57402,0.8894075308504473
1048,776,0.8271402701202254,false,1048,776,0.8271402701202254
1048,780,0.900659186107847,false,1048,780,0.900659186107847
1048,135656,0.9999972087797387,false,1048,135656,0.9999972087797387
1048,3880,0.83551975827253,false,1048,3880,0.83551975827253
1048,94059,0.9962501805125016,false,1048,94059,0.9962501805125016
1048,26769,0.9326711442317093,false,1048,26769,0.9326711442317093
1048,3960,0.9999824136409341,false,1048,3960,0.9999824136409341
1048,7433,0.8809284620908766,false,1048,7433,0.8809284620908766
1048,284323,0.9929826079866748,false,1048,284323,0.9929826079866748
1048,100129460,0.7867835260243311,false,1048,100129460,0.7867835260243311
1048,65217,0.8185733357814617,false,1048,65217,0.8185733357814617
1048,23584,0.9832492232060726,false,1048,23584,0.9832492232060726
1048,692213,0.9967534211423572,false,1048,692213,0.9967534211423572
1048,153643,0.9323244129305002,false,1048,153643,0.9323244129305002
1048,112268422,0.9996633929500097,false,1048,112268422,0.9996633929500097
1048,649946,0.704116924105108,false,1048,649946,0.704116924105108
1048,259294,0.9954981880615281,false,1048,259294,0.9954981880615281
1048,79740,0.9032559124543925,false,1048,79740,0.9032559124543925
1048,2266,0.992241670654231,false,1048,2266,0.992241670654231
1048,745,0.9939962361506389,false,1048,745,0.9939962361506389
1048,440352,0.9208005673138001,false,1048,440352,0.9208005673138001
100419743,79838,0.8702976934453185,false,100419743,79838,0.8702976934453185
100419743,3983,0.9917890501715185,false,100419743,3983,0.9917890501715185
100419743,3694,0.8787416966448011,false,100419743,3694,0.8787416966448011
100419743,22941,0.9070399957881081,false,100419743,22941,0.9070399957881081
100419743,285989,0.9846565252766207,false,100419743,285989,0.9846565252766207
100419743,2627,0.9514218166537659,false,100419743,2627,0.9514218166537659
100419743,503640,0.9962340171170748,false,100419743,503640,0.9962340171170748
100419743,259290,0.9740146896267236,false,100419743,259290,0.9740146896267236
100419743,1555,0.9742102775570323,false,100419743,1555,0.9742102775570323
100419743,57528,0.9995605992498269,false,100419743,57528,0.9995605992498269
100419743,201456,0.9960005752239619,false,100419743,201456,0.9960005752239619
100419743,142827,0.9497621511840426,false,100419743,142827,0.9497621511840426
100419743,57186,0.8586295136630354,false,100419743,57186,0.8586295136630354
100419743,6751,0.9904263847145036,false,100419743,6751,0.9904263847145036
100419743,79908,0.7190388294019923,false,100419743,79908,0.7190388294019923
100419743,6473,0.7405418140098511,false,100419743,6473,0.7405418140098511
100419743,102723508,0.9779517872757362,false,100419743,102723508,0.9779517872757362
100419743,28984,0.7682621011698815,false,100419743,28984,0.7682621011698815
100419743,130367,0.8266415503371728,false,100419743,130367,0.8266415503371728
100419743,285335,0.7227671172971878,false,100419743,285335,0.7227671172971878
100419743,9356,0.9823736818056693,false,100419743,9356,0.9823736818056693
100419743,1910,0.7151870639515936,false,100419743,1910,0.7151870639515936
100419743,641776,0.9840613073954662,false,100419743,641776,0.9840613073954662
100419743,100506658,0.8920844767372609,false,100419743,100506658,0.8920844767372609
100419743,341676,0.9687137799309199,false,100419743,341676,0.9687137799309199
100419743,148213,0.9953483480367025,false,100419743,148213,0.9953483480367025
100419743,10595,0.9369799264034917,false,100419743,10595,0.9369799264034917
100419743,4583,0.9179443126729011,false,100419743,4583,0.9179443126729011
100419743,728643,0.9289052228823282,false,100419743,728643,0.9289052228823282
100419743,55567,0.9556399298213386,false,100419743,55567,0.9556399298213386
100419743,54997,0.9972946058384649,false,100419743,54997,0.9972946058384649
100419743,79848,0.963277698033709,false,100419743,79848,0.963277698033709
100419743,219790,0.7183569531186964,false,100419743,219790,0.7183569531186964
100419743,115677,0.799111041634521,false,100419743,115677,0.799111041634521
100419743,5961,0.9897496014548317,false,100419743,5961,0.9897496014548317
100419743,7851,0.9925453869991618,false,100419743,7851,0.9925453869991618
100419743,692072,0.9934387510458483,false,100419743,692072,0.9934387510458483
100419743,109136579,0.9672500340957186,false,100419743,109136579,0.9672500340957186
100419743,503645,0.9302447511029502,false,100419743,503645,0.9302447511029502
100419743,55808,0.9980033778442148,false,100419743,55808,0.9980033778442148
100419743,999,0.9400110612347182,false,100419743,999,0.9400110612347182
100419743,126353,0.9804297348045306,false,100419743,126353,0.9804297348045306
100419743,26226,0.9787867217279077,false,100419743,26226,0.9787867217279077
100419743,64332,0.9166843230830306,false,100419743,64332,0.9166843230830306
100419743,346007,0.8161751213410924,false,100419743,346007,0.8161751213410924
100419743,388743,0.9995315034299812,false,100419743,388743,0.9995315034299812
100419743,137872,0.9885771351017699,false,100419743,137872,0.9885771351017699
100419743,1577,0.9891992385401415,false,100419743,1577,0.9891992385401415
100419743,100033430,0.9502828000003737,false,100419743,100033430,0.9502828000003737
100419743,340267,0.9926788750374894,false,100419743,340267,0.9926788750374894
100419743,200879,0.9993896788656279,false,100419743,200879,0.9993896788656279
100419743,1510,0.9944595888444304,false,100419743,1510,0.9944595888444304
100419743,441251,0.9084429671180373,false,100419743,441251,0.9084429671180373
100419743,102723849,0.9938758869561733,false,100419743,102723849,0.9938758869561733
100419743,9196,0.7839321476242691,false,100419743,9196,0.7839321476242691
100419743,6337,0.8715504314436135,false,100419743,6337,0.8715504314436135
100419743,57669,0.9242745044702927,false,100419743,57669,0.9242745044702927
100419743,619383,0.9715810034815915,false,100419743,619383,0.9715810034815915
100419743,89765,0.797774958494893,false,100419743,89765,0.797774958494893
100419743,57111,0.9941645325137138,false,100419743,57111,0.9941645325137138
100419743,278,0.8312254535804996,false,100419743,278,0.8312254535804996
100419743,116844,0.9764194366503776,false,100419743,116844,0.9764194366503776
100419743,10129,0.9883758436215518,false,100419743,10129,0.9883758436215518
100419743,4586,0.9999605253424078,false,100419743,4586,0.9999605253424078
100419743,100158262,0.9798292268330498,false,100419743,100158262,0.9798292268330498
100419743,10551,0.9982909191502256,false,100419743,10551,0.9982909191502256
100419743,378938,0.9670253876213918,false,100419743,378938,0.9670253876213918
100419743,54897,0.8908914825104544,false,100419743,54897,0.8908914825104544
100419743,117155,0.9973519627718422,false,100419743,117155,0.9973519627718422
100419743,112268155,0.9873754029608617,false,100419743,112268155,0.9873754029608617
100419743,1152,0.9356390254946437,false,100419743,1152,0.9356390254946437
100419743,79083,0.9975990526995837,false,100419743,79083,0.9975990526995837
100419743,66002,0.9986187673787821,false,100419743,66002,0.9986187673787821
100419743,1556,0.987560392403972,false,100419743,1556,0.987560392403972
100419743,22996,0.986286189034478,false,100419743,22996,0.986286189034478
100419743,55930,0.9879663298191153,false,100419743,55930,0.9879663298191153
100419743,7620,0.8519143410749211,false,100419743,7620,0.8519143410749211
100419743,7113,0.9754914995841336,false,100419743,7113,0.9754914995841336
100419743,54861,0.9278797354254535,false,100419743,54861,0.9278797354254535
100419743,222256,0.9029821412597175,false,100419743,222256,0.9029821412597175
100419743,105180391,0.9831597480565742,false,100419743,105180391,0.9831597480565742
100419743,100529240,0.9930572250346856,false,100419743,100529240,0.9930572250346856
100419743,113218482,0.9992930030330138,false,100419743,113218482,0.9992930030330138
100419743,647024,0.9474344116420008,false,100419743,647024,0.9474344116420008
100419743,255928,0.9965348560411271,false,100419743,255928,0.9965348560411271
100419743,151531,0.9626384602357049,false,100419743,151531,0.9626384602357049
100419743,8537,0.9648080685059627,false,100419743,8537,0.9648080685059627
100419743,10018,0.9987913514830268,false,100419743,10018,0.9987913514830268
100419743,115019,0.9990727262434926,false,100419743,115019,0.9990727262434926
100419743,201625,0.7832014195700026,false,100419743,201625,0.7832014195700026
100419743,105180390,0.9846473501491331,false,100419743,105180390,0.9846473501491331
100419743,692058,0.9744521290492619,false,100419743,692058,0.9744521290492619
100419743,276,0.7616762515327405,false,100419743,276,0.7616762515327405
100419743,168374,0.9599707536020564,false,100419743,168374,0.9599707536020564
100419743,83481,0.9550537946966587,false,100419743,83481,0.9550537946966587
100419743,645843,0.9636159088236577,false,100419743,645843,0.9636159088236577
100419743,143884,0.963418429016245,false,100419743,143884,0.963418429016245
100419743,80004,0.8850377026341415,false,100419743,80004,0.8850377026341415
100419743,121512,0.9464236624517616,false,100419743,121512,0.9464236624517616
100419743,3993,0.961140494452836,false,100419743,3993,0.961140494452836
100419743,389852,0.9980084629899825,false,100419743,389852,0.9980084629899825
100419743,342892,0.9697098899380591,false,100419743,342892,0.9697098899380591
100419743,164312,0.9829591417996019,false,100419743,164312,0.9829591417996019
100419743,84239,0.9327896048156433,false,100419743,84239,0.9327896048156433
100419743,2065,0.9579861987530821,false,100419743,2065,0.9579861987530821
100419743,57402,0.8887878970184798,false,100419743,57402,0.8887878970184798
100419743,776,0.8265585576199925,false,100419743,776,0.8265585576199925
100419743,780,0.9002550319960962,false,100419743,780,0.9002550319960962
100419743,135656,0.9999956580162764,false,100419743,135656,0.9999956580162764
100419743,3880,0.8350514696259936,false,100419743,3880,0.8350514696259936
100419743,94059,0.9962169610147971,false,100419743,94059,0.9962169610147971
100419743,26769,0.9326079095113449,false,100419743,26769,0.9326079095113449
100419743,3960,0.999975174621938,false,100419743,3960,0.999975174621938
100419743,7433,0.8804018393104053,false,100419743,7433,0.8804018393104053
100419743,284323,0.9929171088377403,false,100419743,284323,0.9929171088377403
100419743,100129460,0.7867019543100032,false,100419743,100129460,0.7867019543100032
100419743,65217,0.818204849332725,false,100419743,65217,0.818204849332725
100419743,23584,0.9830797151223488,false,100419743,23584,0.9830797151223488
100419743,692213,0.9966545952965977,false,100419743,692213,0.9966545952965977
100419743,153643,0.9322650066769966,false,100419743,153643,0.9322650066769966
100419743,112268422,0.9996602347824025,false,100419743,112268422,0.9996602347824025
100419743,649946,0.7038590979474331,false,100419743,649946,0.7038590979474331
100419743,259294,0.9954295986733305,false,100419743,259294,0.9954295986733305
100419743,79740,0.9026170755851894,false,100419743,79740,0.9026170755851894
100419743,2266,0.9923223708893217,false,100419743,2266,0.9923223708893217
100419743,745,0.9938793708352321,false,100419743,745,0.9938793708352321
100419743,440352,0.9201580769397972,false,100419743,440352,0.9201580769397972
10917,11254,0.9403208608247692,false,10917,11254,0.9403208608247692
10917,286207,0.7173391148984629,false,10917,286207,0.7173391148984629
10917,5555,0.7533880346520713,false,10917,5555,0.7533880346520713
10917,57530,0.7394277201806743,false,10917,57530,0.7394277201806743
10917,60494,0.7812429382993276,false,10917,60494,0.7812429382993276
10917,722,0.8616008081014802,false,10917,722,0.8616008081014802
10917,5544,0.7302837010028168,false,10917,5544,0.7302837010028168
10917,10579,0.7444285344696635,false,10917,10579,0.7444285344696635
10917,730,0.760219420204183,false,10917,730,0.760219420204183
10917,85452,0.8561514911887116,false,10917,85452,0.8561514911887116
10917,146177,0.839512804984562,false,10917,146177,0.839512804984562
10917,474354,0.7122882697735977,false,10917,474354,0.7122882697735977
10917,100129940,0.793511979393149,false,10917,100129940,0.793511979393149
10917,1906,0.9613291254262727,false,10917,1906,0.9613291254262727
10917,3240,0.9880080702842774,false,10917,3240,0.9880080702842774
10917,7033,0.8795807686215175,false,10917,7033,0.8795807686215175
10917,221395,0.840492277580203,false,10917,221395,0.840492277580203
10917,718,0.884575320750676,false,10917,718,0.884575320750676
10917,64073,0.8303459521532205,false,10917,64073,0.8303459521532205
10917,6441,0.7817123351749462,false,10917,6441,0.7817123351749462
10917,4070,0.8158496244957935,false,10917,4070,0.8158496244957935
10917,56892,0.9540638556182525,false,10917,56892,0.9540638556182525
10917,8091,0.9728979889395939,false,10917,8091,0.9728979889395939
10917,160728,0.8431466910990723,false,10917,160728,0.8431466910990723
10917,7356,0.8536815199274639,false,10917,7356,0.8536815199274639
10917,109729127,0.8204314251713296,false,10917,109729127,0.8204314251713296
10917,400578,0.8422806843125257,false,10917,400578,0.8422806843125257
10917,94025,0.8550037015016027,false,10917,94025,0.8550037015016027
10917,109729184,0.9052072575320252,false,10917,109729184,0.9052072575320252
10917,728276,0.8464509636847938,false,10917,728276,0.8464509636847938
10917,101927516,0.925917681869041,false,10917,101927516,0.925917681869041
10917,102723635,0.7254490819331031,false,10917,102723635,0.7254490819331031
10917,5545,0.8379044288919592,false,10917,5545,0.8379044288919592
10917,727897,0.8250312838825297,false,10917,727897,0.8250312838825297
10917,54848,0.9525245587741183,false,10917,54848,0.9525245587741183
10917,79632,0.7221342235071503,false,10917,79632,0.7221342235071503
10917,1767,0.7613615584236001,false,10917,1767,0.7613615584236001
10917,117156,0.8569856151821182,false,10917,117156,0.8569856151821182
10917,195814,0.9104432024135076,false,10917,195814,0.9104432024135076
10917,140766,0.9096982666316015,false,10917,140766,0.9096982666316015
10917,2122,0.7010859216856787,false,10917,2122,0.7010859216856787
10917,105,0.8889960712596735,false,10917,105,0.8889960712596735
10917,84059,0.7395596033945186,false,10917,84059,0.7395596033945186
10917,9411,0.7064302510257117,false,10917,9411,0.7064302510257117
10917,57477,0.8261165613710266,false,10917,57477,0.8261165613710266
10917,6097,0.7977908575412473,false,10917,6097,0.7977908575412473
10917,120892,0.7741246729582972,false,10917,120892,0.7741246729582972
10917,4057,0.871477303867378,false,10917,4057,0.871477303867378
10917,220136,0.8052352747759879,false,10917,220136,0.8052352747759879
10917,112577518,0.8397353120379994,false,10917,112577518,0.8397353120379994
10917,9370,0.8455922064508293,false,10917,9370,0.8455922064508293
10917,693188,0.9759652578957992,false,10917,693188,0.9759652578957992
10917,389376,0.7680574371000309,false,10917,389376,0.7680574371000309
10917,6799,0.8979116828237754,false,10917,6799,0.8979116828237754
10917,353189,0.7480415757950067,false,10917,353189,0.7480415757950067
10917,563,0.8431703823521932,false,10917,563,0.8431703823521932
10917,84851,0.7221133322685434,false,10917,84851,0.7221133322685434
10917,10203,0.799737919750729,false,10917,10203,0.799737919750729
10917,4069,0.7694347852733872,false,10917,4069,0.7694347852733872
10917,1080,0.8136529145588292,false,10917,1080,0.8136529145588292
10917,123872,0.9238424527724456,false,10917,123872,0.9238424527724456
10917,1286,0.7155209481445673,false,10917,1286,0.7155209481445673
10917,105372793,0.9376798514207577,false,10917,105372793,0.9376798514207577
10917,100874095,0.8455922064508293,false,10917,100874095,0.8455922064508293
10917,729238,0.7219232480519181,false,10917,729238,0.7219232480519181
10917,26298,0.8058582428287382,false,10917,26298,0.8058582428287382
10917,100033436,0.8294771923622655,false,10917,100033436,0.8294771923622655
103504738,1580,0.9664349021809554,false,103504738,1580,0.9664349021809554
103504738,9914,0.7130914071601764,false,103504738,9914,0.7130914071601764
103504738,5694,0.7097977280063228,false,103504738,5694,0.7097977280063228
103504738,56241,0.9363028063221766,false,103504738,56241,0.9363028063221766
103504738,89,0.9703623361196319,false,103504738,89,0.9703623361196319
103504738,57526,0.9654310078982283,false,103504738,57526,0.9654310078982283
103504738,2327,0.902797167624216,false,103504738,2327,0.902797167624216
103504738,146556,0.8706211661180432,false,103504738,146556,0.8706211661180432
103504738,7080,0.7417708653249964,false,103504738,7080,0.7417708653249964
103504738,6439,0.7328058641063343,false,103504738,6439,0.7328058641063343
103504738,406903,0.980606946973413,false,103504738,406903,0.980606946973413
103504738,84842,0.9874272911100662,false,103504738,84842,0.9874272911100662
103504738,388555,0.9840336514591818,false,103504738,388555,0.9840336514591818
103504738,128602,0.8554439087335047,false,103504738,128602,0.8554439087335047
103504738,100506380,0.9286433285401977,false,103504738,100506380,0.9286433285401977
103504738,363,0.9840336514591818,false,103504738,363,0.9840336514591818
103504738,65998,0.9220400420129362,false,103504738,65998,0.9220400420129362
103504738,419,0.9840336514591819,false,103504738,419,0.9840336514591819
103504738,93517,0.9847771278358904,false,103504738,93517,0.9847771278358904
103504738,388633,0.9950990158680004,false,103504738,388633,0.9950990158680004
103504738,340596,0.7966363464003602,false,103504738,340596,0.7966363464003602
103504738,11185,0.8462457988951723,false,103504738,11185,0.8462457988951723
103504738,10586,0.9723166294508325,false,103504738,10586,0.9723166294508325
103504738,2125,0.9367020121929234,false,103504738,2125,0.9367020121929234
103504738,3780,0.9391762984853192,false,103504738,3780,0.9391762984853192
103504738,163479,0.929830965205615,false,103504738,163479,0.929830965205615
103504738,84867,0.8893295414194773,false,103504738,84867,0.8893295414194773
103504738,5349,0.9713170110378658,false,103504738,5349,0.9713170110378658
103504738,113219467,0.8479409454801125,false,103504738,113219467,0.8479409454801125
103504738,26797,0.958208952682232,false,103504738,26797,0.958208952682232
103504738,692209,0.9232190707183756,false,103504738,692209,0.9232190707183756
103504738,84525,0.7534829539471634,false,103504738,84525,0.7534829539471634
103504738,4861,0.97966498190015,false,103504738,4861,0.97966498190015
103504738,21,0.7536186115038509,false,103504738,21,0.7536186115038509
103504738,284434,0.8853631310728702,false,103504738,284434,0.8853631310728702
103504738,56955,0.7862057788419382,false,103504738,56955,0.7862057788419382
103504738,100423031,0.984033651459182,false,103504738,100423031,0.984033651459182
103504738,79098,0.8044910751627141,false,103504738,79098,0.8044910751627141
103504738,1515,0.837253842334242,false,103504738,1515,0.837253842334242
103504738,3855,0.7022857046567241,false,103504738,3855,0.7022857046567241
103504738,165186,0.9262060348032134,false,103504738,165186,0.9262060348032134
79838,10529,0.8687592373877493,false,79838,10529,0.8687592373877493
79838,3983,0.8898600407209836,false,79838,3983,0.8898600407209836
79838,3694,0.9837754354687289,false,79838,3694,0.9837754354687289
79838,22941,0.8704485193359607,false,79838,22941,0.8704485193359607
79838,285989,0.9231176111577886,false,79838,285989,0.9231176111577886
79838,2627,0.9668088695436798,false,79838,2627,0.9668088695436798
79838,503640,0.8780129078190221,false,79838,503640,0.8780129078190221
79838,259290,0.8192860118664903,false,79838,259290,0.8192860118664903
79838,1555,0.9553248753762172,false,79838,1555,0.9553248753762172
79838,57528,0.8645639399040819,false,79838,57528,0.8645639399040819
79838,201456,0.865722845233416,false,79838,201456,0.865722845233416
79838,142827,0.8265456525454802,false,79838,142827,0.8265456525454802
79838,163720,0.7503403117746154,false,79838,163720,0.7503403117746154
79838,57186,0.9515603491948508,false,79838,57186,0.9515603491948508
79838,6751,0.817045090652529,false,79838,6751,0.817045090652529
79838,79908,0.7875270477643479,false,79838,79908,0.7875270477643479
79838,10579,0.7259891498548031,false,79838,10579,0.7259891498548031
79838,102723508,0.792102931098762,false,79838,102723508,0.792102931098762
79838,28984,0.9642665041282836,false,79838,28984,0.9642665041282836
79838,130367,0.9849693023683002,false,79838,130367,0.9849693023683002
79838,285335,0.9389800130274498,false,79838,285335,0.9389800130274498
79838,9356,0.852639798351087,false,79838,9356,0.852639798351087
79838,1910,0.9424706772957837,false,79838,1910,0.9424706772957837
79838,641776,0.9214060474376589,false,79838,641776,0.9214060474376589
79838,100506658,0.9054385276474904,false,79838,100506658,0.9054385276474904
79838,200373,0.9192902835523815,false,79838,200373,0.9192902835523815
79838,168090,0.8836699825257036,false,79838,168090,0.8836699825257036
79838,474354,0.7452476845297559,false,79838,474354,0.7452476845297559
79838,341676,0.9623385284199841,false,79838,341676,0.9623385284199841
79838,148213,0.9125279474091474,false,79838,148213,0.9125279474091474
79838,10595,0.9734926694007052,false,79838,10595,0.9734926694007052
79838,4583,0.9769783355853362,false,79838,4583,0.9769783355853362
79838,54842,0.7531953866798486,false,79838,54842,0.7531953866798486
79838,728643,0.7920927271501772,false,79838,728643,0.7920927271501772
79838,55567,0.9752583324192111,false,79838,55567,0.9752583324192111
79838,6103,0.8693525185219577,false,79838,6103,0.8693525185219577
79838,54997,0.872656095913866,false,79838,54997,0.872656095913866
79838,79848,0.8282906528487537,false,79838,79848,0.8282906528487537
79838,115677,0.8772703736832402,false,79838,115677,0.8772703736832402
79838,5961,0.8533443614406041,false,79838,5961,0.8533443614406041
79838,7851,0.9235942400855127,false,79838,7851,0.9235942400855127
79838,692072,0.8737857695622623,false,79838,692072,0.8737857695622623
79838,109136579,0.9259207936069059,false,79838,109136579,0.9259207936069059
79838,503645,0.8343883246292684,false,79838,503645,0.8343883246292684
79838,55808,0.8935327377965264,false,79838,55808,0.8935327377965264
79838,999,0.9814845768540074,false,79838,999,0.9814845768540074
79838,126353,0.9370416574429974,false,79838,126353,0.9370416574429974
79838,26226,0.8886030753239875,false,79838,26226,0.8886030753239875
79838,64332,0.9033401036861893,false,79838,64332,0.9033401036861893
79838,346007,0.8468515743766474,false,79838,346007,0.8468515743766474
79838,388743,0.8836418842041482,false,79838,388743,0.8836418842041482
79838,116984,0.7878658721838793,false,79838,116984,0.7878658721838793
79838,3875,0.7128826261246017,false,79838,3875,0.7128826261246017
79838,137872,0.7931976124697755,false,79838,137872,0.7931976124697755
79838,1577,0.9072774574857356,false,79838,1577,0.9072774574857356
79838,100033430,0.9703538592810196,false,79838,100033430,0.9703538592810196
79838,340267,0.9203162199456152,false,79838,340267,0.9203162199456152
79838,200879,0.879621586327607,false,79838,200879,0.879621586327607
79838,1510,0.9088868568796618,false,79838,1510,0.9088868568796618
79838,441251,0.9788273487105178,false,79838,441251,0.9788273487105178
79838,102723849,0.9010640689027477,false,79838,102723849,0.9010640689027477
79838,6337,0.9439845190387753,false,79838,6337,0.9439845190387753
79838,5284,0.9072371489359613,false,79838,5284,0.9072371489359613
79838,57669,0.8840848349490474,false,79838,57669,0.8840848349490474
79838,619383,0.9290101050775197,false,79838,619383,0.9290101050775197
79838,89765,0.9423289606153966,false,79838,89765,0.9423289606153966
79838,57111,0.9178113550125333,false,79838,57111,0.9178113550125333
79838,278,0.9690406178823656,false,79838,278,0.9690406178823656
79838,116844,0.9496642187368378,false,79838,116844,0.9496642187368378
79838,10129,0.903961371930677,false,79838,10129,0.903961371930677
79838,4586,0.8743224798118184,false,79838,4586,0.8743224798118184
79838,100158262,0.8049858650988505,false,79838,100158262,0.8049858650988505
79838,10551,0.897089954795487,false,79838,10551,0.897089954795487
79838,688,0.9036729982967002,false,79838,688,0.9036729982967002
79838,6101,0.8691698396993361,false,79838,6101,0.8691698396993361
79838,378938,0.9265978596034686,false,79838,378938,0.9265978596034686
79838,54897,0.8047053757056098,false,79838,54897,0.8047053757056098
79838,117155,0.8535483009219051,false,79838,117155,0.8535483009219051
79838,112268155,0.9187599056039625,false,79838,112268155,0.9187599056039625
79838,1152,0.9226920388117705,false,79838,1152,0.9226920388117705
79838,27074,0.8728568413333464,false,79838,27074,0.8728568413333464
79838,79083,0.8821802514936908,false,79838,79083,0.8821802514936908
79838,66002,0.8741197991186416,false,79838,66002,0.8741197991186416
79838,1556,0.9207819345978894,false,79838,1556,0.9207819345978894
79838,79632,0.7583566195095421,false,79838,79632,0.7583566195095421
79838,4585,0.7688781893151795,false,79838,4585,0.7688781893151795
79838,22996,0.9151944448109097,false,79838,22996,0.9151944448109097
79838,55930,0.9066356902504888,false,79838,55930,0.9066356902504888
79838,7113,0.9543720193759335,false,79838,7113,0.9543720193759335
79838,54861,0.9271337463191556,false,79838,54861,0.9271337463191556
79838,222256,0.9832531492878841,false,79838,222256,0.9832531492878841
79838,105180391,0.9025846785544185,false,79838,105180391,0.9025846785544185
79838,26084,0.7864334373314334,false,79838,26084,0.7864334373314334
79838,100529240,0.9096082975739207,false,79838,100529240,0.9096082975739207
79838,113218482,0.8793149337799901,false,79838,113218482,0.8793149337799901
79838,647024,0.9718726991384042,false,79838,647024,0.9718726991384042
79838,255928,0.8446374701999961,false,79838,255928,0.8446374701999961
79838,151531,0.9180136533107058,false,79838,151531,0.9180136533107058
79838,8537,0.8131587477285122,false,79838,8537,0.8131587477285122
79838,10018,0.8850932630267194,false,79838,10018,0.8850932630267194
79838,115019,0.8874443073090522,false,79838,115019,0.8874443073090522
79838,201625,0.984004296942687,false,79838,201625,0.984004296942687
79838,105180390,0.9122582748987741,false,79838,105180390,0.9122582748987741
79838,1043,0.8932863177624614,false,79838,1043,0.8932863177624614
79838,692058,0.9409259191116189,false,79838,692058,0.9409259191116189
79838,276,0.957504328259109,false,79838,276,0.957504328259109
79838,168374,0.9538663671598885,false,79838,168374,0.9538663671598885
79838,83481,0.9635507287503797,false,79838,83481,0.9635507287503797
79838,645843,0.9585566305158678,false,79838,645843,0.9585566305158678
79838,84059,0.7157094580307751,false,79838,84059,0.7157094580307751
79838,143884,0.7792478628609569,false,79838,143884,0.7792478628609569
79838,1579,0.9138813665633915,false,79838,1579,0.9138813665633915
79838,80004,0.9808010001546749,false,79838,80004,0.9808010001546749
79838,121512,0.939431148693566,false,79838,121512,0.939431148693566
79838,3993,0.879819971352857,false,79838,3993,0.879819971352857
79838,389852,0.8976435757911186,false,79838,389852,0.8976435757911186
79838,342892,0.8551282586759333,false,79838,342892,0.8551282586759333
79838,164312,0.9062597439029386,false,79838,164312,0.9062597439029386
79838,84239,0.9699056095989907,false,79838,84239,0.9699056095989907
79838,2065,0.974726991213111,false,79838,2065,0.974726991213111
79838,57402,0.8203734413533291,false,79838,57402,0.8203734413533291
79838,1513,0.820872463416332,false,79838,1513,0.820872463416332
79838,84851,0.7384935247697201,false,79838,84851,0.7384935247697201
79838,780,0.9041768600615189,false,79838,780,0.9041768600615189
79838,135656,0.8713848386226309,false,79838,135656,0.8713848386226309
79838,3880,0.9818682124330076,false,79838,3880,0.9818682124330076
79838,94059,0.9003222583659236,false,79838,94059,0.9003222583659236
79838,26769,0.959368048610349,false,79838,26769,0.959368048610349
79838,3960,0.8700825481744222,false,79838,3960,0.8700825481744222
79838,7433,0.768470727724612,false,79838,7433,0.768470727724612
79838,284323,0.8374000373368978,false,79838,284323,0.8374000373368978
79838,100129460,0.9646195602774233,false,79838,100129460,0.9646195602774233
79838,65217,0.8289057920720068,false,79838,65217,0.8289057920720068
79838,1286,0.7745117655334245,false,79838,1286,0.7745117655334245
79838,23584,0.8437035171284307,false,79838,23584,0.8437035171284307
79838,692213,0.8951615504317285,false,79838,692213,0.8951615504317285
79838,153643,0.9787433530324257,false,79838,153643,0.9787433530324257
79838,144535,0.7079130523216756,false,79838,144535,0.7079130523216756
79838,112268422,0.8603227855409775,false,79838,112268422,0.8603227855409775
79838,649946,0.854011561948933,false,79838,649946,0.854011561948933
79838,259294,0.8538223405654162,false,79838,259294,0.8538223405654162
79838,79740,0.9327105842072733,false,79838,79740,0.9327105842072733
79838,2266,0.8781874074760115,false,79838,2266,0.8781874074760115
79838,745,0.9025129879737903,false,79838,745,0.9025129879737903
79838,440352,0.8305269028819199,false,79838,440352,0.8305269028819199
1580,177,0.7801294844938207,false,1580,177,0.7801294844938207
1580,9914,0.860754637331072,false,1580,9914,0.860754637331072
1580,56241,0.9561699942593076,false,1580,56241,0.9561699942593076
1580,89,0.9488457873198196,false,1580,89,0.9488457873198196
1580,57526,0.9147805115994594,false,1580,57526,0.9147805115994594
1580,2327,0.9741063910943183,false,1580,2327,0.9741063910943183
1580,146556,0.9219222295657528,false,1580,146556,0.9219222295657528
1580,7080,0.8723483779351595,false,1580,7080,0.8723483779351595
1580,6439,0.7653055507481259,false,1580,6439,0.7653055507481259
1580,406903,0.9260910144975014,false,1580,406903,0.9260910144975014
1580,84842,0.9338890207739958,false,1580,84842,0.9338890207739958
1580,388555,0.9379853490389549,false,1580,388555,0.9379853490389549
1580,128602,0.9491195814241323,false,1580,128602,0.9491195814241323
1580,100506380,0.8417104278032608,false,1580,100506380,0.8417104278032608
1580,363,0.937985349038955,false,1580,363,0.937985349038955
1580,65998,0.9013601457388998,false,1580,65998,0.9013601457388998
1580,419,0.937985349038955,false,1580,419,0.937985349038955
1580,93517,0.9553133191059082,false,1580,93517,0.9553133191059082
1580,388633,0.9537236136132923,false,1580,388633,0.9537236136132923
1580,340596,0.73945754418035,false,1580,340596,0.73945754418035
1580,11185,0.9076722604758156,false,1580,11185,0.9076722604758156
1580,10586,0.9508100851472648,false,1580,10586,0.9508100851472648
1580,2125,0.9701376533671273,false,1580,2125,0.9701376533671273
1580,3780,0.8824955238380702,false,1580,3780,0.8824955238380702
1580,163479,0.8726609343903444,false,1580,163479,0.8726609343903444
1580,84867,0.9273288245537232,false,1580,84867,0.9273288245537232
1580,284680,0.7849042723772796,false,1580,284680,0.7849042723772796
1580,128218,0.8250539289300423,false,1580,128218,0.8250539289300423
1580,5349,0.9429510925846172,false,1580,5349,0.9429510925846172
1580,113219467,0.7618857004139434,false,1580,113219467,0.7618857004139434
1580,26797,0.8915150985203859,false,1580,26797,0.8915150985203859
1580,692209,0.8717182232314012,false,1580,692209,0.8717182232314012
1580,84525,0.8001136005520219,false,1580,84525,0.8001136005520219
1580,4861,0.9439956446738059,false,1580,4861,0.9439956446738059
1580,21,0.8449045657646292,false,1580,21,0.8449045657646292
1580,284434,0.9505455944094567,false,1580,284434,0.9505455944094567
1580,9052,0.7484914251175032,false,1580,9052,0.7484914251175032
1580,56955,0.7741774302085813,false,1580,56955,0.7741774302085813
1580,100423031,0.9379853490389549,false,1580,100423031,0.9379853490389549
1580,79098,0.8125575482069317,false,1580,79098,0.8125575482069317
1580,1515,0.8415480126114283,false,1580,1515,0.8415480126114283
1580,3855,0.7160299958944625,false,1580,3855,0.7160299958944625
1580,165186,0.9524461289803826,false,1580,165186,0.9524461289803826
375612,9914,0.7702458963999912,false,375612,9914,0.7702458963999912
375612,2327,0.73283417362303,false,375612,2327,0.73283417362303
375612,730,0.7258444930666078,false,375612,730,0.7258444930666078
375612,728226,0.9161850209503486,false,375612,728226,0.9161850209503486
375612,22943,0.9179412617840496,false,375612,22943,0.9179412617840496
375612,2696,0.9437118590887303,false,375612,2696,0.9437118590887303
375612,54084,0.9696721306139077,false,375612,54084,0.9696721306139077
375612,339983,0.8257854217681231,false,375612,339983,0.8257854217681231
375612,6969,0.8745120383311704,false,375612,6969,0.8745120383311704
375612,7473,0.9411734223268972,false,375612,7473,0.9411734223268972
375612,128602,0.789480887903665,false,375612,128602,0.789480887903665
375612,6332,0.9350445152915721,false,375612,6332,0.9350445152915721
375612,9223,0.8723238854612764,false,375612,9223,0.8723238854612764
375612,1180,0.9466904859825804,false,375612,1180,0.9466904859825804
375612,2277,0.8345533462305854,false,375612,2277,0.8345533462305854
375612,825,0.8259075079408801,false,375612,825,0.8259075079408801
375612,388327,0.7141247989515612,false,375612,388327,0.7141247989515612
375612,79148,0.7086964908278707,false,375612,79148,0.7086964908278707
375612,6532,0.9591078383957171,false,375612,6532,0.9591078383957171
375612,100996506,0.9430517610728736,false,375612,100996506,0.9430517610728736
375612,100505495,0.9626139766547175,false,375612,100505495,0.9626139766547175
375612,57524,0.9458288139898692,false,375612,57524,0.9458288139898692
375612,256076,0.8747525357097318,false,375612,256076,0.8747525357097318
375612,284680,0.9311271509331778,false,375612,284680,0.9311271509331778
375612,128218,0.9088857967443288,false,375612,128218,0.9088857967443288
375612,100820829,0.8868693885991183,false,375612,100820829,0.8868693885991183
375612,105373265,0.7808275389145508,false,375612,105373265,0.7808275389145508
375612,9211,0.825785421768123,false,375612,9211,0.825785421768123
375612,440590,0.9495148509968265,false,375612,440590,0.9495148509968265
375612,55282,0.9882422760875507,false,375612,55282,0.9882422760875507
10529,3694,0.8357325653378649,false,10529,3694,0.8357325653378649
10529,285989,0.7081791928458878,false,10529,285989,0.7081791928458878
10529,2627,0.7936593042251374,false,10529,2627,0.7936593042251374
10529,286207,0.7223067406961137,false,10529,286207,0.7223067406961137
10529,5555,0.8157379715976084,false,10529,5555,0.8157379715976084
10529,1555,0.7095101610987838,false,10529,1555,0.7095101610987838
10529,163720,0.9392122319780346,false,10529,163720,0.9392122319780346
10529,57186,0.900465092986998,false,10529,57186,0.900465092986998
10529,79908,0.7959947357838816,false,10529,79908,0.7959947357838816
10529,10579,0.8633962944184348,false,10529,10579,0.8633962944184348
10529,28984,0.9078410884212438,false,10529,28984,0.9078410884212438
10529,130367,0.8415307054563066,false,10529,130367,0.8415307054563066
10529,285335,0.8110828996140275,false,10529,285335,0.8110828996140275
10529,1910,0.9809060305982694,false,10529,1910,0.9809060305982694
10529,641776,0.7119124166468092,false,10529,641776,0.7119124166468092
10529,100506658,0.7310875052976716,false,10529,100506658,0.7310875052976716
10529,200373,0.8896382879995943,false,10529,200373,0.8896382879995943
10529,5787,0.7789061920349956,false,10529,5787,0.7789061920349956
10529,168090,0.9172326739484309,false,10529,168090,0.9172326739484309
10529,474354,0.9506467967704989,false,10529,474354,0.9506467967704989
10529,341676,0.7406120756946267,false,10529,341676,0.7406120756946267
10529,10595,0.7498558897997355,false,10529,10595,0.7498558897997355
10529,4583,0.7681180878340508,false,10529,4583,0.7681180878340508
10529,54842,0.8242632788804333,false,10529,54842,0.8242632788804333
10529,55567,0.7632525150329459,false,10529,55567,0.7632525150329459
10529,6103,0.9489297594251723,false,10529,6103,0.9489297594251723
10529,115677,0.8977073972370181,false,10529,115677,0.8977073972370181
10529,253970,0.7170981175655291,false,10529,253970,0.7170981175655291
10529,109136579,0.7369474235048381,false,10529,109136579,0.7369474235048381
10529,503645,0.7030053604363022,false,10529,503645,0.7030053604363022
10529,999,0.7651651102205838,false,10529,999,0.7651651102205838
10529,64332,0.7571491865147689,false,10529,64332,0.7571491865147689
10529,346007,0.8334975555561753,false,10529,346007,0.8334975555561753
10529,116984,0.7661477752809728,false,10529,116984,0.7661477752809728
10529,3875,0.7594981541485245,false,10529,3875,0.7594981541485245
10529,100033430,0.7562030465197997,false,10529,100033430,0.7562030465197997
10529,441251,0.8356806066035747,false,10529,441251,0.8356806066035747
10529,6337,0.8088356580970405,false,10529,6337,0.8088356580970405
10529,5284,0.851637357754029,false,10529,5284,0.851637357754029
10529,57669,0.7654738367031364,false,10529,57669,0.7654738367031364
10529,619383,0.7266565815740682,false,10529,619383,0.7266565815740682
10529,89765,0.736215887179067,false,10529,89765,0.736215887179067
10529,278,0.8354346754835057,false,10529,278,0.8354346754835057
10529,116844,0.7035533360229131,false,10529,116844,0.7035533360229131
10529,130271,0.8347612267519426,false,10529,130271,0.8347612267519426
10529,101927516,0.7904636608799687,false,10529,101927516,0.7904636608799687
10529,688,0.803521714165596,false,10529,688,0.803521714165596
10529,6101,0.9331209765539558,false,10529,6101,0.9331209765539558
10529,378938,0.738049999467951,false,10529,378938,0.738049999467951
10529,1152,0.7557828959215991,false,10529,1152,0.7557828959215991
10529,27074,0.9375284979986236,false,10529,27074,0.9375284979986236
10529,79632,0.8942253908003992,false,10529,79632,0.8942253908003992
10529,4585,0.7776672708759718,false,10529,4585,0.7776672708759718
10529,1767,0.7053188504416937,false,10529,1767,0.7053188504416937
10529,7113,0.7109653578684084,false,10529,7113,0.7109653578684084
10529,54861,0.8203137754469696,false,10529,54861,0.8203137754469696
10529,222256,0.8038732814139117,false,10529,222256,0.8038732814139117
10529,54,0.901522997879442,false,10529,54,0.901522997879442
10529,647024,0.7327327110247346,false,10529,647024,0.7327327110247346
10529,201625,0.9291821542834326,false,10529,201625,0.9291821542834326
10529,105180390,0.705063468485807,false,10529,105180390,0.705063468485807
10529,1043,0.8898094328350186,false,10529,1043,0.8898094328350186
10529,692058,0.703373843849106,false,10529,692058,0.703373843849106
10529,276,0.8576358605819148,false,10529,276,0.8576358605819148
10529,168374,0.7609548338692402,false,10529,168374,0.7609548338692402
10529,83481,0.7197429460392076,false,10529,83481,0.7197429460392076
10529,645843,0.7672556187619374,false,10529,645843,0.7672556187619374
10529,2122,0.8893515737091314,false,10529,2122,0.8893515737091314
10529,84059,0.8883823797523578,false,10529,84059,0.8883823797523578
10529,1579,0.9831381169700885,false,10529,1579,0.9831381169700885
10529,57477,0.8896269897464139,false,10529,57477,0.8896269897464139
10529,80004,0.78276333678817,false,10529,80004,0.78276333678817
10529,9771,0.7106463464441972,false,10529,9771,0.7106463464441972
10529,121512,0.7720236505390418,false,10529,121512,0.7720236505390418
10529,120892,0.8653181063902967,false,10529,120892,0.8653181063902967
10529,84239,0.8275088769655612,false,10529,84239,0.8275088769655612
10529,2065,0.770465118847484,false,10529,2065,0.770465118847484
10529,1513,0.8523925572185622,false,10529,1513,0.8523925572185622
10529,84851,0.868270129102293,false,10529,84851,0.868270129102293
10529,3880,0.8231916777173818,false,10529,3880,0.8231916777173818
10529,26769,0.753088492079285,false,10529,26769,0.753088492079285
10529,10203,0.7647231065272146,false,10529,10203,0.7647231065272146
10529,100129460,0.9050217819108438,false,10529,100129460,0.9050217819108438
10529,1080,0.8792014969361887,false,10529,1080,0.8792014969361887
10529,65217,0.8318624491357082,false,10529,65217,0.8318624491357082
10529,1286,0.9518959035402842,false,10529,1286,0.9518959035402842
10529,153643,0.7587127522738797,false,10529,153643,0.7587127522738797
10529,144535,0.8652933304189536,false,10529,144535,0.8652933304189536
10529,649946,0.9238814082396541,false,10529,649946,0.9238814082396541
10529,79740,0.7518929914585097,false,10529,79740,0.7518929914585097
11254,286207,0.849331124106286,false,11254,286207,0.849331124106286
11254,5555,0.8532917829919039,false,11254,5555,0.8532917829919039
11254,57530,0.7804225014564735,false,11254,57530,0.7804225014564735
11254,60494,0.8478504947355708,false,11254,60494,0.8478504947355708
11254,5544,0.8816459767602454,false,11254,5544,0.8816459767602454
11254,10579,0.8216331150526158,false,11254,10579,0.8216331150526158
11254,85452,0.7190947649929892,false,11254,85452,0.7190947649929892
11254,146177,0.7582383155186807,false,11254,146177,0.7582383155186807
11254,1906,0.8680716577133801,false,11254,1906,0.8680716577133801
11254,3240,0.9704766759492162,false,11254,3240,0.9704766759492162
11254,7033,0.9876877678225306,false,11254,7033,0.9876877678225306
11254,54842,0.7060162515187424,false,11254,54842,0.7060162515187424
11254,718,0.7808017926117626,false,11254,718,0.7808017926117626
11254,64073,0.9525243429235271,false,11254,64073,0.9525243429235271
11254,253970,0.7876730560472893,false,11254,253970,0.7876730560472893
11254,6441,0.8348863956547791,false,11254,6441,0.8348863956547791
11254,4070,0.9115263855759888,false,11254,4070,0.9115263855759888
11254,56892,0.9520530378691289,false,11254,56892,0.9520530378691289
11254,8091,0.968542906811894,false,11254,8091,0.968542906811894
11254,3875,0.7977729204030944,false,11254,3875,0.7977729204030944
11254,160728,0.918622305323031,false,11254,160728,0.918622305323031
11254,4680,0.7872151876362788,false,11254,4680,0.7872151876362788
11254,7356,0.9534166739781152,false,11254,7356,0.9534166739781152
11254,109729127,0.9330444175923246,false,11254,109729127,0.9330444175923246
11254,400578,0.9739458357908765,false,11254,400578,0.9739458357908765
11254,94025,0.9755780324179378,false,11254,94025,0.9755780324179378
11254,109729184,0.7711127938810619,false,11254,109729184,0.7711127938810619
11254,728276,0.9677342806251801,false,11254,728276,0.9677342806251801
11254,101927516,0.8444058661292585,false,11254,101927516,0.8444058661292585
11254,102723635,0.7504805321671326,false,11254,102723635,0.7504805321671326
11254,5545,0.9707067894135876,false,11254,5545,0.9707067894135876
11254,727897,0.9623592610217707,false,11254,727897,0.9623592610217707
11254,54848,0.9246525956481123,false,11254,54848,0.9246525956481123
11254,79632,0.7907591321411911,false,11254,79632,0.7907591321411911
11254,4585,0.7486680010053296,false,11254,4585,0.7486680010053296
11254,1767,0.8974481470257161,false,11254,1767,0.8974481470257161
11254,1604,0.750151233942421,false,11254,1604,0.750151233942421
11254,9476,0.7281288160401047,false,11254,9476,0.7281288160401047
11254,117156,0.9188737416590517,false,11254,117156,0.9188737416590517
11254,195814,0.9706206179975707,false,11254,195814,0.9706206179975707
11254,140766,0.8635078938090206,false,11254,140766,0.8635078938090206
11254,105,0.9910559494765703,false,11254,105,0.9910559494765703
11254,84059,0.7656523482448536,false,11254,84059,0.7656523482448536
11254,57477,0.7796125888640636,false,11254,57477,0.7796125888640636
11254,6097,0.8004532039524871,false,11254,6097,0.8004532039524871
11254,120892,0.8295875874975069,false,11254,120892,0.8295875874975069
11254,4057,0.9860238804766167,false,11254,4057,0.9860238804766167
11254,220136,0.9387536402611646,false,11254,220136,0.9387536402611646
11254,112577518,0.9714346743980555,false,11254,112577518,0.9714346743980555
11254,9370,0.9754478226433883,false,11254,9370,0.9754478226433883
11254,693188,0.9358139443128071,false,11254,693188,0.9358139443128071
11254,389376,0.8628428029824992,false,11254,389376,0.8628428029824992
11254,6799,0.981896807444612,false,11254,6799,0.981896807444612
11254,353189,0.9023458930748196,false,11254,353189,0.9023458930748196
11254,563,0.9741377676872597,false,11254,563,0.9741377676872597
11254,84851,0.8059736214072244,false,11254,84851,0.8059736214072244
11254,4069,0.9114294103163427,false,11254,4069,0.9114294103163427
11254,1080,0.834285131909999,false,11254,1080,0.834285131909999
11254,123872,0.9175995198170271,false,11254,123872,0.9175995198170271
11254,1286,0.7229107159836832,false,11254,1286,0.7229107159836832
11254,105372793,0.9911677325572802,false,11254,105372793,0.9911677325572802
11254,653509,0.7190769170825921,false,11254,653509,0.7190769170825921
11254,100874095,0.9754478226433883,false,11254,100874095,0.9754478226433883
11254,729238,0.8037335543795133,false,11254,729238,0.8037335543795133
11254,144535,0.7214006148126032,false,11254,144535,0.7214006148126032
11254,26298,0.9478535467544459,false,11254,26298,0.9478535467544459
11254,100033436,0.9636892067359137,false,11254,100033436,0.9636892067359137
3983,3694,0.8925293498282373,false,3983,3694,0.8925293498282373
3983,22941,0.907579904657362,false,3983,22941,0.907579904657362
3983,285989,0.981861497123435,false,3983,285989,0.981861497123435
3983,2627,0.9640967125616448,false,3983,2627,0.9640967125616448
3983,503640,0.988433881240764,false,3983,503640,0.988433881240764
3983,259290,0.9532116354147192,false,3983,259290,0.9532116354147192
3983,1555,0.9761502438550136,false,3983,1555,0.9761502438550136
3983,57528,0.9936964421683553,false,3983,57528,0.9936964421683553
3983,201456,0.9877509865683901,false,3983,201456,0.9877509865683901
3983,142827,0.928815644870109,false,3983,142827,0.928815644870109
3983,57186,0.8918653218193096,false,3983,57186,0.8918653218193096
3983,6751,0.972240700810173,false,3983,6751,0.972240700810173
3983,79908,0.7307488867423684,false,3983,79908,0.7307488867423684
3983,102723508,0.9530847099662015,false,3983,102723508,0.9530847099662015
3983,28984,0.7722483376450753,false,3983,28984,0.7722483376450753
3983,130367,0.8469078668257701,false,3983,130367,0.8469078668257701
3983,285335,0.7482245196713215,false,3983,285335,0.7482245196713215
3983,9356,0.9783974374968922,false,3983,9356,0.9783974374968922
3983,1910,0.7464450796530478,false,3983,1910,0.7464450796530478
3983,641776,0.9897236664086828,false,3983,641776,0.9897236664086828
3983,100506658,0.9098177083391994,false,3983,100506658,0.9098177083391994
3983,341676,0.971257727627453,false,3983,341676,0.971257727627453
3983,148213,0.9914627026360052,false,3983,148213,0.9914627026360052
3983,10595,0.9448388007860947,false,3983,10595,0.9448388007860947
3983,4583,0.9287710105883474,false,3983,4583,0.9287710105883474
3983,728643,0.923584822595078,false,3983,728643,0.923584822595078
3983,55567,0.9604014000614473,false,3983,55567,0.9604014000614473
3983,54997,0.9921919579045041,false,3983,54997,0.9921919579045041
3983,79848,0.9380874764767784,false,3983,79848,0.9380874764767784
3983,219790,0.7310473062691287,false,3983,219790,0.7310473062691287
3983,115677,0.8284221750058071,false,3983,115677,0.8284221750058071
3983,5961,0.9777794380866545,false,3983,5961,0.9777794380866545
3983,7851,0.9917427305572568,false,3983,7851,0.9917427305572568
3983,692072,0.9766699802219058,false,3983,692072,0.9766699802219058
3983,109136579,0.9660077782763491,false,3983,109136579,0.9660077782763491
3983,503645,0.9183307698777939,false,3983,503645,0.9183307698777939
3983,55808,0.9933424582696005,false,3983,55808,0.9933424582696005
3983,999,0.9485624150885207,false,3983,999,0.9485624150885207
3983,126353,0.9812518229411871,false,3983,126353,0.9812518229411871
3983,26226,0.9704504992235217,false,3983,26226,0.9704504992235217
3983,64332,0.9177759919162425,false,3983,64332,0.9177759919162425
3983,346007,0.8512400708034593,false,3983,346007,0.8512400708034593
3983,388743,0.9926577062042853,false,3983,388743,0.9926577062042853
3983,116984,0.7670944698380651,false,3983,116984,0.7670944698380651
3983,137872,0.9690007726649128,false,3983,137872,0.9690007726649128
3983,1577,0.9777205342447652,false,3983,1577,0.9777205342447652
3983,100033430,0.9588904965097242,false,3983,100033430,0.9588904965097242
3983,340267,0.9865586646912687,false,3983,340267,0.9865586646912687
3983,200879,0.9925185175113159,false,3983,200879,0.9925185175113159
3983,1510,0.9903043741976616,false,3983,1510,0.9903043741976616
3983,441251,0.9202418882076288,false,3983,441251,0.9202418882076288
3983,102723849,0.988995656238442,false,3983,102723849,0.988995656238442
3983,9196,0.7612396162453838,false,3983,9196,0.7612396162453838
3983,6337,0.89093710323616,false,3983,6337,0.89093710323616
3983,57669,0.9394146944949929,false,3983,57669,0.9394146944949929
3983,619383,0.9652426092255716,false,3983,619383,0.9652426092255716
3983,89765,0.8327763667951025,false,3983,89765,0.8327763667951025
3983,57111,0.9912658049863258,false,3983,57111,0.9912658049863258
3983,278,0.8327302267844682,false,3983,278,0.8327302267844682
3983,116844,0.9789386582493674,false,3983,116844,0.9789386582493674
3983,10129,0.9794431934958628,false,3983,10129,0.9794431934958628
3983,4586,0.9920397964826384,false,3983,4586,0.9920397964826384
3983,100158262,0.9516996583493215,false,3983,100158262,0.9516996583493215
3983,10551,0.9930777095996074,false,3983,10551,0.9930777095996074
3983,378938,0.9658125626572758,false,3983,378938,0.9658125626572758
3983,54897,0.8950574056971619,false,3983,54897,0.8950574056971619
3983,117155,0.9930707584725631,false,3983,117155,0.9930707584725631
3983,112268155,0.9924770940574799,false,3983,112268155,0.9924770940574799
3983,1152,0.9161354196377767,false,3983,1152,0.9161354196377767
3983,79083,0.991537576672714,false,3983,79083,0.991537576672714
3983,66002,0.990076497341068,false,3983,66002,0.990076497341068
3983,1556,0.9873220429570763,false,3983,1556,0.9873220429570763
3983,22996,0.9805210238234275,false,3983,22996,0.9805210238234275
3983,55930,0.9795769438744589,false,3983,55930,0.9795769438744589
3983,7620,0.7878230584424598,false,3983,7620,0.7878230584424598
3983,7113,0.9808937724093392,false,3983,7113,0.9808937724093392
3983,54861,0.9364200142496879,false,3983,54861,0.9364200142496879
3983,222256,0.9062417756211446,false,3983,222256,0.9062417756211446
3983,105180391,0.986411203472611,false,3983,105180391,0.986411203472611
3983,100529240,0.9884680151650606,false,3983,100529240,0.9884680151650606
3983,113218482,0.993995632670638,false,3983,113218482,0.993995632670638
3983,647024,0.9547148050860418,false,3983,647024,0.9547148050860418
3983,255928,0.9910250259089507,false,3983,255928,0.9910250259089507
3983,151531,0.9819915669690567,false,3983,151531,0.9819915669690567
3983,8537,0.9304141367625156,false,3983,8537,0.9304141367625156
3983,10018,0.98841124640121,false,3983,10018,0.98841124640121
3983,115019,0.9938206652624152,false,3983,115019,0.9938206652624152
3983,201625,0.8057517764237565,false,3983,201625,0.8057517764237565
3983,105180390,0.9872851544071957,false,3983,105180390,0.9872851544071957
3983,692058,0.9695470804896406,false,3983,692058,0.9695470804896406
3983,276,0.7717082250546835,false,3983,276,0.7717082250546835
3983,168374,0.9598722087126446,false,3983,168374,0.9598722087126446
3983,83481,0.9538078506205048,false,3983,83481,0.9538078506205048
3983,645843,0.963878738510642,false,3983,645843,0.963878738510642
3983,143884,0.9392072883340832,false,3983,143884,0.9392072883340832
3983,80004,0.9131247301764375,false,3983,80004,0.9131247301764375
3983,121512,0.9739892337243108,false,3983,121512,0.9739892337243108
3983,3993,0.9588335352443256,false,3983,3993,0.9588335352443256
3983,389852,0.9942272198930063,false,3983,389852,0.9942272198930063
3983,342892,0.953693317581134,false,3983,342892,0.953693317581134
3983,164312,0.9797684522501061,false,3983,164312,0.9797684522501061
3983,84239,0.945405644322199,false,3983,84239,0.945405644322199
3983,2065,0.9653475234619,false,3983,2065,0.9653475234619
3983,57402,0.8867334797183565,false,3983,57402,0.8867334797183565
3983,776,0.7956948321734314,false,3983,776,0.7956948321734314
3983,780,0.8911503793364951,false,3983,780,0.8911503793364951
3983,135656,0.9917919548951688,false,3983,135656,0.9917919548951688
3983,3880,0.8503361449130977,false,3983,3880,0.8503361449130977
3983,94059,0.9926960062562593,false,3983,94059,0.9926960062562593
3983,26769,0.9303741675488296,false,3983,26769,0.9303741675488296
3983,3960,0.9915412717211061,false,3983,3960,0.9915412717211061
3983,7433,0.8793339612496591,false,3983,7433,0.8793339612496591
3983,284323,0.9776569870886328,false,3983,284323,0.9776569870886328
3983,100129460,0.809665338011903,false,3983,100129460,0.809665338011903
3983,65217,0.8337418368188466,false,3983,65217,0.8337418368188466
3983,23584,0.977219453425759,false,3983,23584,0.977219453425759
3983,692213,0.986465694192919,false,3983,692213,0.986465694192919
3983,153643,0.9424629246878373,false,3983,153643,0.9424629246878373
3983,112268422,0.98867005182208,false,3983,112268422,0.98867005182208
3983,649946,0.7158017707561896,false,3983,649946,0.7158017707561896
3983,259294,0.9801687605174288,false,3983,259294,0.9801687605174288
3983,79740,0.9027981940034682,false,3983,79740,0.9027981940034682
3983,2266,0.996036179552229,false,3983,2266,0.996036179552229
3983,745,0.9913628343743554,false,3983,745,0.9913628343743554
3983,440352,0.9006847300355846,false,3983,440352,0.9006847300355846
3694,22941,0.9354455217859857,false,3694,22941,0.9354455217859857
3694,285989,0.9166802006626393,false,3694,285989,0.9166802006626393
3694,2627,0.9736867360414189,false,3694,2627,0.9736867360414189
3694,503640,0.8835373414385562,false,3694,503640,0.8835373414385562
3694,259290,0.8292213111079035,false,3694,259290,0.8292213111079035
3694,1555,0.9527971577215786,false,3694,1555,0.9527971577215786
3694,57528,0.8740640854166616,false,3694,57528,0.8740640854166616
3694,201456,0.8856568036288345,false,3694,201456,0.8856568036288345
3694,142827,0.881849346606369,false,3694,142827,0.881849346606369
3694,163720,0.7498449942600586,false,3694,163720,0.7498449942600586
3694,57186,0.9456728058325015,false,3694,57186,0.9456728058325015
3694,6751,0.8466868669407919,false,3694,6751,0.8466868669407919
3694,79908,0.8573653814228362,false,3694,79908,0.8573653814228362
3694,102723508,0.7978530071682913,false,3694,102723508,0.7978530071682913
3694,28984,0.9345292254940434,false,3694,28984,0.9345292254940434
3694,130367,0.9455889427174031,false,3694,130367,0.9455889427174031
3694,285335,0.8817763068928874,false,3694,285335,0.8817763068928874
3694,9356,0.8711391725345673,false,3694,9356,0.8711391725345673
3694,1910,0.9261750389085976,false,3694,1910,0.9261750389085976
3694,641776,0.9201074710011781,false,3694,641776,0.9201074710011781
3694,100506658,0.9583990890345582,false,3694,100506658,0.9583990890345582
3694,200373,0.8909196088301264,false,3694,200373,0.8909196088301264
3694,168090,0.8828177963041433,false,3694,168090,0.8828177963041433
3694,341676,0.9511679518812418,false,3694,341676,0.9511679518812418
3694,148213,0.914166378996027,false,3694,148213,0.914166378996027
3694,10595,0.9493307639356889,false,3694,10595,0.9493307639356889
3694,4583,0.9452341740632902,false,3694,4583,0.9452341740632902
3694,54842,0.7079230541811801,false,3694,54842,0.7079230541811801
3694,728643,0.8296030393470655,false,3694,728643,0.8296030393470655
3694,55567,0.9743175598313815,false,3694,55567,0.9743175598313815
3694,6103,0.797523024207132,false,3694,6103,0.797523024207132
3694,54997,0.8850601392137443,false,3694,54997,0.8850601392137443
3694,79848,0.8350910159304692,false,3694,79848,0.8350910159304692
3694,219790,0.7015880353165673,false,3694,219790,0.7015880353165673
3694,115677,0.8809239428117831,false,3694,115677,0.8809239428117831
3694,5961,0.8618296586385803,false,3694,5961,0.8618296586385803
3694,7851,0.9255313844120533,false,3694,7851,0.9255313844120533
3694,692072,0.8711647881219559,false,3694,692072,0.8711647881219559
3694,109136579,0.9037958539888352,false,3694,109136579,0.9037958539888352
3694,503645,0.8330559043660533,false,3694,503645,0.8330559043660533
3694,55808,0.9052261574418229,false,3694,55808,0.9052261574418229
3694,999,0.9707768294856632,false,3694,999,0.9707768294856632
3694,126353,0.9428586553461967,false,3694,126353,0.9428586553461967
3694,26226,0.8814028258310779,false,3694,26226,0.8814028258310779
3694,64332,0.8527435936766152,false,3694,64332,0.8527435936766152
3694,346007,0.7979429337562522,false,3694,346007,0.7979429337562522
3694,388743,0.892227238416317,false,3694,388743,0.892227238416317
3694,116984,0.7669365185677641,false,3694,116984,0.7669365185677641
3694,137872,0.8036892179325876,false,3694,137872,0.8036892179325876
3694,1577,0.9011773776507895,false,3694,1577,0.9011773776507895
3694,100033430,0.9465613995930419,false,3694,100033430,0.9465613995930419
3694,340267,0.9221417642697954,false,3694,340267,0.9221417642697954
3694,200879,0.8890486483974758,false,3694,200879,0.8890486483974758
3694,1510,0.9174750761836508,false,3694,1510,0.9174750761836508
3694,441251,0.9421393839148408,false,3694,441251,0.9421393839148408
3694,102723849,0.8984514697023367,false,3694,102723849,0.8984514697023367
3694,6337,0.9836057034525943,false,3694,6337,0.9836057034525943
3694,5284,0.86414553685181,false,3694,5284,0.86414553685181
3694,57669,0.9056840856355014,false,3694,57669,0.9056840856355014
3694,619383,0.9119332036677473,false,3694,619383,0.9119332036677473
3694,89765,0.9361470673972793,false,3694,89765,0.9361470673972793
3694,57111,0.9226283392184277,false,3694,57111,0.9226283392184277
3694,278,0.9250857599954214,false,3694,278,0.9250857599954214
3694,116844,0.9385181800469284,false,3694,116844,0.9385181800469284
3694,10129,0.8988392373133228,false,3694,10129,0.8988392373133228
3694,4586,0.8819703000255213,false,3694,4586,0.8819703000255213
3694,100158262,0.8047992612562325,false,3694,100158262,0.8047992612562325
3694,10551,0.9010900799364389,false,3694,10551,0.9010900799364389
3694,688,0.8594278180452961,false,3694,688,0.8594278180452961
3694,6101,0.8930041200263755,false,3694,6101,0.8930041200263755
3694,378938,0.9045219257983581,false,3694,378938,0.9045219257983581
3694,54897,0.8610687602807313,false,3694,54897,0.8610687602807313
3694,117155,0.8687896568952341,false,3694,117155,0.8687896568952341
3694,112268155,0.9096775612533647,false,3694,112268155,0.9096775612533647
3694,1152,0.9386902226431325,false,3694,1152,0.9386902226431325
3694,27074,0.8626389297729308,false,3694,27074,0.8626389297729308
3694,79083,0.8913825617390899,false,3694,79083,0.8913825617390899
3694,66002,0.8905586719397657,false,3694,66002,0.8905586719397657
3694,1556,0.9370335090028469,false,3694,1556,0.9370335090028469
3694,22996,0.9365939765606874,false,3694,22996,0.9365939765606874
3694,55930,0.9305559153215135,false,3694,55930,0.9305559153215135
3694,7113,0.9524128432218494,false,3694,7113,0.9524128432218494
3694,54861,0.9229912061441735,false,3694,54861,0.9229912061441735
3694,222256,0.9543919209653857,false,3694,222256,0.9543919209653857
3694,105180391,0.9040064587700855,false,3694,105180391,0.9040064587700855
3694,26084,0.8640239857708518,false,3694,26084,0.8640239857708518
3694,100529240,0.9097840873079874,false,3694,100529240,0.9097840873079874
3694,113218482,0.889277496944441,false,3694,113218482,0.889277496944441
3694,647024,0.9665026718328354,false,3694,647024,0.9665026718328354
3694,255928,0.8535920584927189,false,3694,255928,0.8535920584927189
3694,151531,0.9016917341775932,false,3694,151531,0.9016917341775932
3694,8537,0.8040450001537284,false,3694,8537,0.8040450001537284
3694,10018,0.8902847779297743,false,3694,10018,0.8902847779297743
3694,115019,0.8971210238795368,false,3694,115019,0.8971210238795368
3694,201625,0.9716880927297425,false,3694,201625,0.9716880927297425
3694,105180390,0.9123847165317972,false,3694,105180390,0.9123847165317972
3694,1043,0.8332431489962343,false,3694,1043,0.8332431489962343
3694,692058,0.9237650265382963,false,3694,692058,0.9237650265382963
3694,276,0.9049799403380672,false,3694,276,0.9049799403380672
3694,168374,0.9317007583693526,false,3694,168374,0.9317007583693526
3694,83481,0.9697821534413732,false,3694,83481,0.9697821534413732
3694,645843,0.944987862944679,false,3694,645843,0.944987862944679
3694,143884,0.774983940734229,false,3694,143884,0.774983940734229
3694,1579,0.8784192062011077,false,3694,1579,0.8784192062011077
3694,80004,0.9688249054783314,false,3694,80004,0.9688249054783314
3694,121512,0.9326576585060199,false,3694,121512,0.9326576585060199
3694,3993,0.9264242779814882,false,3694,3993,0.9264242779814882
3694,389852,0.8996488450709808,false,3694,389852,0.8996488450709808
3694,342892,0.8654056858307472,false,3694,342892,0.8654056858307472
3694,164312,0.9356490049077133,false,3694,164312,0.9356490049077133
3694,84239,0.9773800898700766,false,3694,84239,0.9773800898700766
3694,2065,0.9721390576910366,false,3694,2065,0.9721390576910366
3694,57402,0.8988149963643219,false,3694,57402,0.8988149963643219
3694,1513,0.7608012148475694,false,3694,1513,0.7608012148475694
3694,776,0.729002651147641,false,3694,776,0.729002651147641
3694,780,0.9342708425751108,false,3694,780,0.9342708425751108
3694,135656,0.8797791410852843,false,3694,135656,0.8797791410852843
3694,3880,0.989125681687562,false,3694,3880,0.989125681687562
3694,94059,0.9035203580874386,false,3694,94059,0.9035203580874386
3694,26769,0.9252656572255747,false,3694,26769,0.9252656572255747
3694,3960,0.8797025791957388,false,3694,3960,0.8797025791957388
3694,7433,0.8437996515917369,false,3694,7433,0.8437996515917369
3694,284323,0.850199666827424,false,3694,284323,0.850199666827424
3694,100129460,0.9055506608670778,false,3694,100129460,0.9055506608670778
3694,65217,0.8416338295802752,false,3694,65217,0.8416338295802752
3694,1286,0.7362974901581016,false,3694,1286,0.7362974901581016
3694,23584,0.8786058297272255,false,3694,23584,0.8786058297272255
3694,692213,0.9056286019344235,false,3694,692213,0.9056286019344235
3694,79784,0.7013197441463008,false,3694,79784,0.7013197441463008
3694,153643,0.9582466798486292,false,3694,153643,0.9582466798486292
3694,112268422,0.8691094952043014,false,3694,112268422,0.8691094952043014
3694,649946,0.7964507017128959,false,3694,649946,0.7964507017128959
3694,259294,0.8626431865389531,false,3694,259294,0.8626431865389531
3694,79740,0.9792220468972154,false,3694,79740,0.9792220468972154
3694,2266,0.8814752391902863,false,3694,2266,0.8814752391902863
3694,745,0.9204221757660749,false,3694,745,0.9204221757660749
3694,440352,0.9012199620502709,false,3694,440352,0.9012199620502709
22941,285989,0.9036374999403578,false,22941,285989,0.9036374999403578
22941,2627,0.9456372546205218,false,22941,2627,0.9456372546205218
22941,503640,0.9094450686793413,false,22941,503640,0.9094450686793413
22941,259290,0.8833262677208792,false,22941,259290,0.8833262677208792
22941,1555,0.9136843945576525,false,22941,1555,0.9136843945576525
22941,57528,0.9080052809442906,false,22941,57528,0.9080052809442906
22941,201456,0.933043141391777,false,22941,201456,0.933043141391777
22941,142827,0.9495319334285237,false,22941,142827,0.9495319334285237
22941,57186,0.8897120608801666,false,22941,57186,0.8897120608801666
22941,6751,0.9200356930363542,false,22941,6751,0.9200356930363542
22941,79908,0.9137766516978869,false,22941,79908,0.9137766516978869
22941,102723508,0.8549524599857709,false,22941,102723508,0.8549524599857709
22941,28984,0.7758298277858464,false,22941,28984,0.7758298277858464
22941,130367,0.783937700290185,false,22941,130367,0.783937700290185
22941,9356,0.9278671035036307,false,22941,9356,0.9278671035036307
22941,1910,0.7957718268275012,false,22941,1910,0.7957718268275012
22941,641776,0.9181824532776058,false,22941,641776,0.9181824532776058
22941,100506658,0.9890831866592492,false,22941,100506658,0.9890831866592492
22941,168090,0.7131785029496526,false,22941,168090,0.7131785029496526
22941,341676,0.8996102430378038,false,22941,341676,0.8996102430378038
22941,148213,0.9140192347268621,false,22941,148213,0.9140192347268621
22941,10595,0.8574224154354385,false,22941,10595,0.8574224154354385
22941,4583,0.8348161846493012,false,22941,4583,0.8348161846493012
22941,728643,0.9268540334874896,false,22941,728643,0.9268540334874896
22941,55567,0.9226661421489781,false,22941,55567,0.9226661421489781
22941,54997,0.9221085227204264,false,22941,54997,0.9221085227204264
22941,79848,0.8759575370346107,false,22941,79848,0.8759575370346107
22941,219790,0.8195839951711373,false,22941,219790,0.8195839951711373
22941,115677,0.8598269454460972,false,22941,115677,0.8598269454460972
22941,5961,0.903334214735589,false,22941,5961,0.903334214735589
22941,7851,0.9198474589581587,false,22941,7851,0.9198474589581587
22941,692072,0.8794987285198329,false,22941,692072,0.8794987285198329
22941,109136579,0.8657368712254292,false,22941,109136579,0.8657368712254292
22941,503645,0.8620568699845194,false,22941,503645,0.8620568699845194
22941,55808,0.9254093548466895,false,22941,55808,0.9254093548466895
22941,999,0.8943270656856507,false,22941,999,0.8943270656856507
22941,126353,0.922289889129981,false,22941,126353,0.922289889129981
22941,26226,0.8853934363003392,false,22941,26226,0.8853934363003392
22941,64332,0.7731680548708568,false,22941,64332,0.7731680548708568
22941,346007,0.7351852820638238,false,22941,346007,0.7351852820638238
22941,388743,0.9136829890852934,false,22941,388743,0.9136829890852934
22941,116984,0.7080149236787301,false,22941,116984,0.7080149236787301
22941,137872,0.8592639742172926,false,22941,137872,0.8592639742172926
22941,1577,0.8908930278957155,false,22941,1577,0.8908930278957155
22941,100033430,0.8674196416301322,false,22941,100033430,0.8674196416301322
22941,340267,0.9145264961331093,false,22941,340267,0.9145264961331093
22941,200879,0.916259296165038,false,22941,200879,0.916259296165038
22941,1510,0.9218797021449334,false,22941,1510,0.9218797021449334
22941,441251,0.8340147462842824,false,22941,441251,0.8340147462842824
22941,102723849,0.9021336240488437,false,22941,102723849,0.9021336240488437
22941,9196,0.7461435089563706,false,22941,9196,0.7461435089563706
22941,6337,0.9719776219829215,false,22941,6337,0.9719776219829215
22941,57669,0.9418037338584929,false,22941,57669,0.9418037338584929
22941,619383,0.8760511249316523,false,22941,619383,0.8760511249316523
22941,89765,0.8141114538943977,false,22941,89765,0.8141114538943977
22941,57111,0.9215216748209284,false,22941,57111,0.9215216748209284
22941,278,0.7658317849772103,false,22941,278,0.7658317849772103
22941,116844,0.8936805007967176,false,22941,116844,0.8936805007967176
22941,10129,0.8957742852859452,false,22941,10129,0.8957742852859452
22941,4586,0.9072732735550392,false,22941,4586,0.9072732735550392
22941,100158262,0.8427197826166385,false,22941,100158262,0.8427197826166385
22941,10551,0.9114907511610514,false,22941,10551,0.9114907511610514
22941,130271,0.7135477233107079,false,22941,130271,0.7135477233107079
22941,6101,0.785725264720045,false,22941,6101,0.785725264720045
22941,378938,0.8660899695116631,false,22941,378938,0.8660899695116631
22941,54897,0.9609756480676189,false,22941,54897,0.9609756480676189
22941,117155,0.9162565127747166,false,22941,117155,0.9162565127747166
22941,112268155,0.8974784278302685,false,22941,112268155,0.8974784278302685
22941,1152,0.9288856203355448,false,22941,1152,0.9288856203355448
22941,79083,0.9193951256414576,false,22941,79083,0.9193951256414576
22941,66002,0.9245987823335878,false,22941,66002,0.9245987823335878
22941,1556,0.9512661730078228,false,22941,1556,0.9512661730078228
22941,22996,0.9493538332935273,false,22941,22996,0.9493538332935273
22941,55930,0.952018609171118,false,22941,55930,0.952018609171118
22941,7620,0.7260669081828349,false,22941,7620,0.7260669081828349
22941,7113,0.9170810564621502,false,22941,7113,0.9170810564621502
22941,54861,0.9044363862891791,false,22941,54861,0.9044363862891791
22941,222256,0.838779561377263,false,22941,222256,0.838779561377263
22941,105180391,0.9166467736531148,false,22941,105180391,0.9166467736531148
22941,26084,0.8293999913488459,false,22941,26084,0.8293999913488459
22941,100529240,0.9122310005282344,false,22941,100529240,0.9122310005282344
22941,113218482,0.9141254169983676,false,22941,113218482,0.9141254169983676
22941,647024,0.9012145669105881,false,22941,647024,0.9012145669105881
22941,255928,0.8907500632965336,false,22941,255928,0.8907500632965336
22941,151531,0.8611690808624994,false,22941,151531,0.8611690808624994
22941,8537,0.8075054903102027,false,22941,8537,0.8075054903102027
22941,10018,0.9056820682584382,false,22941,10018,0.9056820682584382
22941,115019,0.918433710651171,false,22941,115019,0.918433710651171
22941,201625,0.838387486758183,false,22941,201625,0.838387486758183
22941,105180390,0.917490798808065,false,22941,105180390,0.917490798808065
22941,692058,0.8749431799085645,false,22941,692058,0.8749431799085645
22941,276,0.7106543869343139,false,22941,276,0.7106543869343139
22941,168374,0.8720336840665696,false,22941,168374,0.8720336840665696
22941,83481,0.9242838516342521,false,22941,83481,0.9242838516342521
22941,645843,0.8957575594563919,false,22941,645843,0.8957575594563919
22941,143884,0.824588682136439,false,22941,143884,0.824588682136439
22941,80004,0.868901175344693,false,22941,80004,0.868901175344693
22941,121512,0.9076200761500951,false,22941,121512,0.9076200761500951
22941,3993,0.9751277719850314,false,22941,3993,0.9751277719850314
22941,389852,0.9077726246410954,false,22941,389852,0.9077726246410954
22941,342892,0.9043917710410929,false,22941,342892,0.9043917710410929
22941,164312,0.964369042968068,false,22941,164312,0.964369042968068
22941,84239,0.94389352369283,false,22941,84239,0.94389352369283
22941,2065,0.922852396535734,false,22941,2065,0.922852396535734
22941,57402,0.9954972466493944,false,22941,57402,0.9954972466493944
22941,776,0.8281264192073138,false,22941,776,0.8281264192073138
22941,780,0.903514401684601,false,22941,780,0.903514401684601
22941,135656,0.9076076373224791,false,22941,135656,0.9076076373224791
22941,3880,0.8864276747418277,false,22941,3880,0.8864276747418277
22941,94059,0.9149943392351398,false,22941,94059,0.9149943392351398
22941,26769,0.8273859765813139,false,22941,26769,0.8273859765813139
22941,3960,0.9092580349350395,false,22941,3960,0.9092580349350395
22941,7433,0.971739949930399,false,22941,7433,0.971739949930399
22941,284323,0.9017185862100985,false,22941,284323,0.9017185862100985
22941,100129460,0.7276551911752596,false,22941,100129460,0.7276551911752596
22941,65217,0.8633272031050193,false,22941,65217,0.8633272031050193
22941,23584,0.9529378953583024,false,22941,23584,0.9529378953583024
22941,692213,0.9188679165676997,false,22941,692213,0.9188679165676997
22941,153643,0.8664773039857248,false,22941,153643,0.8664773039857248
22941,112268422,0.9019206769640993,false,22941,112268422,0.9019206769640993
22941,259294,0.9004945524081202,false,22941,259294,0.9004945524081202
22941,79740,0.9845683340386253,false,22941,79740,0.9845683340386253
22941,2266,0.9077505944931438,false,22941,2266,0.9077505944931438
22941,745,0.9436962114013291,false,22941,745,0.9436962114013291
22941,440352,0.9820076324921604,false,22941,440352,0.9820076324921604
285989,2627,0.9780785283405452,false,285989,2627,0.9780785283405452
285989,503640,0.9927175025842717,false,285989,503640,0.9927175025842717
285989,259290,0.9733672778812105,false,285989,259290,0.9733672778812105
285989,1555,0.9837409014273885,false,285989,1555,0.9837409014273885
285989,57528,0.9827707713306244,false,285989,57528,0.9827707713306244
285989,201456,0.9827775645169275,false,285989,201456,0.9827775645169275
285989,142827,0.9106859948855361,false,285989,142827,0.9106859948855361
285989,57186,0.9197471219965107,false,285989,57186,0.9197471219965107
285989,6751,0.9608971121627933,false,285989,6751,0.9608971121627933
285989,79908,0.7673617352899544,false,285989,79908,0.7673617352899544
285989,6473,0.7037708261698031,false,285989,6473,0.7037708261698031
285989,102723508,0.9644235441382846,false,285989,102723508,0.9644235441382846
285989,28984,0.8524023206859314,false,285989,28984,0.8524023206859314
285989,130367,0.8830354666661471,false,285989,130367,0.8830354666661471
285989,285335,0.7867904649789517,false,285989,285335,0.7867904649789517
285989,9356,0.9794272369890163,false,285989,9356,0.9794272369890163
285989,1910,0.8129372142592792,false,285989,1910,0.8129372142592792
285989,641776,0.9963876622985464,false,285989,641776,0.9963876622985464
285989,100506658,0.8984305570256184,false,285989,100506658,0.8984305570256184
285989,341676,0.9885931536548018,false,285989,341676,0.9885931536548018
285989,148213,0.9949276414487741,false,285989,148213,0.9949276414487741
285989,10595,0.9619649392552589,false,285989,10595,0.9619649392552589
285989,4583,0.9499577138460972,false,285989,4583,0.9499577138460972
285989,728643,0.9326076540438075,false,285989,728643,0.9326076540438075
285989,55567,0.9773608777644184,false,285989,55567,0.9773608777644184
285989,6103,0.7387159606128206,false,285989,6103,0.7387159606128206
285989,54997,0.9875132507159973,false,285989,54997,0.9875132507159973
285989,79848,0.9719433447028136,false,285989,79848,0.9719433447028136
285989,219790,0.7566143725540191,false,285989,219790,0.7566143725540191
285989,115677,0.871621394450541,false,285989,115677,0.871621394450541
285989,5961,0.9867769801021566,false,285989,5961,0.9867769801021566
285989,7851,0.9944568257185902,false,285989,7851,0.9944568257185902
285989,692072,0.9882809834542939,false,285989,692072,0.9882809834542939
285989,109136579,0.9952983397539772,false,285989,109136579,0.9952983397539772
285989,503645,0.9608518934320868,false,285989,503645,0.9608518934320868
285989,55808,0.9862614942085616,false,285989,55808,0.9862614942085616
285989,999,0.9639752619047647,false,285989,999,0.9639752619047647
285989,126353,0.977512148307081,false,285989,126353,0.977512148307081
285989,26226,0.9949744757853712,false,285989,26226,0.9949744757853712
285989,64332,0.9638829515492492,false,285989,64332,0.9638829515492492
285989,346007,0.8865763484286068,false,285989,346007,0.8865763484286068
285989,388743,0.9866498096174425,false,285989,388743,0.9866498096174425
285989,116984,0.7253869486603824,false,285989,116984,0.7253869486603824
285989,137872,0.953015451706001,false,285989,137872,0.953015451706001
285989,1577,0.9963121937466735,false,285989,1577,0.9963121937466735
285989,100033430,0.976202425405309,false,285989,100033430,0.976202425405309
285989,340267,0.9934749033100045,false,285989,340267,0.9934749033100045
285989,200879,0.9886430275862309,false,285989,200879,0.9886430275862309
285989,1510,0.9849018620597735,false,285989,1510,0.9849018620597735
285989,441251,0.9607042685038352,false,285989,441251,0.9607042685038352
285989,102723849,0.9976157486440613,false,285989,102723849,0.9976157486440613
285989,9196,0.8184162755590549,false,285989,9196,0.8184162755590549
285989,6337,0.8991083687403046,false,285989,6337,0.8991083687403046
285989,57669,0.9505775042877761,false,285989,57669,0.9505775042877761
285989,619383,0.9963760807227221,false,285989,619383,0.9963760807227221
285989,89765,0.8179148159359968,false,285989,89765,0.8179148159359968
285989,57111,0.991735728655748,false,285989,57111,0.991735728655748
285989,278,0.8953219045866051,false,285989,278,0.8953219045866051
285989,116844,0.9871245109904229,false,285989,116844,0.9871245109904229
285989,10129,0.9984116776008966,false,285989,10129,0.9984116776008966
285989,4586,0.9857204599215816,false,285989,4586,0.9857204599215816
285989,100158262,0.9656867246193471,false,285989,100158262,0.9656867246193471
285989,10551,0.9916260127598586,false,285989,10551,0.9916260127598586
285989,130271,0.7004454537422958,false,285989,130271,0.7004454537422958
285989,688,0.7172222547994821,false,285989,688,0.7172222547994821
285989,378938,0.9952837690322555,false,285989,378938,0.9952837690322555
285989,54897,0.8987269797954127,false,285989,54897,0.8987269797954127
285989,285,0.7384272169723346,false,285989,285,0.7384272169723346
285989,117155,0.9777724598985722,false,285989,117155,0.9777724598985722
285989,112268155,0.9964233619662093,false,285989,112268155,0.9964233619662093
285989,1152,0.9668088255422288,false,285989,1152,0.9668088255422288
285989,79083,0.9913280097832885,false,285989,79083,0.9913280097832885
285989,66002,0.980757681329176,false,285989,66002,0.980757681329176
285989,1556,0.9894440975709273,false,285989,1556,0.9894440975709273
285989,22996,0.9774601322963961,false,285989,22996,0.9774601322963961
285989,55930,0.9784211037317923,false,285989,55930,0.9784211037317923
285989,7620,0.8584795701958424,false,285989,7620,0.8584795701958424
285989,7113,0.9841333561215151,false,285989,7113,0.9841333561215151
285989,54861,0.9731521707584487,false,285989,54861,0.9731521707584487
285989,222256,0.9468580452797771,false,285989,222256,0.9468580452797771
285989,105180391,0.9944912321502367,false,285989,105180391,0.9944912321502367
285989,100529240,0.9982605165867664,false,285989,100529240,0.9982605165867664
285989,113218482,0.9832889171440993,false,285989,113218482,0.9832889171440993
285989,647024,0.962050233502681,false,285989,647024,0.962050233502681
285989,255928,0.9692792439535667,false,285989,255928,0.9692792439535667
285989,151531,0.9583022267850329,false,285989,151531,0.9583022267850329
285989,8537,0.9484246397256353,false,285989,8537,0.9484246397256353
285989,10018,0.9890938155070007,false,285989,10018,0.9890938155070007
285989,115019,0.986547618614678,false,285989,115019,0.986547618614678
285989,201625,0.8585253547293841,false,285989,201625,0.8585253547293841
285989,105180390,0.9968324461093865,false,285989,105180390,0.9968324461093865
285989,692058,0.9905814757855858,false,285989,692058,0.9905814757855858
285989,276,0.8375732119985262,false,285989,276,0.8375732119985262
285989,168374,0.991187556066374,false,285989,168374,0.991187556066374
285989,83481,0.9662281262823342,false,285989,83481,0.9662281262823342
285989,645843,0.9931807725098317,false,285989,645843,0.9931807725098317
285989,143884,0.9585269041320146,false,285989,143884,0.9585269041320146
285989,1579,0.7288482405472525,false,285989,1579,0.7288482405472525
285989,80004,0.9113657805383277,false,285989,80004,0.9113657805383277
285989,121512,0.969763447093414,false,285989,121512,0.969763447093414
285989,3993,0.9378672990933987,false,285989,3993,0.9378672990933987
285989,389852,0.9917406416660794,false,285989,389852,0.9917406416660794
285989,342892,0.9813024684552571,false,285989,342892,0.9813024684552571
285989,164312,0.9722929575761057,false,285989,164312,0.9722929575761057
285989,84239,0.9695402293810349,false,285989,84239,0.9695402293810349
285989,2065,0.9812138508085982,false,285989,2065,0.9812138508085982
285989,57402,0.8733861032902193,false,285989,57402,0.8733861032902193
285989,1513,0.7954864547637203,false,285989,1513,0.7954864547637203
285989,776,0.8546034679758402,false,285989,776,0.8546034679758402
285989,780,0.8847741384094682,false,285989,780,0.8847741384094682
285989,135656,0.9851204030932544,false,285989,135656,0.9851204030932544
285989,3880,0.874667202383738,false,285989,3880,0.874667202383738
285989,94059,0.9955449312041377,false,285989,94059,0.9955449312041377
285989,26769,0.966835509310545,false,285989,26769,0.966835509310545
285989,3960,0.9840716648656933,false,285989,3960,0.9840716648656933
285989,7433,0.8692590289734075,false,285989,7433,0.8692590289734075
285989,284323,0.9804165627429826,false,285989,284323,0.9804165627429826
285989,100129460,0.8706839602101412,false,285989,100129460,0.8706839602101412
285989,65217,0.8794853090722244,false,285989,65217,0.8794853090722244
285989,23584,0.9653859930209475,false,285989,23584,0.9653859930209475
285989,692213,0.9853182117379179,false,285989,692213,0.9853182117379179
285989,153643,0.9575162894259925,false,285989,153643,0.9575162894259925
285989,112268422,0.9828498125287846,false,285989,112268422,0.9828498125287846
285989,649946,0.8161559310607217,false,285989,649946,0.8161559310607217
285989,259294,0.9857031152813036,false,285989,259294,0.9857031152813036
285989,79740,0.9182904973703025,false,285989,79740,0.9182904973703025
285989,2266,0.9877937476091918,false,285989,2266,0.9877937476091918
285989,745,0.9844252485122654,false,285989,745,0.9844252485122654
285989,440352,0.8959661980332337,false,285989,440352,0.8959661980332337
2627,503640,0.9598563687756244,false,2627,503640,0.9598563687756244
2627,259290,0.922194347718969,false,2627,259290,0.922194347718969
2627,1555,0.9826569648284064,false,2627,1555,0.9826569648284064
2627,57528,0.9503431933956894,false,2627,57528,0.9503431933956894
2627,201456,0.9572949989462972,false,2627,201456,0.9572949989462972
2627,142827,0.9074309537328972,false,2627,142827,0.9074309537328972
2627,163720,0.7332962487781822,false,2627,163720,0.7332962487781822
2627,57186,0.9669164132054232,false,2627,57186,0.9669164132054232
2627,6751,0.9235004110735305,false,2627,6751,0.9235004110735305
2627,79908,0.8469966423165239,false,2627,79908,0.8469966423165239
2627,102723508,0.8989148537248792,false,2627,102723508,0.8989148537248792
2627,28984,0.8927163487929484,false,2627,28984,0.8927163487929484
2627,130367,0.919193874567488,false,2627,130367,0.919193874567488
2627,285335,0.8310246778900847,false,2627,285335,0.8310246778900847
2627,9356,0.9545550961847982,false,2627,9356,0.9545550961847982
2627,1910,0.8897424132343267,false,2627,1910,0.8897424132343267
2627,641776,0.9839825258200596,false,2627,641776,0.9839825258200596
2627,100506658,0.9586155167555231,false,2627,100506658,0.9586155167555231
2627,200373,0.8020148098618789,false,2627,200373,0.8020148098618789
2627,168090,0.7739766035725907,false,2627,168090,0.7739766035725907
2627,341676,0.9844150267354685,false,2627,341676,0.9844150267354685
2627,148213,0.9732175991998977,false,2627,148213,0.9732175991998977
2627,10595,0.9653229728760264,false,2627,10595,0.9653229728760264
2627,4583,0.9562530435355714,false,2627,4583,0.9562530435355714
2627,728643,0.9169142830535587,false,2627,728643,0.9169142830535587
2627,55567,0.9903164249139517,false,2627,55567,0.9903164249139517
2627,6103,0.772948507305752,false,2627,6103,0.772948507305752
2627,54997,0.9601736382565794,false,2627,54997,0.9601736382565794
2627,79848,0.9207174953514975,false,2627,79848,0.9207174953514975
2627,219790,0.7794733274496695,false,2627,219790,0.7794733274496695
2627,115677,0.9161688963782976,false,2627,115677,0.9161688963782976
2627,5961,0.9470733370752605,false,2627,5961,0.9470733370752605
2627,7851,0.9793218975351486,false,2627,7851,0.9793218975351486
2627,692072,0.9431398623294811,false,2627,692072,0.9431398623294811
2627,109136579,0.968001846766414,false,2627,109136579,0.968001846766414
2627,503645,0.922627320665284,false,2627,503645,0.922627320665284
2627,55808,0.9656365856677974,false,2627,55808,0.9656365856677974
2627,999,0.9792953249112769,false,2627,999,0.9792953249112769
2627,126353,0.9752796004042061,false,2627,126353,0.9752796004042061
2627,26226,0.959099942231355,false,2627,26226,0.959099942231355
2627,64332,0.9240128743777679,false,2627,64332,0.9240128743777679
2627,346007,0.881913162142574,false,2627,346007,0.881913162142574
2627,388743,0.9586629974373755,false,2627,388743,0.9586629974373755
2627,116984,0.8025200039607193,false,2627,116984,0.8025200039607193
2627,137872,0.8943931812634245,false,2627,137872,0.8943931812634245
2627,1577,0.9630855291973269,false,2627,1577,0.9630855291973269
2627,100033430,0.9748803587389506,false,2627,100033430,0.9748803587389506
2627,340267,0.9736435970812177,false,2627,340267,0.9736435970812177
2627,200879,0.9596996282061188,false,2627,200879,0.9596996282061188
2627,1510,0.9683110636020107,false,2627,1510,0.9683110636020107
2627,441251,0.9650982784093741,false,2627,441251,0.9650982784093741
2627,102723849,0.9683010980721144,false,2627,102723849,0.9683010980721144
2627,9196,0.7648918947502792,false,2627,9196,0.7648918947502792
2627,6337,0.967363601596426,false,2627,6337,0.967363601596426
2627,5284,0.7718320875405691,false,2627,5284,0.7718320875405691
2627,57669,0.9662950138178996,false,2627,57669,0.9662950138178996
2627,619383,0.9692818267211387,false,2627,619383,0.9692818267211387
2627,89765,0.8881286860820331,false,2627,89765,0.8881286860820331
2627,57111,0.9753843836799211,false,2627,57111,0.9753843836799211
2627,278,0.9075853502341704,false,2627,278,0.9075853502341704
2627,116844,0.9774889856199787,false,2627,116844,0.9774889856199787
2627,10129,0.9664151031424766,false,2627,10129,0.9664151031424766
2627,4586,0.9533061099859474,false,2627,4586,0.9533061099859474
2627,100158262,0.8973973758273666,false,2627,100158262,0.8973973758273666
2627,10551,0.9654888412348155,false,2627,10551,0.9654888412348155
2627,130271,0.7389054388648583,false,2627,130271,0.7389054388648583
2627,688,0.7723856555073969,false,2627,688,0.7723856555073969
2627,6101,0.8035373198185303,false,2627,6101,0.8035373198185303
2627,378938,0.9683110130750444,false,2627,378938,0.9683110130750444
2627,54897,0.9190064665442925,false,2627,54897,0.9190064665442925
2627,117155,0.9480105462789465,false,2627,117155,0.9480105462789465
2627,112268155,0.9765168439167357,false,2627,112268155,0.9765168439167357
2627,1152,0.9632177856183839,false,2627,1152,0.9632177856183839
2627,27074,0.7611471865744279,false,2627,27074,0.7611471865744279
2627,79083,0.9636065871375524,false,2627,79083,0.9636065871375524
2627,66002,0.9550985504113415,false,2627,66002,0.9550985504113415
2627,1556,0.9856941234404827,false,2627,1556,0.9856941234404827
2627,22996,0.9736245492009755,false,2627,22996,0.9736245492009755
2627,55930,0.9713324735535036,false,2627,55930,0.9713324735535036
2627,7620,0.7651517293163504,false,2627,7620,0.7651517293163504
2627,7113,0.9852172641468413,false,2627,7113,0.9852172641468413
2627,54861,0.9763419835478084,false,2627,54861,0.9763419835478084
2627,222256,0.9553861081703726,false,2627,222256,0.9553861081703726
2627,105180391,0.9766048700118498,false,2627,105180391,0.9766048700118498
2627,26084,0.7453858812311479,false,2627,26084,0.7453858812311479
2627,100529240,0.9740456806310767,false,2627,100529240,0.9740456806310767
2627,113218482,0.9564353379789121,false,2627,113218482,0.9564353379789121
2627,647024,0.976013701292149,false,2627,647024,0.976013701292149
2627,255928,0.9324868867607228,false,2627,255928,0.9324868867607228
2627,151531,0.9524520940943955,false,2627,151531,0.9524520940943955
2627,8537,0.8772666840513335,false,2627,8537,0.8772666840513335
2627,10018,0.9565588985859543,false,2627,10018,0.9565588985859543
2627,115019,0.9618132236249657,false,2627,115019,0.9618132236249657
2627,201625,0.9269521985596885,false,2627,201625,0.9269521985596885
2627,105180390,0.9801933249669387,false,2627,105180390,0.9801933249669387
2627,1043,0.7522152452400825,false,2627,1043,0.7522152452400825
2627,692058,0.9685635502150792,false,2627,692058,0.9685635502150792
2627,276,0.8665946753146292,false,2627,276,0.8665946753146292
2627,168374,0.9758037287882255,false,2627,168374,0.9758037287882255
2627,83481,0.9779628173397881,false,2627,83481,0.9779628173397881
2627,645843,0.9848279810435306,false,2627,645843,0.9848279810435306
2627,143884,0.8855579764688234,false,2627,143884,0.8855579764688234
2627,1579,0.8217273826488399,false,2627,1579,0.8217273826488399
2627,80004,0.9563617634361681,false,2627,80004,0.9563617634361681
2627,121512,0.9850526897648912,false,2627,121512,0.9850526897648912
2627,3993,0.9529171530511698,false,2627,3993,0.9529171530511698
2627,389852,0.9653674240408584,false,2627,389852,0.9653674240408584
2627,342892,0.9452538330298844,false,2627,342892,0.9452538330298844
2627,164312,0.9743440114908397,false,2627,164312,0.9743440114908397
2627,84239,0.9975554138339051,false,2627,84239,0.9975554138339051
2627,2065,0.9936281781576256,false,2627,2065,0.9936281781576256
2627,57402,0.9142510474929517,false,2627,57402,0.9142510474929517
2627,1513,0.7762891045808474,false,2627,1513,0.7762891045808474
2627,776,0.8168161843778817,false,2627,776,0.8168161843778817
2627,780,0.9099595108410303,false,2627,780,0.9099595108410303
2627,135656,0.9521531300982128,false,2627,135656,0.9521531300982128
2627,3880,0.9395019465904406,false,2627,3880,0.9395019465904406
2627,94059,0.9709304674231153,false,2627,94059,0.9709304674231153
2627,26769,0.95164917035807,false,2627,26769,0.95164917035807
2627,3960,0.9515429487796904,false,2627,3960,0.9515429487796904
2627,7433,0.8935629528411181,false,2627,7433,0.8935629528411181
2627,284323,0.9365455038689587,false,2627,284323,0.9365455038689587
2627,100129460,0.8970294655516744,false,2627,100129460,0.8970294655516744
2627,65217,0.9004961085146886,false,2627,65217,0.9004961085146886
2627,23584,0.9498194083431024,false,2627,23584,0.9498194083431024
2627,692213,0.9609472631666496,false,2627,692213,0.9609472631666496
2627,153643,0.9683373103055718,false,2627,153643,0.9683373103055718
2627,112268422,0.9449710217144391,false,2627,112268422,0.9449710217144391
2627,649946,0.8225367920099454,false,2627,649946,0.8225367920099454
2627,259294,0.9432079317106534,false,2627,259294,0.9432079317106534
2627,79740,0.9661847513952567,false,2627,79740,0.9661847513952567
2627,2266,0.9626549701506352,false,2627,2266,0.9626549701506352
2627,745,0.9737402134170975,false,2627,745,0.9737402134170975
2627,440352,0.913712698727398,false,2627,440352,0.913712698727398
503640,259290,0.9865409778465744,false,503640,259290,0.9865409778465744
503640,1555,0.971042656124929,false,503640,1555,0.971042656124929
503640,57528,0.9959745047851053,false,503640,57528,0.9959745047851053
503640,201456,0.9963242029822615,false,503640,201456,0.9963242029822615
503640,142827,0.9327432960900435,false,503640,142827,0.9327432960900435
503640,57186,0.8835696708611233,false,503640,57186,0.8835696708611233
503640,6751,0.9854837197740789,false,503640,6751,0.9854837197740789
503640,79908,0.7513120627522893,false,503640,79908,0.7513120627522893
503640,6473,0.7333135213569284,false,503640,6473,0.7333135213569284
503640,102723508,0.9838756899340678,false,503640,102723508,0.9838756899340678
503640,28984,0.7879577641903697,false,503640,28984,0.7879577641903697
503640,130367,0.8286628501257168,false,503640,130367,0.8286628501257168
503640,285335,0.7196291611686234,false,503640,285335,0.7196291611686234
503640,9356,0.9917186553532027,false,503640,9356,0.9917186553532027
503640,1910,0.7470109584813767,false,503640,1910,0.7470109584813767
503640,641776,0.9916318776449788,false,503640,641776,0.9916318776449788
503640,100506658,0.8936072243090923,false,503640,100506658,0.8936072243090923
503640,341676,0.9706227923660136,false,503640,341676,0.9706227923660136
503640,148213,0.9950803394678099,false,503640,148213,0.9950803394678099
503640,10595,0.934130815247618,false,503640,10595,0.934130815247618
503640,4583,0.9162006123769683,false,503640,4583,0.9162006123769683
503640,728643,0.9493413229849451,false,503640,728643,0.9493413229849451
503640,55567,0.9567597507812635,false,503640,55567,0.9567597507812635
503640,54997,0.9984471860001985,false,503640,54997,0.9984471860001985
503640,79848,0.979261783954133,false,503640,79848,0.979261783954133
503640,219790,0.7630460687697511,false,503640,219790,0.7630460687697511
503640,115677,0.8386114870092892,false,503640,115677,0.8386114870092892
503640,5961,0.997449144468509,false,503640,5961,0.997449144468509
503640,7851,0.9921876538549463,false,503640,7851,0.9921876538549463
503640,692072,0.9936366937482162,false,503640,692072,0.9936366937482162
503640,109136579,0.9799729577345726,false,503640,109136579,0.9799729577345726
503640,503645,0.9582164703755035,false,503640,503645,0.9582164703755035
503640,55808,0.993764630582603,false,503640,55808,0.993764630582603
503640,999,0.9379264281443191,false,503640,999,0.9379264281443191
503640,126353,0.9724415623226977,false,503640,126353,0.9724415623226977
503640,26226,0.9920732404677497,false,503640,26226,0.9920732404677497
503640,64332,0.9363445670314153,false,503640,64332,0.9363445670314153
503640,346007,0.8530545477200477,false,503640,346007,0.8530545477200477
503640,388743,0.9955448458582241,false,503640,388743,0.9955448458582241
503640,137872,0.9788012402831472,false,503640,137872,0.9788012402831472
503640,1577,0.993005874104882,false,503640,1577,0.993005874104882
503640,100033430,0.9511404533505198,false,503640,100033430,0.9511404533505198
503640,340267,0.9913947190479725,false,503640,340267,0.9913947190479725
503640,200879,0.9980726327183208,false,503640,200879,0.9980726327183208
503640,1510,0.9882027779006074,false,503640,1510,0.9882027779006074
503640,441251,0.9211739624399173,false,503640,441251,0.9211739624399173
503640,102723849,0.9980662098590453,false,503640,102723849,0.9980662098590453
503640,9196,0.8293239719040812,false,503640,9196,0.8293239719040812
503640,6337,0.8784500603262251,false,503640,6337,0.8784500603262251
503640,57669,0.9458135038473734,false,503640,57669,0.9458135038473734
503640,619383,0.982090258787368,false,503640,619383,0.982090258787368
503640,89765,0.7796623469881598,false,503640,89765,0.7796623469881598
503640,57111,0.9917398885193617,false,503640,57111,0.9917398885193617
503640,278,0.8405492311657305,false,503640,278,0.8405492311657305
503640,116844,0.9740975641782424,false,503640,116844,0.9740975641782424
503640,10129,0.9955799232179655,false,503640,10129,0.9955799232179655
503640,4586,0.9962835308636411,false,503640,4586,0.9962835308636411
503640,100158262,0.9817705833753091,false,503640,100158262,0.9817705833753091
503640,10551,0.9962835220467983,false,503640,10551,0.9962835220467983
503640,378938,0.9797798489985508,false,503640,378938,0.9797798489985508
503640,54897,0.9107962779821603,false,503640,54897,0.9107962779821603
503640,117155,0.994250769162151,false,503640,117155,0.994250769162151
503640,112268155,0.9916833079208265,false,503640,112268155,0.9916833079208265
503640,1152,0.9514763203892287,false,503640,1152,0.9514763203892287
503640,79083,0.9993703432399124,false,503640,79083,0.9993703432399124
503640,66002,0.9932456571342478,false,503640,66002,0.9932456571342478
503640,1556,0.9895766257117509,false,503640,1556,0.9895766257117509
503640,22996,0.9803663621893445,false,503640,22996,0.9803663621893445
503640,55930,0.9834405825065966,false,503640,55930,0.9834405825065966
503640,7620,0.869713976366389,false,503640,7620,0.869713976366389
503640,7113,0.9724299999239108,false,503640,7113,0.9724299999239108
503640,54861,0.9528848754485445,false,503640,54861,0.9528848754485445
503640,222256,0.9074283306010851,false,503640,222256,0.9074283306010851
503640,105180391,0.9933716674986133,false,503640,105180391,0.9933716674986133
503640,100529240,0.9973643078976556,false,503640,100529240,0.9973643078976556
503640,113218482,0.9938199172124844,false,503640,113218482,0.9938199172124844
503640,647024,0.9412243566416898,false,503640,647024,0.9412243566416898
503640,255928,0.987088434482666,false,503640,255928,0.987088434482666
503640,151531,0.9518163778431661,false,503640,151531,0.9518163778431661
503640,8537,0.9585636067785492,false,503640,8537,0.9585636067785492
503640,10018,0.9961183942034295,false,503640,10018,0.9961183942034295
503640,115019,0.9950047688081944,false,503640,115019,0.9950047688081944
503640,201625,0.7995514682773266,false,503640,201625,0.7995514682773266
503640,105180390,0.9937816829863296,false,503640,105180390,0.9937816829863296
503640,692058,0.9760711713438049,false,503640,692058,0.9760711713438049
503640,276,0.7709260526612887,false,503640,276,0.7709260526612887
503640,168374,0.9692630636413079,false,503640,168374,0.9692630636413079
503640,83481,0.9499157342535108,false,503640,83481,0.9499157342535108
503640,645843,0.9728966415496256,false,503640,645843,0.9728966415496256
503640,143884,0.974801015128144,false,503640,143884,0.974801015128144
503640,80004,0.8778586457905675,false,503640,80004,0.8778586457905675
503640,121512,0.9552140912285384,false,503640,121512,0.9552140912285384
503640,3993,0.9502141058228666,false,503640,3993,0.9502141058228666
503640,389852,0.9959756730433817,false,503640,389852,0.9959756730433817
503640,342892,0.9860392054342735,false,503640,342892,0.9860392054342735
503640,164312,0.9782942214468296,false,503640,164312,0.9782942214468296
503640,84239,0.9462605837714584,false,503640,84239,0.9462605837714584
503640,2065,0.9608425577728226,false,503640,2065,0.9608425577728226
503640,57402,0.8892207164619844,false,503640,57402,0.8892207164619844
503640,1513,0.7323172745499406,false,503640,1513,0.7323172745499406
503640,776,0.8649558021619868,false,503640,776,0.8649558021619868
503640,780,0.8777013525024199,false,503640,780,0.8777013525024199
503640,135656,0.9964222604084979,false,503640,135656,0.9964222604084979
503640,3880,0.8328901560288096,false,503640,3880,0.8328901560288096
503640,94059,0.9984056684003285,false,503640,94059,0.9984056684003285
503640,26769,0.9364994325672439,false,503640,26769,0.9364994325672439
503640,3960,0.995962495765812,false,503640,3960,0.995962495765812
503640,7433,0.891940141829019,false,503640,7433,0.891940141829019
503640,284323,0.9963690424366092,false,503640,284323,0.9963690424366092
503640,100129460,0.8058468873175061,false,503640,100129460,0.8058468873175061
503640,65217,0.8602406280142216,false,503640,65217,0.8602406280142216
503640,23584,0.9844695614611004,false,503640,23584,0.9844695614611004
503640,692213,0.9914226738492691,false,503640,692213,0.9914226738492691
503640,153643,0.9288478741898052,false,503640,153643,0.9288478741898052
503640,112268422,0.9961540475175295,false,503640,112268422,0.9961540475175295
503640,649946,0.7523643036385125,false,503640,649946,0.7523643036385125
503640,259294,0.9979566949352381,false,503640,259294,0.9979566949352381
503640,79740,0.9058074499406773,false,503640,79740,0.9058074499406773
503640,2266,0.995372908620673,false,503640,2266,0.995372908620673
503640,745,0.9906669695473325,false,503640,745,0.9906669695473325
503640,440352,0.9131774426194328,false,503640,440352,0.9131774426194328
286207,5555,0.978536469759016,false,286207,5555,0.978536469759016
286207,57530,0.7036314106519267,false,286207,57530,0.7036314106519267
286207,5544,0.9358098674793369,false,286207,5544,0.9358098674793369
286207,10579,0.9676971322488322,false,286207,10579,0.9676971322488322
286207,285335,0.7772417587185434,false,286207,285335,0.7772417587185434
286207,200373,0.8789621348302622,false,286207,200373,0.8789621348302622
286207,168090,0.8524941656804592,false,286207,168090,0.8524941656804592
286207,474354,0.7891485143654244,false,286207,474354,0.7891485143654244
286207,3240,0.8071862411731034,false,286207,3240,0.8071862411731034
286207,7033,0.8544475910024588,false,286207,7033,0.8544475910024588
286207,54842,0.9092031024722437,false,286207,54842,0.9092031024722437
286207,64073,0.8657466210339653,false,286207,64073,0.8657466210339653
286207,253970,0.9758803944867955,false,286207,253970,0.9758803944867955
286207,6441,0.763532241294363,false,286207,6441,0.763532241294363
286207,4070,0.8380656551055725,false,286207,4070,0.8380656551055725
286207,56892,0.7568432712815827,false,286207,56892,0.7568432712815827
286207,8091,0.8173015038693959,false,286207,8091,0.8173015038693959
286207,3875,0.9802710401803569,false,286207,3875,0.9802710401803569
286207,160728,0.8041646308696054,false,286207,160728,0.8041646308696054
286207,4680,0.9620441733584182,false,286207,4680,0.9620441733584182
286207,7356,0.8761065683797407,false,286207,7356,0.8761065683797407
286207,109729127,0.8338046048411907,false,286207,109729127,0.8338046048411907
286207,400578,0.8586415429486104,false,286207,400578,0.8586415429486104
286207,5284,0.88778425243709,false,286207,5284,0.88778425243709
286207,94025,0.8913563198691937,false,286207,94025,0.8913563198691937
286207,728276,0.879820389126383,false,286207,728276,0.879820389126383
286207,101927516,0.7394307707623371,false,286207,101927516,0.7394307707623371
286207,688,0.8339382378996025,false,286207,688,0.8339382378996025
286207,6101,0.7546860298609092,false,286207,6101,0.7546860298609092
286207,5545,0.8855322510772451,false,286207,5545,0.8855322510772451
286207,727897,0.8721668826119582,false,286207,727897,0.8721668826119582
286207,27074,0.8781617760193992,false,286207,27074,0.8781617760193992
286207,54848,0.7560451001929976,false,286207,54848,0.7560451001929976
286207,79632,0.9145263145860695,false,286207,79632,0.9145263145860695
286207,4585,0.9183973071000373,false,286207,4585,0.9183973071000373
286207,1767,0.983236521127294,false,286207,1767,0.983236521127294
286207,1604,0.7504930600601426,false,286207,1604,0.7504930600601426
286207,9476,0.8366644509176159,false,286207,9476,0.8366644509176159
286207,117156,0.8395280822423633,false,286207,117156,0.8395280822423633
286207,201625,0.7162104916369555,false,286207,201625,0.7162104916369555
286207,195814,0.8401294034727266,false,286207,195814,0.8401294034727266
286207,1043,0.885532233642576,false,286207,1043,0.885532233642576
286207,276,0.722709532153171,false,286207,276,0.722709532153171
286207,2122,0.7535301164616827,false,286207,2122,0.7535301164616827
286207,105,0.853936612955489,false,286207,105,0.853936612955489
286207,84059,0.9023732638901574,false,286207,84059,0.9023732638901574
286207,1579,0.7973132736999807,false,286207,1579,0.7973132736999807
286207,57477,0.855061872195649,false,286207,57477,0.855061872195649
286207,6097,0.7243093242978659,false,286207,6097,0.7243093242978659
286207,120892,0.9608040792711815,false,286207,120892,0.9608040792711815
286207,123624,0.8667821852435796,false,286207,123624,0.8667821852435796
286207,4057,0.8654045234842382,false,286207,4057,0.8654045234842382
286207,220136,0.7549918708617801,false,286207,220136,0.7549918708617801
286207,112577518,0.8457128332399216,false,286207,112577518,0.8457128332399216
286207,9370,0.8629345899677568,false,286207,9370,0.8629345899677568
286207,389376,0.813576725521342,false,286207,389376,0.813576725521342
286207,6799,0.8405788852943512,false,286207,6799,0.8405788852943512
286207,353189,0.9646567000150998,false,286207,353189,0.9646567000150998
286207,563,0.850823562559239,false,286207,563,0.850823562559239
286207,84851,0.916527250892864,false,286207,84851,0.916527250892864
286207,4069,0.948537308462561,false,286207,4069,0.948537308462561
286207,1080,0.932672059304244,false,286207,1080,0.932672059304244
286207,123872,0.7684015245626845,false,286207,123872,0.7684015245626845
286207,1286,0.8852044222227502,false,286207,1286,0.8852044222227502
286207,105372793,0.7935324086576963,false,286207,105372793,0.7935324086576963
286207,79784,0.8174869899303143,false,286207,79784,0.8174869899303143
286207,653509,0.780147499589913,false,286207,653509,0.780147499589913
286207,100874095,0.8629345899677568,false,286207,100874095,0.8629345899677568
286207,729238,0.8264942571869575,false,286207,729238,0.8264942571869575
286207,144535,0.8871603170384448,false,286207,144535,0.8871603170384448
286207,26298,0.956882262288788,false,286207,26298,0.956882262288788
286207,100033436,0.8491219056922831,false,286207,100033436,0.8491219056922831
177,9914,0.9132554850616375,false,177,9914,0.9132554850616375
177,56241,0.8382367159909153,false,177,56241,0.8382367159909153
177,57530,0.9392746250291882,false,177,57530,0.9392746250291882
177,722,0.7555347737798919,false,177,722,0.7555347737798919
177,2327,0.7244796755556764,false,177,2327,0.7244796755556764
177,146556,0.8122367652841928,false,177,146556,0.8122367652841928
177,7080,0.9552874903400289,false,177,7080,0.9552874903400289
177,6439,0.9426675508029816,false,177,6439,0.9426675508029816
177,85452,0.8138889165801206,false,177,85452,0.8138889165801206
177,146177,0.9401987526146456,false,177,146177,0.9401987526146456
177,728226,0.7655671680873698,false,177,728226,0.7655671680873698
177,128602,0.7272775469544954,false,177,128602,0.7272775469544954
177,6441,0.908435191849249,false,177,6441,0.908435191849249
177,4070,0.8024589348555246,false,177,4070,0.8024589348555246
177,56892,0.7506869047833666,false,177,56892,0.7506869047833666
177,2277,0.7237639602129978,false,177,2277,0.7237639602129978
177,160728,0.8054458027185194,false,177,160728,0.8054458027185194
177,7356,0.7214676185014617,false,177,7356,0.7214676185014617
177,109729127,0.7364476541462649,false,177,109729127,0.7364476541462649
177,387882,0.7209026207076766,false,177,387882,0.7209026207076766
177,102723635,0.8675129787442816,false,177,102723635,0.8675129787442816
177,11185,0.8616394496099613,false,177,11185,0.8616394496099613
177,10586,0.8046336197640646,false,177,10586,0.8046336197640646
177,54848,0.8155100425703184,false,177,54848,0.8155100425703184
177,2125,0.8865529427951335,false,177,2125,0.8865529427951335
177,9476,0.8676692329952459,false,177,9476,0.8676692329952459
177,117156,0.8173933467187731,false,177,117156,0.8173933467187731
177,195814,0.7422197658922262,false,177,195814,0.7422197658922262
177,140766,0.7241419280197352,false,177,140766,0.7241419280197352
177,284680,0.7049487130578511,false,177,284680,0.7049487130578511
177,6097,0.940055330412494,false,177,6097,0.940055330412494
177,389376,0.8475992350761442,false,177,389376,0.8475992350761442
177,84525,0.8700510742466045,false,177,84525,0.8700510742466045
177,21,0.992424490237164,false,177,21,0.992424490237164
177,498,0.7641989994677791,false,177,498,0.7641989994677791
177,123872,0.8450163137491837,false,177,123872,0.8450163137491837
177,284434,0.7448509195388917,false,177,284434,0.7448509195388917
177,9052,0.8257764207581871,false,177,9052,0.8257764207581871
177,653509,0.915797276985917,false,177,653509,0.915797276985917
177,729238,0.8802760861109244,false,177,729238,0.8802760861109244
177,79098,0.7632168882045847,false,177,79098,0.7632168882045847
177,3855,0.9322187000659632,false,177,3855,0.9322187000659632
9914,56241,0.8389933026501941,false,9914,56241,0.8389933026501941
9914,89,0.703478334532651,false,9914,89,0.703478334532651
9914,57530,0.7339349221837573,false,9914,57530,0.7339349221837573
9914,722,0.7473038943604652,false,9914,722,0.7473038943604652
9914,2327,0.8755017168001242,false,9914,2327,0.8755017168001242
9914,146556,0.8599845913962043,false,9914,146556,0.8599845913962043
9914,7080,0.9874448568465809,false,9914,7080,0.9874448568465809
9914,6439,0.775639275358746,false,9914,6439,0.775639275358746
9914,85452,0.7220585838350692,false,9914,85452,0.7220585838350692
9914,146177,0.8217994111035583,false,9914,146177,0.8217994111035583
9914,728226,0.9325778452201358,false,9914,728226,0.9325778452201358
9914,2696,0.7383510647874313,false,9914,2696,0.7383510647874313
9914,128602,0.8881949371109489,false,9914,128602,0.8881949371109489
9914,6332,0.756868161596157,false,9914,6332,0.756868161596157
9914,2595,0.7519214548086148,false,9914,2595,0.7519214548086148
9914,2277,0.8350795702177335,false,9914,2277,0.8350795702177335
9914,825,0.739110248640061,false,9914,825,0.739110248640061
9914,11185,0.8555894062899264,false,9914,11185,0.8555894062899264
9914,10586,0.7608809059932073,false,9914,10586,0.7608809059932073
9914,2125,0.8876110341345687,false,9914,2125,0.8876110341345687
9914,57524,0.7368989298858071,false,9914,57524,0.7368989298858071
9914,84867,0.7829321113162102,false,9914,84867,0.7829321113162102
9914,284680,0.8941799901256943,false,9914,284680,0.8941799901256943
9914,6097,0.7394126339678809,false,9914,6097,0.7394126339678809
9914,128218,0.8556753173176107,false,9914,128218,0.8556753173176107
9914,84525,0.8398061454978797,false,9914,84525,0.8398061454978797
9914,21,0.9318239273331931,false,9914,21,0.9318239273331931
9914,498,0.7466968415869015,false,9914,498,0.7466968415869015
9914,284434,0.8449628206603333,false,9914,284434,0.8449628206603333
9914,9052,0.7569632065302372,false,9914,9052,0.7569632065302372
9914,440590,0.7690170897658177,false,9914,440590,0.7690170897658177
9914,55282,0.8269139841395848,false,9914,55282,0.8269139841395848
9914,3855,0.7334959847228804,false,9914,3855,0.7334959847228804
9914,165186,0.8074666848846292,false,9914,165186,0.8074666848846292
5555,5544,0.9588731856834578,false,5555,5544,0.9588731856834578
5555,10579,0.9922129487036531,false,5555,10579,0.9922129487036531
5555,28984,0.7773753322292488,false,5555,28984,0.7773753322292488
5555,130367,0.7407049877100437,false,5555,130367,0.7407049877100437
5555,285335,0.8164869536143824,false,5555,285335,0.8164869536143824
5555,1910,0.774987142895283,false,5555,1910,0.774987142895283
5555,200373,0.896914927250658,false,5555,200373,0.896914927250658
5555,168090,0.8876119885665269,false,5555,168090,0.8876119885665269
5555,474354,0.8721057943272371,false,5555,474354,0.8721057943272371
5555,1906,0.7000012511559273,false,5555,1906,0.7000012511559273
5555,3240,0.8248908434381487,false,5555,3240,0.8248908434381487
5555,7033,0.8528387870484074,false,5555,7033,0.8528387870484074
5555,54842,0.9052703997701618,false,5555,54842,0.9052703997701618
5555,6103,0.814108913810391,false,5555,6103,0.814108913810391
5555,64073,0.8097210923256131,false,5555,64073,0.8097210923256131
5555,253970,0.9360987482458841,false,5555,253970,0.9360987482458841
5555,4070,0.7643076712520894,false,5555,4070,0.7643076712520894
5555,56892,0.7314309354779698,false,5555,56892,0.7314309354779698
5555,8091,0.8641141640125172,false,5555,8091,0.8641141640125172
5555,3875,0.9673314587152441,false,5555,3875,0.9673314587152441
5555,160728,0.7304934907730949,false,5555,160728,0.7304934907730949
5555,4680,0.8933505235018231,false,5555,4680,0.8933505235018231
5555,7356,0.8295208025545232,false,5555,7356,0.8295208025545232
5555,109729127,0.7714399234252978,false,5555,109729127,0.7714399234252978
5555,400578,0.8519341831197685,false,5555,400578,0.8519341831197685
5555,5284,0.9099812757737779,false,5555,5284,0.9099812757737779
5555,94025,0.8976448023057056,false,5555,94025,0.8976448023057056
5555,278,0.7114560456305667,false,5555,278,0.7114560456305667
5555,728276,0.8393425736332207,false,5555,728276,0.8393425736332207
5555,101927516,0.8285238035733139,false,5555,101927516,0.8285238035733139
5555,688,0.8670103893948521,false,5555,688,0.8670103893948521
5555,6101,0.7954782097352412,false,5555,6101,0.7954782097352412
5555,5545,0.8851193037601345,false,5555,5545,0.8851193037601345
5555,727897,0.8788758988219473,false,5555,727897,0.8788758988219473
5555,27074,0.9043747503267043,false,5555,27074,0.9043747503267043
5555,54848,0.7336443150066292,false,5555,54848,0.7336443150066292
5555,79632,0.9678550252266548,false,5555,79632,0.9678550252266548
5555,4585,0.9492089083637233,false,5555,4585,0.9492089083637233
5555,1767,0.9849068899545318,false,5555,1767,0.9849068899545318
5555,1604,0.8017556793137655,false,5555,1604,0.8017556793137655
5555,9476,0.7322972825281817,false,5555,9476,0.7322972825281817
5555,117156,0.7851750139306205,false,5555,117156,0.7851750139306205
5555,201625,0.7737648749824683,false,5555,201625,0.7737648749824683
5555,195814,0.801049163522278,false,5555,195814,0.801049163522278
5555,1043,0.9283921439702715,false,5555,1043,0.9283921439702715
5555,276,0.7922474177814826,false,5555,276,0.7922474177814826
5555,2122,0.7979547208323623,false,5555,2122,0.7979547208323623
5555,105,0.8453908013353285,false,5555,105,0.8453908013353285
5555,84059,0.9295938645843784,false,5555,84059,0.9295938645843784
5555,1579,0.864727017352397,false,5555,1579,0.864727017352397
5555,57477,0.9052147284974169,false,5555,57477,0.9052147284974169
5555,120892,0.9836692498174989,false,5555,120892,0.9836692498174989
5555,123624,0.79733451017247,false,5555,123624,0.79733451017247
5555,4057,0.8575444520537033,false,5555,4057,0.8575444520537033
5555,220136,0.7407064817978496,false,5555,220136,0.7407064817978496
5555,112577518,0.8421842274844187,false,5555,112577518,0.8421842274844187
5555,9370,0.8566278279201063,false,5555,9370,0.8566278279201063
5555,693188,0.7315783895293464,false,5555,693188,0.7315783895293464
5555,389376,0.72513546408958,false,5555,389376,0.72513546408958
5555,6799,0.8097957470959364,false,5555,6799,0.8097957470959364
5555,353189,0.9624339548425078,false,5555,353189,0.9624339548425078
5555,563,0.8423720703653719,false,5555,563,0.8423720703653719
5555,84851,0.9777265950669616,false,5555,84851,0.9777265950669616
5555,3880,0.7015146079125723,false,5555,3880,0.7015146079125723
5555,100129460,0.7543392244314873,false,5555,100129460,0.7543392244314873
5555,4069,0.9607256692633969,false,5555,4069,0.9607256692633969
5555,1080,0.9683423993991997,false,5555,1080,0.9683423993991997
5555,123872,0.7302428597691895,false,5555,123872,0.7302428597691895
5555,1286,0.9425567164761988,false,5555,1286,0.9425567164761988
5555,105372793,0.8021266219498194,false,5555,105372793,0.8021266219498194
5555,79784,0.7321031784221701,false,5555,79784,0.7321031784221701
5555,100874095,0.8566278279201063,false,5555,100874095,0.8566278279201063
5555,729238,0.7337748375224162,false,5555,729238,0.7337748375224162
5555,144535,0.896222351282693,false,5555,144535,0.896222351282693
5555,26298,0.9328594355402945,false,5555,26298,0.9328594355402945
5555,100033436,0.8097714252373756,false,5555,100033436,0.8097714252373756
2208,5694,0.7883183099283307,false,2208,5694,0.7883183099283307
2208,100506686,0.7998036223480566,false,2208,100506686,0.7998036223480566
2208,101929066,0.8573289154234467,false,2208,101929066,0.8573289154234467
2208,81615,0.8445236150353151,false,2208,81615,0.8445236150353151
2208,8153,0.9913489524815011,false,2208,8153,0.9913489524815011
2208,124944,0.816572111000646,false,2208,124944,0.816572111000646
2208,340596,0.7724017645216165,false,2208,340596,0.7724017645216165
2208,100506755,0.8451549812911676,false,2208,100506755,0.8451549812911676
2208,1746,0.9901250807724593,false,2208,1746,0.9901250807724593
2208,399726,0.925721262546027,false,2208,399726,0.925721262546027
2208,57710,0.7314300357175125,false,2208,57710,0.7314300357175125
2208,9699,0.9791228044678207,false,2208,9699,0.9791228044678207
2208,83643,0.7920884486575639,false,2208,83643,0.7920884486575639
2208,100874002,0.9759409649428803,false,2208,100874002,0.9759409649428803
2208,219793,0.9876689635433294,false,2208,219793,0.9876689635433294
2208,56955,0.7625761469931343,false,2208,56955,0.7625761469931343
7125,3229,0.9999244912930357,false,7125,3229,0.9999244912930357
7125,7060,0.9998563888512264,false,7125,7060,0.9998563888512264
7125,102723382,0.8767268180008678,false,7125,102723382,0.8767268180008678
7125,54112,0.9998570388026743,false,7125,54112,0.9998570388026743
7125,4892,0.9999820621494914,false,7125,4892,0.9999820621494914
7125,3207,0.8212511312850821,false,7125,3207,0.8212511312850821
7125,644649,0.7949889284549068,false,7125,644649,0.7949889284549068
7125,3929,0.998386160732757,false,7125,3929,0.998386160732757
7125,105369937,0.9998570388026742,false,7125,105369937,0.9998570388026742
7125,27022,0.8463062659300941,false,7125,27022,0.8463062659300941
7125,107984498,0.9998638416241045,false,7125,107984498,0.9998638416241045
7125,284111,0.9980858028216827,false,7125,284111,0.9980858028216827
7125,100130701,0.7013131932287124,false,7125,100130701,0.7013131932287124
7125,128674,0.9998570388026742,false,7125,128674,0.9998570388026742
7125,7780,0.9987631770760204,false,7125,7780,0.9987631770760204
7125,101928580,0.9622710132235581,false,7125,101928580,0.9622710132235581
7125,57110,0.9992583052116054,false,7125,57110,0.9992583052116054
7125,646480,0.9929375168700932,false,7125,646480,0.9929375168700932
7125,4606,0.9999052093598864,false,7125,4606,0.9999052093598864
259290,1555,0.9266997426419569,false,259290,1555,0.9266997426419569
259290,57528,0.973632945136519,false,259290,57528,0.973632945136519
259290,201456,0.9809043940526456,false,259290,201456,0.9809043940526456
259290,142827,0.902240728473536,false,259290,142827,0.902240728473536
259290,57186,0.8489737589369131,false,259290,57186,0.8489737589369131
259290,6751,0.9757336630589478,false,259290,6751,0.9757336630589478
259290,79908,0.753326539626971,false,259290,79908,0.753326539626971
259290,6473,0.7753222455807388,false,259290,6473,0.7753222455807388
259290,102723508,0.9947099769645188,false,259290,102723508,0.9947099769645188
259290,28984,0.7481079110023575,false,259290,28984,0.7481079110023575
259290,130367,0.7573407212744827,false,259290,130367,0.7573407212744827
259290,9356,0.9873084801790971,false,259290,9356,0.9873084801790971
259290,1910,0.7073699991672088,false,259290,1910,0.7073699991672088
259290,641776,0.9673454608022343,false,259290,641776,0.9673454608022343
259290,100506658,0.8485733689950055,false,259290,100506658,0.8485733689950055
259290,341676,0.9309941548599205,false,259290,341676,0.9309941548599205
259290,148213,0.9677660049883643,false,259290,148213,0.9677660049883643
259290,10595,0.8784368463503424,false,259290,10595,0.8784368463503424
259290,4583,0.8572159042983533,false,259290,4583,0.8572159042983533
259290,728643,0.9661027375971778,false,259290,728643,0.9661027375971778
259290,55567,0.9116992634978192,false,259290,55567,0.9116992634978192
259290,54997,0.9810884739609732,false,259290,54997,0.9810884739609732
259290,79848,0.9972542131170492,false,259290,79848,0.9972542131170492
259290,219790,0.8031624205157875,false,259290,219790,0.8031624205157875
259290,115677,0.8325924167203544,false,259290,115677,0.8325924167203544
259290,5961,0.9953388752544139,false,259290,5961,0.9953388752544139
259290,7851,0.9609302282788856,false,259290,7851,0.9609302282788856
259290,692072,0.9799499939581279,false,259290,692072,0.9799499939581279
259290,109136579,0.9630944969849602,false,259290,109136579,0.9630944969849602
259290,503645,0.9807190775613158,false,259290,503645,0.9807190775613158
259290,55808,0.9650912138556328,false,259290,55808,0.9650912138556328
259290,999,0.8827581066548787,false,259290,999,0.8827581066548787
259290,126353,0.9259206580303166,false,259290,126353,0.9259206580303166
259290,26226,0.9881465533202562,false,259290,26226,0.9881465533202562
259290,64332,0.9242385658477955,false,259290,64332,0.9242385658477955
259290,346007,0.8440734734549329,false,259290,346007,0.8440734734549329
259290,388743,0.9700687352354771,false,259290,388743,0.9700687352354771
259290,137872,0.9654380371261562,false,259290,137872,0.9654380371261562
259290,1577,0.9754819280219383,false,259290,1577,0.9754819280219383
259290,100033430,0.902457369525677,false,259290,100033430,0.902457369525677
259290,340267,0.9623077605257072,false,259290,340267,0.9623077605257072
259290,200879,0.9771114941949697,false,259290,200879,0.9771114941949697
259290,1510,0.9532859040013959,false,259290,1510,0.9532859040013959
259290,441251,0.8807787699597047,false,259290,441251,0.8807787699597047
259290,102723849,0.9791563300456596,false,259290,102723849,0.9791563300456596
259290,9196,0.8990206101862771,false,259290,9196,0.8990206101862771
259290,6337,0.8308723284999834,false,259290,6337,0.8308723284999834
259290,57669,0.936533305934793,false,259290,57669,0.936533305934793
259290,619383,0.9651623088202521,false,259290,619383,0.9651623088202521
259290,57111,0.9599577575655404,false,259290,57111,0.9599577575655404
259290,278,0.7930500091008544,false,259290,278,0.7930500091008544
259290,116844,0.9313457542635725,false,259290,116844,0.9313457542635725
259290,10129,0.9820128769585966,false,259290,10129,0.9820128769585966
259290,4586,0.9733346954276634,false,259290,4586,0.9733346954276634
259290,100158262,0.9865195100905166,false,259290,100158262,0.9865195100905166
259290,10551,0.9701673514770074,false,259290,10551,0.9701673514770074
259290,130271,0.7103286380490541,false,259290,130271,0.7103286380490541
259290,378938,0.9627976253607543,false,259290,378938,0.9627976253607543
259290,54897,0.91601967457644,false,259290,54897,0.91601967457644
259290,285,0.7225292723999656,false,259290,285,0.7225292723999656
259290,117155,0.973549741738594,false,259290,117155,0.973549741738594
259290,112268155,0.9634052313769856,false,259290,112268155,0.9634052313769856
259290,1152,0.9481462417926428,false,259290,1152,0.9481462417926428
259290,79083,0.9817650609731136,false,259290,79083,0.9817650609731136
259290,66002,0.9685607775080332,false,259290,66002,0.9685607775080332
259290,1556,0.962069656079671,false,259290,1556,0.962069656079671
259290,22996,0.9455568210255151,false,259290,22996,0.9455568210255151
259290,55930,0.9538137260043567,false,259290,55930,0.9538137260043567
259290,7620,0.9226389317519137,false,259290,7620,0.9226389317519137
259290,7113,0.9266440555497352,false,259290,7113,0.9266440555497352
259290,54861,0.9443615133494883,false,259290,54861,0.9443615133494883
259290,222256,0.8589519662550892,false,259290,222256,0.8589519662550892
259290,105180391,0.9772995846217539,false,259290,105180391,0.9772995846217539
259290,100529240,0.9771426338968054,false,259290,100529240,0.9771426338968054
259290,113218482,0.9660693474454077,false,259290,113218482,0.9660693474454077
259290,647024,0.8835459817795108,false,259290,647024,0.8835459817795108
259290,255928,0.9589356143400379,false,259290,255928,0.9589356143400379
259290,151531,0.8906229827263836,false,259290,151531,0.8906229827263836
259290,8537,0.9514523490157766,false,259290,8537,0.9514523490157766
259290,10018,0.9739808673546393,false,259290,10018,0.9739808673546393
259290,115019,0.9679013421975757,false,259290,115019,0.9679013421975757
259290,201625,0.744080284275133,false,259290,201625,0.744080284275133
259290,105180390,0.9750506744332048,false,259290,105180390,0.9750506744332048
259290,692058,0.9439726693253524,false,259290,692058,0.9439726693253524
259290,276,0.7117336813808554,false,259290,276,0.7117336813808554
259290,168374,0.9414556209125369,false,259290,168374,0.9414556209125369
259290,83481,0.9014116262888658,false,259290,83481,0.9014116262888658
259290,645843,0.9450196527239334,false,259290,645843,0.9450196527239334
259290,143884,0.9929225798224208,false,259290,143884,0.9929225798224208
259290,80004,0.7980111696816575,false,259290,80004,0.7980111696816575
259290,121512,0.9128191402090967,false,259290,121512,0.9128191402090967
259290,3993,0.9103767533213567,false,259290,3993,0.9103767533213567
259290,389852,0.9687921298774677,false,259290,389852,0.9687921298774677
259290,342892,0.996045771246943,false,259290,342892,0.996045771246943
259290,164312,0.9453366477861886,false,259290,164312,0.9453366477861886
259290,84239,0.91321100702275,false,259290,84239,0.91321100702275
259290,2065,0.9171018947865214,false,259290,2065,0.9171018947865214
259290,57402,0.8683474887394432,false,259290,57402,0.8683474887394432
259290,1513,0.7508017787034883,false,259290,1513,0.7508017787034883
259290,776,0.9252099267061221,false,259290,776,0.9252099267061221
259290,780,0.812914619713679,false,259290,780,0.812914619713679
259290,135656,0.9742978768295946,false,259290,135656,0.9742978768295946
259290,3880,0.7623848516596115,false,259290,3880,0.7623848516596115
259290,94059,0.9765731084079597,false,259290,94059,0.9765731084079597
259290,26769,0.8973413774637083,false,259290,26769,0.8973413774637083
259290,3960,0.9736089435560056,false,259290,3960,0.9736089435560056
259290,7433,0.8936774789950959,false,259290,7433,0.8936774789950959
259290,284323,0.9931586878188331,false,259290,284323,0.9931586878188331
259290,100129460,0.7551273466528072,false,259290,100129460,0.7551273466528072
259290,65217,0.8760838565364785,false,259290,65217,0.8760838565364785
259290,23584,0.9720880888492074,false,259290,23584,0.9720880888492074
259290,692213,0.9639157204509952,false,259290,692213,0.9639157204509952
259290,153643,0.8698321379681727,false,259290,153643,0.8698321379681727
259290,112268422,0.9774416028853794,false,259290,112268422,0.9774416028853794
259290,649946,0.7581151951783003,false,259290,649946,0.7581151951783003
259290,259294,0.9908535745025355,false,259290,259294,0.9908535745025355
259290,79740,0.8694682445945904,false,259290,79740,0.8694682445945904
259290,2266,0.9738485600539091,false,259290,2266,0.9738485600539091
259290,745,0.9606842182073607,false,259290,745,0.9606842182073607
259290,440352,0.893003025850439,false,259290,440352,0.893003025850439
1132,100506380,0.7211812733919737,false,1132,100506380,0.7211812733919737
1132,65998,0.7240241137427654,false,1132,65998,0.7240241137427654
1132,23562,0.9149871622767638,false,1132,23562,0.9149871622767638
1132,100130701,0.8032754256300526,false,1132,100130701,0.8032754256300526
1132,399726,0.7850696994697945,false,1132,399726,0.7850696994697945
1132,441151,0.9592910063092711,false,1132,441151,0.9592910063092711
1132,9454,0.7264996852682547,false,1132,9454,0.7264996852682547
1132,222183,0.981471559722792,false,1132,222183,0.981471559722792
1132,113219467,0.7726190976367581,false,1132,113219467,0.7726190976367581
1132,57710,0.7459405149648921,false,1132,57710,0.7459405149648921
1132,692209,0.7019307640590615,false,1132,692209,0.7019307640590615
1132,83643,0.9242699777556673,false,1132,83643,0.9242699777556673
1132,1028,0.8287548851492971,false,1132,1028,0.8287548851492971
1132,102465485,0.7748957088655309,false,1132,102465485,0.7748957088655309
5694,89,0.7887038707441594,false,5694,89,0.7887038707441594
5694,100506686,0.9841330058373162,false,5694,100506686,0.9841330058373162
5694,406903,0.7876337444979443,false,5694,406903,0.7876337444979443
5694,101929066,0.8583637884548618,false,5694,101929066,0.8583637884548618
5694,81615,0.8171421644171368,false,5694,81615,0.8171421644171368
5694,84842,0.7617875186482396,false,5694,84842,0.7617875186482396
5694,8153,0.7353353562254351,false,5694,8153,0.7353353562254351
5694,100506380,0.7574672238699833,false,5694,100506380,0.7574672238699833
5694,25804,0.7756510977530058,false,5694,25804,0.7756510977530058
5694,124944,0.9523838249639435,false,5694,124944,0.9523838249639435
5694,65998,0.788628708506761,false,5694,65998,0.788628708506761
5694,340596,0.9374630137766529,false,5694,340596,0.9374630137766529
5694,100506755,0.9699090573133669,false,5694,100506755,0.9699090573133669
5694,2125,0.7060410320048386,false,5694,2125,0.7060410320048386
5694,1746,0.8495213565193642,false,5694,1746,0.8495213565193642
5694,163479,0.8732928646548813,false,5694,163479,0.8732928646548813
5694,84867,0.7701604137965202,false,5694,84867,0.7701604137965202
5694,399726,0.7394136435851552,false,5694,399726,0.7394136435851552
5694,441151,0.7910607225730945,false,5694,441151,0.7910607225730945
5694,113219467,0.8010195260884503,false,5694,113219467,0.8010195260884503
5694,26797,0.7971015110357995,false,5694,26797,0.7971015110357995
5694,57710,0.9066745296204537,false,5694,57710,0.9066745296204537
5694,9699,0.7723275894597327,false,5694,9699,0.7723275894597327
5694,692209,0.8609175572600507,false,5694,692209,0.8609175572600507
5694,84525,0.831141127761679,false,5694,84525,0.831141127761679
5694,80381,0.8970393966448676,false,5694,80381,0.8970393966448676
5694,83643,0.7088237511220593,false,5694,83643,0.7088237511220593
5694,498,0.8788117964648915,false,5694,498,0.8788117964648915
5694,100874002,0.8822983929288731,false,5694,100874002,0.8822983929288731
5694,219793,0.8611616345116416,false,5694,219793,0.8611616345116416
5694,56955,0.9119635829776302,false,5694,56955,0.9119635829776302
5694,1515,0.8779986548537013,false,5694,1515,0.8779986548537013
5694,165186,0.8160475140289325,false,5694,165186,0.8160475140289325
1555,57528,0.9705107269245619,false,1555,57528,0.9705107269245619
1555,201456,0.9662688747865709,false,1555,201456,0.9662688747865709
1555,142827,0.9334377696501088,false,1555,142827,0.9334377696501088
1555,57186,0.9104168225290248,false,1555,57186,0.9104168225290248
1555,6751,0.944249383124075,false,1555,6751,0.944249383124075
1555,79908,0.7481794045423867,false,1555,79908,0.7481794045423867
1555,102723508,0.9210713583834912,false,1555,102723508,0.9210713583834912
1555,28984,0.8782815723333258,false,1555,28984,0.8782815723333258
1555,130367,0.9294448896762219,false,1555,130367,0.9294448896762219
1555,285335,0.8539564335127536,false,1555,285335,0.8539564335127536
1555,9356,0.9457039217994546,false,1555,9356,0.9457039217994546
1555,1910,0.8242386842137387,false,1555,1910,0.8242386842137387
1555,641776,0.9808603934258286,false,1555,641776,0.9808603934258286
1555,100506658,0.9206236971851556,false,1555,100506658,0.9206236971851556
1555,200373,0.7761930249327996,false,1555,200373,0.7761930249327996
1555,168090,0.7256077568844902,false,1555,168090,0.7256077568844902
1555,341676,0.9975445117422873,false,1555,341676,0.9975445117422873
1555,148213,0.9895843966394569,false,1555,148213,0.9895843966394569
1555,10595,0.9886937592451249,false,1555,10595,0.9886937592451249
1555,4583,0.9792185768474723,false,1555,4583,0.9792185768474723
1555,728643,0.8785120197877473,false,1555,728643,0.8785120197877473
1555,55567,0.9960712193615997,false,1555,55567,0.9960712193615997
1555,6103,0.7345271850647508,false,1555,6103,0.7345271850647508
1555,54997,0.9697181712452833,false,1555,54997,0.9697181712452833
1555,79848,0.9240316698145743,false,1555,79848,0.9240316698145743
1555,115677,0.8320951687668355,false,1555,115677,0.8320951687668355
1555,5961,0.9534672794696019,false,1555,5961,0.9534672794696019
1555,7851,0.9928816324143686,false,1555,7851,0.9928816324143686
1555,692072,0.9721848375301054,false,1555,692072,0.9721848375301054
1555,109136579,0.9733161834767753,false,1555,109136579,0.9733161834767753
1555,503645,0.898951875198651,false,1555,503645,0.898951875198651
1555,55808,0.9838394995415405,false,1555,55808,0.9838394995415405
1555,999,0.992648258371624,false,1555,999,0.992648258371624
1555,126353,0.9973024541829633,false,1555,126353,0.9973024541829633
1555,26226,0.9613737581525057,false,1555,26226,0.9613737581525057
1555,64332,0.9316417819538159,false,1555,64332,0.9316417819538159
1555,346007,0.8308928847749663,false,1555,346007,0.8308928847749663
1555,388743,0.9803388659355542,false,1555,388743,0.9803388659355542
1555,116984,0.7329002210574025,false,1555,116984,0.7329002210574025
1555,137872,0.9364468984071543,false,1555,137872,0.9364468984071543
1555,1577,0.983016911677828,false,1555,1577,0.983016911677828
1555,100033430,0.9917857711536073,false,1555,100033430,0.9917857711536073
1555,340267,0.993034679382991,false,1555,340267,0.993034679382991
1555,200879,0.9764653201361593,false,1555,200879,0.9764653201361593
1555,1510,0.9908603286592921,false,1555,1510,0.9908603286592921
1555,441251,0.9654768926631039,false,1555,441251,0.9654768926631039
1555,102723849,0.9807228204852326,false,1555,102723849,0.9807228204852326
1555,9196,0.7098655897623032,false,1555,9196,0.7098655897623032
1555,6337,0.9252767109279187,false,1555,6337,0.9252767109279187
1555,5284,0.7701058012991385,false,1555,5284,0.7701058012991385
1555,57669,0.9172180575245668,false,1555,57669,0.9172180575245668
1555,619383,0.9793131550048284,false,1555,619383,0.9793131550048284
1555,89765,0.9009624736839994,false,1555,89765,0.9009624736839994
1555,57111,0.9925278639217757,false,1555,57111,0.9925278639217757
1555,278,0.9233747788903403,false,1555,278,0.9233747788903403
1555,116844,0.9983780142986519,false,1555,116844,0.9983780142986519
1555,10129,0.978116361680151,false,1555,10129,0.978116361680151
1555,4586,0.9760930510853262,false,1555,4586,0.9760930510853262
1555,100158262,0.9321003124611676,false,1555,100158262,0.9321003124611676
1555,10551,0.9849067006798454,false,1555,10551,0.9849067006798454
1555,688,0.7945377787142328,false,1555,688,0.7945377787142328
1555,6101,0.7236590131627355,false,1555,6101,0.7236590131627355
1555,378938,0.9734937628181332,false,1555,378938,0.9734937628181332
1555,54897,0.8610463898179891,false,1555,54897,0.8610463898179891
1555,117155,0.9628836512945126,false,1555,117155,0.9628836512945126
1555,112268155,0.9842095326736239,false,1555,112268155,0.9842095326736239
1555,1152,0.953337540979163,false,1555,1152,0.953337540979163
1555,79083,0.9745402340395409,false,1555,79083,0.9745402340395409
1555,66002,0.9758875665820698,false,1555,66002,0.9758875665820698
1555,1556,0.9860818284095417,false,1555,1556,0.9860818284095417
1555,22996,0.988663740187899,false,1555,22996,0.988663740187899
1555,55930,0.9848196364604236,false,1555,55930,0.9848196364604236
1555,7620,0.7972725744175928,false,1555,7620,0.7972725744175928
1555,7113,0.9994352478164794,false,1555,7113,0.9994352478164794
1555,54861,0.9410365131054537,false,1555,54861,0.9410365131054537
1555,222256,0.9713012687962188,false,1555,222256,0.9713012687962188
1555,105180391,0.9697125087131561,false,1555,105180391,0.9697125087131561
1555,26084,0.704317398969134,false,1555,26084,0.704317398969134
1555,100529240,0.9841130691390086,false,1555,100529240,0.9841130691390086
1555,113218482,0.9786729205500646,false,1555,113218482,0.9786729205500646
1555,647024,0.994622738648451,false,1555,647024,0.994622738648451
1555,255928,0.9629939915986685,false,1555,255928,0.9629939915986685
1555,151531,0.9780747965905521,false,1555,151531,0.9780747965905521
1555,8537,0.9352070932701957,false,1555,8537,0.9352070932701957
1555,10018,0.9807085296316637,false,1555,10018,0.9807085296316637
1555,115019,0.981598628965908,false,1555,115019,0.981598628965908
1555,201625,0.8933663002875629,false,1555,201625,0.8933663002875629
1555,105180390,0.9761762147641542,false,1555,105180390,0.9761762147641542
1555,1043,0.7391400416988683,false,1555,1043,0.7391400416988683
1555,692058,0.9923236463108333,false,1555,692058,0.9923236463108333
1555,276,0.8787419809767975,false,1555,276,0.8787419809767975
1555,168374,0.985037930639527,false,1555,168374,0.985037930639527
1555,83481,0.9948783092462804,false,1555,83481,0.9948783092462804
1555,645843,0.9886423631474895,false,1555,645843,0.9886423631474895
1555,143884,0.9038179224050681,false,1555,143884,0.9038179224050681
1555,1579,0.7588902413952735,false,1555,1579,0.7588902413952735
1555,80004,0.9618979193232592,false,1555,80004,0.9618979193232592
1555,121512,0.964338713179155,false,1555,121512,0.964338713179155
1555,3993,0.9585189284299525,false,1555,3993,0.9585189284299525
1555,389852,0.9848966980548204,false,1555,389852,0.9848966980548204
1555,342892,0.9383431079854507,false,1555,342892,0.9383431079854507
1555,164312,0.9805736063612048,false,1555,164312,0.9805736063612048
1555,84239,0.9706213840323856,false,1555,84239,0.9706213840323856
1555,2065,0.9955392851977858,false,1555,2065,0.9955392851977858
1555,57402,0.8801495039601432,false,1555,57402,0.8801495039601432
1555,1513,0.7538702238429997,false,1555,1513,0.7538702238429997
1555,776,0.7684600004632443,false,1555,776,0.7684600004632443
1555,780,0.9474203271055938,false,1555,780,0.9474203271055938
1555,135656,0.9746127160758833,false,1555,135656,0.9746127160758833
1555,3880,0.9329780077843955,false,1555,3880,0.9329780077843955
1555,94059,0.9822854573921034,false,1555,94059,0.9822854573921034
1555,26769,0.9776468742988007,false,1555,26769,0.9776468742988007
1555,3960,0.9742163745983361,false,1555,3960,0.9742163745983361
1555,7433,0.8428847420340002,false,1555,7433,0.8428847420340002
1555,284323,0.9505827915334222,false,1555,284323,0.9505827915334222
1555,100129460,0.8871970652143955,false,1555,100129460,0.8871970652143955
1555,65217,0.8193191660343849,false,1555,65217,0.8193191660343849
1555,23584,0.946221415447321,false,1555,23584,0.946221415447321
1555,692213,0.9857438782268482,false,1555,692213,0.9857438782268482
1555,153643,0.9883350988470377,false,1555,153643,0.9883350988470377
1555,112268422,0.9695113396887688,false,1555,112268422,0.9695113396887688
1555,649946,0.7705650886850116,false,1555,649946,0.7705650886850116
1555,259294,0.9608674163909773,false,1555,259294,0.9608674163909773
1555,79740,0.9425238750663054,false,1555,79740,0.9425238750663054
1555,2266,0.9673382837642802,false,1555,2266,0.9673382837642802
1555,745,0.9844222491106123,false,1555,745,0.9844222491106123
1555,440352,0.911166827519522,false,1555,440352,0.911166827519522
56241,89,0.8762316202191491,false,56241,89,0.8762316202191491
56241,57526,0.9065502919429442,false,56241,57526,0.9065502919429442
56241,2327,0.9116461623545326,false,56241,2327,0.9116461623545326
56241,146556,0.9786218450095732,false,56241,146556,0.9786218450095732
56241,7080,0.8732160406952076,false,56241,7080,0.8732160406952076
56241,6439,0.8161719414840212,false,56241,6439,0.8161719414840212
56241,406903,0.8717570712178176,false,56241,406903,0.8717570712178176
56241,84842,0.8837573701840903,false,56241,84842,0.8837573701840903
56241,388555,0.9126883999203523,false,56241,388555,0.9126883999203523
56241,128602,0.8794266681966282,false,56241,128602,0.8794266681966282
56241,100506380,0.8355462872025818,false,56241,100506380,0.8355462872025818
56241,363,0.9126883999203523,false,56241,363,0.9126883999203523
56241,65998,0.8934025653879945,false,56241,65998,0.8934025653879945
56241,419,0.9126883999203523,false,56241,419,0.9126883999203523
56241,93517,0.926993734923138,false,56241,93517,0.926993734923138
56241,388633,0.9100343988109324,false,56241,388633,0.9100343988109324
56241,387882,0.8111410862446508,false,56241,387882,0.8111410862446508
56241,11185,0.8508995960053274,false,56241,11185,0.8508995960053274
56241,10586,0.9651839538273749,false,56241,10586,0.9651839538273749
56241,2125,0.9706090763591053,false,56241,2125,0.9706090763591053
56241,3780,0.8916919772816779,false,56241,3780,0.8916919772816779
56241,163479,0.8026521527988935,false,56241,163479,0.8026521527988935
56241,84867,0.8220238768756104,false,56241,84867,0.8220238768756104
56241,284680,0.7171687830198402,false,56241,284680,0.7171687830198402
56241,128218,0.7433950877373737,false,56241,128218,0.7433950877373737
56241,5349,0.9589620526889366,false,56241,5349,0.9589620526889366
56241,113219467,0.8408926616342388,false,56241,113219467,0.8408926616342388
56241,26797,0.8820764689082844,false,56241,26797,0.8820764689082844
56241,692209,0.814697735282018,false,56241,692209,0.814697735282018
56241,84525,0.8146316704079869,false,56241,84525,0.8146316704079869
56241,4861,0.9076937640268057,false,56241,4861,0.9076937640268057
56241,21,0.876692680680265,false,56241,21,0.876692680680265
56241,498,0.7309913316886224,false,56241,498,0.7309913316886224
56241,284434,0.9199675541259962,false,56241,284434,0.9199675541259962
56241,653509,0.7007481543862258,false,56241,653509,0.7007481543862258
56241,100423031,0.9126883999203524,false,56241,100423031,0.9126883999203524
56241,79098,0.7660485475853885,false,56241,79098,0.7660485475853885
56241,1515,0.7332865457479032,false,56241,1515,0.7332865457479032
56241,3855,0.8165400091305319,false,56241,3855,0.8165400091305319
56241,165186,0.8771578110358671,false,56241,165186,0.8771578110358671
89,57526,0.9254050935467759,false,89,57526,0.9254050935467759
89,2327,0.9046201824986517,false,89,2327,0.9046201824986517
89,146556,0.8295486046879057,false,89,146556,0.8295486046879057
89,100506686,0.758126274249424,false,89,100506686,0.758126274249424
89,406903,0.9898403590319721,false,89,406903,0.9898403590319721
89,101929066,0.7560080189235852,false,89,101929066,0.7560080189235852
89,84842,0.9871670774708299,false,89,84842,0.9871670774708299
89,388555,0.9323094156253195,false,89,388555,0.9323094156253195
89,128602,0.8527757516914246,false,89,128602,0.8527757516914246
89,100506380,0.9345462788030576,false,89,100506380,0.9345462788030576
89,363,0.9323094156253197,false,89,363,0.9323094156253197
89,65998,0.9507254887817314,false,89,65998,0.9507254887817314
89,419,0.9323094156253195,false,89,419,0.9323094156253195
89,93517,0.935200945583285,false,89,93517,0.935200945583285
89,388633,0.9753515014975189,false,89,388633,0.9753515014975189
89,340596,0.8949414819717061,false,89,340596,0.8949414819717061
89,11185,0.7714664340046427,false,89,11185,0.7714664340046427
89,10586,0.8993382955254067,false,89,10586,0.8993382955254067
89,2125,0.8927760602263456,false,89,2125,0.8927760602263456
89,3780,0.8835780932176591,false,89,3780,0.8835780932176591
89,163479,0.9771671226058938,false,89,163479,0.9771671226058938
89,84867,0.9630852103001655,false,89,84867,0.9630852103001655
89,5349,0.9028178047122231,false,89,5349,0.9028178047122231
89,113219467,0.8347099690079764,false,89,113219467,0.8347099690079764
89,26797,0.9631667382178902,false,89,26797,0.9631667382178902
89,692209,0.9772133398155983,false,89,692209,0.9772133398155983
89,84525,0.7507719360382962,false,89,84525,0.7507719360382962
89,4861,0.9760189143393524,false,89,4861,0.9760189143393524
89,284434,0.840053548107556,false,89,284434,0.840053548107556
89,56955,0.9027678189472005,false,89,56955,0.9027678189472005
89,100423031,0.9323094156253194,false,89,100423031,0.9323094156253194
89,1515,0.9399832721596206,false,89,1515,0.9399832721596206
89,165186,0.9769681967754281,false,89,165186,0.9769681967754281
57528,201456,0.9965654889867454,false,57528,201456,0.9965654889867454
57528,142827,0.9471821658183445,false,57528,142827,0.9471821658183445
57528,57186,0.860169835996898,false,57528,57186,0.860169835996898
57528,6751,0.9906779685267795,false,57528,6751,0.9906779685267795
57528,79908,0.7217333723760115,false,57528,79908,0.7217333723760115
57528,6473,0.7298185012064314,false,57528,6473,0.7298185012064314
57528,102723508,0.9772169789115105,false,57528,102723508,0.9772169789115105
57528,28984,0.7567089599536834,false,57528,28984,0.7567089599536834
57528,130367,0.8182172997855335,false,57528,130367,0.8182172997855335
57528,285335,0.7119076850718979,false,57528,285335,0.7119076850718979
57528,9356,0.9848222801386932,false,57528,9356,0.9848222801386932
57528,1910,0.7106935840666346,false,57528,1910,0.7106935840666346
57528,641776,0.9844277335089665,false,57528,641776,0.9844277335089665
57528,100506658,0.8941157244368751,false,57528,100506658,0.8941157244368751
57528,341676,0.9646750205977438,false,57528,341676,0.9646750205977438
57528,148213,0.9937283660503484,false,57528,148213,0.9937283660503484
57528,10595,0.9311854798985041,false,57528,10595,0.9311854798985041
57528,4583,0.9116059871777495,false,57528,4583,0.9116059871777495
57528,728643,0.9336632474019855,false,57528,728643,0.9336632474019855
57528,55567,0.9513577013437998,false,57528,55567,0.9513577013437998
57528,54997,0.9980448078759816,false,57528,54997,0.9980448078759816
57528,79848,0.9611612219036625,false,57528,79848,0.9611612219036625
57528,219790,0.7280943490295815,false,57528,219790,0.7280943490295815
57528,115677,0.8026386825833562,false,57528,115677,0.8026386825833562
57528,5961,0.9899457543019174,false,57528,5961,0.9899457543019174
57528,7851,0.9910076280105201,false,57528,7851,0.9910076280105201
57528,692072,0.9903914437717485,false,57528,692072,0.9903914437717485
57528,109136579,0.9645540731716401,false,57528,109136579,0.9645540731716401
57528,503645,0.9303546054259019,false,57528,503645,0.9303546054259019
57528,55808,0.9973128169878804,false,57528,55808,0.9973128169878804
57528,999,0.9348562222393717,false,57528,999,0.9348562222393717
57528,126353,0.9775303113807443,false,57528,126353,0.9775303113807443
57528,26226,0.9774805101900773,false,57528,26226,0.9774805101900773
57528,64332,0.9127570042954396,false,57528,64332,0.9127570042954396
57528,346007,0.8204462552212045,false,57528,346007,0.8204462552212045
57528,388743,0.9987330934677359,false,57528,388743,0.9987330934677359
57528,137872,0.9881503886334557,false,57528,137872,0.9881503886334557
57528,1577,0.9858075534474484,false,57528,1577,0.9858075534474484
57528,100033430,0.9457795463475773,false,57528,100033430,0.9457795463475773
57528,340267,0.9899502556651089,false,57528,340267,0.9899502556651089
57528,200879,0.9990871247483838,false,57528,200879,0.9990871247483838
57528,1510,0.9926471424582232,false,57528,1510,0.9926471424582232
57528,441251,0.9030496397022537,false,57528,441251,0.9030496397022537
57528,102723849,0.9927485048199017,false,57528,102723849,0.9927485048199017
57528,9196,0.7874160736595652,false,57528,9196,0.7874160736595652
57528,6337,0.8711338723008086,false,57528,6337,0.8711338723008086
57528,57669,0.9285969191414313,false,57528,57669,0.9285969191414313
57528,619383,0.9677431545414448,false,57528,619383,0.9677431545414448
57528,89765,0.7932111219073857,false,57528,89765,0.7932111219073857
57528,57111,0.9924107204704053,false,57528,57111,0.9924107204704053
57528,278,0.8198450527409322,false,57528,278,0.8198450527409322
57528,116844,0.9728907362458638,false,57528,116844,0.9728907362458638
57528,10129,0.9860969206512221,false,57528,10129,0.9860969206512221
57528,4586,0.9993655523802342,false,57528,4586,0.9993655523802342
57528,100158262,0.9771010099778645,false,57528,100158262,0.9771010099778645
57528,10551,0.997163619756653,false,57528,10551,0.997163619756653
57528,378938,0.9642997918433011,false,57528,378938,0.9642997918433011
57528,54897,0.8965037395547956,false,57528,54897,0.8965037395547956
57528,117155,0.9989239373728478,false,57528,117155,0.9989239373728478
57528,112268155,0.9871747836195561,false,57528,112268155,0.9871747836195561
57528,1152,0.9295815143537572,false,57528,1152,0.9295815143537572
57528,79083,0.9975870284533604,false,57528,79083,0.9975870284533604
57528,66002,0.9980841891799334,false,57528,66002,0.9980841891799334
57528,1556,0.9870068035223241,false,57528,1556,0.9870068035223241
57528,22996,0.984093010435352,false,57528,22996,0.984093010435352
57528,55930,0.9858981389175712,false,57528,55930,0.9858981389175712
57528,7620,0.8429596616660626,false,57528,7620,0.8429596616660626
57528,7113,0.9727483191816636,false,57528,7113,0.9727483191816636
57528,54861,0.9278398180379611,false,57528,54861,0.9278398180379611
57528,222256,0.8946725763335543,false,57528,222256,0.8946725763335543
57528,105180391,0.984216537868315,false,57528,105180391,0.984216537868315
57528,100529240,0.9917007115434026,false,57528,100529240,0.9917007115434026
57528,113218482,0.9989810727911266,false,57528,113218482,0.9989810727911266
57528,647024,0.9426044251577389,false,57528,647024,0.9426044251577389
57528,255928,0.997266851395095,false,57528,255928,0.997266851395095
57528,151531,0.9629004953088135,false,57528,151531,0.9629004953088135
57528,8537,0.9583074362156316,false,57528,8537,0.9583074362156316
57528,10018,0.9970314374520257,false,57528,10018,0.9970314374520257
57528,115019,0.9984998853008196,false,57528,115019,0.9984998853008196
57528,201625,0.7762370796181629,false,57528,201625,0.7762370796181629
57528,105180390,0.9849892585456544,false,57528,105180390,0.9849892585456544
57528,692058,0.9696090803198976,false,57528,692058,0.9696090803198976
57528,276,0.7494378139357096,false,57528,276,0.7494378139357096
57528,168374,0.955545791258212,false,57528,168374,0.955545791258212
57528,83481,0.9496078465262879,false,57528,83481,0.9496078465262879
57528,645843,0.9596239403412605,false,57528,645843,0.9596239403412605
57528,143884,0.9628903095784932,false,57528,143884,0.9628903095784932
57528,80004,0.8815818915348397,false,57528,80004,0.8815818915348397
57528,121512,0.9493303318795993,false,57528,121512,0.9493303318795993
57528,3993,0.961090344758379,false,57528,3993,0.961090344758379
57528,389852,0.9970813447421346,false,57528,389852,0.9970813447421346
57528,342892,0.9689540137140064,false,57528,342892,0.9689540137140064
57528,164312,0.9821708326935878,false,57528,164312,0.9821708326935878
57528,84239,0.9312793749679618,false,57528,84239,0.9312793749679618
57528,2065,0.9545389698327278,false,57528,2065,0.9545389698327278
57528,57402,0.8912043848831966,false,57528,57402,0.8912043848831966
57528,776,0.827186684873207,false,57528,776,0.827186684873207
57528,780,0.8928397094469459,false,57528,780,0.8928397094469459
57528,135656,0.9995226436786897,false,57528,135656,0.9995226436786897
57528,3880,0.8278006501946245,false,57528,3880,0.8278006501946245
57528,94059,0.9956273130179609,false,57528,94059,0.9956273130179609
57528,26769,0.9251145340833813,false,57528,26769,0.9251145340833813
57528,3960,0.9995245442041759,false,57528,3960,0.9995245442041759
57528,7433,0.8861395807527382,false,57528,7433,0.8861395807527382
57528,284323,0.9930193674051911,false,57528,284323,0.9930193674051911
57528,100129460,0.7789317543979708,false,57528,100129460,0.7789317543979708
57528,65217,0.8223153278589617,false,57528,65217,0.8223153278589617
57528,23584,0.9855374088568222,false,57528,23584,0.9855374088568222
57528,692213,0.9943638614445045,false,57528,692213,0.9943638614445045
57528,153643,0.9266881683176124,false,57528,153643,0.9266881683176124
57528,112268422,0.9990705608992715,false,57528,112268422,0.9990705608992715
57528,259294,0.9945680803710033,false,57528,259294,0.9945680803710033
57528,79740,0.8995087284544283,false,57528,79740,0.8995087284544283
57528,2266,0.9944234285951679,false,57528,2266,0.9944234285951679
57528,745,0.9934909119032598,false,57528,745,0.9934909119032598
57528,440352,0.9182107043249441,false,57528,440352,0.9182107043249441
57530,60494,0.815587975743883,false,57530,60494,0.815587975743883
57530,722,0.7294093149663613,false,57530,722,0.7294093149663613
57530,7080,0.7976325722536004,false,57530,7080,0.7976325722536004
57530,6439,0.9275216194830452,false,57530,6439,0.9275216194830452
57530,85452,0.775324555458329,false,57530,85452,0.775324555458329
57530,146177,0.9271889529296812,false,57530,146177,0.9271889529296812
57530,1906,0.7730552811978828,false,57530,1906,0.7730552811978828
57530,3240,0.7840105451293842,false,57530,3240,0.7840105451293842
57530,7033,0.7399260304065117,false,57530,7033,0.7399260304065117
57530,718,0.7164455135910712,false,57530,718,0.7164455135910712
57530,64073,0.8875830369460879,false,57530,64073,0.8875830369460879
57530,253970,0.7621852146669846,false,57530,253970,0.7621852146669846
57530,6441,0.9925004597011106,false,57530,6441,0.9925004597011106
57530,4070,0.9523276457267629,false,57530,4070,0.9523276457267629
57530,56892,0.8863074587268951,false,57530,56892,0.8863074587268951
57530,160728,0.955670784621846,false,57530,160728,0.955670784621846
57530,4680,0.7829049419792259,false,57530,4680,0.7829049419792259
57530,7356,0.8980621384430502,false,57530,7356,0.8980621384430502
57530,109729127,0.9141101215902003,false,57530,109729127,0.9141101215902003
57530,400578,0.7194631254258632,false,57530,400578,0.7194631254258632
57530,728276,0.8538871815444304,false,57530,728276,0.8538871815444304
57530,102723635,0.9100427287526116,false,57530,102723635,0.9100427287526116
57530,11185,0.7069291997915774,false,57530,11185,0.7069291997915774
57530,54848,0.9067009262232838,false,57530,54848,0.9067009262232838
57530,2125,0.7482439822856527,false,57530,2125,0.7482439822856527
57530,9476,0.936376317032751,false,57530,9476,0.936376317032751
57530,117156,0.942898475874222,false,57530,117156,0.942898475874222
57530,195814,0.9075908303919995,false,57530,195814,0.9075908303919995
57530,140766,0.8149590701097505,false,57530,140766,0.8149590701097505
57530,105,0.7666891871607311,false,57530,105,0.7666891871607311
57530,6097,0.975557095232945,false,57530,6097,0.975557095232945
57530,123624,0.7069555575892561,false,57530,123624,0.7069555575892561
57530,4057,0.7524674122099652,false,57530,4057,0.7524674122099652
57530,220136,0.7246317154522511,false,57530,220136,0.7246317154522511
57530,112577518,0.7077719907563617,false,57530,112577518,0.7077719907563617
57530,9370,0.7205783308075592,false,57530,9370,0.7205783308075592
57530,389376,0.9708545920877082,false,57530,389376,0.9708545920877082
57530,6799,0.8658081170767514,false,57530,6799,0.8658081170767514
57530,563,0.726492501631166,false,57530,563,0.726492501631166
57530,84525,0.8271444291094703,false,57530,84525,0.8271444291094703
57530,21,0.9067691298910655,false,57530,21,0.9067691298910655
57530,498,0.7496233274539879,false,57530,498,0.7496233274539879
57530,123872,0.9375855281353849,false,57530,123872,0.9375855281353849
57530,9052,0.7212317058463288,false,57530,9052,0.7212317058463288
57530,105372793,0.742251251310162,false,57530,105372793,0.742251251310162
57530,653509,0.9550562654753552,false,57530,653509,0.9550562654753552
57530,100874095,0.7205783308075592,false,57530,100874095,0.7205783308075592
57530,729238,0.9661486094018953,false,57530,729238,0.9661486094018953
57530,3855,0.9608920683837129,false,57530,3855,0.9608920683837129
57530,26298,0.7661668847645646,false,57530,26298,0.7661668847645646
57530,100033436,0.8056833315660971,false,57530,100033436,0.8056833315660971
201456,142827,0.9550621617203172,false,201456,142827,0.9550621617203172
201456,57186,0.8734819120935777,false,201456,57186,0.8734819120935777
201456,6751,0.9939097309589806,false,201456,6751,0.9939097309589806
201456,79908,0.7701316749098731,false,201456,79908,0.7701316749098731
201456,6473,0.7109557509086887,false,201456,6473,0.7109557509086887
201456,102723508,0.9779724964251522,false,201456,102723508,0.9779724964251522
201456,28984,0.7638435938628165,false,201456,28984,0.7638435938628165
201456,130367,0.8078388590965009,false,201456,130367,0.8078388590965009
201456,9356,0.9929342901892027,false,201456,9356,0.9929342901892027
201456,1910,0.7293981433454003,false,201456,1910,0.7293981433454003
201456,641776,0.9853651608979443,false,201456,641776,0.9853651608979443
201456,100506658,0.9142812062580681,false,201456,100506658,0.9142812062580681
201456,341676,0.9606142122939354,false,201456,341676,0.9606142122939354
201456,148213,0.991037306755518,false,201456,148213,0.991037306755518
201456,10595,0.9202540987033696,false,201456,10595,0.9202540987033696
201456,4583,0.8989849797882663,false,201456,4583,0.8989849797882663
201456,728643,0.9559278440069083,false,201456,728643,0.9559278440069083
201456,55567,0.9515729168160243,false,201456,55567,0.9515729168160243
201456,54997,0.9989913733818657,false,201456,54997,0.9989913733818657
201456,79848,0.9704604970581874,false,201456,79848,0.9704604970581874
201456,219790,0.7715172990511754,false,201456,219790,0.7715172990511754
201456,115677,0.82849666870517,false,201456,115677,0.82849666870517
201456,5961,0.993574210942944,false,201456,5961,0.993574210942944
201456,7851,0.9886249920543649,false,201456,7851,0.9886249920543649
201456,692072,0.9860793514378617,false,201456,692072,0.9860793514378617
201456,109136579,0.9619455665507346,false,201456,109136579,0.9619455665507346
201456,503645,0.944210276145058,false,201456,503645,0.944210276145058
201456,55808,0.9953540265156156,false,201456,55808,0.9953540265156156
201456,999,0.9297671881870766,false,201456,999,0.9297671881870766
201456,126353,0.9727507489314748,false,201456,126353,0.9727507489314748
201456,26226,0.979844554713904,false,201456,26226,0.979844554713904
201456,64332,0.9041887690777789,false,201456,64332,0.9041887690777789
201456,346007,0.8219257982134512,false,201456,346007,0.8219257982134512
201456,388743,0.9954865695578212,false,201456,388743,0.9954865695578212
201456,137872,0.9802324834553982,false,201456,137872,0.9802324834553982
201456,1577,0.9833090804724269,false,201456,1577,0.9833090804724269
201456,100033430,0.9366072762299915,false,201456,100033430,0.9366072762299915
201456,340267,0.9872837142213238,false,201456,340267,0.9872837142213238
201456,200879,0.9976766077407805,false,201456,200879,0.9976766077407805
201456,1510,0.9888848000623899,false,201456,1510,0.9888848000623899
201456,441251,0.8977920268170977,false,201456,441251,0.8977920268170977
201456,102723849,0.9908743337889345,false,201456,102723849,0.9908743337889345
201456,9196,0.8174895968053255,false,201456,9196,0.8174895968053255
201456,6337,0.8914698510062561,false,201456,6337,0.8914698510062561
201456,57669,0.9471427009576263,false,201456,57669,0.9471427009576263
201456,619383,0.9661261576952267,false,201456,619383,0.9661261576952267
201456,89765,0.7815621663532404,false,201456,89765,0.7815621663532404
201456,57111,0.9897797392599649,false,201456,57111,0.9897797392599649
201456,278,0.8130574982541954,false,201456,278,0.8130574982541954
201456,116844,0.9654691074803903,false,201456,116844,0.9654691074803903
201456,10129,0.9857698487467093,false,201456,10129,0.9857698487467093
201456,4586,0.9956750739285211,false,201456,4586,0.9956750739285211
201456,100158262,0.9737648389346278,false,201456,100158262,0.9737648389346278
201456,10551,0.9937524977487343,false,201456,10551,0.9937524977487343
201456,378938,0.9617607564425183,false,201456,378938,0.9617607564425183
201456,54897,0.9268607695355093,false,201456,54897,0.9268607695355093
201456,117155,0.9975678475384827,false,201456,117155,0.9975678475384827
201456,112268155,0.9828853168655687,false,201456,112268155,0.9828853168655687
201456,1152,0.9464049165434874,false,201456,1152,0.9464049165434874
201456,79083,0.9980904394302371,false,201456,79083,0.9980904394302371
201456,66002,0.9968696941446413,false,201456,66002,0.9968696941446413
201456,1556,0.9917091396235894,false,201456,1556,0.9917091396235894
201456,22996,0.9862129208698067,false,201456,22996,0.9862129208698067
201456,55930,0.9897109350017059,false,201456,55930,0.9897109350017059
201456,7620,0.8540226574329581,false,201456,7620,0.8540226574329581
201456,7113,0.9684121977881013,false,201456,7113,0.9684121977881013
201456,54861,0.94051321541128,false,201456,54861,0.94051321541128
201456,222256,0.8884475575788857,false,201456,222256,0.8884475575788857
201456,105180391,0.9873952953380275,false,201456,105180391,0.9873952953380275
201456,100529240,0.9913072351199191,false,201456,100529240,0.9913072351199191
201456,113218482,0.995065588249109,false,201456,113218482,0.995065588249109
201456,647024,0.9365231597705819,false,201456,647024,0.9365231597705819
201456,255928,0.9893419311644133,false,201456,255928,0.9893419311644133
201456,151531,0.9460975930624997,false,201456,151531,0.9460975930624997
201456,8537,0.9478300070368274,false,201456,8537,0.9478300070368274
201456,10018,0.993657349002872,false,201456,10018,0.993657349002872
201456,115019,0.9956464021586295,false,201456,115019,0.9956464021586295
201456,201625,0.7866667151105771,false,201456,201625,0.7866667151105771
201456,105180390,0.9873508338542333,false,201456,105180390,0.9873508338542333
201456,692058,0.9626700261185072,false,201456,692058,0.9626700261185072
201456,276,0.7406994634744346,false,201456,276,0.7406994634744346
201456,168374,0.9520047773205593,false,201456,168374,0.9520047773205593
201456,83481,0.9488578305088192,false,201456,83481,0.9488578305088192
201456,645843,0.9594345490816729,false,201456,645843,0.9594345490816729
201456,143884,0.9631279985997835,false,201456,143884,0.9631279985997835
201456,80004,0.8731913810014653,false,201456,80004,0.8731913810014653
201456,121512,0.9490696312625787,false,201456,121512,0.9490696312625787
201456,3993,0.9692796006827046,false,201456,3993,0.9692796006827046
201456,389852,0.992783971788264,false,201456,389852,0.992783971788264
201456,342892,0.9797822970276102,false,201456,342892,0.9797822970276102
201456,164312,0.9877554728702373,false,201456,164312,0.9877554728702373
201456,84239,0.942394331461343,false,201456,84239,0.942394331461343
201456,2065,0.9548542502744273,false,201456,2065,0.9548542502744273
201456,57402,0.9193231152514991,false,201456,57402,0.9193231152514991
201456,776,0.8617512725418445,false,201456,776,0.8617512725418445
201456,780,0.8911587902141619,false,201456,780,0.8911587902141619
201456,135656,0.9961020179697448,false,201456,135656,0.9961020179697448
201456,3880,0.8330262062637602,false,201456,3880,0.8330262062637602
201456,94059,0.9945494321348018,false,201456,94059,0.9945494321348018
201456,26769,0.9149872895842418,false,201456,26769,0.9149872895842418
201456,3960,0.9962828383491231,false,201456,3960,0.9962828383491231
201456,7433,0.9182247388398562,false,201456,7433,0.9182247388398562
201456,284323,0.9952802207065897,false,201456,284323,0.9952802207065897
201456,100129460,0.7719731404248622,false,201456,100129460,0.7719731404248622
201456,65217,0.8519695011597909,false,201456,65217,0.8519695011597909
201456,23584,0.9949331334512631,false,201456,23584,0.9949331334512631
201456,692213,0.9918997846085161,false,201456,692213,0.9918997846085161
201456,153643,0.9170033099855266,false,201456,153643,0.9170033099855266
201456,112268422,0.995688987595261,false,201456,112268422,0.995688987595261
201456,649946,0.7099815014260934,false,201456,649946,0.7099815014260934
201456,259294,0.995217619007165,false,201456,259294,0.995217619007165
201456,79740,0.9203173591959573,false,201456,79740,0.9203173591959573
201456,2266,0.9926179207930111,false,201456,2266,0.9926179207930111
201456,745,0.9948918904723213,false,201456,745,0.9948918904723213
201456,440352,0.9394273343245189,false,201456,440352,0.9394273343245189
142827,57186,0.7802478873299746,false,142827,57186,0.7802478873299746
142827,6751,0.9667692501498675,false,142827,6751,0.9667692501498675
142827,79908,0.7483841258574397,false,142827,79908,0.7483841258574397
142827,102723508,0.905006293804811,false,142827,102723508,0.905006293804811
142827,28984,0.7209642234196639,false,142827,28984,0.7209642234196639
142827,130367,0.7694235981966581,false,142827,130367,0.7694235981966581
142827,9356,0.9220257184795345,false,142827,9356,0.9220257184795345
142827,641776,0.9113375393466491,false,142827,641776,0.9113375393466491
142827,100506658,0.9214019036427007,false,142827,100506658,0.9214019036427007
142827,341676,0.9109647323457551,false,142827,341676,0.9109647323457551
142827,148213,0.9405159825124009,false,142827,148213,0.9405159825124009
142827,10595,0.8786450926814713,false,142827,10595,0.8786450926814713
142827,4583,0.8522723130314998,false,142827,4583,0.8522723130314998
142827,728643,0.8777164662174717,false,142827,728643,0.8777164662174717
142827,55567,0.9198621222798711,false,142827,55567,0.9198621222798711
142827,54997,0.9437194180111693,false,142827,54997,0.9437194180111693
142827,79848,0.8909612051491816,false,142827,79848,0.8909612051491816
142827,115677,0.7109113421797408,false,142827,115677,0.7109113421797408
142827,5961,0.9219876063131901,false,142827,5961,0.9219876063131901
142827,7851,0.9401078747350169,false,142827,7851,0.9401078747350169
142827,692072,0.9309436877616429,false,142827,692072,0.9309436877616429
142827,109136579,0.8691380806454096,false,142827,109136579,0.8691380806454096
142827,503645,0.8295032934973192,false,142827,503645,0.8295032934973192
142827,55808,0.9578510346335711,false,142827,55808,0.9578510346335711
142827,999,0.899990378015144,false,142827,999,0.899990378015144
142827,126353,0.9526436824794458,false,142827,126353,0.9526436824794458
142827,26226,0.8911819711346999,false,142827,26226,0.8911819711346999
142827,64332,0.7757693108740644,false,142827,64332,0.7757693108740644
142827,388743,0.9529071374359452,false,142827,388743,0.9529071374359452
142827,137872,0.9408428832104742,false,142827,137872,0.9408428832104742
142827,1577,0.923133198798073,false,142827,1577,0.923133198798073
142827,100033430,0.880497701180594,false,142827,100033430,0.880497701180594
142827,340267,0.9446363036233408,false,142827,340267,0.9446363036233408
142827,200879,0.948417312400093,false,142827,200879,0.948417312400093
142827,1510,0.9585835329521277,false,142827,1510,0.9585835329521277
142827,441251,0.8150330203711417,false,142827,441251,0.8150330203711417
142827,102723849,0.9236705534499285,false,142827,102723849,0.9236705534499285
142827,6337,0.8902619267127925,false,142827,6337,0.8902619267127925
142827,57669,0.862085003616839,false,142827,57669,0.862085003616839
142827,619383,0.8874858799169992,false,142827,619383,0.8874858799169992
142827,89765,0.8057430693131259,false,142827,89765,0.8057430693131259
142827,57111,0.9484971130486709,false,142827,57111,0.9484971130486709
142827,278,0.7636810763526529,false,142827,278,0.7636810763526529
142827,116844,0.9194180005287532,false,142827,116844,0.9194180005287532
142827,10129,0.9154576392176249,false,142827,10129,0.9154576392176249
142827,4586,0.9494401099911216,false,142827,4586,0.9494401099911216
142827,100158262,0.9107882001316252,false,142827,100158262,0.9107882001316252
142827,10551,0.9451173453660096,false,142827,10551,0.9451173453660096
142827,378938,0.8691802211360404,false,142827,378938,0.8691802211360404
142827,54897,0.8758865910879032,false,142827,54897,0.8758865910879032
142827,117155,0.9484748433067769,false,142827,117155,0.9484748433067769
142827,112268155,0.9077213377082326,false,142827,112268155,0.9077213377082326
142827,1152,0.9088677126752328,false,142827,1152,0.9088677126752328
142827,79083,0.9419652352859864,false,142827,79083,0.9419652352859864
142827,66002,0.9639918113965797,false,142827,66002,0.9639918113965797
142827,1556,0.951562417042471,false,142827,1556,0.951562417042471
142827,22996,0.9734771287934139,false,142827,22996,0.9734771287934139
142827,55930,0.9753060747010014,false,142827,55930,0.9753060747010014
142827,7620,0.7942211714499519,false,142827,7620,0.7942211714499519
142827,7113,0.9320088360791304,false,142827,7113,0.9320088360791304
142827,54861,0.8405620278644602,false,142827,54861,0.8405620278644602
142827,222256,0.8436696489519321,false,142827,222256,0.8436696489519321
142827,105180391,0.9064929212853774,false,142827,105180391,0.9064929212853774
142827,26084,0.7393429937635503,false,142827,26084,0.7393429937635503
142827,100529240,0.9291012541678016,false,142827,100529240,0.9291012541678016
142827,113218482,0.954644350476289,false,142827,113218482,0.954644350476289
142827,647024,0.917329551953819,false,142827,647024,0.917329551953819
142827,255928,0.9479103421700641,false,142827,255928,0.9479103421700641
142827,151531,0.8948822941098856,false,142827,151531,0.8948822941098856
142827,8537,0.9088772008927758,false,142827,8537,0.9088772008927758
142827,10018,0.9486076921387769,false,142827,10018,0.9486076921387769
142827,115019,0.9541392771633694,false,142827,115019,0.9541392771633694
142827,201625,0.7524628653684134,false,142827,201625,0.7524628653684134
142827,105180390,0.9107581382732961,false,142827,105180390,0.9107581382732961
142827,692058,0.9063094225920721,false,142827,692058,0.9063094225920721
142827,168374,0.8771676832004119,false,142827,168374,0.8771676832004119
142827,83481,0.9408712277778699,false,142827,83481,0.9408712277778699
142827,645843,0.8927129987131834,false,142827,645843,0.8927129987131834
142827,143884,0.868070170486477,false,142827,143884,0.868070170486477
142827,80004,0.8547245854385388,false,142827,80004,0.8547245854385388
142827,121512,0.8651451944626085,false,142827,121512,0.8651451944626085
142827,3993,0.9869776591456818,false,142827,3993,0.9869776591456818
142827,389852,0.9412656815992985,false,142827,389852,0.9412656815992985
142827,342892,0.9004641418602364,false,142827,342892,0.9004641418602364
142827,164312,0.9757467728628274,false,142827,164312,0.9757467728628274
142827,84239,0.8884497307885354,false,142827,84239,0.8884497307885354
142827,2065,0.9141578279094394,false,142827,2065,0.9141578279094394
142827,57402,0.9465568686623734,false,142827,57402,0.9465568686623734
142827,776,0.7659730936986328,false,142827,776,0.7659730936986328
142827,780,0.9545600908395612,false,142827,780,0.9545600908395612
142827,135656,0.9496868659590473,false,142827,135656,0.9496868659590473
142827,3880,0.8498019850396503,false,142827,3880,0.8498019850396503
142827,94059,0.935378611854238,false,142827,94059,0.935378611854238
142827,26769,0.8542972228660637,false,142827,26769,0.8542972228660637
142827,3960,0.9518959239600284,false,142827,3960,0.9518959239600284
142827,7433,0.9023779493660543,false,142827,7433,0.9023779493660543
142827,284323,0.9349227160045073,false,142827,284323,0.9349227160045073
142827,65217,0.7284548649028575,false,142827,65217,0.7284548649028575
142827,23584,0.9572397790206724,false,142827,23584,0.9572397790206724
142827,692213,0.9615406354830021,false,142827,692213,0.9615406354830021
142827,153643,0.8812918394691951,false,142827,153643,0.8812918394691951
142827,112268422,0.9487677589003956,false,142827,112268422,0.9487677589003956
142827,259294,0.9373984325117691,false,142827,259294,0.9373984325117691
142827,79740,0.9380464808328975,false,142827,79740,0.9380464808328975
142827,2266,0.9194970733876717,false,142827,2266,0.9194970733876717
142827,745,0.9630701703718243,false,142827,745,0.9630701703718243
142827,440352,0.9851589025046638,false,142827,440352,0.9851589025046638
60494,85452,0.7872026079725983,false,60494,85452,0.7872026079725983
60494,146177,0.7776845012587845,false,60494,146177,0.7776845012587845
60494,3240,0.7836562738841467,false,60494,3240,0.7836562738841467
60494,7033,0.8490870047173199,false,60494,7033,0.8490870047173199
60494,718,0.7024929256719508,false,60494,718,0.7024929256719508
60494,64073,0.8818812289541176,false,60494,64073,0.8818812289541176
60494,6441,0.8619638314507472,false,60494,6441,0.8619638314507472
60494,4070,0.8927575143333563,false,60494,4070,0.8927575143333563
60494,56892,0.8298745723193605,false,60494,56892,0.8298745723193605
60494,8091,0.7504419772317208,false,60494,8091,0.7504419772317208
60494,160728,0.8621009285529827,false,60494,160728,0.8621009285529827
60494,7356,0.9077527928784311,false,60494,7356,0.9077527928784311
60494,109729127,0.9206464431255915,false,60494,109729127,0.9206464431255915
60494,400578,0.8319997293109828,false,60494,400578,0.8319997293109828
60494,94025,0.7923365798722755,false,60494,94025,0.7923365798722755
60494,387882,0.7821776786147431,false,60494,387882,0.7821776786147431
60494,728276,0.8868443057269576,false,60494,728276,0.8868443057269576
60494,102723635,0.9500901851827205,false,60494,102723635,0.9500901851827205
60494,5545,0.8013323128174453,false,60494,5545,0.8013323128174453
60494,727897,0.8035058800049657,false,60494,727897,0.8035058800049657
60494,54848,0.8532788568867572,false,60494,54848,0.8532788568867572
60494,9476,0.7209153206195658,false,60494,9476,0.7209153206195658
60494,117156,0.9107234668545041,false,60494,117156,0.9107234668545041
60494,195814,0.8873730688522418,false,60494,195814,0.8873730688522418
60494,140766,0.8968648214324495,false,60494,140766,0.8968648214324495
60494,105,0.8454314083200698,false,60494,105,0.8454314083200698
60494,6097,0.8522468045344391,false,60494,6097,0.8522468045344391
60494,4057,0.8447329841738986,false,60494,4057,0.8447329841738986
60494,220136,0.9179463619713958,false,60494,220136,0.9179463619713958
60494,112577518,0.8396411151656744,false,60494,112577518,0.8396411151656744
60494,9370,0.8272450240794668,false,60494,9370,0.8272450240794668
60494,693188,0.8411391774850042,false,60494,693188,0.8411391774850042
60494,389376,0.8835198630757133,false,60494,389376,0.8835198630757133
60494,6799,0.9055467252329955,false,60494,6799,0.9055467252329955
60494,563,0.8426439205711648,false,60494,563,0.8426439205711648
60494,123872,0.8753015249877588,false,60494,123872,0.8753015249877588
60494,105372793,0.8160225870360571,false,60494,105372793,0.8160225870360571
60494,653509,0.7672823501076815,false,60494,653509,0.7672823501076815
60494,100874095,0.8272450240794668,false,60494,100874095,0.8272450240794668
60494,729238,0.8280810345893214,false,60494,729238,0.8280810345893214
60494,144571,0.7561207173023743,false,60494,144571,0.7561207173023743
60494,3855,0.7487847865279724,false,60494,3855,0.7487847865279724
60494,26298,0.7833227083860803,false,60494,26298,0.7833227083860803
60494,100033436,0.8313475965566476,false,60494,100033436,0.8313475965566476
163720,57186,0.8764944255189826,false,163720,57186,0.8764944255189826
163720,79908,0.8627632919861494,false,163720,79908,0.8627632919861494
163720,10579,0.7213042361775512,false,163720,10579,0.7213042361775512
163720,28984,0.7459552655206659,false,163720,28984,0.7459552655206659
163720,1910,0.9095688314869921,false,163720,1910,0.9095688314869921
163720,100506658,0.7322305583628548,false,163720,100506658,0.7322305583628548
163720,200373,0.7535369337947747,false,163720,200373,0.7535369337947747
163720,5787,0.94164563351834,false,163720,5787,0.94164563351834
163720,168090,0.7919574287251937,false,163720,168090,0.7919574287251937
163720,474354,0.888951330589372,false,163720,474354,0.888951330589372
163720,2324,0.8049538083763674,false,163720,2324,0.8049538083763674
163720,221395,0.768199549781679,false,163720,221395,0.768199549781679
163720,54842,0.7397815817975494,false,163720,54842,0.7397815817975494
163720,6103,0.7997780081189064,false,163720,6103,0.7997780081189064
163720,219790,0.8085383815666907,false,163720,219790,0.8085383815666907
163720,115677,0.9203227540226304,false,163720,115677,0.9203227540226304
163720,346007,0.8166631262007984,false,163720,346007,0.8166631262007984
163720,116984,0.8213603871913472,false,163720,116984,0.8213603871913472
163720,441251,0.7080287552849169,false,163720,441251,0.7080287552849169
163720,114327,0.8197629465150508,false,163720,114327,0.8197629465150508
163720,6337,0.7835690944103499,false,163720,6337,0.7835690944103499
163720,57669,0.7832789675830509,false,163720,57669,0.7832789675830509
163720,130271,0.9114289777984783,false,163720,130271,0.9114289777984783
163720,101927516,0.7309330278108491,false,163720,101927516,0.7309330278108491
163720,6101,0.8808295759707964,false,163720,6101,0.8808295759707964
163720,54897,0.7354454300647869,false,163720,54897,0.7354454300647869
163720,27074,0.8500773644711334,false,163720,27074,0.8500773644711334
163720,79632,0.7480258669524072,false,163720,79632,0.7480258669524072
163720,54861,0.781157698424149,false,163720,54861,0.781157698424149
163720,54,0.9777697293206186,false,163720,54,0.9777697293206186
163720,201625,0.8173186613705549,false,163720,201625,0.8173186613705549
163720,1043,0.7118565075341379,false,163720,1043,0.7118565075341379
163720,2122,0.9123837008034907,false,163720,2122,0.9123837008034907
163720,84059,0.8212974610192267,false,163720,84059,0.8212974610192267
163720,1579,0.8929763433605028,false,163720,1579,0.8929763433605028
163720,57477,0.8399644051191394,false,163720,57477,0.8399644051191394
163720,9771,0.7461545554487795,false,163720,9771,0.7461545554487795
163720,121512,0.7371688187965401,false,163720,121512,0.7371688187965401
163720,120892,0.7463452734408924,false,163720,120892,0.7463452734408924
163720,84239,0.7703637965836437,false,163720,84239,0.7703637965836437
163720,1513,0.7000087714404186,false,163720,1513,0.7000087714404186
163720,3880,0.7012108491428909,false,163720,3880,0.7012108491428909
163720,10203,0.8183087760302731,false,163720,10203,0.8183087760302731
163720,100129460,0.7512770538972936,false,163720,100129460,0.7512770538972936
163720,1080,0.779891902381444,false,163720,1080,0.779891902381444
163720,65217,0.8701948025155993,false,163720,65217,0.8701948025155993
163720,1286,0.8569145607709928,false,163720,1286,0.8569145607709928
163720,144535,0.8269518388141046,false,163720,144535,0.8269518388141046
163720,649946,0.8304061737874502,false,163720,649946,0.8304061737874502
163720,79740,0.7029138250310052,false,163720,79740,0.7029138250310052
57186,6751,0.8164251025188554,false,57186,6751,0.8164251025188554
57186,79908,0.8832259698363467,false,57186,79908,0.8832259698363467
57186,102723508,0.8055255935872325,false,57186,102723508,0.8055255935872325
57186,28984,0.8955616834098004,false,57186,28984,0.8955616834098004
57186,130367,0.8969796289889199,false,57186,130367,0.8969796289889199
57186,285335,0.8140041365494012,false,57186,285335,0.8140041365494012
57186,9356,0.8944344552754373,false,57186,9356,0.8944344552754373
57186,1910,0.9526292380398096,false,57186,1910,0.9526292380398096
57186,641776,0.9339512976446748,false,57186,641776,0.9339512976446748
57186,100506658,0.9230794720515861,false,57186,100506658,0.9230794720515861
57186,200373,0.8352862832326755,false,57186,200373,0.8352862832326755
57186,168090,0.8150346773462589,false,57186,168090,0.8150346773462589
57186,474354,0.7754646417397565,false,57186,474354,0.7754646417397565
57186,341676,0.9238533168314951,false,57186,341676,0.9238533168314951
57186,148213,0.895172280328633,false,57186,148213,0.895172280328633
57186,10595,0.9052175562106473,false,57186,10595,0.9052175562106473
57186,4583,0.9039759470149724,false,57186,4583,0.9039759470149724
57186,54842,0.7032932798832149,false,57186,54842,0.7032932798832149
57186,728643,0.8818062889526056,false,57186,728643,0.8818062889526056
57186,55567,0.9335982568885963,false,57186,55567,0.9335982568885963
57186,6103,0.8456429416414635,false,57186,6103,0.8456429416414635
57186,54997,0.8813410821407981,false,57186,54997,0.8813410821407981
57186,79848,0.8516313028347567,false,57186,79848,0.8516313028347567
57186,219790,0.8321511885747883,false,57186,219790,0.8321511885747883
57186,115677,0.9779688549661049,false,57186,115677,0.9779688549661049
57186,5961,0.8736459112298849,false,57186,5961,0.8736459112298849
57186,7851,0.9055117931485608,false,57186,7851,0.9055117931485608
57186,692072,0.8497420075961803,false,57186,692072,0.8497420075961803
57186,109136579,0.922517970676695,false,57186,109136579,0.922517970676695
57186,503645,0.8964067655167242,false,57186,503645,0.8964067655167242
57186,55808,0.877627056332459,false,57186,55808,0.877627056332459
57186,999,0.9222147547164433,false,57186,999,0.9222147547164433
57186,126353,0.8904845910944432,false,57186,126353,0.8904845910944432
57186,26226,0.9038687697244371,false,57186,26226,0.9038687697244371
57186,64332,0.8989846153741048,false,57186,64332,0.8989846153741048
57186,346007,0.9379196279364036,false,57186,346007,0.9379196279364036
57186,388743,0.867796150437814,false,57186,388743,0.867796150437814
57186,116984,0.8791526831204668,false,57186,116984,0.8791526831204668
57186,137872,0.7738832565937799,false,57186,137872,0.7738832565937799
57186,1577,0.8852266770159056,false,57186,1577,0.8852266770159056
57186,100033430,0.9210997021928332,false,57186,100033430,0.9210997021928332
57186,340267,0.8920176287087335,false,57186,340267,0.8920176287087335
57186,200879,0.8740193286645535,false,57186,200879,0.8740193286645535
57186,1510,0.8780968834346952,false,57186,1510,0.8780968834346952
57186,441251,0.9442280381287194,false,57186,441251,0.9442280381287194
57186,102723849,0.897438703416529,false,57186,102723849,0.897438703416529
57186,9196,0.7694059776829639,false,57186,9196,0.7694059776829639
57186,114327,0.7197057953574414,false,57186,114327,0.7197057953574414
57186,6337,0.9490700512639041,false,57186,6337,0.9490700512639041
57186,5284,0.7850496877919142,false,57186,5284,0.7850496877919142
57186,57669,0.9612334772803397,false,57186,57669,0.9612334772803397
57186,619383,0.9137157025407197,false,57186,619383,0.9137157025407197
57186,89765,0.8437338871846078,false,57186,89765,0.8437338871846078
57186,57111,0.8946953389064976,false,57186,57111,0.8946953389064976
57186,278,0.8780998554879582,false,57186,278,0.8780998554879582
57186,116844,0.9065162190022421,false,57186,116844,0.9065162190022421
57186,10129,0.8980857729902484,false,57186,10129,0.8980857729902484
57186,4586,0.8612344861884789,false,57186,4586,0.8612344861884789
57186,100158262,0.7927787866387046,false,57186,100158262,0.7927787866387046
57186,10551,0.8812241081556625,false,57186,10551,0.8812241081556625
57186,130271,0.8454344249344475,false,57186,130271,0.8454344249344475
57186,688,0.7509262885979769,false,57186,688,0.7509262885979769
57186,6101,0.8637383313615681,false,57186,6101,0.8637383313615681
57186,378938,0.9229985045376308,false,57186,378938,0.9229985045376308
57186,54897,0.899771563750268,false,57186,54897,0.899771563750268
57186,117155,0.8603615635543232,false,57186,117155,0.8603615635543232
57186,112268155,0.9183260647630777,false,57186,112268155,0.9183260647630777
57186,1152,0.9101755252718555,false,57186,1152,0.9101755252718555
57186,27074,0.834345737409283,false,57186,27074,0.834345737409283
57186,79083,0.8854214672314747,false,57186,79083,0.8854214672314747
57186,66002,0.8595103973301065,false,57186,66002,0.8595103973301065
57186,1556,0.9184256969523881,false,57186,1556,0.9184256969523881
57186,22996,0.8844535134216359,false,57186,22996,0.8844535134216359
57186,55930,0.8814938041028423,false,57186,55930,0.8814938041028423
57186,7113,0.9167035732435206,false,57186,7113,0.9167035732435206
57186,54861,0.9723045456135032,false,57186,54861,0.9723045456135032
57186,222256,0.9100058197820833,false,57186,222256,0.9100058197820833
57186,105180391,0.9283392244763773,false,57186,105180391,0.9283392244763773
57186,26084,0.7183535012722024,false,57186,26084,0.7183535012722024
57186,100529240,0.9045241011313793,false,57186,100529240,0.9045241011313793
57186,54,0.8083972632607447,false,57186,54,0.8083972632607447
57186,113218482,0.8640772645828746,false,57186,113218482,0.8640772645828746
57186,647024,0.9078791306015429,false,57186,647024,0.9078791306015429
57186,255928,0.8299545587404792,false,57186,255928,0.8299545587404792
57186,151531,0.8819500800136074,false,57186,151531,0.8819500800136074
57186,8537,0.7515207483978107,false,57186,8537,0.7515207483978107
57186,10018,0.8646124036703157,false,57186,10018,0.8646124036703157
57186,115019,0.8728824615439147,false,57186,115019,0.8728824615439147
57186,201625,0.9430826180815229,false,57186,201625,0.9430826180815229
57186,105180390,0.9294636221891791,false,57186,105180390,0.9294636221891791
57186,1043,0.7938507861755633,false,57186,1043,0.7938507861755633
57186,692058,0.8969852526362189,false,57186,692058,0.8969852526362189
57186,276,0.8542378549949949,false,57186,276,0.8542378549949949
57186,168374,0.9274068731864952,false,57186,168374,0.9274068731864952
57186,83481,0.9018172060679123,false,57186,83481,0.9018172060679123
57186,645843,0.9370132267199677,false,57186,645843,0.9370132267199677
57186,2122,0.7346557278478701,false,57186,2122,0.7346557278478701
57186,84059,0.7022085804042351,false,57186,84059,0.7022085804042351
57186,143884,0.8045252390344051,false,57186,143884,0.8045252390344051
57186,1579,0.9039274936083308,false,57186,1579,0.9039274936083308
57186,80004,0.9172036084662926,false,57186,80004,0.9172036084662926
57186,121512,0.9669362097004468,false,57186,121512,0.9669362097004468
57186,3993,0.8595823840162327,false,57186,3993,0.8595823840162327
57186,389852,0.8825703903368347,false,57186,389852,0.8825703903368347
57186,342892,0.8877619286824776,false,57186,342892,0.8877619286824776
57186,164312,0.8907041823876043,false,57186,164312,0.8907041823876043
57186,84239,0.9772816729997311,false,57186,84239,0.9772816729997311
57186,2065,0.9427826567754442,false,57186,2065,0.9427826567754442
57186,57402,0.8513667709951294,false,57186,57402,0.8513667709951294
57186,1513,0.8085213814705103,false,57186,1513,0.8085213814705103
57186,776,0.7976837252425862,false,57186,776,0.7976837252425862
57186,780,0.7947890685032977,false,57186,780,0.7947890685032977
57186,135656,0.8598259967604954,false,57186,135656,0.8598259967604954
57186,3880,0.9043394603099878,false,57186,3880,0.9043394603099878
57186,94059,0.8973986451139215,false,57186,94059,0.8973986451139215
57186,26769,0.8935104567903375,false,57186,26769,0.8935104567903375
57186,3960,0.8580573212698315,false,57186,3960,0.8580573212698315
57186,7433,0.8517520413006273,false,57186,7433,0.8517520413006273
57186,284323,0.8497578837184275,false,57186,284323,0.8497578837184275
57186,100129460,0.9153506194264037,false,57186,100129460,0.9153506194264037
57186,65217,0.9473580697946244,false,57186,65217,0.9473580697946244
57186,1286,0.7542936294979656,false,57186,1286,0.7542936294979656
57186,23584,0.8717109200468781,false,57186,23584,0.8717109200468781
57186,692213,0.8652252790606371,false,57186,692213,0.8652252790606371
57186,153643,0.9107366247883074,false,57186,153643,0.9107366247883074
57186,144535,0.7049309524745997,false,57186,144535,0.7049309524745997
57186,112268422,0.8491321312827816,false,57186,112268422,0.8491321312827816
57186,649946,0.8921946547625067,false,57186,649946,0.8921946547625067
57186,259294,0.8550995552808056,false,57186,259294,0.8550995552808056
57186,79740,0.9152297607341778,false,57186,79740,0.9152297607341778
57186,2266,0.8977191981612327,false,57186,2266,0.8977191981612327
57186,745,0.8915248886615456,false,57186,745,0.8915248886615456
57186,440352,0.8132823472594464,false,57186,440352,0.8132823472594464
57526,2327,0.8801516292511007,false,57526,2327,0.8801516292511007
57526,146556,0.8630596468245361,false,57526,146556,0.8630596468245361
57526,406903,0.942680685889204,false,57526,406903,0.942680685889204
57526,84842,0.9556892144459364,false,57526,84842,0.9556892144459364
57526,388555,0.9871457555901479,false,57526,388555,0.9871457555901479
57526,128602,0.835627339941007,false,57526,128602,0.835627339941007
57526,100506380,0.9544868340115654,false,57526,100506380,0.9544868340115654
57526,363,0.987145755590148,false,57526,363,0.987145755590148
57526,65998,0.9310012445700065,false,57526,65998,0.9310012445700065
57526,419,0.9871457555901482,false,57526,419,0.9871457555901482
57526,93517,0.9839375381287795,false,57526,93517,0.9839375381287795
57526,388633,0.9780480783551369,false,57526,388633,0.9780480783551369
57526,340596,0.7045286656147227,false,57526,340596,0.7045286656147227
57526,11185,0.7516949434833431,false,57526,11185,0.7516949434833431
57526,10586,0.9180516521355658,false,57526,10586,0.9180516521355658
57526,2125,0.8490808819198461,false,57526,2125,0.8490808819198461
57526,3780,0.995088171332688,false,57526,3780,0.995088171332688
57526,23562,0.7218665789656759,false,57526,23562,0.7218665789656759
57526,163479,0.8678247446307975,false,57526,163479,0.8678247446307975
57526,84867,0.8283461221656141,false,57526,84867,0.8283461221656141
57526,5349,0.982137379503863,false,57526,5349,0.982137379503863
57526,113219467,0.875633869678857,false,57526,113219467,0.875633869678857
57526,26797,0.9570932864383367,false,57526,26797,0.9570932864383367
57526,692209,0.891292428697976,false,57526,692209,0.891292428697976
57526,4861,0.9842996763941086,false,57526,4861,0.9842996763941086
57526,284434,0.8902631350258559,false,57526,284434,0.8902631350258559
57526,100423031,0.9871457555901485,false,57526,100423031,0.9871457555901485
57526,79098,0.7274005692119196,false,57526,79098,0.7274005692119196
57526,1515,0.7525135020344643,false,57526,1515,0.7525135020344643
57526,165186,0.8541243238384839,false,57526,165186,0.8541243238384839
722,730,0.9164163214885506,false,722,730,0.9164163214885506
722,7080,0.7296632987188462,false,722,7080,0.7296632987188462
722,85452,0.8752396358299752,false,722,85452,0.8752396358299752
722,146177,0.8957204129099262,false,722,146177,0.8957204129099262
722,728226,0.8229669565855819,false,722,728226,0.8229669565855819
722,2696,0.7445173550943289,false,722,2696,0.7445173550943289
722,100129940,0.9120742900788924,false,722,100129940,0.9120742900788924
722,1906,0.936425951340767,false,722,1906,0.936425951340767
722,3240,0.8213897538098254,false,722,3240,0.8213897538098254
722,221395,0.856941276647595,false,722,221395,0.856941276647595
722,6332,0.7450842263438705,false,722,6332,0.7450842263438705
722,718,0.9187890528849021,false,722,718,0.9187890528849021
722,9223,0.820443068487263,false,722,9223,0.820443068487263
722,6441,0.713443698459916,false,722,6441,0.713443698459916
722,56892,0.8494439409452577,false,722,56892,0.8494439409452577
722,653082,0.734728717477519,false,722,653082,0.734728717477519
722,2277,0.9006566182846971,false,722,2277,0.9006566182846971
722,8091,0.7353318655613015,false,722,8091,0.7353318655613015
722,825,0.7592503042284479,false,722,825,0.7592503042284479
722,160728,0.7161669506769082,false,722,160728,0.7161669506769082
722,109729184,0.791542492889576,false,722,109729184,0.791542492889576
722,79148,0.815441192752194,false,722,79148,0.815441192752194
722,101927516,0.7365874577464123,false,722,101927516,0.7365874577464123
722,54848,0.8678286501746625,false,722,54848,0.8678286501746625
722,195814,0.7301143419467898,false,722,195814,0.7301143419467898
722,256076,0.7416319031083243,false,722,256076,0.7416319031083243
722,140766,0.8432089764002579,false,722,140766,0.8432089764002579
722,9411,0.7158538079815854,false,722,9411,0.7158538079815854
722,6097,0.766046589391043,false,722,6097,0.766046589391043
722,100820829,0.8273129560273249,false,722,100820829,0.8273129560273249
722,693188,0.7689590352533472,false,722,693188,0.7689590352533472
722,21,0.7006789532787505,false,722,21,0.7006789532787505
722,10203,0.7700091636602674,false,722,10203,0.7700091636602674
722,123872,0.8352772452711774,false,722,123872,0.8352772452711774
722,105373265,0.8115632437783814,false,722,105373265,0.8115632437783814
2327,146556,0.913953324032555,false,2327,146556,0.913953324032555
2327,7080,0.869310850572154,false,2327,7080,0.869310850572154
2327,406903,0.8579456219039335,false,2327,406903,0.8579456219039335
2327,728226,0.7591122489061656,false,2327,728226,0.7591122489061656
2327,84842,0.8680072831434499,false,2327,84842,0.8680072831434499
2327,388555,0.887070959574497,false,2327,388555,0.887070959574497
2327,128602,0.9932478153540031,false,2327,128602,0.9932478153540031
2327,100506380,0.7849761007797951,false,2327,100506380,0.7849761007797951
2327,363,0.887070959574497,false,2327,363,0.887070959574497
2327,65998,0.8804732408027183,false,2327,65998,0.8804732408027183
2327,419,0.887070959574497,false,2327,419,0.887070959574497
2327,93517,0.9135115628183331,false,2327,93517,0.9135115628183331
2327,388633,0.9009855453348711,false,2327,388633,0.9009855453348711
2327,11185,0.8682979919325243,false,2327,11185,0.8682979919325243
2327,10586,0.8667655333807898,false,2327,10586,0.8667655333807898
2327,2125,0.907832902317442,false,2327,2125,0.907832902317442
2327,3780,0.8525632830137233,false,2327,3780,0.8525632830137233
2327,57524,0.7852210640123668,false,2327,57524,0.7852210640123668
2327,163479,0.7969935373317576,false,2327,163479,0.7969935373317576
2327,84867,0.9263879872186468,false,2327,84867,0.9263879872186468
2327,284680,0.8855738268746863,false,2327,284680,0.8855738268746863
2327,128218,0.924415265523126,false,2327,128218,0.924415265523126
2327,5349,0.8976722123081274,false,2327,5349,0.8976722123081274
2327,26797,0.8300973810929677,false,2327,26797,0.8300973810929677
2327,692209,0.8179534064713856,false,2327,692209,0.8179534064713856
2327,84525,0.7015097145022599,false,2327,84525,0.7015097145022599
2327,4861,0.9104310552229766,false,2327,4861,0.9104310552229766
2327,21,0.7884673261316836,false,2327,21,0.7884673261316836
2327,284434,0.9772095912592156,false,2327,284434,0.9772095912592156
2327,9052,0.70532909408156,false,2327,9052,0.70532909408156
2327,56955,0.7270947370358728,false,2327,56955,0.7270947370358728
2327,440590,0.8306590294989715,false,2327,440590,0.8306590294989715
2327,55282,0.7889651260048955,false,2327,55282,0.7889651260048955
2327,100423031,0.8870709595744973,false,2327,100423031,0.8870709595744973
2327,79098,0.7424133149794082,false,2327,79098,0.7424133149794082
2327,1515,0.8091118736225181,false,2327,1515,0.8091118736225181
2327,165186,0.9260285845589001,false,2327,165186,0.9260285845589001
6751,79908,0.7325007150928539,false,6751,79908,0.7325007150928539
6751,6473,0.7503873102730362,false,6751,6473,0.7503873102730362
6751,102723508,0.9802856855021475,false,6751,102723508,0.9802856855021475
6751,28984,0.7094673839391664,false,6751,28984,0.7094673839391664
6751,130367,0.7571381778626384,false,6751,130367,0.7571381778626384
6751,9356,0.9809153165200317,false,6751,9356,0.9809153165200317
6751,641776,0.9611522398508618,false,6751,641776,0.9611522398508618
6751,100506658,0.8888043926809268,false,6751,100506658,0.8888043926809268
6751,341676,0.9337373967572475,false,6751,341676,0.9337373967572475
6751,148213,0.9765117311791817,false,6751,148213,0.9765117311791817
6751,10595,0.8884620837280598,false,6751,10595,0.8884620837280598
6751,4583,0.8627620492825531,false,6751,4583,0.8627620492825531
6751,728643,0.9432672193254638,false,6751,728643,0.9432672193254638
6751,55567,0.9229792339573499,false,6751,55567,0.9229792339573499
6751,54997,0.9898000284433597,false,6751,54997,0.9898000284433597
6751,79848,0.9631553539882913,false,6751,79848,0.9631553539882913
6751,219790,0.7395159504073662,false,6751,219790,0.7395159504073662
6751,115677,0.769999101054619,false,6751,115677,0.769999101054619
6751,5961,0.9848424461993703,false,6751,5961,0.9848424461993703
6751,7851,0.9715958399183688,false,6751,7851,0.9715958399183688
6751,692072,0.9797584958378719,false,6751,692072,0.9797584958378719
6751,109136579,0.9337368448709451,false,6751,109136579,0.9337368448709451
6751,503645,0.9217204449624783,false,6751,503645,0.9217204449624783
6751,55808,0.9864033625938337,false,6751,55808,0.9864033625938337
6751,999,0.8982590158166365,false,6751,999,0.8982590158166365
6751,126353,0.9568690525739497,false,6751,126353,0.9568690525739497
6751,26226,0.9606365392919687,false,6751,26226,0.9606365392919687
6751,64332,0.8668135812598609,false,6751,64332,0.8668135812598609
6751,346007,0.7610758929779113,false,6751,346007,0.7610758929779113
6751,388743,0.9880799733200258,false,6751,388743,0.9880799733200258
6751,137872,0.9894038497782117,false,6751,137872,0.9894038497782117
6751,1577,0.9689335713440879,false,6751,1577,0.9689335713440879
6751,100033430,0.9041507707317737,false,6751,100033430,0.9041507707317737
6751,340267,0.973112442632477,false,6751,340267,0.973112442632477
6751,200879,0.9894745354505865,false,6751,200879,0.9894745354505865
6751,1510,0.9784768092413574,false,6751,1510,0.9784768092413574
6751,441251,0.8526333107225594,false,6751,441251,0.8526333107225594
6751,102723849,0.9751681444546964,false,6751,102723849,0.9751681444546964
6751,9196,0.8021097234473993,false,6751,9196,0.8021097234473993
6751,6337,0.8555459522436808,false,6751,6337,0.8555459522436808
6751,57669,0.9141850031178596,false,6751,57669,0.9141850031178596
6751,619383,0.9415664752063267,false,6751,619383,0.9415664752063267
6751,89765,0.7408671666590625,false,6751,89765,0.7408671666590625
6751,57111,0.9756320835515604,false,6751,57111,0.9756320835515604
6751,278,0.7676053579650166,false,6751,278,0.7676053579650166
6751,116844,0.9426079223390054,false,6751,116844,0.9426079223390054
6751,10129,0.9691439841529819,false,6751,10129,0.9691439841529819
6751,4586,0.9894296439160117,false,6751,4586,0.9894296439160117
6751,100158262,0.9774116356965484,false,6751,100158262,0.9774116356965484
6751,10551,0.9827097851383093,false,6751,10551,0.9827097851383093
6751,378938,0.9334418907521098,false,6751,378938,0.9334418907521098
6751,54897,0.9085544097270614,false,6751,54897,0.9085544097270614
6751,117155,0.9924577286782928,false,6751,117155,0.9924577286782928
6751,112268155,0.9601401984654675,false,6751,112268155,0.9601401984654675
6751,1152,0.9259014667200756,false,6751,1152,0.9259014667200756
6751,79083,0.9876337332206528,false,6751,79083,0.9876337332206528
6751,66002,0.9925999145687485,false,6751,66002,0.9925999145687485
6751,1556,0.9748211622921155,false,6751,1556,0.9748211622921155
6751,22996,0.9764019291485702,false,6751,22996,0.9764019291485702
6751,55930,0.9815566407319588,false,6751,55930,0.9815566407319588
6751,7620,0.8672932421203213,false,6751,7620,0.8672932421203213
6751,7113,0.9452627862404777,false,6751,7113,0.9452627862404777
6751,54861,0.9012933367020926,false,6751,54861,0.9012933367020926
6751,222256,0.8506247860307232,false,6751,222256,0.8506247860307232
6751,105180391,0.9650418163507575,false,6751,105180391,0.9650418163507575
6751,100529240,0.9747853230049864,false,6751,100529240,0.9747853230049864
6751,113218482,0.9883609973579073,false,6751,113218482,0.9883609973579073
6751,647024,0.9097204382841428,false,6751,647024,0.9097204382841428
6751,255928,0.9879568673699788,false,6751,255928,0.9879568673699788
6751,151531,0.9224730127400019,false,6751,151531,0.9224730127400019
6751,8537,0.9548316413479501,false,6751,8537,0.9548316413479501
6751,10018,0.9863777883639132,false,6751,10018,0.9863777883639132
6751,115019,0.9873377361733197,false,6751,115019,0.9873377361733197
6751,201625,0.7278013489794303,false,6751,201625,0.7278013489794303
6751,105180390,0.9647181138730287,false,6751,105180390,0.9647181138730287
6751,692058,0.9408524150723007,false,6751,692058,0.9408524150723007
6751,168374,0.921507269327025,false,6751,168374,0.921507269327025
6751,83481,0.9276361128235964,false,6751,83481,0.9276361128235964
6751,645843,0.92957321106426,false,6751,645843,0.92957321106426
6751,143884,0.9615856901475328,false,6751,143884,0.9615856901475328
6751,80004,0.8321238044212689,false,6751,80004,0.8321238044212689
6751,121512,0.9102476770634845,false,6751,121512,0.9102476770634845
6751,3993,0.9651186004441221,false,6751,3993,0.9651186004441221
6751,389852,0.9808913820843408,false,6751,389852,0.9808913820843408
6751,342892,0.9668382854182634,false,6751,342892,0.9668382854182634
6751,164312,0.9779088220307592,false,6751,164312,0.9779088220307592
6751,84239,0.9044279495732308,false,6751,84239,0.9044279495732308
6751,2065,0.9244618343892111,false,6751,2065,0.9244618343892111
6751,57402,0.9135997170545099,false,6751,57402,0.9135997170545099
6751,776,0.8519636936985855,false,6751,776,0.8519636936985855
6751,780,0.8860253520517872,false,6751,780,0.8860253520517872
6751,135656,0.990311279670225,false,6751,135656,0.990311279670225
6751,3880,0.7925660392451968,false,6751,3880,0.7925660392451968
6751,94059,0.9802114546448917,false,6751,94059,0.9802114546448917
6751,26769,0.883841062765111,false,6751,26769,0.883841062765111
6751,3960,0.9910689183255873,false,6751,3960,0.9910689183255873
6751,7433,0.911132696286647,false,6751,7433,0.911132696286647
6751,284323,0.9923065310792063,false,6751,284323,0.9923065310792063
6751,100129460,0.7086112809230066,false,6751,100129460,0.7086112809230066
6751,65217,0.8052059036047049,false,6751,65217,0.8052059036047049
6751,23584,0.9903674646560601,false,6751,23584,0.9903674646560601
6751,692213,0.9851625072381793,false,6751,692213,0.9851625072381793
6751,153643,0.8840676175699453,false,6751,153643,0.8840676175699453
6751,112268422,0.9921252044072789,false,6751,112268422,0.9921252044072789
6751,259294,0.9907228794664071,false,6751,259294,0.9907228794664071
6751,79740,0.8980954117230777,false,6751,79740,0.8980954117230777
6751,2266,0.9770714228245779,false,6751,2266,0.9770714228245779
6751,745,0.9840412648735051,false,6751,745,0.9840412648735051
6751,440352,0.9446377340128606,false,6751,440352,0.9446377340128606
5544,10579,0.9329760004385742,false,5544,10579,0.9329760004385742
5544,285335,0.8049280319548563,false,5544,285335,0.8049280319548563
5544,200373,0.8207381434243591,false,5544,200373,0.8207381434243591
5544,168090,0.7543973694157957,false,5544,168090,0.7543973694157957
5544,474354,0.8003129619379008,false,5544,474354,0.8003129619379008
5544,3240,0.8041877868037868,false,5544,3240,0.8041877868037868
5544,7033,0.913321106352916,false,5544,7033,0.913321106352916
5544,54842,0.8535071127571693,false,5544,54842,0.8535071127571693
5544,6103,0.7611327299659703,false,5544,6103,0.7611327299659703
5544,64073,0.8364574943611692,false,5544,64073,0.8364574943611692
5544,253970,0.8384932517211355,false,5544,253970,0.8384932517211355
5544,4070,0.7513644326169925,false,5544,4070,0.7513644326169925
5544,56892,0.7218349177894164,false,5544,56892,0.7218349177894164
5544,8091,0.862087233206861,false,5544,8091,0.862087233206861
5544,3875,0.9456904135308578,false,5544,3875,0.9456904135308578
5544,160728,0.7276390804350893,false,5544,160728,0.7276390804350893
5544,4680,0.8496372568914502,false,5544,4680,0.8496372568914502
5544,7356,0.8283202899409923,false,5544,7356,0.8283202899409923
5544,109729127,0.7864181250022012,false,5544,109729127,0.7864181250022012
5544,400578,0.9252712131601738,false,5544,400578,0.9252712131601738
5544,5284,0.8652912697207008,false,5544,5284,0.8652912697207008
5544,94025,0.9548576709239097,false,5544,94025,0.9548576709239097
5544,728276,0.8695412244251975,false,5544,728276,0.8695412244251975
5544,101927516,0.7691424161831834,false,5544,101927516,0.7691424161831834
5544,688,0.8355802324696603,false,5544,688,0.8355802324696603
5544,5545,0.9503204570018808,false,5544,5545,0.9503204570018808
5544,727897,0.951791995576098,false,5544,727897,0.951791995576098
5544,27074,0.7790004192071944,false,5544,27074,0.7790004192071944
5544,79632,0.935715045706509,false,5544,79632,0.935715045706509
5544,4585,0.9701897562431968,false,5544,4585,0.9701897562431968
5544,1767,0.978671708802321,false,5544,1767,0.978671708802321
5544,1604,0.8974805284626736,false,5544,1604,0.8974805284626736
5544,117156,0.7466091534308141,false,5544,117156,0.7466091534308141
5544,195814,0.7994317346390323,false,5544,195814,0.7994317346390323
5544,1043,0.8928879853652101,false,5544,1043,0.8928879853652101
5544,276,0.7574043585242906,false,5544,276,0.7574043585242906
5544,105,0.9016675818174309,false,5544,105,0.9016675818174309
5544,84059,0.8535561628419369,false,5544,84059,0.8535561628419369
5544,1579,0.7621653192845528,false,5544,1579,0.7621653192845528
5544,57477,0.779413483139486,false,5544,57477,0.779413483139486
5544,120892,0.9117697463399324,false,5544,120892,0.9117697463399324
5544,4057,0.916219900107009,false,5544,4057,0.916219900107009
5544,220136,0.8329340539522831,false,5544,220136,0.8329340539522831
5544,112577518,0.9204032098820442,false,5544,112577518,0.9204032098820442
5544,9370,0.927887946429498,false,5544,9370,0.927887946429498
5544,693188,0.7380026044666549,false,5544,693188,0.7380026044666549
5544,6799,0.8347616704111278,false,5544,6799,0.8347616704111278
5544,353189,0.990432394908291,false,5544,353189,0.990432394908291
5544,563,0.9169934484552503,false,5544,563,0.9169934484552503
5544,84851,0.9540682811525302,false,5544,84851,0.9540682811525302
5544,100129460,0.7119552300970722,false,5544,100129460,0.7119552300970722
5544,4069,0.995804500249646,false,5544,4069,0.995804500249646
5544,1080,0.884918861345988,false,5544,1080,0.884918861345988
5544,1286,0.8369831274388625,false,5544,1286,0.8369831274388625
5544,105372793,0.8569858429638672,false,5544,105372793,0.8569858429638672
5544,100874095,0.927887946429498,false,5544,100874095,0.927887946429498
5544,144535,0.8034936710348629,false,5544,144535,0.8034936710348629
5544,26298,0.9517988861357243,false,5544,26298,0.9517988861357243
5544,100033436,0.8766123776376056,false,5544,100033436,0.8766123776376056
79908,28984,0.7492800002186177,false,79908,28984,0.7492800002186177
79908,9356,0.8031138827915767,false,79908,9356,0.8031138827915767
79908,1910,0.8530813737409071,false,79908,1910,0.8530813737409071
79908,641776,0.7877768657418474,false,79908,641776,0.7877768657418474
79908,100506658,0.9096070072049909,false,79908,100506658,0.9096070072049909
79908,5787,0.7755617958077003,false,79908,5787,0.7755617958077003
79908,168090,0.7652707439627304,false,79908,168090,0.7652707439627304
79908,341676,0.7506339616921018,false,79908,341676,0.7506339616921018
79908,148213,0.7455608873088029,false,79908,148213,0.7455608873088029
79908,2324,0.7511805776546049,false,79908,2324,0.7511805776546049
79908,728643,0.8658774150094445,false,79908,728643,0.8658774150094445
79908,55567,0.7860562913995094,false,79908,55567,0.7860562913995094
79908,54997,0.7590019770053603,false,79908,54997,0.7590019770053603
79908,79848,0.7601081859309934,false,79908,79848,0.7601081859309934
79908,219790,0.9157217287133776,false,79908,219790,0.9157217287133776
79908,115677,0.9217537145085967,false,79908,115677,0.9217537145085967
79908,5961,0.7585105835877003,false,79908,5961,0.7585105835877003
79908,7851,0.7556222382223927,false,79908,7851,0.7556222382223927
79908,109136579,0.7426784442978599,false,79908,109136579,0.7426784442978599
79908,503645,0.8049048204138617,false,79908,503645,0.8049048204138617
79908,55808,0.7445130107823138,false,79908,55808,0.7445130107823138
79908,999,0.7459350712974852,false,79908,999,0.7459350712974852
79908,126353,0.7385338369845355,false,79908,126353,0.7385338369845355
79908,26226,0.7620183813844676,false,79908,26226,0.7620183813844676
79908,346007,0.7387239725946003,false,79908,346007,0.7387239725946003
79908,388743,0.7280968383914951,false,79908,388743,0.7280968383914951
79908,1577,0.7299192417214388,false,79908,1577,0.7299192417214388
79908,100033430,0.7151819114398169,false,79908,100033430,0.7151819114398169
79908,340267,0.7434807120032928,false,79908,340267,0.7434807120032928
79908,200879,0.7410150289177295,false,79908,200879,0.7410150289177295
79908,1510,0.7349383142417288,false,79908,1510,0.7349383142417288
79908,441251,0.7350035841746007,false,79908,441251,0.7350035841746007
79908,102723849,0.7457495772114995,false,79908,102723849,0.7457495772114995
79908,9196,0.7766571521471671,false,79908,9196,0.7766571521471671
79908,114327,0.7803413973170964,false,79908,114327,0.7803413973170964
79908,6337,0.9177333337030382,false,79908,6337,0.9177333337030382
79908,57669,0.9006378061540954,false,79908,57669,0.9006378061540954
79908,619383,0.7449318995138247,false,79908,619383,0.7449318995138247
79908,57111,0.7488928464805298,false,79908,57111,0.7488928464805298
79908,116844,0.7234609863983054,false,79908,116844,0.7234609863983054
79908,10129,0.7496242683484405,false,79908,10129,0.7496242683484405
79908,4586,0.7198819845934842,false,79908,4586,0.7198819845934842
79908,10551,0.733711096222957,false,79908,10551,0.733711096222957
79908,130271,0.8932121518381227,false,79908,130271,0.8932121518381227
79908,6101,0.8807617531725489,false,79908,6101,0.8807617531725489
79908,378938,0.7434002223227032,false,79908,378938,0.7434002223227032
79908,54897,0.9315346131935942,false,79908,54897,0.9315346131935942
79908,117155,0.7357340497117779,false,79908,117155,0.7357340497117779
79908,112268155,0.7466621689987087,false,79908,112268155,0.7466621689987087
79908,1152,0.8481047848807146,false,79908,1152,0.8481047848807146
79908,27074,0.7498666291663458,false,79908,27074,0.7498666291663458
79908,79083,0.7574109424011215,false,79908,79083,0.7574109424011215
79908,66002,0.7373962185989525,false,79908,66002,0.7373962185989525
79908,1556,0.8085306402235057,false,79908,1556,0.8085306402235057
79908,22996,0.7765047985211174,false,79908,22996,0.7765047985211174
79908,55930,0.783176857872494,false,79908,55930,0.783176857872494
79908,7113,0.7534580179772401,false,79908,7113,0.7534580179772401
79908,54861,0.8605954537501588,false,79908,54861,0.8605954537501588
79908,222256,0.7120815858791202,false,79908,222256,0.7120815858791202
79908,105180391,0.7943712965935495,false,79908,105180391,0.7943712965935495
79908,26084,0.8087529815363138,false,79908,26084,0.8087529815363138
79908,100529240,0.7603462201532382,false,79908,100529240,0.7603462201532382
79908,54,0.8841814247933072,false,79908,54,0.8841814247933072
79908,113218482,0.7238586183293955,false,79908,113218482,0.7238586183293955
79908,647024,0.7360685095130375,false,79908,647024,0.7360685095130375
79908,10018,0.7214779229064099,false,79908,10018,0.7214779229064099
79908,115019,0.7349537043260933,false,79908,115019,0.7349537043260933
79908,201625,0.8193721804292902,false,79908,201625,0.8193721804292902
79908,105180390,0.7909896529552483,false,79908,105180390,0.7909896529552483
79908,692058,0.7110682890301787,false,79908,692058,0.7110682890301787
79908,168374,0.7435478805513375,false,79908,168374,0.7435478805513375
79908,83481,0.7640695375314674,false,79908,83481,0.7640695375314674
79908,645843,0.773543331538584,false,79908,645843,0.773543331538584
79908,1579,0.7599273810167287,false,79908,1579,0.7599273810167287
79908,80004,0.7270458463453694,false,79908,80004,0.7270458463453694
79908,121512,0.8038090793342761,false,79908,121512,0.8038090793342761
79908,3993,0.8055803134317129,false,79908,3993,0.8055803134317129
79908,389852,0.7292496907768073,false,79908,389852,0.7292496907768073
79908,342892,0.7995017806388788,false,79908,342892,0.7995017806388788
79908,164312,0.8031746512255942,false,79908,164312,0.8031746512255942
79908,84239,0.8719672341274746,false,79908,84239,0.8719672341274746
79908,2065,0.7920956044272669,false,79908,2065,0.7920956044272669
79908,57402,0.9076923059693218,false,79908,57402,0.9076923059693218
79908,776,0.8389964480055083,false,79908,776,0.8389964480055083
79908,135656,0.7205157897373274,false,79908,135656,0.7205157897373274
79908,3880,0.7893508889445152,false,79908,3880,0.7893508889445152
79908,94059,0.7549714635684829,false,79908,94059,0.7549714635684829
79908,3960,0.7210545244186954,false,79908,3960,0.7210545244186954
79908,7433,0.9187113264011908,false,79908,7433,0.9187113264011908
79908,284323,0.7382181077117594,false,79908,284323,0.7382181077117594
79908,65217,0.9205414554447444,false,79908,65217,0.9205414554447444
79908,23584,0.8069937482706726,false,79908,23584,0.8069937482706726
79908,692213,0.7313131655074677,false,79908,692213,0.7313131655074677
79908,84765,0.7756663458378225,false,79908,84765,0.7756663458378225
79908,153643,0.7083400493771891,false,79908,153643,0.7083400493771891
79908,112268422,0.7122117922309299,false,79908,112268422,0.7122117922309299
79908,649946,0.7314949850872606,false,79908,649946,0.7314949850872606
79908,259294,0.7324809496710567,false,79908,259294,0.7324809496710567
79908,79740,0.8997816663312875,false,79908,79740,0.8997816663312875
79908,2266,0.7518984203829102,false,79908,2266,0.7518984203829102
79908,745,0.7754774473401246,false,79908,745,0.7754774473401246
79908,440352,0.8427344191741719,false,79908,440352,0.8427344191741719
6473,102723508,0.8214756100155692,false,6473,102723508,0.8214756100155692
6473,51185,0.7434774368505415,false,6473,51185,0.7434774368505415
6473,148213,0.7119342805559724,false,6473,148213,0.7119342805559724
6473,54997,0.7115981480679909,false,6473,54997,0.7115981480679909
6473,79848,0.7838370375599101,false,6473,79848,0.7838370375599101
6473,5961,0.7458594120902748,false,6473,5961,0.7458594120902748
6473,692072,0.7908512571223594,false,6473,692072,0.7908512571223594
6473,109136579,0.7082297756609705,false,6473,109136579,0.7082297756609705
6473,55808,0.7066151765424611,false,6473,55808,0.7066151765424611
6473,26226,0.7342882905246221,false,6473,26226,0.7342882905246221
6473,64332,0.7102608233092188,false,6473,64332,0.7102608233092188
6473,388743,0.7285465819815993,false,6473,388743,0.7285465819815993
6473,137872,0.8086136942115406,false,6473,137872,0.8086136942115406
6473,1577,0.7548207383431303,false,6473,1577,0.7548207383431303
6473,340267,0.715778612771831,false,6473,340267,0.715778612771831
6473,200879,0.7266144910906126,false,6473,200879,0.7266144910906126
6473,1510,0.702197989863663,false,6473,1510,0.702197989863663
6473,102723849,0.7259224766277531,false,6473,102723849,0.7259224766277531
6473,619383,0.7242185525928777,false,6473,619383,0.7242185525928777
6473,10129,0.7400593197548305,false,6473,10129,0.7400593197548305
6473,4586,0.739248314947609,false,6473,4586,0.739248314947609
6473,100158262,0.8476376153963243,false,6473,100158262,0.8476376153963243
6473,10551,0.7231780313859442,false,6473,10551,0.7231780313859442
6473,378938,0.7074554232018619,false,6473,378938,0.7074554232018619
6473,285,0.7543334761190209,false,6473,285,0.7543334761190209
6473,117155,0.7123627495920749,false,6473,117155,0.7123627495920749
6473,79083,0.7187376283674252,false,6473,79083,0.7187376283674252
6473,66002,0.722579441740802,false,6473,66002,0.722579441740802
6473,7620,0.9009025860338271,false,6473,7620,0.9009025860338271
6473,100529240,0.7141484048179333,false,6473,100529240,0.7141484048179333
6473,113218482,0.7211189964001777,false,6473,113218482,0.7211189964001777
6473,255928,0.737912034991624,false,6473,255928,0.737912034991624
6473,8537,0.8795642599138913,false,6473,8537,0.8795642599138913
6473,10018,0.7489719845617432,false,6473,10018,0.7489719845617432
6473,115019,0.7171123231511429,false,6473,115019,0.7171123231511429
6473,692058,0.7216846832296032,false,6473,692058,0.7216846832296032
6473,143884,0.8266295864463539,false,6473,143884,0.8266295864463539
6473,389852,0.7207443180469693,false,6473,389852,0.7207443180469693
6473,342892,0.7320583422505196,false,6473,342892,0.7320583422505196
6473,135656,0.7400499648801103,false,6473,135656,0.7400499648801103
6473,94059,0.7114608830380839,false,6473,94059,0.7114608830380839
6473,3960,0.7391767708708906,false,6473,3960,0.7391767708708906
6473,284323,0.7633755302834199,false,6473,284323,0.7633755302834199
6473,692213,0.7318041083971047,false,6473,692213,0.7318041083971047
6473,112268422,0.7554840439517244,false,6473,112268422,0.7554840439517244
6473,259294,0.7684940524948127,false,6473,259294,0.7684940524948127
146556,7080,0.8753518650485836,false,146556,7080,0.8753518650485836
146556,6439,0.7269026072914129,false,146556,6439,0.7269026072914129
146556,406903,0.8055165833581114,false,146556,406903,0.8055165833581114
146556,84842,0.8168870278910951,false,146556,84842,0.8168870278910951
146556,388555,0.8451371516592365,false,146556,388555,0.8451371516592365
146556,128602,0.8899532083349959,false,146556,128602,0.8899532083349959
146556,100506380,0.7955102493553837,false,146556,100506380,0.7955102493553837
146556,363,0.8451371516592368,false,146556,363,0.8451371516592368
146556,65998,0.8952046988374206,false,146556,65998,0.8952046988374206
146556,419,0.8451371516592366,false,146556,419,0.8451371516592366
146556,93517,0.8669595191213108,false,146556,93517,0.8669595191213108
146556,388633,0.8474372305179889,false,146556,388633,0.8474372305179889
146556,387882,0.8484290266304887,false,146556,387882,0.8484290266304887
146556,11185,0.7770551249750892,false,146556,11185,0.7770551249750892
146556,10586,0.8914823642238048,false,146556,10586,0.8914823642238048
146556,2125,0.9244874197239714,false,146556,2125,0.9244874197239714
146556,3780,0.8519764026262475,false,146556,3780,0.8519764026262475
146556,163479,0.7405243391916918,false,146556,163479,0.7405243391916918
146556,84867,0.8137461235544596,false,146556,84867,0.8137461235544596
146556,284680,0.7741497868587278,false,146556,284680,0.7741497868587278
146556,128218,0.7916010968801276,false,146556,128218,0.7916010968801276
146556,5349,0.9115537802198247,false,146556,5349,0.9115537802198247
146556,113219467,0.8259502303686093,false,146556,113219467,0.8259502303686093
146556,26797,0.8401051761829945,false,146556,26797,0.8401051761829945
146556,692209,0.7771715657794,false,146556,692209,0.7771715657794
146556,84525,0.7730552366961759,false,146556,84525,0.7730552366961759
146556,4861,0.8693915325788306,false,146556,4861,0.8693915325788306
146556,21,0.841226311957427,false,146556,21,0.841226311957427
146556,498,0.732172829317438,false,146556,498,0.732172829317438
146556,284434,0.9164273330129588,false,146556,284434,0.9164273330129588
146556,440590,0.7117933418277002,false,146556,440590,0.7117933418277002
146556,100423031,0.8451371516592369,false,146556,100423031,0.8451371516592369
146556,1515,0.7120754488188102,false,146556,1515,0.7120754488188102
146556,3855,0.7394713992707534,false,146556,3855,0.7394713992707534
146556,165186,0.8567258598018422,false,146556,165186,0.8567258598018422
146556,102465485,0.7111703536955778,false,146556,102465485,0.7111703536955778
10579,28984,0.7951512410223925,false,10579,28984,0.7951512410223925
10579,130367,0.7648049294130279,false,10579,130367,0.7648049294130279
10579,285335,0.8255548487650243,false,10579,285335,0.8255548487650243
10579,1910,0.8235696618747785,false,10579,1910,0.8235696618747785
10579,200373,0.923117663391119,false,10579,200373,0.923117663391119
10579,168090,0.9060556613936577,false,10579,168090,0.9060556613936577
10579,474354,0.9155075881781064,false,10579,474354,0.9155075881781064
10579,1906,0.720285455087104,false,10579,1906,0.720285455087104
10579,3240,0.8165776965411887,false,10579,3240,0.8165776965411887
10579,7033,0.8088390736463446,false,10579,7033,0.8088390736463446
10579,54842,0.9415552682635586,false,10579,54842,0.9415552682635586
10579,6103,0.8340658381708719,false,10579,6103,0.8340658381708719
10579,64073,0.7667750305158408,false,10579,64073,0.7667750305158408
10579,253970,0.9373476545283446,false,10579,253970,0.9373476545283446
10579,4070,0.7254368026825625,false,10579,4070,0.7254368026825625
10579,56892,0.7167063919566129,false,10579,56892,0.7167063919566129
10579,8091,0.8516981196635944,false,10579,8091,0.8516981196635944
10579,3875,0.9688535387546949,false,10579,3875,0.9688535387546949
10579,160728,0.7010516804068595,false,10579,160728,0.7010516804068595
10579,4680,0.8657419035705938,false,10579,4680,0.8657419035705938
10579,7356,0.7862428867235282,false,10579,7356,0.7862428867235282
10579,109729127,0.7221080020653597,false,10579,109729127,0.7221080020653597
10579,400578,0.8050629337067216,false,10579,400578,0.8050629337067216
10579,5284,0.9185511236792404,false,10579,5284,0.9185511236792404
10579,94025,0.8596005161515591,false,10579,94025,0.8596005161515591
10579,89765,0.7202896392698007,false,10579,89765,0.7202896392698007
10579,278,0.7248800988597528,false,10579,278,0.7248800988597528
10579,728276,0.7941564489371352,false,10579,728276,0.7941564489371352
10579,101927516,0.8425166719116398,false,10579,101927516,0.8425166719116398
10579,688,0.8587962753990994,false,10579,688,0.8587962753990994
10579,6101,0.8368015832726035,false,10579,6101,0.8368015832726035
10579,5545,0.8431263872489869,false,10579,5545,0.8431263872489869
10579,727897,0.8321239367217154,false,10579,727897,0.8321239367217154
10579,27074,0.9398522479971416,false,10579,27074,0.9398522479971416
10579,54848,0.7183435115320002,false,10579,54848,0.7183435115320002
10579,79632,0.9816401860011829,false,10579,79632,0.9816401860011829
10579,4585,0.936803311898174,false,10579,4585,0.936803311898174
10579,1767,0.9608465870024989,false,10579,1767,0.9608465870024989
10579,1604,0.7330101262532936,false,10579,1604,0.7330101262532936
10579,9476,0.7168040882439365,false,10579,9476,0.7168040882439365
10579,117156,0.7480267206334399,false,10579,117156,0.7480267206334399
10579,201625,0.8111548591911332,false,10579,201625,0.8111548591911332
10579,195814,0.769429279495199,false,10579,195814,0.769429279495199
10579,1043,0.9405159890031893,false,10579,1043,0.9405159890031893
10579,276,0.8012399123114545,false,10579,276,0.8012399123114545
10579,2122,0.8634235370432062,false,10579,2122,0.8634235370432062
10579,105,0.8055490403513472,false,10579,105,0.8055490403513472
10579,84059,0.9666056049575673,false,10579,84059,0.9666056049575673
10579,1579,0.9070580707275802,false,10579,1579,0.9070580707275802
10579,57477,0.9319738038640835,false,10579,57477,0.9319738038640835
10579,120892,0.9968591690963609,false,10579,120892,0.9968591690963609
10579,123624,0.8057809978540835,false,10579,123624,0.8057809978540835
10579,4057,0.8146013979719534,false,10579,4057,0.8146013979719534
10579,112577518,0.7922366483835093,false,10579,112577518,0.7922366483835093
10579,9370,0.811352816798342,false,10579,9370,0.811352816798342
10579,6799,0.7677517870640583,false,10579,6799,0.7677517870640583
10579,353189,0.9393565845017499,false,10579,353189,0.9393565845017499
10579,563,0.7937847079892648,false,10579,563,0.7937847079892648
10579,84851,0.9727765030007898,false,10579,84851,0.9727765030007898
10579,3880,0.7340647650718666,false,10579,3880,0.7340647650718666
10579,100129460,0.7825909140202938,false,10579,100129460,0.7825909140202938
10579,4069,0.9378473822018176,false,10579,4069,0.9378473822018176
10579,1080,0.985290825552779,false,10579,1080,0.985290825552779
10579,123872,0.7092167787797197,false,10579,123872,0.7092167787797197
10579,1286,0.9687908115374865,false,10579,1286,0.9687908115374865
10579,105372793,0.7727235313155639,false,10579,105372793,0.7727235313155639
10579,79784,0.7425409060575214,false,10579,79784,0.7425409060575214
10579,100874095,0.811352816798342,false,10579,100874095,0.811352816798342
10579,729238,0.7044411976052867,false,10579,729238,0.7044411976052867
10579,144535,0.9420457052637017,false,10579,144535,0.9420457052637017
10579,26298,0.8993190986219168,false,10579,26298,0.8993190986219168
10579,100033436,0.7687236052068834,false,10579,100033436,0.7687236052068834
730,85452,0.844224042275954,false,730,85452,0.844224042275954
730,146177,0.768105647681339,false,730,146177,0.768105647681339
730,728226,0.8398050891478077,false,730,728226,0.8398050891478077
730,22943,0.7098533049929737,false,730,22943,0.7098533049929737
730,2696,0.8968516551603969,false,730,2696,0.8968516551603969
730,5787,0.7870241663579929,false,730,5787,0.7870241663579929
730,54084,0.7388052721150329,false,730,54084,0.7388052721150329
730,100129940,0.9938850923153678,false,730,100129940,0.9938850923153678
730,1906,0.8312502114701461,false,730,1906,0.8312502114701461
730,339983,0.8316975750085105,false,730,339983,0.8316975750085105
730,6969,0.814622433109326,false,730,6969,0.814622433109326
730,221395,0.9456670411714548,false,730,221395,0.9456670411714548
730,7473,0.8275910188453249,false,730,7473,0.8275910188453249
730,6332,0.9034869406171246,false,730,6332,0.9034869406171246
730,718,0.7350279314578017,false,730,718,0.7350279314578017
730,9223,0.9488730472742662,false,730,9223,0.9488730472742662
730,653082,0.9132412249947198,false,730,653082,0.9132412249947198
730,2277,0.952264240612056,false,730,2277,0.952264240612056
730,825,0.7266044089222973,false,730,825,0.7266044089222973
730,109729184,0.7802668267540306,false,730,109729184,0.7802668267540306
730,79148,0.9049080066739326,false,730,79148,0.9049080066739326
730,101927516,0.7623437414131062,false,730,101927516,0.7623437414131062
730,6532,0.7867100853384073,false,730,6532,0.7867100853384073
730,100996506,0.739991268040666,false,730,100996506,0.739991268040666
730,54848,0.7108304517060637,false,730,54848,0.7108304517060637
730,54,0.7041913206251517,false,730,54,0.7041913206251517
730,256076,0.9317454837388398,false,730,256076,0.9317454837388398
730,9411,0.8768184972063835,false,730,9411,0.8768184972063835
730,9771,0.7506932685951101,false,730,9771,0.7506932685951101
730,100820829,0.946837353638609,false,730,100820829,0.946837353638609
730,10203,0.9104816324634779,false,730,10203,0.9104816324634779
730,105373265,0.8713876361679814,false,730,105373265,0.8713876361679814
730,9211,0.8316975750085104,false,730,9211,0.8316975750085104
102723508,28984,0.7122478042938337,false,102723508,28984,0.7122478042938337
102723508,130367,0.7395945962492873,false,102723508,130367,0.7395945962492873
102723508,9356,0.9765869158559254,false,102723508,9356,0.9765869158559254
102723508,641776,0.95588844833977,false,102723508,641776,0.95588844833977
102723508,100506658,0.8168964664975955,false,102723508,100506658,0.8168964664975955
102723508,341676,0.9224737046414146,false,102723508,341676,0.9224737046414146
102723508,148213,0.9655198171196023,false,102723508,148213,0.9655198171196023
102723508,10595,0.8731000143962482,false,102723508,10595,0.8731000143962482
102723508,4583,0.8507489352533899,false,102723508,4583,0.8507489352533899
102723508,728643,0.941716109001223,false,102723508,728643,0.941716109001223
102723508,55567,0.8978808228038109,false,102723508,55567,0.8978808228038109
102723508,54997,0.9786612608356924,false,102723508,54997,0.9786612608356924
102723508,79848,0.9889419961666887,false,102723508,79848,0.9889419961666887
102723508,219790,0.7466869530170024,false,102723508,219790,0.7466869530170024
102723508,115677,0.7767490702411862,false,102723508,115677,0.7767490702411862
102723508,5961,0.9910443266773709,false,102723508,5961,0.9910443266773709
102723508,7851,0.956792994998328,false,102723508,7851,0.956792994998328
102723508,692072,0.9845141928530233,false,102723508,692072,0.9845141928530233
102723508,109136579,0.9529795720309284,false,102723508,109136579,0.9529795720309284
102723508,503645,0.9590214839513423,false,102723508,503645,0.9590214839513423
102723508,55808,0.96533734184858,false,102723508,55808,0.96533734184858
102723508,999,0.871993669745623,false,102723508,999,0.871993669745623
102723508,126353,0.9243284067268472,false,102723508,126353,0.9243284067268472
102723508,26226,0.9788984054917041,false,102723508,26226,0.9788984054917041
102723508,64332,0.9144301060213639,false,102723508,64332,0.9144301060213639
102723508,346007,0.810132037603739,false,102723508,346007,0.810132037603739
102723508,388743,0.972555136456222,false,102723508,388743,0.972555136456222
102723508,137872,0.9823867038388112,false,102723508,137872,0.9823867038388112
102723508,1577,0.9734802595566818,false,102723508,1577,0.9734802595566818
102723508,100033430,0.8952421068806904,false,102723508,100033430,0.8952421068806904
102723508,340267,0.9602388029969067,false,102723508,340267,0.9602388029969067
102723508,200879,0.9774784133545262,false,102723508,200879,0.9774784133545262
102723508,1510,0.9542661922547818,false,102723508,1510,0.9542661922547818
102723508,441251,0.8624715820949885,false,102723508,441251,0.8624715820949885
102723508,102723849,0.9756454304828075,false,102723508,102723849,0.9756454304828075
102723508,9196,0.8665037338677668,false,102723508,9196,0.8665037338677668
102723508,6337,0.7928702369496414,false,102723508,6337,0.7928702369496414
102723508,57669,0.9030704908258069,false,102723508,57669,0.9030704908258069
102723508,619383,0.9563115470400099,false,102723508,619383,0.9563115470400099
102723508,57111,0.9577495028402284,false,102723508,57111,0.9577495028402284
102723508,278,0.7757910830102371,false,102723508,278,0.7757910830102371
102723508,116844,0.928313383410614,false,102723508,116844,0.928313383410614
102723508,10129,0.9766685521030523,false,102723508,10129,0.9766685521030523
102723508,4586,0.976990104098396,false,102723508,4586,0.976990104098396
102723508,100158262,0.9964404258362615,false,102723508,100158262,0.9964404258362615
102723508,10551,0.9706734262343751,false,102723508,10551,0.9706734262343751
102723508,378938,0.95254921946835,false,102723508,378938,0.95254921946835
102723508,54897,0.880042126768499,false,102723508,54897,0.880042126768499
102723508,285,0.7203163346057389,false,102723508,285,0.7203163346057389
102723508,117155,0.9755809669070546,false,102723508,117155,0.9755809669070546
102723508,112268155,0.9577387188656862,false,102723508,112268155,0.9577387188656862
102723508,1152,0.9243679045772747,false,102723508,1152,0.9243679045772747
102723508,79083,0.979052886134332,false,102723508,79083,0.979052886134332
102723508,66002,0.9709461545252241,false,102723508,66002,0.9709461545252241
102723508,1556,0.9512716566256867,false,102723508,1556,0.9512716566256867
102723508,22996,0.9412445013574618,false,102723508,22996,0.9412445013574618
102723508,55930,0.949001324955789,false,102723508,55930,0.949001324955789
102723508,7620,0.9255429921959698,false,102723508,7620,0.9255429921959698
102723508,7113,0.9203604539955337,false,102723508,7113,0.9203604539955337
102723508,54861,0.9131041401513911,false,102723508,54861,0.9131041401513911
102723508,222256,0.845760016398415,false,102723508,222256,0.845760016398415
102723508,105180391,0.9649833565587211,false,102723508,105180391,0.9649833565587211
102723508,100529240,0.9717073739626259,false,102723508,100529240,0.9717073739626259
102723508,113218482,0.9695168966326384,false,102723508,113218482,0.9695168966326384
102723508,647024,0.8764329260734649,false,102723508,647024,0.8764329260734649
102723508,255928,0.9692606888594341,false,102723508,255928,0.9692606888594341
102723508,151531,0.8953432794721842,false,102723508,151531,0.8953432794721842
102723508,8537,0.9699561523731092,false,102723508,8537,0.9699561523731092
102723508,10018,0.9768038548919661,false,102723508,10018,0.9768038548919661
102723508,115019,0.9694233627995641,false,102723508,115019,0.9694233627995641
102723508,201625,0.7018275787834911,false,102723508,201625,0.7018275787834911
102723508,105180390,0.9633191912489205,false,102723508,105180390,0.9633191912489205
102723508,692058,0.9414510687266976,false,102723508,692058,0.9414510687266976
102723508,168374,0.9306343949071194,false,102723508,168374,0.9306343949071194
102723508,83481,0.8927936332196728,false,102723508,83481,0.8927936332196728
102723508,645843,0.9313565884983535,false,102723508,645843,0.9313565884983535
102723508,143884,0.9965825459194002,false,102723508,143884,0.9965825459194002
102723508,80004,0.7837729882573089,false,102723508,80004,0.7837729882573089
102723508,121512,0.8931388693666822,false,102723508,121512,0.8931388693666822
102723508,3993,0.9032059662678674,false,102723508,3993,0.9032059662678674
102723508,389852,0.9696065313874056,false,102723508,389852,0.9696065313874056
102723508,342892,0.9826989191628877,false,102723508,342892,0.9826989191628877
102723508,164312,0.937656101527057,false,102723508,164312,0.937656101527057
102723508,84239,0.883574615684552,false,102723508,84239,0.883574615684552
102723508,2065,0.9021400091912274,false,102723508,2065,0.9021400091912274
102723508,57402,0.8412903654330112,false,102723508,57402,0.8412903654330112
102723508,1513,0.7138403415612858,false,102723508,1513,0.7138403415612858
102723508,776,0.8917337784429555,false,102723508,776,0.8917337784429555
102723508,780,0.8140063478099703,false,102723508,780,0.8140063478099703
102723508,135656,0.9779790777817934,false,102723508,135656,0.9779790777817934
102723508,3880,0.7357099247781993,false,102723508,3880,0.7357099247781993
102723508,94059,0.9730019877747325,false,102723508,94059,0.9730019877747325
102723508,26769,0.8921510438150226,false,102723508,26769,0.8921510438150226
102723508,3960,0.977449173904672,false,102723508,3960,0.977449173904672
102723508,7433,0.8624652476752084,false,102723508,7433,0.8624652476752084
102723508,284323,0.9935338826226607,false,102723508,284323,0.9935338826226607
102723508,100129460,0.7270693860449278,false,102723508,100129460,0.7270693860449278
102723508,65217,0.8241623619726673,false,102723508,65217,0.8241623619726673
102723508,23584,0.9642805546973623,false,102723508,23584,0.9642805546973623
102723508,692213,0.9660496056197548,false,102723508,692213,0.9660496056197548
102723508,153643,0.8625059783772274,false,102723508,153643,0.8625059783772274
102723508,112268422,0.9824920101452314,false,102723508,112268422,0.9824920101452314
102723508,649946,0.7104524182220567,false,102723508,649946,0.7104524182220567
102723508,259294,0.9918275210030966,false,102723508,259294,0.9918275210030966
102723508,79740,0.8396346632252287,false,102723508,79740,0.8396346632252287
102723508,2266,0.970122619952963,false,102723508,2266,0.970122619952963
102723508,745,0.9565316128844836,false,102723508,745,0.9565316128844836
102723508,440352,0.8793332379657822,false,102723508,440352,0.8793332379657822
28984,51185,0.8031377718533341,false,28984,51185,0.8031377718533341
28984,130367,0.9627899596690966,false,28984,130367,0.9627899596690966
28984,285335,0.9349129662757205,false,28984,285335,0.9349129662757205
28984,9356,0.7543642036619995,false,28984,9356,0.7543642036619995
28984,1910,0.9535170362261507,false,28984,1910,0.9535170362261507
28984,641776,0.8338070102864436,false,28984,641776,0.8338070102864436
28984,100506658,0.8024987077221851,false,28984,100506658,0.8024987077221851
28984,200373,0.9149873861379348,false,28984,200373,0.9149873861379348
28984,168090,0.9338495733201716,false,28984,168090,0.9338495733201716
28984,474354,0.7901268302188265,false,28984,474354,0.7901268302188265
28984,341676,0.8969695315949615,false,28984,341676,0.8969695315949615
28984,148213,0.8246752558629887,false,28984,148213,0.8246752558629887
28984,10595,0.9150114207567369,false,28984,10595,0.9150114207567369
28984,4583,0.9259159239136389,false,28984,4583,0.9259159239136389
28984,54842,0.7341036602304017,false,28984,54842,0.7341036602304017
28984,728643,0.7017930794873355,false,28984,728643,0.7017930794873355
28984,55567,0.9109274394402749,false,28984,55567,0.9109274394402749
28984,6103,0.9423081604192411,false,28984,6103,0.9423081604192411
28984,54997,0.7707850704344671,false,28984,54997,0.7707850704344671
28984,79848,0.7762202562169488,false,28984,79848,0.7762202562169488
28984,115677,0.8384566944953661,false,28984,115677,0.8384566944953661
28984,5961,0.7677958603914544,false,28984,5961,0.7677958603914544
28984,7851,0.8350244720774556,false,28984,7851,0.8350244720774556
28984,692072,0.797837538028324,false,28984,692072,0.797837538028324
28984,109136579,0.8706916216096089,false,28984,109136579,0.8706916216096089
28984,503645,0.7899812384494864,false,28984,503645,0.7899812384494864
28984,55808,0.7921507395072515,false,28984,55808,0.7921507395072515
28984,999,0.9191539736074213,false,28984,999,0.9191539736074213
28984,126353,0.8456389107389365,false,28984,126353,0.8456389107389365
28984,26226,0.8239418398894319,false,28984,26226,0.8239418398894319
28984,64332,0.8739501551916962,false,28984,64332,0.8739501551916962
28984,346007,0.7982324400388964,false,28984,346007,0.7982324400388964
28984,388743,0.7835709962942324,false,28984,388743,0.7835709962942324
28984,3875,0.7436558672105559,false,28984,3875,0.7436558672105559
28984,1577,0.8398231196537933,false,28984,1577,0.8398231196537933
28984,100033430,0.9080549350236771,false,28984,100033430,0.9080549350236771
28984,340267,0.8386688583881644,false,28984,340267,0.8386688583881644
28984,200879,0.7807157670364365,false,28984,200879,0.7807157670364365
28984,1510,0.8120578212847059,false,28984,1510,0.8120578212847059
28984,441251,0.9469369427956963,false,28984,441251,0.9469369427956963
28984,102723849,0.817828212566639,false,28984,102723849,0.817828212566639
28984,6337,0.86898783714944,false,28984,6337,0.86898783714944
28984,5284,0.924188289747959,false,28984,5284,0.924188289747959
28984,57669,0.7977561091148487,false,28984,57669,0.7977561091148487
28984,619383,0.8775765486389726,false,28984,619383,0.8775765486389726
28984,89765,0.8604205074507264,false,28984,89765,0.8604205074507264
28984,57111,0.8271245301995154,false,28984,57111,0.8271245301995154
28984,278,0.9805362708319423,false,28984,278,0.9805362708319423
28984,116844,0.8729344819296769,false,28984,116844,0.8729344819296769
28984,10129,0.8345828279949653,false,28984,10129,0.8345828279949653
28984,4586,0.7734909694225547,false,28984,4586,0.7734909694225547
28984,100158262,0.7321297827356937,false,28984,100158262,0.7321297827356937
28984,10551,0.8027194897647917,false,28984,10551,0.8027194897647917
28984,688,0.9434452653031817,false,28984,688,0.9434452653031817
28984,6101,0.8964847919576067,false,28984,6101,0.8964847919576067
28984,378938,0.8716395332481736,false,28984,378938,0.8716395332481736
28984,54897,0.7099983498041257,false,28984,54897,0.7099983498041257
28984,285,0.754558254861972,false,28984,285,0.754558254861972
28984,117155,0.7387607583806584,false,28984,117155,0.7387607583806584
28984,112268155,0.8294515470918966,false,28984,112268155,0.8294515470918966
28984,1152,0.898814360617504,false,28984,1152,0.898814360617504
28984,27074,0.8907169990340206,false,28984,27074,0.8907169990340206
28984,79083,0.7866591985658267,false,28984,79083,0.7866591985658267
28984,66002,0.7698893702507066,false,28984,66002,0.7698893702507066
28984,1556,0.8295429692615995,false,28984,1556,0.8295429692615995
28984,79632,0.8209088790523045,false,28984,79632,0.8209088790523045
28984,4585,0.8262756788212676,false,28984,4585,0.8262756788212676
28984,22996,0.8220043091556343,false,28984,22996,0.8220043091556343
28984,55930,0.8149462709721449,false,28984,55930,0.8149462709721449
28984,7113,0.8706079526702102,false,28984,7113,0.8706079526702102
28984,54861,0.8771971766269571,false,28984,54861,0.8771971766269571
28984,222256,0.9580113128450859,false,28984,222256,0.9580113128450859
28984,105180391,0.815020179017215,false,28984,105180391,0.815020179017215
28984,26084,0.7544145921707505,false,28984,26084,0.7544145921707505
28984,100529240,0.828069891048878,false,28984,100529240,0.828069891048878
28984,54,0.7001624165367613,false,28984,54,0.7001624165367613
28984,113218482,0.7732837282187015,false,28984,113218482,0.7732837282187015
28984,647024,0.8995607829858495,false,28984,647024,0.8995607829858495
28984,255928,0.7251761677113302,false,28984,255928,0.7251761677113302
28984,151531,0.8013888297260063,false,28984,151531,0.8013888297260063
28984,8537,0.7542159045007607,false,28984,8537,0.7542159045007607
28984,10018,0.7942315796339094,false,28984,10018,0.7942315796339094
28984,115019,0.78557716742296,false,28984,115019,0.78557716742296
28984,201625,0.9793992267030373,false,28984,201625,0.9793992267030373
28984,105180390,0.8276372255629284,false,28984,105180390,0.8276372255629284
28984,1043,0.9228013814502788,false,28984,1043,0.9228013814502788
28984,692058,0.8807978786203569,false,28984,692058,0.8807978786203569
28984,276,0.9810739781002016,false,28984,276,0.9810739781002016
28984,168374,0.9050915730067264,false,28984,168374,0.9050915730067264
28984,83481,0.896809459721506,false,28984,83481,0.896809459721506
28984,645843,0.9061499328553797,false,28984,645843,0.9061499328553797
28984,84059,0.7410574849789441,false,28984,84059,0.7410574849789441
28984,143884,0.7089763704398151,false,28984,143884,0.7089763704398151
28984,1579,0.9318194849668764,false,28984,1579,0.9318194849668764
28984,57477,0.7080939004027884,false,28984,57477,0.7080939004027884
28984,80004,0.9021275839494127,false,28984,80004,0.9021275839494127
28984,121512,0.8387323420588753,false,28984,121512,0.8387323420588753
28984,120892,0.7664569994784096,false,28984,120892,0.7664569994784096
28984,3993,0.7650119379918348,false,28984,3993,0.7650119379918348
28984,389852,0.8018507919618797,false,28984,389852,0.8018507919618797
28984,342892,0.7928909664355097,false,28984,342892,0.7928909664355097
28984,164312,0.8055491205415706,false,28984,164312,0.8055491205415706
28984,84239,0.909077553008142,false,28984,84239,0.909077553008142
28984,2065,0.9073037464490817,false,28984,2065,0.9073037464490817
28984,57402,0.71421156828929,false,28984,57402,0.71421156828929
28984,1513,0.9102653402439962,false,28984,1513,0.9102653402439962
28984,84851,0.8374890073675807,false,28984,84851,0.8374890073675807
28984,780,0.826508830866314,false,28984,780,0.826508830866314
28984,135656,0.7699032285914273,false,28984,135656,0.7699032285914273
28984,3880,0.9426800380178686,false,28984,3880,0.9426800380178686
28984,94059,0.8095166419829583,false,28984,94059,0.8095166419829583
28984,26769,0.9254364536124933,false,28984,26769,0.9254364536124933
28984,3960,0.7676860902418104,false,28984,3960,0.7676860902418104
28984,284323,0.7451234300969454,false,28984,284323,0.7451234300969454
28984,100129460,0.9714351814702382,false,28984,100129460,0.9714351814702382
28984,1080,0.7467372520027223,false,28984,1080,0.7467372520027223
28984,65217,0.7894936416852755,false,28984,65217,0.7894936416852755
28984,1286,0.8456846839780678,false,28984,1286,0.8456846839780678
28984,23584,0.7314199795024868,false,28984,23584,0.7314199795024868
28984,692213,0.8035505304858902,false,28984,692213,0.8035505304858902
28984,153643,0.9179615680474438,false,28984,153643,0.9179615680474438
28984,144535,0.7081240469774314,false,28984,144535,0.7081240469774314
28984,112268422,0.760011824722296,false,28984,112268422,0.760011824722296
28984,649946,0.9052615073025932,false,28984,649946,0.9052615073025932
28984,259294,0.7663615306488294,false,28984,259294,0.7663615306488294
28984,79740,0.8679765434228809,false,28984,79740,0.8679765434228809
28984,2266,0.7704494413014668,false,28984,2266,0.7704494413014668
28984,745,0.8008303202864046,false,28984,745,0.8008303202864046
28984,440352,0.7399399159748037,false,28984,440352,0.7399399159748037
51185,130367,0.748997991009356,false,51185,130367,0.748997991009356
51185,285335,0.7554935370800587,false,51185,285335,0.7554935370800587
51185,341676,0.701042674090768,false,51185,341676,0.701042674090768
51185,10595,0.729660178825552,false,51185,10595,0.729660178825552
51185,4583,0.7442003334050753,false,51185,4583,0.7442003334050753
51185,6103,0.7850013733905236,false,51185,6103,0.7850013733905236
51185,109136579,0.7165963715289466,false,51185,109136579,0.7165963715289466
51185,64332,0.7767992609141545,false,51185,64332,0.7767992609141545
51185,1577,0.7007754794632929,false,51185,1577,0.7007754794632929
51185,100033430,0.717866475209982,false,51185,100033430,0.717866475209982
51185,441251,0.7574466662685021,false,51185,441251,0.7574466662685021
51185,619383,0.73105198625481,false,51185,619383,0.73105198625481
51185,278,0.8441395238387325,false,51185,278,0.8441395238387325
51185,688,0.7907517923668317,false,51185,688,0.7907517923668317
51185,378938,0.7170309646213624,false,51185,378938,0.7170309646213624
51185,285,0.9190426728121338,false,51185,285,0.9190426728121338
51185,1152,0.7102143186409556,false,51185,1152,0.7102143186409556
51185,7620,0.7649293196306377,false,51185,7620,0.7649293196306377
51185,222256,0.7862598649805085,false,51185,222256,0.7862598649805085
51185,1604,0.7843163351626777,false,51185,1604,0.7843163351626777
51185,8537,0.7444069204151805,false,51185,8537,0.7444069204151805
51185,692058,0.7347468947076583,false,51185,692058,0.7347468947076583
51185,276,0.8311932812926768,false,51185,276,0.8311932812926768
51185,168374,0.7402636672783043,false,51185,168374,0.7402636672783043
51185,645843,0.7175344014714957,false,51185,645843,0.7175344014714957
51185,1513,0.8717118015933886,false,51185,1513,0.8717118015933886
51185,26769,0.7984869411663316,false,51185,26769,0.7984869411663316
51185,100129460,0.7815082125181171,false,51185,100129460,0.7815082125181171
51185,153643,0.7133573053409519,false,51185,153643,0.7133573053409519
51185,649946,0.7489333859661269,false,51185,649946,0.7489333859661269
130367,285335,0.9825034518977035,false,130367,285335,0.9825034518977035
130367,9356,0.7833591872835662,false,130367,9356,0.7833591872835662
130367,1910,0.908866298066904,false,130367,1910,0.908866298066904
130367,641776,0.8740947028422076,false,130367,641776,0.8740947028422076
130367,100506658,0.8287869586198996,false,130367,100506658,0.8287869586198996
130367,200373,0.9351263787053369,false,130367,200373,0.9351263787053369
130367,168090,0.8731012988951208,false,130367,168090,0.8731012988951208
130367,474354,0.750144509642847,false,130367,474354,0.750144509642847
130367,341676,0.9384955546108891,false,130367,341676,0.9384955546108891
130367,148213,0.8739031406762048,false,130367,148213,0.8739031406762048
130367,10595,0.9697897884996781,false,130367,10595,0.9697897884996781
130367,4583,0.9799831674354204,false,130367,4583,0.9799831674354204
130367,54842,0.7814719501760361,false,130367,54842,0.7814719501760361
130367,55567,0.9467440510645926,false,130367,55567,0.9467440510645926
130367,6103,0.8817640416626668,false,130367,6103,0.8817640416626668
130367,54997,0.8190823530046514,false,130367,54997,0.8190823530046514
130367,79848,0.7691177121905497,false,130367,79848,0.7691177121905497
130367,115677,0.7986217892385411,false,130367,115677,0.7986217892385411
130367,5961,0.7965246051776079,false,130367,5961,0.7965246051776079
130367,7851,0.8852733719437235,false,130367,7851,0.8852733719437235
130367,692072,0.8391261980992232,false,130367,692072,0.8391261980992232
130367,109136579,0.8949120066847934,false,130367,109136579,0.8949120066847934
130367,503645,0.7668749941896862,false,130367,503645,0.7668749941896862
130367,55808,0.84942733659656,false,130367,55808,0.84942733659656
130367,999,0.9662494566250013,false,130367,999,0.9662494566250013
130367,126353,0.9078067287705699,false,130367,126353,0.9078067287705699
130367,26226,0.8417473365120522,false,130367,26226,0.8417473365120522
130367,64332,0.8904143530571762,false,130367,64332,0.8904143530571762
130367,346007,0.8049835434478039,false,130367,346007,0.8049835434478039
130367,388743,0.8412457139573492,false,130367,388743,0.8412457139573492
130367,116984,0.7450029449841226,false,130367,116984,0.7450029449841226
130367,3875,0.7735962798097897,false,130367,3875,0.7735962798097897
130367,137872,0.7526634830416644,false,130367,137872,0.7526634830416644
130367,1577,0.8733242205558363,false,130367,1577,0.8733242205558363
130367,100033430,0.9590732647908042,false,130367,100033430,0.9590732647908042
130367,340267,0.8850849241372989,false,130367,340267,0.8850849241372989
130367,200879,0.8327753685601609,false,130367,200879,0.8327753685601609
130367,1510,0.8719304617899674,false,130367,1510,0.8719304617899674
130367,441251,0.9690603323455553,false,130367,441251,0.9690603323455553
130367,102723849,0.8595862340465132,false,130367,102723849,0.8595862340465132
130367,6337,0.8783411516906237,false,130367,6337,0.8783411516906237
130367,5284,0.9447365129560239,false,130367,5284,0.9447365129560239
130367,57669,0.8014900617581063,false,130367,57669,0.8014900617581063
130367,619383,0.8985909992064591,false,130367,619383,0.8985909992064591
130367,89765,0.9486455790473536,false,130367,89765,0.9486455790473536
130367,57111,0.8797028323942087,false,130367,57111,0.8797028323942087
130367,278,0.9840695638408846,false,130367,278,0.9840695638408846
130367,116844,0.928394157705156,false,130367,116844,0.928394157705156
130367,10129,0.8636492565363991,false,130367,10129,0.8636492565363991
130367,4586,0.8315591716542038,false,130367,4586,0.8315591716542038
130367,100158262,0.7648342810417291,false,130367,100158262,0.7648342810417291
130367,10551,0.8570054192829539,false,130367,10551,0.8570054192829539
130367,688,0.9487491383636003,false,130367,688,0.9487491383636003
130367,6101,0.8208676769627522,false,130367,6101,0.8208676769627522
130367,378938,0.8956127429960006,false,130367,378938,0.8956127429960006
130367,285,0.7045175793428032,false,130367,285,0.7045175793428032
130367,117155,0.8003304913340938,false,130367,117155,0.8003304913340938
130367,112268155,0.8811691239443254,false,130367,112268155,0.8811691239443254
130367,1152,0.8693378899856432,false,130367,1152,0.8693378899856432
130367,27074,0.8624343167285139,false,130367,27074,0.8624343167285139
130367,79083,0.8319107433511664,false,130367,79083,0.8319107433511664
130367,66002,0.8268494599734614,false,130367,66002,0.8268494599734614
130367,1556,0.8681982732927759,false,130367,1556,0.8681982732927759
130367,79632,0.8027068613400461,false,130367,79632,0.8027068613400461
130367,4585,0.8480907085967032,false,130367,4585,0.8480907085967032
130367,22996,0.8702030405844525,false,130367,22996,0.8702030405844525
130367,55930,0.8577324659770752,false,130367,55930,0.8577324659770752
130367,7113,0.9261253842477634,false,130367,7113,0.9261253842477634
130367,54861,0.8683158757679923,false,130367,54861,0.8683158757679923
130367,222256,0.9824687644581546,false,130367,222256,0.9824687644581546
130367,105180391,0.8487186374804121,false,130367,105180391,0.8487186374804121
130367,26084,0.7343647627950335,false,130367,26084,0.7343647627950335
130367,100529240,0.8667705161816267,false,130367,100529240,0.8667705161816267
130367,113218482,0.8365051028355557,false,130367,113218482,0.8365051028355557
130367,647024,0.9557564569807273,false,130367,647024,0.9557564569807273
130367,255928,0.8039155850504767,false,130367,255928,0.8039155850504767
130367,151531,0.9025478136336682,false,130367,151531,0.9025478136336682
130367,8537,0.7962159484211223,false,130367,8537,0.7962159484211223
130367,10018,0.8455658673894497,false,130367,10018,0.8455658673894497
130367,115019,0.8441073729637427,false,130367,115019,0.8441073729637427
130367,201625,0.9649378837572872,false,130367,201625,0.9649378837572872
130367,105180390,0.8619666809244481,false,130367,105180390,0.8619666809244481
130367,1043,0.9333543637399402,false,130367,1043,0.9333543637399402
130367,692058,0.9219965692549797,false,130367,692058,0.9219965692549797
130367,276,0.9848734587182335,false,130367,276,0.9848734587182335
130367,168374,0.931095800102912,false,130367,168374,0.931095800102912
130367,83481,0.9382906125572469,false,130367,83481,0.9382906125572469
130367,645843,0.9287674608834573,false,130367,645843,0.9287674608834573
130367,84059,0.7313489844764823,false,130367,84059,0.7313489844764823
130367,143884,0.728349361271504,false,130367,143884,0.728349361271504
130367,1579,0.9041164957008262,false,130367,1579,0.9041164957008262
130367,80004,0.9727186810270521,false,130367,80004,0.9727186810270521
130367,121512,0.8934560743765975,false,130367,121512,0.8934560743765975
130367,120892,0.7290534936692205,false,130367,120892,0.7290534936692205
130367,3993,0.8188667572796091,false,130367,3993,0.8188667572796091
130367,389852,0.8586900464904142,false,130367,389852,0.8586900464904142
130367,342892,0.7910881743506961,false,130367,342892,0.7910881743506961
130367,164312,0.8516319813587145,false,130367,164312,0.8516319813587145
130367,84239,0.9187392717290105,false,130367,84239,0.9187392717290105
130367,2065,0.9438586050474103,false,130367,2065,0.9438586050474103
130367,57402,0.7233549222910924,false,130367,57402,0.7233549222910924
130367,1513,0.8159678264023086,false,130367,1513,0.8159678264023086
130367,84851,0.7934791391183332,false,130367,84851,0.7934791391183332
130367,780,0.8858008241499237,false,130367,780,0.8858008241499237
130367,135656,0.8276573514148892,false,130367,135656,0.8276573514148892
130367,3880,0.96516752660535,false,130367,3880,0.96516752660535
130367,94059,0.8556501340136612,false,130367,94059,0.8556501340136612
130367,26769,0.9585298116108605,false,130367,26769,0.9585298116108605
130367,3960,0.8258619206607205,false,130367,3960,0.8258619206607205
130367,284323,0.7814078356423582,false,130367,284323,0.7814078356423582
130367,100129460,0.9765711404196215,false,130367,100129460,0.9765711404196215
130367,65217,0.7370475446306629,false,130367,65217,0.7370475446306629
130367,1286,0.7773457776210662,false,130367,1286,0.7773457776210662
130367,23584,0.7707624974778668,false,130367,23584,0.7707624974778668
130367,692213,0.856021565004217,false,130367,692213,0.856021565004217
130367,153643,0.9731426064069949,false,130367,153643,0.9731426064069949
130367,144535,0.7119212897669571,false,130367,144535,0.7119212897669571
130367,112268422,0.8161077641963197,false,130367,112268422,0.8161077641963197
130367,649946,0.8321231899085092,false,130367,649946,0.8321231899085092
130367,259294,0.8037624067639184,false,130367,259294,0.8037624067639184
130367,79740,0.8683269040935435,false,130367,79740,0.8683269040935435
130367,2266,0.8272247697724484,false,130367,2266,0.8272247697724484
130367,745,0.8529261959027651,false,130367,745,0.8529261959027651
130367,440352,0.7528705444308192,false,130367,440352,0.7528705444308192
100506686,406903,0.7589965861025305,false,100506686,406903,0.7589965861025305
100506686,101929066,0.8468068502332265,false,100506686,101929066,0.8468068502332265
100506686,81615,0.8332506032099997,false,100506686,81615,0.8332506032099997
100506686,84842,0.7319861948253606,false,100506686,84842,0.7319861948253606
100506686,8153,0.7372307346216027,false,100506686,8153,0.7372307346216027
100506686,25804,0.7219092362797881,false,100506686,25804,0.7219092362797881
100506686,124944,0.9418215797407836,false,100506686,124944,0.9418215797407836
100506686,65998,0.7103404751309367,false,100506686,65998,0.7103404751309367
100506686,340596,0.9233662723620327,false,100506686,340596,0.9233662723620327
100506686,100506755,0.9528380015029032,false,100506686,100506755,0.9528380015029032
100506686,2125,0.707636722619545,false,100506686,2125,0.707636722619545
100506686,1746,0.8552666279047225,false,100506686,1746,0.8552666279047225
100506686,163479,0.8500337760598536,false,100506686,163479,0.8500337760598536
100506686,84867,0.7389955375061574,false,100506686,84867,0.7389955375061574
100506686,113219467,0.7151897550641767,false,100506686,113219467,0.7151897550641767
100506686,26797,0.737793980406797,false,100506686,26797,0.737793980406797
100506686,57710,0.8495174622847312,false,100506686,57710,0.8495174622847312
100506686,9699,0.778380871757173,false,100506686,9699,0.778380871757173
100506686,692209,0.8130827871875574,false,100506686,692209,0.8130827871875574
100506686,84525,0.8668089504106004,false,100506686,84525,0.8668089504106004
100506686,80381,0.9113777228127276,false,100506686,80381,0.9113777228127276
100506686,498,0.8840819405305033,false,100506686,498,0.8840819405305033
100506686,100874002,0.8830792296794173,false,100506686,100874002,0.8830792296794173
100506686,219793,0.8696501855328072,false,100506686,219793,0.8696501855328072
100506686,56955,0.89427189175021,false,100506686,56955,0.89427189175021
100506686,1515,0.8552823880224982,false,100506686,1515,0.8552823880224982
100506686,165186,0.7908832910829542,false,100506686,165186,0.7908832910829542
7080,6439,0.8546442387040742,false,7080,6439,0.8546442387040742
7080,85452,0.7658916156530412,false,7080,85452,0.7658916156530412
7080,146177,0.864822986999171,false,7080,146177,0.864822986999171
7080,728226,0.8905583841041995,false,7080,728226,0.8905583841041995
7080,128602,0.8818812797825012,false,7080,128602,0.8818812797825012
7080,6332,0.717577805776504,false,7080,6332,0.717577805776504
7080,2595,0.7167478518091495,false,7080,2595,0.7167478518091495
7080,6441,0.7462335329722513,false,7080,6441,0.7462335329722513
7080,2277,0.8074519234027088,false,7080,2277,0.8074519234027088
7080,93517,0.7289310683348232,false,7080,93517,0.7289310683348232
7080,102723635,0.7330675666776904,false,7080,102723635,0.7330675666776904
7080,11185,0.901868539497715,false,7080,11185,0.901868539497715
7080,10586,0.8128522210761423,false,7080,10586,0.8128522210761423
7080,2125,0.9136230355087018,false,7080,2125,0.9136230355087018
7080,9476,0.7158795047622746,false,7080,9476,0.7158795047622746
7080,57524,0.7033594193865713,false,7080,57524,0.7033594193865713
7080,84867,0.7390299131067263,false,7080,84867,0.7390299131067263
7080,284680,0.8738768740082152,false,7080,284680,0.8738768740082152
7080,6097,0.814139762558508,false,7080,6097,0.814139762558508
7080,128218,0.8365320274775963,false,7080,128218,0.8365320274775963
7080,5349,0.7479108775695581,false,7080,5349,0.7479108775695581
7080,84525,0.8370047135165205,false,7080,84525,0.8370047135165205
7080,21,0.9694665594436274,false,7080,21,0.9694665594436274
7080,498,0.7217331693006482,false,7080,498,0.7217331693006482
7080,284434,0.8675124625749482,false,7080,284434,0.8675124625749482
7080,9052,0.8253220824558574,false,7080,9052,0.8253220824558574
7080,440590,0.7319412391608534,false,7080,440590,0.7319412391608534
7080,653509,0.7828826416861261,false,7080,653509,0.7828826416861261
7080,55282,0.756585652447018,false,7080,55282,0.756585652447018
7080,729238,0.7123993198386259,false,7080,729238,0.7123993198386259
7080,79098,0.7607679288750301,false,7080,79098,0.7607679288750301
7080,3855,0.8092732577316916,false,7080,3855,0.8092732577316916
7080,165186,0.7783445793124999,false,7080,165186,0.7783445793124999
285335,1910,0.863343855677731,false,285335,1910,0.863343855677731
285335,641776,0.7735794750318823,false,285335,641776,0.7735794750318823
285335,100506658,0.7282520137566262,false,285335,100506658,0.7282520137566262
285335,200373,0.949871021555052,false,285335,200373,0.949871021555052
285335,168090,0.8681565357038944,false,285335,168090,0.8681565357038944
285335,474354,0.7642560716651289,false,285335,474354,0.7642560716651289
285335,341676,0.8641765219843348,false,285335,341676,0.8641765219843348
285335,148213,0.7786402748144953,false,285335,148213,0.7786402748144953
285335,10595,0.9185587099361335,false,285335,10595,0.9185587099361335
285335,4583,0.9369444528447262,false,285335,4583,0.9369444528447262
285335,54842,0.8292002043668388,false,285335,54842,0.8292002043668388
285335,55567,0.8741741594213326,false,285335,55567,0.8741741594213326
285335,6103,0.8720689697992102,false,285335,6103,0.8720689697992102
285335,54997,0.7076105102045895,false,285335,54997,0.7076105102045895
285335,7851,0.7924336616363815,false,285335,7851,0.7924336616363815
285335,692072,0.7407969874011843,false,285335,692072,0.7407969874011843
285335,253970,0.7041243712788136,false,285335,253970,0.7041243712788136
285335,109136579,0.8063712635770258,false,285335,109136579,0.8063712635770258
285335,55808,0.7491875016488881,false,285335,55808,0.7491875016488881
285335,999,0.907746353766261,false,285335,999,0.907746353766261
285335,126353,0.8284730703386607,false,285335,126353,0.8284730703386607
285335,26226,0.735037455531477,false,285335,26226,0.735037455531477
285335,64332,0.8174760525383136,false,285335,64332,0.8174760525383136
285335,346007,0.7190444111800234,false,285335,346007,0.7190444111800234
285335,388743,0.7402598973857877,false,285335,388743,0.7402598973857877
285335,3875,0.8541613938643563,false,285335,3875,0.8541613938643563
285335,1577,0.7795113670474615,false,285335,1577,0.7795113670474615
285335,100033430,0.8982981820846611,false,285335,100033430,0.8982981820846611
285335,340267,0.7939754315123704,false,285335,340267,0.7939754315123704
285335,200879,0.7272177844940848,false,285335,200879,0.7272177844940848
285335,1510,0.78002709529463,false,285335,1510,0.78002709529463
285335,441251,0.9135898531348018,false,285335,441251,0.9135898531348018
285335,102723849,0.759205675988995,false,285335,102723849,0.759205675988995
285335,6337,0.791983701901441,false,285335,6337,0.791983701901441
285335,5284,0.9752732861207368,false,285335,5284,0.9752732861207368
285335,619383,0.8107823885580774,false,285335,619383,0.8107823885580774
285335,89765,0.9346597705912953,false,285335,89765,0.9346597705912953
285335,57111,0.7867118206225772,false,285335,57111,0.7867118206225772
285335,278,0.9595940273710745,false,285335,278,0.9595940273710745
285335,116844,0.8543301647314284,false,285335,116844,0.8543301647314284
285335,10129,0.7640363289215757,false,285335,10129,0.7640363289215757
285335,4586,0.7287958647284726,false,285335,4586,0.7287958647284726
285335,10551,0.758806596870264,false,285335,10551,0.758806596870264
285335,688,0.9764615165791202,false,285335,688,0.9764615165791202
285335,6101,0.7811692733053393,false,285335,6101,0.7811692733053393
285335,378938,0.8072118997699951,false,285335,378938,0.8072118997699951
285335,112268155,0.7873361911552915,false,285335,112268155,0.7873361911552915
285335,1152,0.7700606588147544,false,285335,1152,0.7700606588147544
285335,27074,0.8640266694500657,false,285335,27074,0.8640266694500657
285335,79083,0.7235220182359697,false,285335,79083,0.7235220182359697
285335,66002,0.7221214251392687,false,285335,66002,0.7221214251392687
285335,1556,0.7657015575309862,false,285335,1556,0.7657015575309862
285335,79632,0.8567197557803231,false,285335,79632,0.8567197557803231
285335,4585,0.9247089018320723,false,285335,4585,0.9247089018320723
285335,22996,0.775364264044887,false,285335,22996,0.775364264044887
285335,55930,0.7581475158454171,false,285335,55930,0.7581475158454171
285335,1767,0.7725103631621415,false,285335,1767,0.7725103631621415
285335,7113,0.8488041608203999,false,285335,7113,0.8488041608203999
285335,54861,0.76467708976689,false,285335,54861,0.76467708976689
285335,222256,0.9377964234627748,false,285335,222256,0.9377964234627748
285335,1604,0.7064678648656745,false,285335,1604,0.7064678648656745
285335,105180391,0.7403059550158209,false,285335,105180391,0.7403059550158209
285335,100529240,0.7668049118615602,false,285335,100529240,0.7668049118615602
285335,113218482,0.7354111819509868,false,285335,113218482,0.7354111819509868
285335,647024,0.8956561262291465,false,285335,647024,0.8956561262291465
285335,255928,0.7016753531387582,false,285335,255928,0.7016753531387582
285335,151531,0.8349378149665581,false,285335,151531,0.8349378149665581
285335,8537,0.70880892979859,false,285335,8537,0.70880892979859
285335,10018,0.7460784619672631,false,285335,10018,0.7460784619672631
285335,115019,0.7432212358354715,false,285335,115019,0.7432212358354715
285335,201625,0.9276000525050415,false,285335,201625,0.9276000525050415
285335,105180390,0.757353574891804,false,285335,105180390,0.757353574891804
285335,1043,0.9663201798679263,false,285335,1043,0.9663201798679263
285335,692058,0.8466364434364382,false,285335,692058,0.8466364434364382
285335,276,0.9808246215582477,false,285335,276,0.9808246215582477
285335,168374,0.8547028286675321,false,285335,168374,0.8547028286675321
285335,83481,0.8688424878756967,false,285335,83481,0.8688424878756967
285335,645843,0.8477768428102028,false,285335,645843,0.8477768428102028
285335,84059,0.7718962991552832,false,285335,84059,0.7718962991552832
285335,1579,0.8907342425288306,false,285335,1579,0.8907342425288306
285335,80004,0.932511878025884,false,285335,80004,0.932511878025884
285335,121512,0.8039658670113519,false,285335,121512,0.8039658670113519
285335,120892,0.7869161945681548,false,285335,120892,0.7869161945681548
285335,3993,0.7160882411560465,false,285335,3993,0.7160882411560465
285335,389852,0.7614195216291951,false,285335,389852,0.7614195216291951
285335,164312,0.7495274459108073,false,285335,164312,0.7495274459108073
285335,84239,0.8301580543887969,false,285335,84239,0.8301580543887969
285335,353189,0.7720305163595508,false,285335,353189,0.7720305163595508
285335,2065,0.8685685922509935,false,285335,2065,0.8685685922509935
285335,1513,0.7704218853660484,false,285335,1513,0.7704218853660484
285335,84851,0.8551780160582905,false,285335,84851,0.8551780160582905
285335,780,0.830732950224863,false,285335,780,0.830732950224863
285335,135656,0.7238032165029649,false,285335,135656,0.7238032165029649
285335,3880,0.92668718371317,false,285335,3880,0.92668718371317
285335,94059,0.7535637390468868,false,285335,94059,0.7535637390468868
285335,26769,0.9047522417332662,false,285335,26769,0.9047522417332662
285335,3960,0.721696732748553,false,285335,3960,0.721696732748553
285335,100129460,0.9547582115051076,false,285335,100129460,0.9547582115051076
285335,4069,0.7677060314661112,false,285335,4069,0.7677060314661112
285335,1080,0.7394275634571477,false,285335,1080,0.7394275634571477
285335,1286,0.7975757352218936,false,285335,1286,0.7975757352218936
285335,692213,0.7597138458566097,false,285335,692213,0.7597138458566097
285335,153643,0.9226665988624388,false,285335,153643,0.9226665988624388
285335,144535,0.7450767086675243,false,285335,144535,0.7450767086675243
285335,112268422,0.7103500488686231,false,285335,112268422,0.7103500488686231
285335,649946,0.7762491133018868,false,285335,649946,0.7762491133018868
285335,79740,0.7760326740382559,false,285335,79740,0.7760326740382559
285335,2266,0.718680740659197,false,285335,2266,0.718680740659197
285335,745,0.7508143263513758,false,285335,745,0.7508143263513758
6439,146177,0.8432021073000657,false,6439,146177,0.8432021073000657
6439,64073,0.7266045633108801,false,6439,64073,0.7266045633108801
6439,253970,0.7697428925916817,false,6439,253970,0.7697428925916817
6439,6441,0.9111820369439279,false,6439,6441,0.9111820369439279
6439,4070,0.8320513208169833,false,6439,4070,0.8320513208169833
6439,160728,0.8035246435453529,false,6439,160728,0.8035246435453529
6439,4680,0.7814097005392784,false,6439,4680,0.7814097005392784
6439,7356,0.7584472444665504,false,6439,7356,0.7584472444665504
6439,109729127,0.7682196279128832,false,6439,109729127,0.7682196279128832
6439,93517,0.7119141098070141,false,6439,93517,0.7119141098070141
6439,102723635,0.8236181089632961,false,6439,102723635,0.8236181089632961
6439,11185,0.8970229081718252,false,6439,11185,0.8970229081718252
6439,10586,0.8634367205114343,false,6439,10586,0.8634367205114343
6439,54848,0.7446350756576942,false,6439,54848,0.7446350756576942
6439,2125,0.876274686875998,false,6439,2125,0.876274686875998
6439,9476,0.9607968206571884,false,6439,9476,0.9607968206571884
6439,117156,0.831495533065459,false,6439,117156,0.831495533065459
6439,195814,0.733765050021721,false,6439,195814,0.733765050021721
6439,6097,0.9172302747246509,false,6439,6097,0.9172302747246509
6439,5349,0.7391055656847461,false,6439,5349,0.7391055656847461
6439,123624,0.8335197183903031,false,6439,123624,0.8335197183903031
6439,389376,0.884417707624764,false,6439,389376,0.884417707624764
6439,84525,0.8189771570513512,false,6439,84525,0.8189771570513512
6439,21,0.9486156235240443,false,6439,21,0.9486156235240443
6439,123872,0.7922517871541498,false,6439,123872,0.7922517871541498
6439,284434,0.7061350320975206,false,6439,284434,0.7061350320975206
6439,9052,0.8937754774425191,false,6439,9052,0.8937754774425191
6439,79784,0.7981434543657215,false,6439,79784,0.7981434543657215
6439,653509,0.9754722982208445,false,6439,653509,0.9754722982208445
6439,729238,0.9388534313328682,false,6439,729238,0.9388534313328682
6439,79098,0.8880650356996019,false,6439,79098,0.8880650356996019
6439,3855,0.9726655545675689,false,6439,3855,0.9726655545675689
406903,84842,0.9988423869116864,false,406903,84842,0.9988423869116864
406903,388555,0.9517253377254232,false,406903,388555,0.9517253377254232
406903,128602,0.7971053356681077,false,406903,128602,0.7971053356681077
406903,100506380,0.9584184865264647,false,406903,100506380,0.9584184865264647
406903,363,0.9517253377254234,false,406903,363,0.9517253377254234
406903,65998,0.9392511675093327,false,406903,65998,0.9392511675093327
406903,419,0.9517253377254234,false,406903,419,0.9517253377254234
406903,93517,0.9465338901692981,false,406903,93517,0.9465338901692981
406903,388633,0.9853115334246865,false,406903,388633,0.9853115334246865
406903,340596,0.8894668545259659,false,406903,340596,0.8894668545259659
406903,11185,0.7542132924261676,false,406903,11185,0.7542132924261676
406903,10586,0.9176630449702167,false,406903,10586,0.9176630449702167
406903,2125,0.8806388793167349,false,406903,2125,0.8806388793167349
406903,3780,0.9069649338401107,false,406903,3780,0.9069649338401107
406903,163479,0.9809678378735233,false,406903,163479,0.9809678378735233
406903,84867,0.915575859930127,false,406903,84867,0.915575859930127
406903,441151,0.7224459429180696,false,406903,441151,0.7224459429180696
406903,5349,0.9189580376448154,false,406903,5349,0.9189580376448154
406903,113219467,0.8662441790091352,false,406903,113219467,0.8662441790091352
406903,26797,0.9791351322993105,false,406903,26797,0.9791351322993105
406903,692209,0.975161262788474,false,406903,692209,0.975161262788474
406903,84525,0.7304377991861438,false,406903,84525,0.7304377991861438
406903,4861,0.9782883930608292,false,406903,4861,0.9782883930608292
406903,284434,0.8072501911810486,false,406903,284434,0.8072501911810486
406903,56955,0.8715646202397641,false,406903,56955,0.8715646202397641
406903,100423031,0.9517253377254233,false,406903,100423031,0.9517253377254233
406903,79098,0.7052981750800724,false,406903,79098,0.7052981750800724
406903,1515,0.9031782708901318,false,406903,1515,0.9031782708901318
406903,165186,0.9416748569689042,false,406903,165186,0.9416748569689042
9356,1910,0.7466566701729139,false,9356,1910,0.7466566701729139
9356,641776,0.9854503288359567,false,9356,641776,0.9854503288359567
9356,100506658,0.9092570140769446,false,9356,100506658,0.9092570140769446
9356,341676,0.9453026549984227,false,9356,341676,0.9453026549984227
9356,148213,0.978598098059951,false,9356,148213,0.978598098059951
9356,10595,0.8958183569147757,false,9356,10595,0.8958183569147757
9356,4583,0.8747059889575592,false,9356,4583,0.8747059889575592
9356,728643,0.9807264291646097,false,9356,728643,0.9807264291646097
9356,55567,0.934437257838748,false,9356,55567,0.934437257838748
9356,54997,0.9931728250967063,false,9356,54997,0.9931728250967063
9356,79848,0.9775834629341223,false,9356,79848,0.9775834629341223
9356,219790,0.8345584745133466,false,9356,219790,0.8345584745133466
9356,115677,0.8709872972836881,false,9356,115677,0.8709872972836881
9356,5961,0.9948142353943163,false,9356,5961,0.9948142353943163
9356,7851,0.9759815288498663,false,9356,7851,0.9759815288498663
9356,692072,0.9724200016488773,false,9356,692072,0.9724200016488773
9356,109136579,0.9625579041050623,false,9356,109136579,0.9625579041050623
9356,503645,0.969075375979539,false,9356,503645,0.969075375979539
9356,55808,0.9802170255162224,false,9356,55808,0.9802170255162224
9356,999,0.9071259116912184,false,9356,999,0.9071259116912184
9356,126353,0.9482895727091256,false,9356,126353,0.9482895727091256
9356,26226,0.984313513082263,false,9356,26226,0.984313513082263
9356,64332,0.9110067972331789,false,9356,64332,0.9110067972331789
9356,346007,0.8638756606899941,false,9356,346007,0.8638756606899941
9356,388743,0.9806891357528351,false,9356,388743,0.9806891357528351
9356,116984,0.7175945720708959,false,9356,116984,0.7175945720708959
9356,137872,0.960961785427458,false,9356,137872,0.960961785427458
9356,1577,0.9726104541158749,false,9356,1577,0.9726104541158749
9356,100033430,0.9190177195249761,false,9356,100033430,0.9190177195249761
9356,340267,0.9714870857968265,false,9356,340267,0.9714870857968265
9356,200879,0.9869770510806803,false,9356,200879,0.9869770510806803
9356,1510,0.9690599988901456,false,9356,1510,0.9690599988901456
9356,441251,0.8921523156681581,false,9356,441251,0.8921523156681581
9356,102723849,0.9848109779271218,false,9356,102723849,0.9848109779271218
9356,9196,0.8714282582115692,false,9356,9196,0.8714282582115692
9356,6337,0.8875661221377452,false,9356,6337,0.8875661221377452
9356,57669,0.9707423590650827,false,9356,57669,0.9707423590650827
9356,619383,0.9620249920371602,false,9356,619383,0.9620249920371602
9356,89765,0.7406009816174837,false,9356,89765,0.7406009816174837
9356,57111,0.9744217583357186,false,9356,57111,0.9744217583357186
9356,278,0.792274188160837,false,9356,278,0.792274188160837
9356,116844,0.9464114364552554,false,9356,116844,0.9464114364552554
9356,10129,0.9811076710970652,false,9356,10129,0.9811076710970652
9356,4586,0.9818017526174398,false,9356,4586,0.9818017526174398
9356,100158262,0.9639432014715691,false,9356,100158262,0.9639432014715691
9356,10551,0.9804586650229522,false,9356,10551,0.9804586650229522
9356,130271,0.7273729917819458,false,9356,130271,0.7273729917819458
9356,378938,0.9623413987451921,false,9356,378938,0.9623413987451921
9356,54897,0.951812233097434,false,9356,54897,0.951812233097434
9356,117155,0.9885685791275436,false,9356,117155,0.9885685791275436
9356,112268155,0.9782681737807403,false,9356,112268155,0.9782681737807403
9356,1152,0.9441170550612527,false,9356,1152,0.9441170550612527
9356,79083,0.9914789175352778,false,9356,79083,0.9914789175352778
9356,66002,0.9810243874499681,false,9356,66002,0.9810243874499681
9356,1556,0.9835045220774332,false,9356,1556,0.9835045220774332
9356,22996,0.9657943131844371,false,9356,22996,0.9657943131844371
9356,55930,0.9713173670260765,false,9356,55930,0.9713173670260765
9356,7620,0.8530362246394517,false,9356,7620,0.8530362246394517
9356,7113,0.9497080515057923,false,9356,7113,0.9497080515057923
9356,54861,0.9597942392190225,false,9356,54861,0.9597942392190225
9356,222256,0.8676417408580271,false,9356,222256,0.8676417408580271
9356,105180391,0.9921619738752109,false,9356,105180391,0.9921619738752109
9356,100529240,0.9847710056343756,false,9356,100529240,0.9847710056343756
9356,113218482,0.979461205354342,false,9356,113218482,0.979461205354342
9356,647024,0.9098189714690486,false,9356,647024,0.9098189714690486
9356,255928,0.9716002254372526,false,9356,255928,0.9716002254372526
9356,151531,0.9243709570846705,false,9356,151531,0.9243709570846705
9356,8537,0.9214155768520507,false,9356,8537,0.9214155768520507
9356,10018,0.9786797181117862,false,9356,10018,0.9786797181117862
9356,115019,0.9810681833836986,false,9356,115019,0.9810681833836986
9356,201625,0.7810505828319882,false,9356,201625,0.7810505828319882
9356,105180390,0.9894047474089649,false,9356,105180390,0.9894047474089649
9356,692058,0.9461044759137779,false,9356,692058,0.9461044759137779
9356,276,0.717982282936803,false,9356,276,0.717982282936803
9356,168374,0.94487333307021,false,9356,168374,0.94487333307021
9356,83481,0.9224425370968087,false,9356,83481,0.9224425370968087
9356,645843,0.9529283159549531,false,9356,645843,0.9529283159549531
9356,143884,0.9687460281809298,false,9356,143884,0.9687460281809298
9356,80004,0.8471358249241293,false,9356,80004,0.8471358249241293
9356,121512,0.9544934428190425,false,9356,121512,0.9544934428190425
9356,3993,0.947060466363333,false,9356,3993,0.947060466363333
9356,389852,0.9798224447120387,false,9356,389852,0.9798224447120387
9356,342892,0.9892419838187264,false,9356,342892,0.9892419838187264
9356,164312,0.9714029557799372,false,9356,164312,0.9714029557799372
9356,84239,0.9445753993753342,false,9356,84239,0.9445753993753342
9356,2065,0.9413005903321449,false,9356,2065,0.9413005903321449
9356,57402,0.9151322819782106,false,9356,57402,0.9151322819782106
9356,1513,0.7080131796608555,false,9356,1513,0.7080131796608555
9356,776,0.9013347723931714,false,9356,776,0.9013347723931714
9356,780,0.8412134788745796,false,9356,780,0.8412134788745796
9356,135656,0.9826204641114833,false,9356,135656,0.9826204641114833
9356,3880,0.8054523540116314,false,9356,3880,0.8054523540116314
9356,94059,0.9870779848801505,false,9356,94059,0.9870779848801505
9356,26769,0.895768356715444,false,9356,26769,0.895768356715444
9356,3960,0.9823393916525842,false,9356,3960,0.9823393916525842
9356,7433,0.9340156404542527,false,9356,7433,0.9340156404542527
9356,284323,0.9916608556764951,false,9356,284323,0.9916608556764951
9356,100129460,0.7690264840769563,false,9356,100129460,0.7690264840769563
9356,65217,0.8995286750628441,false,9356,65217,0.8995286750628441
9356,23584,0.9926966162780535,false,9356,23584,0.9926966162780535
9356,692213,0.9726987213495115,false,9356,692213,0.9726987213495115
9356,153643,0.89211125529433,false,9356,153643,0.89211125529433
9356,112268422,0.982289716278829,false,9356,112268422,0.982289716278829
9356,649946,0.7468400132771745,false,9356,649946,0.7468400132771745
9356,259294,0.9885193163297721,false,9356,259294,0.9885193163297721
9356,79740,0.9076719914854241,false,9356,79740,0.9076719914854241
9356,2266,0.9913752125434397,false,9356,2266,0.9913752125434397
9356,745,0.9812343514665778,false,9356,745,0.9812343514665778
9356,440352,0.9188548199638438,false,9356,440352,0.9188548199638438
1910,641776,0.8160921967448558,false,1910,641776,0.8160921967448558
1910,100506658,0.8404720624204288,false,1910,100506658,0.8404720624204288
1910,200373,0.9191588889778524,false,1910,200373,0.9191588889778524
1910,5787,0.7190716027714692,false,1910,5787,0.7190716027714692
1910,168090,0.938986587891182,false,1910,168090,0.938986587891182
1910,474354,0.8878515429719172,false,1910,474354,0.8878515429719172
1910,341676,0.845395351016034,false,1910,341676,0.845395351016034
1910,148213,0.7755739372280994,false,1910,148213,0.7755739372280994
1910,10595,0.8493668805040517,false,1910,10595,0.8493668805040517
1910,4583,0.8600049784082109,false,1910,4583,0.8600049784082109
1910,54842,0.8058028760708627,false,1910,54842,0.8058028760708627
1910,728643,0.7342954743431528,false,1910,728643,0.7342954743431528
1910,55567,0.8685789125546579,false,1910,55567,0.8685789125546579
1910,6103,0.9334638490055036,false,1910,6103,0.9334638490055036
1910,54997,0.7372137211587874,false,1910,54997,0.7372137211587874
1910,79848,0.7281767576602398,false,1910,79848,0.7281767576602398
1910,219790,0.720042088571487,false,1910,219790,0.720042088571487
1910,115677,0.9302921165232012,false,1910,115677,0.9302921165232012
1910,5961,0.7314264083186442,false,1910,5961,0.7314264083186442
1910,7851,0.7907838219035553,false,1910,7851,0.7907838219035553
1910,692072,0.7237255995332006,false,1910,692072,0.7237255995332006
1910,109136579,0.8282186489866021,false,1910,109136579,0.8282186489866021
1910,503645,0.7835836429332642,false,1910,503645,0.7835836429332642
1910,55808,0.7451298499482186,false,1910,55808,0.7451298499482186
1910,999,0.8675544638812527,false,1910,999,0.8675544638812527
1910,126353,0.7899255566745532,false,1910,126353,0.7899255566745532
1910,26226,0.7868882974053609,false,1910,26226,0.7868882974053609
1910,64332,0.8241365532890929,false,1910,64332,0.8241365532890929
1910,346007,0.8563389626894421,false,1910,346007,0.8563389626894421
1910,388743,0.7311165261611124,false,1910,388743,0.7311165261611124
1910,116984,0.7914796111133119,false,1910,116984,0.7914796111133119
1910,3875,0.7439447711440758,false,1910,3875,0.7439447711440758
1910,1577,0.7761587865749138,false,1910,1577,0.7761587865749138
1910,100033430,0.8534160871204908,false,1910,100033430,0.8534160871204908
1910,340267,0.7815977029797976,false,1910,340267,0.7815977029797976
1910,200879,0.7349598301381698,false,1910,200879,0.7349598301381698
1910,1510,0.756837727399248,false,1910,1510,0.756837727399248
1910,441251,0.9069312599391575,false,1910,441251,0.9069312599391575
1910,102723849,0.773348406949252,false,1910,102723849,0.773348406949252
1910,6337,0.9024192035723619,false,1910,6337,0.9024192035723619
1910,5284,0.8838208003762331,false,1910,5284,0.8838208003762331
1910,57669,0.8487642551121634,false,1910,57669,0.8487642551121634
1910,619383,0.824168625270972,false,1910,619383,0.824168625270972
1910,89765,0.8299479592084107,false,1910,89765,0.8299479592084107
1910,57111,0.777729073113816,false,1910,57111,0.777729073113816
1910,278,0.8999991325552528,false,1910,278,0.8999991325552528
1910,116844,0.8152087353170848,false,1910,116844,0.8152087353170848
1910,10129,0.7844704720978629,false,1910,10129,0.7844704720978629
1910,4586,0.7199449634089926,false,1910,4586,0.7199449634089926
1910,10551,0.751769807666822,false,1910,10551,0.751769807666822
1910,130271,0.8257603482842418,false,1910,130271,0.8257603482842418
1910,688,0.8511414085971447,false,1910,688,0.8511414085971447
1910,6101,0.9550029100627592,false,1910,6101,0.9550029100627592
1910,378938,0.8292222577589947,false,1910,378938,0.8292222577589947
1910,54897,0.7732380407214828,false,1910,54897,0.7732380407214828
1910,117155,0.7035174932885733,false,1910,117155,0.7035174932885733
1910,112268155,0.7977261608067957,false,1910,112268155,0.7977261608067957
1910,1152,0.8551241521196292,false,1910,1152,0.8551241521196292
1910,27074,0.9433708113767796,false,1910,27074,0.9433708113767796
1910,79083,0.7481641173269202,false,1910,79083,0.7481641173269202
1910,66002,0.7192633864298775,false,1910,66002,0.7192633864298775
1910,1556,0.8039085851507534,false,1910,1556,0.8039085851507534
1910,79632,0.8482128284762661,false,1910,79632,0.8482128284762661
1910,4585,0.7676975252478296,false,1910,4585,0.7676975252478296
1910,22996,0.773760895134753,false,1910,22996,0.773760895134753
1910,55930,0.7674997200423735,false,1910,55930,0.7674997200423735
1910,7113,0.8249012754403247,false,1910,7113,0.8249012754403247
1910,54861,0.8927184441968976,false,1910,54861,0.8927184441968976
1910,222256,0.8888775496576101,false,1910,222256,0.8888775496576101
1910,105180391,0.8024681297088873,false,1910,105180391,0.8024681297088873
1910,26084,0.7733864929394544,false,1910,26084,0.7733864929394544
1910,100529240,0.785642843190331,false,1910,100529240,0.785642843190331
1910,54,0.8662258361594634,false,1910,54,0.8662258361594634
1910,113218482,0.7229814822847742,false,1910,113218482,0.7229814822847742
1910,647024,0.8436069354017233,false,1910,647024,0.8436069354017233
1910,151531,0.7609979892874312,false,1910,151531,0.7609979892874312
1910,10018,0.7337013310224358,false,1910,10018,0.7337013310224358
1910,115019,0.736805383863618,false,1910,115019,0.736805383863618
1910,201625,0.9796075180974473,false,1910,201625,0.9796075180974473
1910,105180390,0.8092301796227178,false,1910,105180390,0.8092301796227178
1910,1043,0.8994145621201663,false,1910,1043,0.8994145621201663
1910,692058,0.8109686536913249,false,1910,692058,0.8109686536913249
1910,276,0.9065987599979406,false,1910,276,0.9065987599979406
1910,168374,0.853544249625489,false,1910,168374,0.853544249625489
1910,83481,0.8369250196850919,false,1910,83481,0.8369250196850919
1910,645843,0.8625983886337922,false,1910,645843,0.8625983886337922
1910,2122,0.8254361644808407,false,1910,2122,0.8254361644808407
1910,84059,0.8377809624069051,false,1910,84059,0.8377809624069051
1910,1579,0.9820416592398055,false,1910,1579,0.9820416592398055
1910,57477,0.8141334318508203,false,1910,57477,0.8141334318508203
1910,80004,0.8760733271424453,false,1910,80004,0.8760733271424453
1910,121512,0.8595433972650712,false,1910,121512,0.8595433972650712
1910,120892,0.8170045783910903,false,1910,120892,0.8170045783910903
1910,3993,0.7390410249922449,false,1910,3993,0.7390410249922449
1910,389852,0.7520370948438596,false,1910,389852,0.7520370948438596
1910,342892,0.7649606385457401,false,1910,342892,0.7649606385457401
1910,164312,0.7733454216696368,false,1910,164312,0.7733454216696368
1910,84239,0.9146515119707472,false,1910,84239,0.9146515119707472
1910,2065,0.8728285065362742,false,1910,2065,0.8728285065362742
1910,57402,0.7419363145425696,false,1910,57402,0.7419363145425696
1910,1513,0.8592580466411086,false,1910,1513,0.8592580466411086
1910,84851,0.8237521803687241,false,1910,84851,0.8237521803687241
1910,780,0.7393013181447107,false,1910,780,0.7393013181447107
1910,135656,0.7170368855778221,false,1910,135656,0.7170368855778221
1910,3880,0.9120228059348235,false,1910,3880,0.9120228059348235
1910,94059,0.7693202584529193,false,1910,94059,0.7693202584529193
1910,26769,0.8447465030992581,false,1910,26769,0.8447465030992581
1910,3960,0.7147034458986001,false,1910,3960,0.7147034458986001
1910,7433,0.7156722207357287,false,1910,7433,0.7156722207357287
1910,100129460,0.9399081033705985,false,1910,100129460,0.9399081033705985
1910,1080,0.8163007262899236,false,1910,1080,0.8163007262899236
1910,65217,0.8735370807209218,false,1910,65217,0.8735370807209218
1910,1286,0.9094983761779178,false,1910,1286,0.9094983761779178
1910,23584,0.719402043238405,false,1910,23584,0.719402043238405
1910,692213,0.7413174961546783,false,1910,692213,0.7413174961546783
1910,153643,0.8582462287016929,false,1910,153643,0.8582462287016929
1910,144535,0.8242164881326404,false,1910,144535,0.8242164881326404
1910,112268422,0.7032097991066302,false,1910,112268422,0.7032097991066302
1910,649946,0.9192944641771468,false,1910,649946,0.9192944641771468
1910,259294,0.7132392337360741,false,1910,259294,0.7132392337360741
1910,79740,0.8633323549656715,false,1910,79740,0.8633323549656715
1910,2266,0.7502470021736245,false,1910,2266,0.7502470021736245
1910,745,0.7643303315364727,false,1910,745,0.7643303315364727
1910,440352,0.710007039318007,false,1910,440352,0.710007039318007
101929066,81615,0.9487749059118391,false,101929066,81615,0.9487749059118391
101929066,8153,0.8014216569687678,false,101929066,8153,0.8014216569687678
101929066,124944,0.8703621535262872,false,101929066,124944,0.8703621535262872
101929066,65998,0.7075489854263213,false,101929066,65998,0.7075489854263213
101929066,340596,0.9084473004227832,false,101929066,340596,0.9084473004227832
101929066,100506755,0.8768686676808176,false,101929066,100506755,0.8768686676808176
101929066,1746,0.9124903999038249,false,101929066,1746,0.9124903999038249
101929066,163479,0.8057313076064532,false,101929066,163479,0.8057313076064532
101929066,84867,0.8502996719034268,false,101929066,84867,0.8502996719034268
101929066,399726,0.7388675546714117,false,101929066,399726,0.7388675546714117
101929066,57710,0.8428532853687332,false,101929066,57710,0.8428532853687332
101929066,9699,0.9162934237837641,false,101929066,9699,0.9162934237837641
101929066,692209,0.8024016734667611,false,101929066,692209,0.8024016734667611
101929066,83643,0.75197621802357,false,101929066,83643,0.75197621802357
101929066,498,0.700000383825868,false,101929066,498,0.700000383825868
101929066,100874002,0.9257678403444803,false,101929066,100874002,0.9257678403444803
101929066,219793,0.8871521614687581,false,101929066,219793,0.8871521614687581
101929066,56955,0.956758869497388,false,101929066,56955,0.956758869497388
101929066,1515,0.9339850028191381,false,101929066,1515,0.9339850028191381
101929066,165186,0.8267027069592148,false,101929066,165186,0.8267027069592148
85452,146177,0.9412085978303993,false,85452,146177,0.9412085978303993
85452,728226,0.7495510085875468,false,85452,728226,0.7495510085875468
85452,2696,0.7185021738567305,false,85452,2696,0.7185021738567305
85452,100129940,0.828925085767619,false,85452,100129940,0.828925085767619
85452,1906,0.8374798913365058,false,85452,1906,0.8374798913365058
85452,3240,0.8116784488736675,false,85452,3240,0.8116784488736675
85452,221395,0.860179628273255,false,85452,221395,0.860179628273255
85452,6332,0.7057983788477689,false,85452,6332,0.7057983788477689
85452,718,0.7915283138800655,false,85452,718,0.7915283138800655
85452,6441,0.794699924598127,false,85452,6441,0.794699924598127
85452,4070,0.7362596410704357,false,85452,4070,0.7362596410704357
85452,56892,0.8191348041905668,false,85452,56892,0.8191348041905668
85452,653082,0.7028803637886577,false,85452,653082,0.7028803637886577
85452,2277,0.8104809182320813,false,85452,2277,0.8104809182320813
85452,8091,0.7467034753484997,false,85452,8091,0.7467034753484997
85452,160728,0.7354859235106593,false,85452,160728,0.7354859235106593
85452,7356,0.733817307556983,false,85452,7356,0.733817307556983
85452,109729127,0.7099826868155588,false,85452,109729127,0.7099826868155588
85452,79148,0.8770985148964375,false,85452,79148,0.8770985148964375
85452,101927516,0.7381714505011376,false,85452,101927516,0.7381714505011376
85452,102723635,0.8536087250955545,false,85452,102723635,0.8536087250955545
85452,54848,0.8999074715894574,false,85452,54848,0.8999074715894574
85452,117156,0.8130797343627943,false,85452,117156,0.8130797343627943
85452,195814,0.7758268471984425,false,85452,195814,0.7758268471984425
85452,256076,0.7084037425224838,false,85452,256076,0.7084037425224838
85452,140766,0.8750971977489472,false,85452,140766,0.8750971977489472
85452,9411,0.7493742918906489,false,85452,9411,0.7493742918906489
85452,6097,0.8773131706846841,false,85452,6097,0.8773131706846841
85452,100820829,0.7082222814571585,false,85452,100820829,0.7082222814571585
85452,693188,0.8382655924856611,false,85452,693188,0.8382655924856611
85452,389376,0.7390538259472097,false,85452,389376,0.7390538259472097
85452,6799,0.7332025318605342,false,85452,6799,0.7332025318605342
85452,21,0.7510868030411029,false,85452,21,0.7510868030411029
85452,10203,0.7491576927786529,false,85452,10203,0.7491576927786529
85452,123872,0.8876083333068298,false,85452,123872,0.8876083333068298
85452,105373265,0.8593393149735141,false,85452,105373265,0.8593393149735141
85452,653509,0.7458611842556059,false,85452,653509,0.7458611842556059
85452,729238,0.744599849495992,false,85452,729238,0.744599849495992
3229,7060,0.9996308120366757,false,3229,7060,0.9996308120366757
3229,102723382,0.8786413637896701,false,3229,102723382,0.8786413637896701
3229,54112,0.9998469918119768,false,3229,54112,0.9998469918119768
3229,4892,0.9998670592066004,false,3229,4892,0.9998670592066004
3229,3207,0.8224559918114315,false,3229,3207,0.8224559918114315
3229,644649,0.7968677579179974,false,3229,644649,0.7968677579179974
3229,3929,0.9977114245671682,false,3229,3929,0.9977114245671682
3229,105369937,0.9998469918119768,false,3229,105369937,0.9998469918119768
3229,27022,0.8414672033638187,false,3229,27022,0.8414672033638187
3229,107984498,0.9999743644925587,false,3229,107984498,0.9999743644925587
3229,284111,0.9975685559668247,false,3229,284111,0.9975685559668247
3229,128674,0.9998469918119768,false,3229,128674,0.9998469918119768
3229,7780,0.9982883161431427,false,3229,7780,0.9982883161431427
3229,101928580,0.96205824670823,false,3229,101928580,0.96205824670823
3229,57110,0.9988922148733071,false,3229,57110,0.9988922148733071
3229,646480,0.9935663715985552,false,3229,646480,0.9935663715985552
3229,4606,0.9999915932339415,false,3229,4606,0.9999915932339415
7060,102723382,0.8777219656692021,false,7060,102723382,0.8777219656692021
7060,54112,0.9996642562553293,false,7060,54112,0.9996642562553293
7060,4892,0.9998902502803305,false,7060,4892,0.9998902502803305
7060,3207,0.8259733474276661,false,7060,3207,0.8259733474276661
7060,644649,0.7919638425622076,false,7060,644649,0.7919638425622076
7060,3929,0.9988211849131398,false,7060,3929,0.9988211849131398
7060,105369937,0.9996642562553293,false,7060,105369937,0.9996642562553293
7060,27022,0.8517833140575577,false,7060,27022,0.8517833140575577
7060,107984498,0.9995288878712497,false,7060,107984498,0.9995288878712497
7060,284111,0.9984840106997284,false,7060,284111,0.9984840106997284
7060,100130701,0.70635013410934,false,7060,100130701,0.70635013410934
7060,128674,0.9996642562553293,false,7060,128674,0.9996642562553293
7060,7780,0.9991133412264686,false,7060,7780,0.9991133412264686
7060,101928580,0.9616143621841303,false,7060,101928580,0.9616143621841303
7060,57110,0.999481366090692,false,7060,57110,0.999481366090692
7060,646480,0.9919927902225317,false,7060,646480,0.9919927902225317
7060,4606,0.9995936158470639,false,7060,4606,0.9995936158470639
641776,100506658,0.9189850741746951,false,641776,100506658,0.9189850741746951
641776,200373,0.701946211427341,false,641776,200373,0.701946211427341
641776,341676,0.9836949125609422,false,641776,341676,0.9836949125609422
641776,148213,0.9931011181336483,false,641776,148213,0.9931011181336483
641776,10595,0.9546971434156756,false,641776,10595,0.9546971434156756
641776,4583,0.9416974198973176,false,641776,4583,0.9416974198973176
641776,728643,0.9439607715339592,false,641776,728643,0.9439607715339592
641776,55567,0.9748999093648473,false,641776,55567,0.9748999093648473
641776,6103,0.7199960141355383,false,641776,6103,0.7199960141355383
641776,54997,0.9901794598027365,false,641776,54997,0.9901794598027365
641776,79848,0.9611871462806727,false,641776,79848,0.9611871462806727
641776,219790,0.7824639870975706,false,641776,219790,0.7824639870975706
641776,115677,0.8878249518894871,false,641776,115677,0.8878249518894871
641776,5961,0.9849811366171378,false,641776,5961,0.9849811366171378
641776,7851,0.9940098312351752,false,641776,7851,0.9940098312351752
641776,692072,0.9787094782886955,false,641776,692072,0.9787094782886955
641776,109136579,0.9881516157661842,false,641776,109136579,0.9881516157661842
641776,503645,0.9561493170292266,false,641776,503645,0.9561493170292266
641776,55808,0.9873528745850491,false,641776,55808,0.9873528745850491
641776,999,0.9602276976219886,false,641776,999,0.9602276976219886
641776,126353,0.97698002808643,false,641776,126353,0.97698002808643
641776,26226,0.9895347128930726,false,641776,26226,0.9895347128930726
641776,64332,0.9504829664514748,false,641776,64332,0.9504829664514748
641776,346007,0.8966091390080444,false,641776,346007,0.8966091390080444
641776,388743,0.9861519218040025,false,641776,388743,0.9861519218040025
641776,116984,0.7712757408461747,false,641776,116984,0.7712757408461747
641776,137872,0.9485790898987785,false,641776,137872,0.9485790898987785
641776,1577,0.9875773653568316,false,641776,1577,0.9875773653568316
641776,100033430,0.9708230516479639,false,641776,100033430,0.9708230516479639
641776,340267,0.9894022054245878,false,641776,340267,0.9894022054245878
641776,200879,0.988819185993187,false,641776,200879,0.988819185993187
641776,1510,0.984259395582048,false,641776,1510,0.984259395582048
641776,441251,0.9524701442504966,false,641776,441251,0.9524701442504966
641776,102723849,0.9950537337017609,false,641776,102723849,0.9950537337017609
641776,9196,0.8158401531784594,false,641776,9196,0.8158401531784594
641776,6337,0.9144299573086834,false,641776,6337,0.9144299573086834
641776,57669,0.9664995910867821,false,641776,57669,0.9664995910867821
641776,619383,0.9867591683176399,false,641776,619383,0.9867591683176399
641776,89765,0.8267413080058861,false,641776,89765,0.8267413080058861
641776,57111,0.9908017905103821,false,641776,57111,0.9908017905103821
641776,278,0.8739617526948842,false,641776,278,0.8739617526948842
641776,116844,0.9830917387754701,false,641776,116844,0.9830917387754701
641776,10129,0.9921474612674347,false,641776,10129,0.9921474612674347
641776,4586,0.9848888652607513,false,641776,4586,0.9848888652607513
641776,100158262,0.9523808731810968,false,641776,100158262,0.9523808731810968
641776,10551,0.9904295520339671,false,641776,10551,0.9904295520339671
641776,130271,0.7131078401107974,false,641776,130271,0.7131078401107974
641776,378938,0.9881172855006164,false,641776,378938,0.9881172855006164
641776,54897,0.9183346172093975,false,641776,54897,0.9183346172093975
641776,117155,0.9825445075598205,false,641776,117155,0.9825445075598205
641776,112268155,0.9978185853998247,false,641776,112268155,0.9978185853998247
641776,1152,0.9548179733461837,false,641776,1152,0.9548179733461837
641776,79083,0.9920145684009443,false,641776,79083,0.9920145684009443
641776,66002,0.9814342679462189,false,641776,66002,0.9814342679462189
641776,1556,0.9929838651416016,false,641776,1556,0.9929838651416016
641776,22996,0.9779884504212903,false,641776,22996,0.9779884504212903
641776,55930,0.9784708048535646,false,641776,55930,0.9784708048535646
641776,7620,0.8225728498621512,false,641776,7620,0.8225728498621512
641776,7113,0.9839640281997215,false,641776,7113,0.9839640281997215
641776,54861,0.9759621851277055,false,641776,54861,0.9759621851277055
641776,222256,0.9332603962690482,false,641776,222256,0.9332603962690482
641776,105180391,0.9984182087095301,false,641776,105180391,0.9984182087095301
641776,100529240,0.9960162506508659,false,641776,100529240,0.9960162506508659
641776,113218482,0.9843651716126889,false,641776,113218482,0.9843651716126889
641776,647024,0.9593958513583288,false,641776,647024,0.9593958513583288
641776,255928,0.971624789731862,false,641776,255928,0.971624789731862
641776,151531,0.9652798841379994,false,641776,151531,0.9652798841379994
641776,8537,0.9264764567233743,false,641776,8537,0.9264764567233743
641776,10018,0.9852817873082823,false,641776,10018,0.9852817873082823
641776,115019,0.9871852514120177,false,641776,115019,0.9871852514120177
641776,201625,0.8565741472311915,false,641776,201625,0.8565741472311915
641776,105180390,0.999404947761959,false,641776,105180390,0.999404947761959
641776,692058,0.9806272200772859,false,641776,692058,0.9806272200772859
641776,276,0.8168085811317394,false,641776,276,0.8168085811317394
641776,168374,0.9823876795634395,false,641776,168374,0.9823876795634395
641776,83481,0.9614751507702602,false,641776,83481,0.9614751507702602
641776,645843,0.9866555542368597,false,641776,645843,0.9866555542368597
641776,143884,0.9484230513554136,false,641776,143884,0.9484230513554136
641776,1579,0.7336529908826801,false,641776,1579,0.7336529908826801
641776,80004,0.9174692753331567,false,641776,80004,0.9174692753331567
641776,121512,0.9842232976746262,false,641776,121512,0.9842232976746262
641776,3993,0.9473243087390544,false,641776,3993,0.9473243087390544
641776,389852,0.9910081753293254,false,641776,389852,0.9910081753293254
641776,342892,0.9765653937529803,false,641776,342892,0.9765653937529803
641776,164312,0.9770533943102457,false,641776,164312,0.9770533943102457
641776,84239,0.9747066744703633,false,641776,84239,0.9747066744703633
641776,2065,0.9804884924303591,false,641776,2065,0.9804884924303591
641776,57402,0.8912998459359301,false,641776,57402,0.8912998459359301
641776,1513,0.7623198183279124,false,641776,1513,0.7623198183279124
641776,776,0.8489299067665543,false,641776,776,0.8489299067665543
641776,780,0.8794223308024753,false,641776,780,0.8794223308024753
641776,135656,0.984466391981963,false,641776,135656,0.984466391981963
641776,3880,0.873969834803139,false,641776,3880,0.873969834803139
641776,94059,0.9953718553041676,false,641776,94059,0.9953718553041676
641776,26769,0.9512445023094847,false,641776,26769,0.9512445023094847
641776,3960,0.9835990195427615,false,641776,3960,0.9835990195427615
641776,7433,0.8907827532997709,false,641776,7433,0.8907827532997709
641776,284323,0.9781851113353485,false,641776,284323,0.9781851113353485
641776,100129460,0.8592228183093576,false,641776,100129460,0.8592228183093576
641776,65217,0.892563423075521,false,641776,65217,0.892563423075521
641776,23584,0.9740296783685632,false,641776,23584,0.9740296783685632
641776,692213,0.9819671349550293,false,641776,692213,0.9819671349550293
641776,153643,0.9521413925814439,false,641776,153643,0.9521413925814439
641776,112268422,0.9810107053118323,false,641776,112268422,0.9810107053118323
641776,649946,0.8019077206729766,false,641776,649946,0.8019077206729766
641776,259294,0.9815425761101163,false,641776,259294,0.9815425761101163
641776,79740,0.9239969583097432,false,641776,79740,0.9239969583097432
641776,2266,0.9939458778541279,false,641776,2266,0.9939458778541279
641776,745,0.9878329950156026,false,641776,745,0.9878329950156026
641776,440352,0.9003092760595627,false,641776,440352,0.9003092760595627
146177,728226,0.7624328815667974,false,146177,728226,0.7624328815667974
146177,100129940,0.7621177934534982,false,146177,100129940,0.7621177934534982
146177,1906,0.8793481655452606,false,146177,1906,0.8793481655452606
146177,3240,0.8366208442944615,false,146177,3240,0.8366208442944615
146177,221395,0.7943891868450854,false,146177,221395,0.7943891868450854
146177,718,0.8085249852225023,false,146177,718,0.8085249852225023
146177,64073,0.7752910218325257,false,146177,64073,0.7752910218325257
146177,6441,0.9237250767307819,false,146177,6441,0.9237250767307819
146177,4070,0.8562526968084061,false,146177,4070,0.8562526968084061
146177,56892,0.893577344505451,false,146177,56892,0.893577344505451
146177,2277,0.8059194489864472,false,146177,2277,0.8059194489864472
146177,8091,0.735771726756137,false,146177,8091,0.735771726756137
146177,160728,0.8691172749036624,false,146177,160728,0.8691172749036624
146177,7356,0.8184243900367023,false,146177,7356,0.8184243900367023
146177,109729127,0.8101400421739301,false,146177,109729127,0.8101400421739301
146177,79148,0.7084626447631969,false,146177,79148,0.7084626447631969
146177,728276,0.7541765337630689,false,146177,728276,0.7541765337630689
146177,102723635,0.8864112611132835,false,146177,102723635,0.8864112611132835
146177,11185,0.7054612807822476,false,146177,11185,0.7054612807822476
146177,54848,0.9482408000432327,false,146177,54848,0.9482408000432327
146177,9476,0.8343317895434987,false,146177,9476,0.8343317895434987
146177,117156,0.8945471307009708,false,146177,117156,0.8945471307009708
146177,195814,0.8604855233605034,false,146177,195814,0.8604855233605034
146177,140766,0.8696792276636245,false,146177,140766,0.8696792276636245
146177,6097,0.9668990022441512,false,146177,6097,0.9668990022441512
146177,693188,0.7702433174189981,false,146177,693188,0.7702433174189981
146177,389376,0.8687934545741782,false,146177,389376,0.8687934545741782
146177,6799,0.8032367550226931,false,146177,6799,0.8032367550226931
146177,84525,0.7138912639333286,false,146177,84525,0.7138912639333286
146177,21,0.8966030800428928,false,146177,21,0.8966030800428928
146177,123872,0.9522507641651615,false,146177,123872,0.9522507641651615
146177,105373265,0.7171077153440035,false,146177,105373265,0.7171077153440035
146177,9052,0.7435311703852285,false,146177,9052,0.7435311703852285
146177,105372793,0.7200660558662859,false,146177,105372793,0.7200660558662859
146177,653509,0.883494320924295,false,146177,653509,0.883494320924295
146177,729238,0.8783521825222625,false,146177,729238,0.8783521825222625
146177,3855,0.8335111521253957,false,146177,3855,0.8335111521253957
100506658,200373,0.7660087984145378,false,100506658,200373,0.7660087984145378
100506658,168090,0.7591381881283631,false,100506658,168090,0.7591381881283631
100506658,341676,0.9079283775592781,false,100506658,341676,0.9079283775592781
100506658,148213,0.9074996122622269,false,100506658,148213,0.9074996122622269
100506658,10595,0.8787607330102382,false,100506658,10595,0.8787607330102382
100506658,4583,0.861837470247052,false,100506658,4583,0.861837470247052
100506658,728643,0.8982594911810615,false,100506658,728643,0.8982594911810615
100506658,55567,0.9339990852961184,false,100506658,55567,0.9339990852961184
100506658,54997,0.907557445255524,false,100506658,54997,0.907557445255524
100506658,79848,0.8389283801039136,false,100506658,79848,0.8389283801039136
100506658,219790,0.800050041045529,false,100506658,219790,0.800050041045529
100506658,115677,0.8805845870318718,false,100506658,115677,0.8805845870318718
100506658,5961,0.8800068993898034,false,100506658,5961,0.8800068993898034
100506658,7851,0.9173056602905504,false,100506658,7851,0.9173056602905504
100506658,692072,0.8590827836631415,false,100506658,692072,0.8590827836631415
100506658,109136579,0.864883601958048,false,100506658,109136579,0.864883601958048
100506658,503645,0.8366163637003173,false,100506658,503645,0.8366163637003173
100506658,55808,0.9156695882943907,false,100506658,55808,0.9156695882943907
100506658,999,0.9140526598858733,false,100506658,999,0.9140526598858733
100506658,126353,0.9260855605657872,false,100506658,126353,0.9260855605657872
100506658,26226,0.8706123496518973,false,100506658,26226,0.8706123496518973
100506658,64332,0.7793669980156732,false,100506658,64332,0.7793669980156732
100506658,346007,0.7660829778951466,false,100506658,346007,0.7660829778951466
100506658,388743,0.9013748217246982,false,100506658,388743,0.9013748217246982
100506658,116984,0.7912884727653179,false,100506658,116984,0.7912884727653179
100506658,137872,0.8298657633176051,false,100506658,137872,0.8298657633176051
100506658,1577,0.8780589205240537,false,100506658,1577,0.8780589205240537
100506658,100033430,0.8861271496516581,false,100506658,100033430,0.8861271496516581
100506658,340267,0.9076806396053786,false,100506658,340267,0.9076806396053786
100506658,200879,0.9023256514866895,false,100506658,200879,0.9023256514866895
100506658,1510,0.9159425189041912,false,100506658,1510,0.9159425189041912
100506658,441251,0.8581896396514479,false,100506658,441251,0.8581896396514479
100506658,102723849,0.8927205908754325,false,100506658,102723849,0.8927205908754325
100506658,6337,0.9908334585181432,false,100506658,6337,0.9908334585181432
100506658,5284,0.706429327874225,false,100506658,5284,0.706429327874225
100506658,57669,0.942751830907208,false,100506658,57669,0.942751830907208
100506658,619383,0.8709096111122706,false,100506658,619383,0.8709096111122706
100506658,89765,0.8712033939461031,false,100506658,89765,0.8712033939461031
100506658,57111,0.9167763894291739,false,100506658,57111,0.9167763894291739
100506658,278,0.7911840062454288,false,100506658,278,0.7911840062454288
100506658,116844,0.9014709694850493,false,100506658,116844,0.9014709694850493
100506658,10129,0.8832157248775103,false,100506658,10129,0.8832157248775103
100506658,4586,0.893104126054594,false,100506658,4586,0.893104126054594
100506658,100158262,0.8058652384575574,false,100506658,100158262,0.8058652384575574
100506658,10551,0.9021698939065141,false,100506658,10551,0.9021698939065141
100506658,130271,0.7117934633015077,false,100506658,130271,0.7117934633015077
100506658,6101,0.823775053986645,false,100506658,6101,0.823775053986645
100506658,378938,0.865336080941402,false,100506658,378938,0.865336080941402
100506658,54897,0.9421734558021545,false,100506658,54897,0.9421734558021545
100506658,117155,0.901453156539333,false,100506658,117155,0.901453156539333
100506658,112268155,0.8998899163585722,false,100506658,112268155,0.8998899163585722
100506658,1152,0.9079843838560185,false,100506658,1152,0.9079843838560185
100506658,27074,0.7555327926545573,false,100506658,27074,0.7555327926545573
100506658,79083,0.9054044311914597,false,100506658,79083,0.9054044311914597
100506658,66002,0.9091212096095117,false,100506658,66002,0.9091212096095117
100506658,1556,0.945867087395064,false,100506658,1556,0.945867087395064
100506658,22996,0.9411883689370601,false,100506658,22996,0.9411883689370601
100506658,55930,0.9396124269821461,false,100506658,55930,0.9396124269821461
100506658,7113,0.9264525863330239,false,100506658,7113,0.9264525863330239
100506658,54861,0.9076197463473505,false,100506658,54861,0.9076197463473505
100506658,222256,0.8589147048282257,false,100506658,222256,0.8589147048282257
100506658,105180391,0.9120033493134172,false,100506658,105180391,0.9120033493134172
100506658,26084,0.8522497211579291,false,100506658,26084,0.8522497211579291
100506658,100529240,0.9035181174920636,false,100506658,100529240,0.9035181174920636
100506658,113218482,0.9029889483752102,false,100506658,113218482,0.9029889483752102
100506658,647024,0.918760736913956,false,100506658,647024,0.918760736913956
100506658,255928,0.8777018851002899,false,100506658,255928,0.8777018851002899
100506658,151531,0.8848960237997162,false,100506658,151531,0.8848960237997162
100506658,8537,0.7728388199285418,false,100506658,8537,0.7728388199285418
100506658,10018,0.890855062074009,false,100506658,10018,0.890855062074009
100506658,115019,0.9077385091556124,false,100506658,115019,0.9077385091556124
100506658,201625,0.8789164172392433,false,100506658,201625,0.8789164172392433
100506658,105180390,0.913907115628316,false,100506658,105180390,0.913907115628316
100506658,692058,0.875487795295907,false,100506658,692058,0.875487795295907
100506658,276,0.7504132511820266,false,100506658,276,0.7504132511820266
100506658,168374,0.8772586266511723,false,100506658,168374,0.8772586266511723
100506658,83481,0.9306959190967163,false,100506658,83481,0.9306959190967163
100506658,645843,0.8998622476488646,false,100506658,645843,0.8998622476488646
100506658,143884,0.7868195812549408,false,100506658,143884,0.7868195812549408
100506658,1579,0.7641393896076752,false,100506658,1579,0.7641393896076752
100506658,80004,0.9123163068443256,false,100506658,80004,0.9123163068443256
100506658,121512,0.932556245926708,false,100506658,121512,0.932556245926708
100506658,3993,0.965931262295724,false,100506658,3993,0.965931262295724
100506658,389852,0.9000746686393969,false,100506658,389852,0.9000746686393969
100506658,342892,0.8763069525557672,false,100506658,342892,0.8763069525557672
100506658,164312,0.9557266523722205,false,100506658,164312,0.9557266523722205
100506658,84239,0.9569843156493403,false,100506658,84239,0.9569843156493403
100506658,2065,0.9356106526472827,false,100506658,2065,0.9356106526472827
100506658,57402,0.9772529888959345,false,100506658,57402,0.9772529888959345
100506658,776,0.7722096912173515,false,100506658,776,0.7722096912173515
100506658,780,0.9052804745796176,false,100506658,780,0.9052804745796176
100506658,135656,0.8927097379350754,false,100506658,135656,0.8927097379350754
100506658,3880,0.9192499650909156,false,100506658,3880,0.9192499650909156
100506658,94059,0.9061031897822036,false,100506658,94059,0.9061031897822036
100506658,26769,0.8385778301201651,false,100506658,26769,0.8385778301201651
100506658,3960,0.8939853574951677,false,100506658,3960,0.8939853574951677
100506658,7433,0.9456970761519826,false,100506658,7433,0.9456970761519826
100506658,284323,0.8745541546154149,false,100506658,284323,0.8745541546154149
100506658,100129460,0.7733965323668522,false,100506658,100129460,0.7733965323668522
100506658,65217,0.8630311019701542,false,100506658,65217,0.8630311019701542
100506658,23584,0.93192608720856,false,100506658,23584,0.93192608720856
100506658,692213,0.9055672174697866,false,100506658,692213,0.9055672174697866
100506658,153643,0.8903336418428422,false,100506658,153643,0.8903336418428422
100506658,112268422,0.8834932365821373,false,100506658,112268422,0.8834932365821373
100506658,259294,0.8759409971889877,false,100506658,259294,0.8759409971889877
100506658,79740,0.9836184330476466,false,100506658,79740,0.9836184330476466
100506658,2266,0.9023729658095394,false,100506658,2266,0.9023729658095394
100506658,745,0.9355715872491884,false,100506658,745,0.9355715872491884
100506658,440352,0.9518143724207965,false,100506658,440352,0.9518143724207965
728226,22943,0.8172777166000567,false,728226,22943,0.8172777166000567
728226,2696,0.9236715976830832,false,728226,2696,0.9236715976830832
728226,54084,0.8726930555257544,false,728226,54084,0.8726930555257544
728226,100129940,0.7900738976216761,false,728226,100129940,0.7900738976216761
728226,339983,0.7086461688354827,false,728226,339983,0.7086461688354827
728226,6969,0.7587912792740734,false,728226,6969,0.7587912792740734
728226,7473,0.8359894396977896,false,728226,7473,0.8359894396977896
728226,128602,0.8057056706623152,false,728226,128602,0.8057056706623152
728226,6332,0.9281026645773806,false,728226,6332,0.9281026645773806
728226,2595,0.7437573606776705,false,728226,2595,0.7437573606776705
728226,9223,0.8849508435110947,false,728226,9223,0.8849508435110947
728226,1180,0.8592717503079421,false,728226,1180,0.8592717503079421
728226,2277,0.9503712691708603,false,728226,2277,0.9503712691708603
728226,825,0.8636686551078053,false,728226,825,0.8636686551078053
728226,79148,0.7797059607190359,false,728226,79148,0.7797059607190359
728226,6532,0.8444300090585444,false,728226,6532,0.8444300090585444
728226,100996506,0.8041988891769984,false,728226,100996506,0.8041988891769984
728226,100505495,0.8223186861329668,false,728226,100505495,0.8223186861329668
728226,57524,0.8461373276703896,false,728226,57524,0.8461373276703896
728226,256076,0.8643943118620374,false,728226,256076,0.8643943118620374
728226,284680,0.9327259148518936,false,728226,284680,0.9327259148518936
728226,128218,0.8724524132875126,false,728226,128218,0.8724524132875126
728226,100820829,0.9014937960305291,false,728226,100820829,0.9014937960305291
728226,21,0.7703277909363969,false,728226,21,0.7703277909363969
728226,284434,0.7252936871530515,false,728226,284434,0.7252936871530515
728226,105373265,0.8460513962708747,false,728226,105373265,0.8460513962708747
728226,9211,0.7086461688354826,false,728226,9211,0.7086461688354826
728226,440590,0.8559167662894024,false,728226,440590,0.8559167662894024
728226,55282,0.933872041916682,false,728226,55282,0.933872041916682
81615,8153,0.7939915073728956,false,81615,8153,0.7939915073728956
81615,124944,0.9100719132906903,false,81615,124944,0.9100719132906903
81615,388327,0.7418238791661247,false,81615,388327,0.7418238791661247
81615,340596,0.7867029606561509,false,81615,340596,0.7867029606561509
81615,100506755,0.890316242947184,false,81615,100506755,0.890316242947184
81615,1746,0.8783618464639521,false,81615,1746,0.8783618464639521
81615,84867,0.7368040134577883,false,81615,84867,0.7368040134577883
81615,57710,0.8526271752299125,false,81615,57710,0.8526271752299125
81615,9699,0.916659335860245,false,81615,9699,0.916659335860245
81615,84525,0.7454043812854043,false,81615,84525,0.7454043812854043
81615,498,0.7872792046689221,false,81615,498,0.7872792046689221
81615,100874002,0.874997547008981,false,81615,100874002,0.874997547008981
81615,219793,0.8916073703794847,false,81615,219793,0.8916073703794847
81615,56955,0.8531422150940403,false,81615,56955,0.8531422150940403
81615,1515,0.8244590175603298,false,81615,1515,0.8244590175603298
81615,165186,0.7276624010429995,false,81615,165186,0.7276624010429995
84842,388555,0.9653888293553154,false,84842,388555,0.9653888293553154
84842,128602,0.809987540656328,false,84842,128602,0.809987540656328
84842,100506380,0.9588825902319896,false,84842,100506380,0.9588825902319896
84842,363,0.9653888293553156,false,84842,363,0.9653888293553156
84842,65998,0.9379528483193077,false,84842,65998,0.9379528483193077
84842,419,0.9653888293553157,false,84842,419,0.9653888293553157
84842,93517,0.9606491563612496,false,84842,93517,0.9606491563612496
84842,388633,0.9921739909862494,false,84842,388633,0.9921739909862494
84842,340596,0.8664541994485482,false,84842,340596,0.8664541994485482
84842,11185,0.7711199749776104,false,84842,11185,0.7711199749776104
84842,10586,0.9290806018257236,false,84842,10586,0.9290806018257236
84842,2125,0.8873143298260558,false,84842,2125,0.8873143298260558
84842,3780,0.9235563089887993,false,84842,3780,0.9235563089887993
84842,163479,0.9704921084917768,false,84842,163479,0.9704921084917768
84842,84867,0.9080905453013509,false,84842,84867,0.9080905453013509
84842,441151,0.7048230832475006,false,84842,441151,0.7048230832475006
84842,5349,0.9352790600076799,false,84842,5349,0.9352790600076799
84842,113219467,0.8652154998112973,false,84842,113219467,0.8652154998112973
84842,26797,0.9788091599662944,false,84842,26797,0.9788091599662944
84842,692209,0.9658563681514704,false,84842,692209,0.9658563681514704
84842,84525,0.7204711306235593,false,84842,84525,0.7204711306235593
84842,4861,0.983942083583597,false,84842,4861,0.983942083583597
84842,284434,0.8268819511702961,false,84842,284434,0.8268819511702961
84842,56955,0.8487153626319356,false,84842,56955,0.8487153626319356
84842,100423031,0.9653888293553156,false,84842,100423031,0.9653888293553156
84842,79098,0.7279531614613695,false,84842,79098,0.7279531614613695
84842,1515,0.8854227410800106,false,84842,1515,0.8854227410800106
84842,165186,0.9352470926716661,false,84842,165186,0.9352470926716661
22943,2696,0.8662659234091804,false,22943,2696,0.8662659234091804
22943,54084,0.9867634690262883,false,22943,54084,0.9867634690262883
22943,339983,0.8678923725804286,false,22943,339983,0.8678923725804286
22943,6969,0.9370317812481139,false,22943,6969,0.9370317812481139
22943,7473,0.9017506915708853,false,22943,7473,0.9017506915708853
22943,6332,0.8459018411794614,false,22943,6332,0.8459018411794614
22943,9223,0.890987217775922,false,22943,9223,0.890987217775922
22943,1180,0.9834925852214474,false,22943,1180,0.9834925852214474
22943,200407,0.7405446411955847,false,22943,200407,0.7405446411955847
22943,2277,0.7696785034879612,false,22943,2277,0.7696785034879612
22943,825,0.8685760435864911,false,22943,825,0.8685760435864911
22943,388327,0.9248156201969479,false,22943,388327,0.9248156201969479
22943,6532,0.8776684735743341,false,22943,6532,0.8776684735743341
22943,100996506,0.923749073401165,false,22943,100996506,0.923749073401165
22943,100505495,0.9143667115633257,false,22943,100505495,0.9143667115633257
22943,57524,0.7574198734568206,false,22943,57524,0.7574198734568206
22943,256076,0.805160115879268,false,22943,256076,0.805160115879268
22943,284680,0.7243826620817596,false,22943,284680,0.7243826620817596
22943,100820829,0.8928461400206466,false,22943,100820829,0.8928461400206466
22943,105373265,0.7018644023153078,false,22943,105373265,0.7018644023153078
22943,9211,0.8678923725804287,false,22943,9211,0.8678923725804287
22943,440590,0.7596804265198149,false,22943,440590,0.7596804265198149
22943,55282,0.8972784729483579,false,22943,55282,0.8972784729483579
200373,168090,0.95019055083272,false,200373,168090,0.95019055083272
200373,474354,0.8586042543545059,false,200373,474354,0.8586042543545059
200373,341676,0.7840773532721775,false,200373,341676,0.7840773532721775
200373,10595,0.83424824200538,false,200373,10595,0.83424824200538
200373,4583,0.853677948017324,false,200373,4583,0.853677948017324
200373,54842,0.9343545279965494,false,200373,54842,0.9343545279965494
200373,55567,0.817658104093059,false,200373,55567,0.817658104093059
200373,6103,0.8594702916244157,false,200373,6103,0.8594702916244157
200373,115677,0.7415478392088669,false,200373,115677,0.7415478392088669
200373,7851,0.7069024394374803,false,200373,7851,0.7069024394374803
200373,253970,0.8587835085788122,false,200373,253970,0.8587835085788122
200373,109136579,0.7095808354271079,false,200373,109136579,0.7095808354271079
200373,999,0.8450351339973626,false,200373,999,0.8450351339973626
200373,126353,0.7492298858154183,false,200373,126353,0.7492298858154183
200373,64332,0.7016046584651972,false,200373,64332,0.7016046584651972
200373,116984,0.7522423036626114,false,200373,116984,0.7522423036626114
200373,3875,0.9268016395799997,false,200373,3875,0.9268016395799997
200373,100033430,0.8143689360714514,false,200373,100033430,0.8143689360714514
200373,340267,0.7001732989447814,false,200373,340267,0.7001732989447814
200373,4680,0.7846774035260233,false,200373,4680,0.7846774035260233
200373,441251,0.8439086668613376,false,200373,441251,0.8439086668613376
200373,6337,0.8351603108701109,false,200373,6337,0.8351603108701109
200373,5284,0.987574682288751,false,200373,5284,0.987574682288751
200373,619383,0.7120749457674642,false,200373,619383,0.7120749457674642
200373,89765,0.9276841572769903,false,200373,89765,0.9276841572769903
200373,278,0.8863211409488977,false,200373,278,0.8863211409488977
200373,116844,0.7639188240098688,false,200373,116844,0.7639188240098688
200373,688,0.9444208378788327,false,200373,688,0.9444208378788327
200373,6101,0.9012609386811413,false,200373,6101,0.9012609386811413
200373,378938,0.7108025550180547,false,200373,378938,0.7108025550180547
200373,1152,0.7182526009644707,false,200373,1152,0.7182526009644707
200373,27074,0.972849152243414,false,200373,27074,0.972849152243414
200373,1556,0.7044513858971887,false,200373,1556,0.7044513858971887
200373,79632,0.9181294434957291,false,200373,79632,0.9181294434957291
200373,4585,0.9154596927489883,false,200373,4585,0.9154596927489883
200373,22996,0.705178082625794,false,200373,22996,0.705178082625794
200373,1767,0.8391103804426165,false,200373,1767,0.8391103804426165
200373,7113,0.7753586146359355,false,200373,7113,0.7753586146359355
200373,54861,0.73107897654356,false,200373,54861,0.73107897654356
200373,222256,0.8629081648788534,false,200373,222256,0.8629081648788534
200373,26084,0.8178455472040851,false,200373,26084,0.8178455472040851
200373,647024,0.829620159723641,false,200373,647024,0.829620159723641
200373,151531,0.7441102181594587,false,200373,151531,0.7441102181594587
200373,201625,0.9504029873936939,false,200373,201625,0.9504029873936939
200373,1043,0.9797600777565745,false,200373,1043,0.9797600777565745
200373,692058,0.7418243330115547,false,200373,692058,0.7418243330115547
200373,276,0.9249169907147043,false,200373,276,0.9249169907147043
200373,168374,0.7648281000838254,false,200373,168374,0.7648281000838254
200373,83481,0.8057471364042352,false,200373,83481,0.8057471364042352
200373,645843,0.7704047439568632,false,200373,645843,0.7704047439568632
200373,2122,0.8084625856438552,false,200373,2122,0.8084625856438552
200373,84059,0.9028767090520309,false,200373,84059,0.9028767090520309
200373,1579,0.9567892671753638,false,200373,1579,0.9567892671753638
200373,57477,0.8026325016184559,false,200373,57477,0.8026325016184559
200373,80004,0.902859776107223,false,200373,80004,0.902859776107223
200373,121512,0.7683057762469626,false,200373,121512,0.7683057762469626
200373,120892,0.9063955725046893,false,200373,120892,0.9063955725046893
200373,123624,0.8032963396119899,false,200373,123624,0.8032963396119899
200373,84239,0.8142242660424805,false,200373,84239,0.8142242660424805
200373,353189,0.8195874318906184,false,200373,353189,0.8195874318906184
200373,2065,0.8137961184455784,false,200373,2065,0.8137961184455784
200373,1513,0.702255717239495,false,200373,1513,0.702255717239495
200373,84851,0.8933884439015016,false,200373,84851,0.8933884439015016
200373,780,0.7755675165438768,false,200373,780,0.7755675165438768
200373,3880,0.9309520906588019,false,200373,3880,0.9309520906588019
200373,26769,0.7998830866295298,false,200373,26769,0.7998830866295298
200373,100129460,0.9093756884135217,false,200373,100129460,0.9093756884135217
200373,4069,0.8073581670115336,false,200373,4069,0.8073581670115336
200373,1080,0.8729928919724623,false,200373,1080,0.8729928919724623
200373,1286,0.9116935022704604,false,200373,1286,0.9116935022704604
200373,79784,0.7973012777724546,false,200373,79784,0.7973012777724546
200373,153643,0.84846887238682,false,200373,153643,0.84846887238682
200373,144535,0.897308438545602,false,200373,144535,0.897308438545602
200373,649946,0.7510631697637896,false,200373,649946,0.7510631697637896
200373,79740,0.7894768201180125,false,200373,79740,0.7894768201180125
200373,26298,0.7260948431338464,false,200373,26298,0.7260948431338464
2696,54084,0.9200696278886662,false,2696,54084,0.9200696278886662
2696,100129940,0.8494183259433346,false,2696,100129940,0.8494183259433346
2696,339983,0.9105682216084799,false,2696,339983,0.9105682216084799
2696,6969,0.9180937890925066,false,2696,6969,0.9180937890925066
2696,221395,0.7554931094410172,false,2696,221395,0.7554931094410172
2696,7473,0.9747702553534001,false,2696,7473,0.9747702553534001
2696,6332,0.9869978087719615,false,2696,6332,0.9869978087719615
2696,9223,0.9583827111107489,false,2696,9223,0.9583827111107489
2696,1180,0.8551417231665932,false,2696,1180,0.8551417231665932
2696,653082,0.8317287233436259,false,2696,653082,0.8317287233436259
2696,2277,0.9232744887316037,false,2696,2277,0.9232744887316037
2696,825,0.8259011083609387,false,2696,825,0.8259011083609387
2696,79148,0.8847365832271328,false,2696,79148,0.8847365832271328
2696,6532,0.9626546256391029,false,2696,6532,0.9626546256391029
2696,100996506,0.940229509470217,false,2696,100996506,0.940229509470217
2696,100505495,0.9256689045472896,false,2696,100505495,0.9256689045472896
2696,57524,0.901769800354239,false,2696,57524,0.901769800354239
2696,256076,0.9690018270819647,false,2696,256076,0.9690018270819647
2696,284680,0.8881076546888611,false,2696,284680,0.8881076546888611
2696,9411,0.7720909760801374,false,2696,9411,0.7720909760801374
2696,128218,0.8241551443425299,false,2696,128218,0.8241551443425299
2696,100820829,0.9715889119521072,false,2696,100820829,0.9715889119521072
2696,105373265,0.9074313903194182,false,2696,105373265,0.9074313903194182
2696,9211,0.9105682216084799,false,2696,9211,0.9105682216084799
2696,440590,0.8817620698327087,false,2696,440590,0.8817620698327087
2696,55282,0.9167697840150855,false,2696,55282,0.9167697840150855
5787,474354,0.7630581484213959,false,5787,474354,0.7630581484213959
5787,100129940,0.8263211174630164,false,5787,100129940,0.8263211174630164
5787,2324,0.8120192101858961,false,5787,2324,0.8120192101858961
5787,221395,0.8270447446294282,false,5787,221395,0.8270447446294282
5787,6332,0.7459380006994335,false,5787,6332,0.7459380006994335
5787,2595,0.7397544841914232,false,5787,2595,0.7397544841914232
5787,219790,0.7731129573064769,false,5787,219790,0.7731129573064769
5787,115677,0.7873221172177098,false,5787,115677,0.7873221172177098
5787,9223,0.7780107393253323,false,5787,9223,0.7780107393253323
5787,2277,0.7699259227453702,false,5787,2277,0.7699259227453702
5787,116984,0.7327407122441622,false,5787,116984,0.7327407122441622
5787,114327,0.8428313136116676,false,5787,114327,0.8428313136116676
5787,130271,0.8534868121773665,false,5787,130271,0.8534868121773665
5787,6101,0.7240832835428179,false,5787,6101,0.7240832835428179
5787,54,0.944796342466427,false,5787,54,0.944796342466427
5787,256076,0.8112347555120756,false,5787,256076,0.8112347555120756
5787,2122,0.8627313245361186,false,5787,2122,0.8627313245361186
5787,84059,0.7037696234363704,false,5787,84059,0.7037696234363704
5787,1579,0.704436507003588,false,5787,1579,0.704436507003588
5787,57477,0.7575570512019947,false,5787,57477,0.7575570512019947
5787,9771,0.7363710750521547,false,5787,9771,0.7363710750521547
5787,100820829,0.7273377709430091,false,5787,100820829,0.7273377709430091
5787,10203,0.846725832173814,false,5787,10203,0.846725832173814
5787,65217,0.7472149923726402,false,5787,65217,0.7472149923726402
5787,1286,0.7060647503297741,false,5787,1286,0.7060647503297741
5787,84765,0.7120485027222139,false,5787,84765,0.7120485027222139
5787,144535,0.7294002142806869,false,5787,144535,0.7294002142806869
168090,474354,0.8340898198033908,false,168090,474354,0.8340898198033908
168090,341676,0.7377664135847044,false,168090,341676,0.7377664135847044
168090,10595,0.7676348968236376,false,168090,10595,0.7676348968236376
168090,4583,0.7828694519346598,false,168090,4583,0.7828694519346598
168090,54842,0.8353976287884597,false,168090,54842,0.8353976287884597
168090,55567,0.7811282335430139,false,168090,55567,0.7811282335430139
168090,6103,0.8714918432565407,false,168090,6103,0.8714918432565407
168090,115677,0.7651703446982031,false,168090,115677,0.7651703446982031
168090,253970,0.8671856474962372,false,168090,253970,0.8671856474962372
168090,999,0.7919446892261807,false,168090,999,0.7919446892261807
168090,3875,0.8507066158275154,false,168090,3875,0.8507066158275154
168090,100033430,0.7506484282437881,false,168090,100033430,0.7506484282437881
168090,4680,0.7697645251998576,false,168090,4680,0.7697645251998576
168090,441251,0.7992226616956566,false,168090,441251,0.7992226616956566
168090,6337,0.8371596299979605,false,168090,6337,0.8371596299979605
168090,5284,0.9355317312610428,false,168090,5284,0.9355317312610428
168090,89765,0.8290234728669194,false,168090,89765,0.8290234728669194
168090,278,0.8611491973038915,false,168090,278,0.8611491973038915
168090,116844,0.7046442692498048,false,168090,116844,0.7046442692498048
168090,688,0.9163001495156692,false,168090,688,0.9163001495156692
168090,6101,0.9738876850095936,false,168090,6101,0.9738876850095936
168090,1152,0.7605698244688925,false,168090,1152,0.7605698244688925
168090,27074,0.9758925235278485,false,168090,27074,0.9758925235278485
168090,79632,0.8750187682392196,false,168090,79632,0.8750187682392196
168090,4585,0.8393479427793719,false,168090,4585,0.8393479427793719
168090,1767,0.812163223357541,false,168090,1767,0.812163223357541
168090,7113,0.7193987787720293,false,168090,7113,0.7193987787720293
168090,54861,0.7311639981736205,false,168090,54861,0.7311639981736205
168090,222256,0.824429457592821,false,168090,222256,0.824429457592821
168090,26084,0.8723045654284513,false,168090,26084,0.8723045654284513
168090,54,0.7762038030628705,false,168090,54,0.7762038030628705
168090,647024,0.7713003028055516,false,168090,647024,0.7713003028055516
168090,201625,0.9485788264099275,false,168090,201625,0.9485788264099275
168090,1043,0.9253153744687928,false,168090,1043,0.9253153744687928
168090,276,0.8922131982034984,false,168090,276,0.8922131982034984
168090,168374,0.7282739788907934,false,168090,168374,0.7282739788907934
168090,83481,0.7704516567629967,false,168090,83481,0.7704516567629967
168090,645843,0.7411120131331538,false,168090,645843,0.7411120131331538
168090,2122,0.771989591343005,false,168090,2122,0.771989591343005
168090,84059,0.8570052199446084,false,168090,84059,0.8570052199446084
168090,1579,0.9458402012842047,false,168090,1579,0.9458402012842047
168090,57477,0.8625091204730759,false,168090,57477,0.8625091204730759
168090,80004,0.819496591879671,false,168090,80004,0.819496591879671
168090,121512,0.7001597431875062,false,168090,121512,0.7001597431875062
168090,120892,0.8964056233178961,false,168090,120892,0.8964056233178961
168090,123624,0.8513167886064718,false,168090,123624,0.8513167886064718
168090,84239,0.8021556879335343,false,168090,84239,0.8021556879335343
168090,353189,0.7492569835091129,false,168090,353189,0.7492569835091129
168090,2065,0.7744412740393458,false,168090,2065,0.7744412740393458
168090,1513,0.7656710859914083,false,168090,1513,0.7656710859914083
168090,84851,0.8815472486243191,false,168090,84851,0.8815472486243191
168090,780,0.7401163712044792,false,168090,780,0.7401163712044792
168090,3880,0.908096724870044,false,168090,3880,0.908096724870044
168090,26769,0.752561032668121,false,168090,26769,0.752561032668121
168090,100129460,0.8654774929716975,false,168090,100129460,0.8654774929716975
168090,4069,0.7387198109899192,false,168090,4069,0.7387198109899192
168090,1080,0.8825266389262039,false,168090,1080,0.8825266389262039
168090,1286,0.9374467434404061,false,168090,1286,0.9374467434404061
168090,79784,0.8229607231845035,false,168090,79784,0.8229607231845035
168090,153643,0.7824080701554615,false,168090,153643,0.7824080701554615
168090,144535,0.844351654382241,false,168090,144535,0.844351654382241
168090,649946,0.7836790113364839,false,168090,649946,0.7836790113364839
168090,79740,0.8116058135243721,false,168090,79740,0.8116058135243721
102723382,54112,0.8817148754587895,false,102723382,54112,0.8817148754587895
102723382,4892,0.8761184882751969,false,102723382,4892,0.8761184882751969
102723382,3207,0.864375087036389,false,102723382,3207,0.864375087036389
102723382,3929,0.8587951509344162,false,102723382,3929,0.8587951509344162
102723382,105369937,0.8817148754587895,false,102723382,105369937,0.8817148754587895
102723382,107984498,0.8773057170685373,false,102723382,107984498,0.8773057170685373
102723382,284111,0.8549943467623533,false,102723382,284111,0.8549943467623533
102723382,128674,0.8817148754587895,false,102723382,128674,0.8817148754587895
102723382,7780,0.8662377599445388,false,102723382,7780,0.8662377599445388
102723382,101928580,0.8380840137680343,false,102723382,101928580,0.8380840137680343
102723382,57110,0.8700705140585898,false,102723382,57110,0.8700705140585898
102723382,646480,0.8522195235175223,false,102723382,646480,0.8522195235175223
102723382,4606,0.8780976251625002,false,102723382,4606,0.8780976251625002
54084,339983,0.8774202452142447,false,54084,339983,0.8774202452142447
54084,6969,0.9369647495776434,false,54084,6969,0.9369647495776434
54084,7473,0.9419477964519817,false,54084,7473,0.9419477964519817
54084,6332,0.9041908840731971,false,54084,6332,0.9041908840731971
54084,9223,0.9072527372374068,false,54084,9223,0.9072527372374068
54084,1180,0.9856294116540835,false,54084,1180,0.9856294116540835
54084,2277,0.8150949661501443,false,54084,2277,0.8150949661501443
54084,825,0.8659004328726366,false,54084,825,0.8659004328726366
54084,388327,0.8546240022226855,false,54084,388327,0.8546240022226855
54084,6532,0.933587796447474,false,54084,6532,0.933587796447474
54084,100996506,0.9541424416361598,false,54084,100996506,0.9541424416361598
54084,100505495,0.9541591492360386,false,54084,100505495,0.9541591492360386
54084,57524,0.8502385695268491,false,54084,57524,0.8502385695268491
54084,256076,0.8575977598110499,false,54084,256076,0.8575977598110499
54084,284680,0.8216494552064971,false,54084,284680,0.8216494552064971
54084,128218,0.7832037454350375,false,54084,128218,0.7832037454350375
54084,100820829,0.9138373154363655,false,54084,100820829,0.9138373154363655
54084,105373265,0.7529766388589013,false,54084,105373265,0.7529766388589013
54084,9211,0.8774202452142447,false,54084,9211,0.8774202452142447
54084,440590,0.8514718523833408,false,54084,440590,0.8514718523833408
54084,55282,0.9498914740851268,false,54084,55282,0.9498914740851268
474354,1906,0.7232975270817368,false,474354,1906,0.7232975270817368
474354,3240,0.750156982361071,false,474354,3240,0.750156982361071
474354,221395,0.7539508071482509,false,474354,221395,0.7539508071482509
474354,54842,0.895541100069946,false,474354,54842,0.895541100069946
474354,6103,0.9032124035737681,false,474354,6103,0.9032124035737681
474354,115677,0.7618507340545897,false,474354,115677,0.7618507340545897
474354,253970,0.7556433596553161,false,474354,253970,0.7556433596553161
474354,8091,0.8070918652303064,false,474354,8091,0.8070918652303064
474354,346007,0.745002082869683,false,474354,346007,0.745002082869683
474354,116984,0.7551877238051066,false,474354,116984,0.7551877238051066
474354,3875,0.8309245742774848,false,474354,3875,0.8309245742774848
474354,441251,0.7081692591912764,false,474354,441251,0.7081692591912764
474354,5284,0.823307867543786,false,474354,5284,0.823307867543786
474354,94025,0.705632506341908,false,474354,94025,0.705632506341908
474354,109729184,0.706269231804526,false,474354,109729184,0.706269231804526
474354,278,0.7196507400441077,false,474354,278,0.7196507400441077
474354,101927516,0.8970176101550974,false,474354,101927516,0.8970176101550974
474354,688,0.7412269233018977,false,474354,688,0.7412269233018977
474354,6101,0.8248229152753824,false,474354,6101,0.8248229152753824
474354,27074,0.901532177658324,false,474354,27074,0.901532177658324
474354,79632,0.9554759972542026,false,474354,79632,0.9554759972542026
474354,4585,0.8276618165401975,false,474354,4585,0.8276618165401975
474354,1767,0.7920315728114962,false,474354,1767,0.7920315728114962
474354,54,0.8237344068883331,false,474354,54,0.8237344068883331
474354,201625,0.818654449070215,false,474354,201625,0.818654449070215
474354,1043,0.8843693492512159,false,474354,1043,0.8843693492512159
474354,276,0.7734186862153127,false,474354,276,0.7734186862153127
474354,2122,0.9554090508524421,false,474354,2122,0.9554090508524421
474354,84059,0.9599223809959629,false,474354,84059,0.9599223809959629
474354,1579,0.944503032332872,false,474354,1579,0.944503032332872
474354,57477,0.9281350246575003,false,474354,57477,0.9281350246575003
474354,120892,0.9238353945203902,false,474354,120892,0.9238353945203902
474354,353189,0.7802815099949083,false,474354,353189,0.7802815099949083
474354,1513,0.734733812818318,false,474354,1513,0.734733812818318
474354,84851,0.9129972964992586,false,474354,84851,0.9129972964992586
474354,10203,0.8109755661754715,false,474354,10203,0.8109755661754715
474354,100129460,0.8305793197894956,false,474354,100129460,0.8305793197894956
474354,4069,0.8007331369829657,false,474354,4069,0.8007331369829657
474354,1080,0.9397599855406951,false,474354,1080,0.9397599855406951
474354,1286,0.960775172904714,false,474354,1286,0.960775172904714
474354,144535,0.9319808706061042,false,474354,144535,0.9319808706061042
474354,649946,0.8317222095907275,false,474354,649946,0.8317222095907275
341676,148213,0.9877204862145638,false,341676,148213,0.9877204862145638
341676,10595,0.9912831613302407,false,341676,10595,0.9912831613302407
341676,4583,0.9841210997022173,false,341676,4583,0.9841210997022173
341676,728643,0.8804304131545689,false,341676,728643,0.8804304131545689
341676,55567,0.9959045964689472,false,341676,55567,0.9959045964689472
341676,6103,0.7734212515320832,false,341676,6103,0.7734212515320832
341676,54997,0.9660260433908426,false,341676,54997,0.9660260433908426
341676,79848,0.931508160246767,false,341676,79848,0.931508160246767
341676,115677,0.8520608226525617,false,341676,115677,0.8520608226525617
341676,5961,0.9548124832879311,false,341676,5961,0.9548124832879311
341676,7851,0.9908075947057697,false,341676,7851,0.9908075947057697
341676,692072,0.9721114580852269,false,341676,692072,0.9721114580852269
341676,109136579,0.9843999715019933,false,341676,109136579,0.9843999715019933
341676,503645,0.9145945402782698,false,341676,503645,0.9145945402782698
341676,55808,0.9773285499687583,false,341676,55808,0.9773285499687583
341676,999,0.9927139363078987,false,341676,999,0.9927139363078987
341676,126353,0.9900799724253595,false,341676,126353,0.9900799724253595
341676,26226,0.9695616666171595,false,341676,26226,0.9695616666171595
341676,64332,0.9531281692306407,false,341676,64332,0.9531281692306407
341676,346007,0.860062248269982,false,341676,346007,0.860062248269982
341676,388743,0.9747112158473942,false,341676,388743,0.9747112158473942
341676,116984,0.7393059901424125,false,341676,116984,0.7393059901424125
341676,137872,0.9272546228554757,false,341676,137872,0.9272546228554757
341676,1577,0.9857602331974947,false,341676,1577,0.9857602331974947
341676,100033430,0.9962304138285915,false,341676,100033430,0.9962304138285915
341676,340267,0.9907928241140224,false,341676,340267,0.9907928241140224
341676,200879,0.9721636201189716,false,341676,200879,0.9721636201189716
341676,1510,0.9839976511109135,false,341676,1510,0.9839976511109135
341676,441251,0.9798840198389426,false,341676,441251,0.9798840198389426
341676,102723849,0.9823575994157454,false,341676,102723849,0.9823575994157454
341676,9196,0.7323235128666536,false,341676,9196,0.7323235128666536
341676,6337,0.919047358818055,false,341676,6337,0.919047358818055
341676,5284,0.779833128876278,false,341676,5284,0.779833128876278
341676,57669,0.9226869894459895,false,341676,57669,0.9226869894459895
341676,619383,0.988349282756609,false,341676,619383,0.988349282756609
341676,89765,0.8899291164321586,false,341676,89765,0.8899291164321586
341676,57111,0.9887052595358671,false,341676,57111,0.9887052595358671
341676,278,0.9387929110490595,false,341676,278,0.9387929110490595
341676,116844,0.9981952422628846,false,341676,116844,0.9981952422628846
341676,10129,0.9824108695361279,false,341676,10129,0.9824108695361279
341676,4586,0.9708384307352662,false,341676,4586,0.9708384307352662
341676,100158262,0.9328273179214003,false,341676,100158262,0.9328273179214003
341676,10551,0.981446116886971,false,341676,10551,0.981446116886971
341676,688,0.8046538710751079,false,341676,688,0.8046538710751079
341676,6101,0.734544856518702,false,341676,6101,0.734544856518702
341676,378938,0.9845910770216248,false,341676,378938,0.9845910770216248
341676,54897,0.8583233740617537,false,341676,54897,0.8583233740617537
341676,285,0.7211417131632528,false,341676,285,0.7211417131632528
341676,117155,0.9558795774001266,false,341676,117155,0.9558795774001266
341676,112268155,0.98685130171545,false,341676,112268155,0.98685130171545
341676,1152,0.9594029418025134,false,341676,1152,0.9594029418025134
341676,27074,0.7092336495742649,false,341676,27074,0.7092336495742649
341676,79083,0.9720582911955087,false,341676,79083,0.9720582911955087
341676,66002,0.967773178283764,false,341676,66002,0.967773178283764
341676,1556,0.9822181995273204,false,341676,1556,0.9822181995273204
341676,22996,0.9794268042438349,false,341676,22996,0.9794268042438349
341676,55930,0.9759284523504993,false,341676,55930,0.9759284523504993
341676,7620,0.8090786162936743,false,341676,7620,0.8090786162936743
341676,7113,0.9966519492221843,false,341676,7113,0.9966519492221843
341676,54861,0.9549788385043619,false,341676,54861,0.9549788385043619
341676,222256,0.9798844679151533,false,341676,222256,0.9798844679151533
341676,105180391,0.9734906729232653,false,341676,105180391,0.9734906729232653
341676,100529240,0.9852647752065972,false,341676,100529240,0.9852647752065972
341676,113218482,0.971735600683532,false,341676,113218482,0.971735600683532
341676,647024,0.9910601711658208,false,341676,647024,0.9910601711658208
341676,255928,0.9537158169133807,false,341676,255928,0.9537158169133807
341676,151531,0.9727821354181666,false,341676,151531,0.9727821354181666
341676,8537,0.933816782617583,false,341676,8537,0.933816782617583
341676,10018,0.9768539269867013,false,341676,10018,0.9768539269867013
341676,115019,0.975607737631541,false,341676,115019,0.975607737631541
341676,201625,0.9050106258151095,false,341676,201625,0.9050106258151095
341676,105180390,0.9797291819951985,false,341676,105180390,0.9797291819951985
341676,1043,0.757647056141908,false,341676,1043,0.757647056141908
341676,692058,0.996208750097801,false,341676,692058,0.996208750097801
341676,276,0.8959737584296145,false,341676,276,0.8959737584296145
341676,168374,0.9943804143382952,false,341676,168374,0.9943804143382952
341676,83481,0.9898380008870262,false,341676,83481,0.9898380008870262
341676,645843,0.9960683452944336,false,341676,645843,0.9960683452944336
341676,143884,0.9105632413349106,false,341676,143884,0.9105632413349106
341676,1579,0.7820661830508683,false,341676,1579,0.7820661830508683
341676,80004,0.9584462254418171,false,341676,80004,0.9584462254418171
341676,121512,0.9680654119303645,false,341676,121512,0.9680654119303645
341676,3993,0.9405318435142822,false,341676,3993,0.9405318435142822
341676,389852,0.9817669522502255,false,341676,389852,0.9817669522502255
341676,342892,0.9447831575660268,false,341676,342892,0.9447831575660268
341676,164312,0.9700789327810144,false,341676,164312,0.9700789327810144
341676,84239,0.9753749030368557,false,341676,84239,0.9753749030368557
341676,2065,0.9965297427420925,false,341676,2065,0.9965297427420925
341676,57402,0.8618971051725629,false,341676,57402,0.8618971051725629
341676,1513,0.7944646105644075,false,341676,1513,0.7944646105644075
341676,776,0.7834035726940198,false,341676,776,0.7834035726940198
341676,780,0.9276148724320835,false,341676,780,0.9276148724320835
341676,135656,0.9692476880887111,false,341676,135656,0.9692476880887111
341676,3880,0.92959471652198,false,341676,3880,0.92959471652198
341676,94059,0.9813593183677397,false,341676,94059,0.9813593183677397
341676,26769,0.9869513784774051,false,341676,26769,0.9869513784774051
341676,3960,0.9683325349075684,false,341676,3960,0.9683325349075684
341676,7433,0.831300600946464,false,341676,7433,0.831300600946464
341676,284323,0.9485816186983994,false,341676,284323,0.9485816186983994
341676,100129460,0.9105060035767366,false,341676,100129460,0.9105060035767366
341676,65217,0.8391161283180907,false,341676,65217,0.8391161283180907
341676,23584,0.9376563327008303,false,341676,23584,0.9376563327008303
341676,692213,0.9793438087803409,false,341676,692213,0.9793438087803409
341676,153643,0.9897170688854371,false,341676,153643,0.9897170688854371
341676,112268422,0.9642010024462354,false,341676,112268422,0.9642010024462354
341676,649946,0.8111413910798017,false,341676,649946,0.8111413910798017
341676,259294,0.9593257215504386,false,341676,259294,0.9593257215504386
341676,79740,0.9335834705195292,false,341676,79740,0.9335834705195292
341676,2266,0.9662258865308615,false,341676,2266,0.9662258865308615
341676,745,0.9771065563158525,false,341676,745,0.9771065563158525
341676,440352,0.8913377725980597,false,341676,440352,0.8913377725980597
148213,10595,0.9629917341053335,false,148213,10595,0.9629917341053335
148213,4583,0.9482452502326731,false,148213,4583,0.9482452502326731
148213,728643,0.9233839268155076,false,148213,728643,0.9233839268155076
148213,55567,0.9781355613452524,false,148213,55567,0.9781355613452524
148213,54997,0.9938654042054524,false,148213,54997,0.9938654042054524
148213,79848,0.9615424308990632,false,148213,79848,0.9615424308990632
148213,219790,0.7234283239461737,false,148213,219790,0.7234283239461737
148213,115677,0.8338219720812645,false,148213,115677,0.8338219720812645
148213,5961,0.9858676560330507,false,148213,5961,0.9858676560330507
148213,7851,0.9994430858603668,false,148213,7851,0.9994430858603668
148213,692072,0.9925399790843771,false,148213,692072,0.9925399790843771
148213,109136579,0.9827025403913027,false,148213,109136579,0.9827025403913027
148213,503645,0.9367779252230626,false,148213,503645,0.9367779252230626
148213,55808,0.9973885142750646,false,148213,55808,0.9973885142750646
148213,999,0.9661088216545842,false,148213,999,0.9661088216545842
148213,126353,0.9900858910431402,false,148213,126353,0.9900858910431402
148213,26226,0.9850030368335012,false,148213,26226,0.9850030368335012
148213,64332,0.9393423979722455,false,148213,64332,0.9393423979722455
148213,346007,0.8454716499214846,false,148213,346007,0.8454716499214846
148213,388743,0.9972667003290031,false,148213,388743,0.9972667003290031
148213,116984,0.7130511899089822,false,148213,116984,0.7130511899089822
148213,137872,0.9712382597984639,false,148213,137872,0.9712382597984639
148213,1577,0.9956495294660561,false,148213,1577,0.9956495294660561
148213,100033430,0.9740996499298535,false,148213,100033430,0.9740996499298535
148213,340267,0.9991566562752986,false,148213,340267,0.9991566562752986
148213,200879,0.9968054801522089,false,148213,200879,0.9968054801522089
148213,1510,0.9970852637860983,false,148213,1510,0.9970852637860983
148213,441251,0.9433966717923099,false,148213,441251,0.9433966717923099
148213,102723849,0.9977986375183571,false,148213,102723849,0.9977986375183571
148213,9196,0.779836807648588,false,148213,9196,0.779836807648588
148213,6337,0.8991584933955806,false,148213,6337,0.8991584933955806
148213,57669,0.9363532525890924,false,148213,57669,0.9363532525890924
148213,619383,0.9864891650119791,false,148213,619383,0.9864891650119791
148213,89765,0.8351372815578479,false,148213,89765,0.8351372815578479
148213,57111,0.9993164596715213,false,148213,57111,0.9993164596715213
148213,278,0.8776367458765091,false,148213,278,0.8776367458765091
148213,116844,0.9911203667662091,false,148213,116844,0.9911203667662091
148213,10129,0.994692833729462,false,148213,10129,0.994692833729462
148213,4586,0.9961065268195437,false,148213,4586,0.9961065268195437
148213,100158262,0.9694169858374904,false,148213,100158262,0.9694169858374904
148213,10551,0.9992521586603959,false,148213,10551,0.9992521586603959
148213,688,0.7065380430615302,false,148213,688,0.7065380430615302
148213,378938,0.9826386755092141,false,148213,378938,0.9826386755092141
148213,54897,0.8918220517239385,false,148213,54897,0.8918220517239385
148213,117155,0.9894255404258534,false,148213,117155,0.9894255404258534
148213,112268155,0.9954289636248739,false,148213,112268155,0.9954289636248739
148213,1152,0.9546684929341835,false,148213,1152,0.9546684929341835
148213,79083,0.9962659981074775,false,148213,79083,0.9962659981074775
148213,66002,0.9940663493570603,false,148213,66002,0.9940663493570603
148213,1556,0.9940949247337578,false,148213,1556,0.9940949247337578
148213,22996,0.9906473722208262,false,148213,22996,0.9906473722208262
148213,55930,0.9907139833173666,false,148213,55930,0.9907139833173666
148213,7620,0.8442082064871206,false,148213,7620,0.8442082064871206
148213,7113,0.9902287677301941,false,148213,7113,0.9902287677301941
148213,54861,0.9501441302060739,false,148213,54861,0.9501441302060739
148213,222256,0.9382308539103142,false,148213,222256,0.9382308539103142
148213,105180391,0.989310646356299,false,148213,105180391,0.989310646356299
148213,100529240,0.9984804592945443,false,148213,100529240,0.9984804592945443
148213,113218482,0.9958165421889972,false,148213,113218482,0.9958165421889972
148213,647024,0.9695524403816843,false,148213,647024,0.9695524403816843
148213,255928,0.9865598901479646,false,148213,255928,0.9865598901479646
148213,151531,0.971594809539168,false,148213,151531,0.971594809539168
148213,8537,0.9580128113731443,false,148213,8537,0.9580128113731443
148213,10018,0.9976147315530552,false,148213,10018,0.9976147315530552
148213,115019,0.9973801135214369,false,148213,115019,0.9973801135214369
148213,201625,0.8377342722313572,false,148213,201625,0.8377342722313572
148213,105180390,0.9922789022715921,false,148213,105180390,0.9922789022715921
148213,692058,0.9894702889852156,false,148213,692058,0.9894702889852156
148213,276,0.8173833692811019,false,148213,276,0.8173833692811019
148213,168374,0.9810796196121008,false,148213,168374,0.9810796196121008
148213,83481,0.974313827539541,false,148213,83481,0.974313827539541
148213,645843,0.9843440914832964,false,148213,645843,0.9843440914832964
148213,143884,0.9526140414400065,false,148213,143884,0.9526140414400065
148213,80004,0.9179253559911676,false,148213,80004,0.9179253559911676
148213,121512,0.964071507514008,false,148213,121512,0.964071507514008
148213,3993,0.9602300703076861,false,148213,3993,0.9602300703076861
148213,389852,0.9991615834636364,false,148213,389852,0.9991615834636364
148213,342892,0.971043526228765,false,148213,342892,0.971043526228765
148213,164312,0.9856942943519644,false,148213,164312,0.9856942943519644
148213,84239,0.9590200186593648,false,148213,84239,0.9590200186593648
148213,2065,0.9802428821047182,false,148213,2065,0.9802428821047182
148213,57402,0.8884383049923154,false,148213,57402,0.8884383049923154
148213,1513,0.7387780935972785,false,148213,1513,0.7387780935972785
148213,776,0.8248969583854834,false,148213,776,0.8248969583854834
148213,780,0.9134232069827964,false,148213,780,0.9134232069827964
148213,135656,0.9955799984734398,false,148213,135656,0.9955799984734398
148213,3880,0.8766302627485915,false,148213,3880,0.8766302627485915
148213,94059,0.99877109701325,false,148213,94059,0.99877109701325
148213,26769,0.9592796648463787,false,148213,26769,0.9592796648463787
148213,3960,0.9951762243090321,false,148213,3960,0.9951762243090321
148213,7433,0.8739593060056199,false,148213,7433,0.8739593060056199
148213,284323,0.9847770629712956,false,148213,284323,0.9847770629712956
148213,100129460,0.8409217447723071,false,148213,100129460,0.8409217447723071
148213,65217,0.8416189400893652,false,148213,65217,0.8416189400893652
148213,23584,0.9751379390958517,false,148213,23584,0.9751379390958517
148213,692213,0.9968447275617371,false,148213,692213,0.9968447275617371
148213,153643,0.9594946951400116,false,148213,153643,0.9594946951400116
148213,112268422,0.9934392543083472,false,148213,112268422,0.9934392543083472
148213,649946,0.7569752181566134,false,148213,649946,0.7569752181566134
148213,259294,0.990018539114938,false,148213,259294,0.990018539114938
148213,79740,0.9232240284184033,false,148213,79740,0.9232240284184033
148213,2266,0.9911150398386069,false,148213,2266,0.9911150398386069
148213,745,0.9951709226843589,false,148213,745,0.9951709226843589
148213,440352,0.9169897721138524,false,148213,440352,0.9169897721138524
100129940,1906,0.8629521158153974,false,100129940,1906,0.8629521158153974
100129940,3240,0.7358077057613042,false,100129940,3240,0.7358077057613042
100129940,339983,0.7989273597791182,false,100129940,339983,0.7989273597791182
100129940,6969,0.7752324460518957,false,100129940,6969,0.7752324460518957
100129940,221395,0.9671719455224516,false,100129940,221395,0.9671719455224516
100129940,7473,0.7785887918589238,false,100129940,7473,0.7785887918589238
100129940,6332,0.8669902551320938,false,100129940,6332,0.8669902551320938
100129940,718,0.732665939402014,false,100129940,718,0.732665939402014
100129940,9223,0.9239847126935594,false,100129940,9223,0.9239847126935594
100129940,653082,0.9064680859719348,false,100129940,653082,0.9064680859719348
100129940,2277,0.9325474175080551,false,100129940,2277,0.9325474175080551
100129940,109729184,0.8136657265307384,false,100129940,109729184,0.8136657265307384
100129940,79148,0.86769644922574,false,100129940,79148,0.86769644922574
100129940,101927516,0.8182138526425143,false,100129940,101927516,0.8182138526425143
100129940,6532,0.7382631279978495,false,100129940,6532,0.7382631279978495
100129940,54848,0.731397954652167,false,100129940,54848,0.731397954652167
100129940,54,0.7530457973552631,false,100129940,54,0.7530457973552631
100129940,256076,0.9086878828029337,false,100129940,256076,0.9086878828029337
100129940,2122,0.7235342590273668,false,100129940,2122,0.7235342590273668
100129940,9411,0.8706388144650216,false,100129940,9411,0.8706388144650216
100129940,57477,0.7624969383428745,false,100129940,57477,0.7624969383428745
100129940,9771,0.7762786189498695,false,100129940,9771,0.7762786189498695
100129940,100820829,0.9147561107815237,false,100129940,100820829,0.9147561107815237
100129940,693188,0.7084873839386996,false,100129940,693188,0.7084873839386996
100129940,10203,0.9428166856659695,false,100129940,10203,0.9428166856659695
100129940,105373265,0.818503962992041,false,100129940,105373265,0.818503962992041
100129940,9211,0.7989273597791183,false,100129940,9211,0.7989273597791183
10595,4583,0.998489202977869,false,10595,4583,0.998489202977869
10595,728643,0.8115858316579615,false,10595,728643,0.8115858316579615
10595,55567,0.9888688766264563,false,10595,55567,0.9888688766264563
10595,6103,0.7969819320840277,false,10595,6103,0.7969819320840277
10595,54997,0.9283067534182978,false,10595,54997,0.9283067534182978
10595,79848,0.8805723321541444,false,10595,79848,0.8805723321541444
10595,115677,0.8128267805557708,false,10595,115677,0.8128267805557708
10595,5961,0.9102293042569828,false,10595,5961,0.9102293042569828
10595,7851,0.9683240361510865,false,10595,7851,0.9683240361510865
10595,692072,0.9429919603744686,false,10595,692072,0.9429919603744686
10595,109136579,0.9623817784189029,false,10595,109136579,0.9623817784189029
10595,503645,0.860263420055563,false,10595,503645,0.860263420055563
10595,55808,0.9491616924697026,false,10595,55808,0.9491616924697026
10595,999,0.9964442942610966,false,10595,999,0.9964442942610966
10595,126353,0.9787983047967457,false,10595,126353,0.9787983047967457
10595,26226,0.9330843475211916,false,10595,26226,0.9330843475211916
10595,64332,0.9397307813116571,false,10595,64332,0.9397307813116571
10595,346007,0.8337541220631344,false,10595,346007,0.8337541220631344
10595,388743,0.9455472298594255,false,10595,388743,0.9455472298594255
10595,116984,0.738183944877564,false,10595,116984,0.738183944877564
10595,137872,0.8903174361847039,false,10595,137872,0.8903174361847039
10595,1577,0.9605400028651458,false,10595,1577,0.9605400028651458
10595,100033430,0.9977238229635084,false,10595,100033430,0.9977238229635084
10595,340267,0.9691965926853703,false,10595,340267,0.9691965926853703
10595,200879,0.9391749991726475,false,10595,200879,0.9391749991726475
10595,1510,0.9625267208712835,false,10595,1510,0.9625267208712835
10595,441251,0.9829196317901036,false,10595,441251,0.9829196317901036
10595,102723849,0.9528055413015226,false,10595,102723849,0.9528055413015226
10595,6337,0.8999492246092369,false,10595,6337,0.8999492246092369
10595,5284,0.8404813069636722,false,10595,5284,0.8404813069636722
10595,57669,0.8742870326199825,false,10595,57669,0.8742870326199825
10595,619383,0.9669921101885817,false,10595,619383,0.9669921101885817
10595,89765,0.9265126243321583,false,10595,89765,0.9265126243321583
10595,57111,0.9661620624797128,false,10595,57111,0.9661620624797128
10595,278,0.9620651442745024,false,10595,278,0.9620651442745024
10595,116844,0.9901458943541913,false,10595,116844,0.9901458943541913
10595,10129,0.9525726203142209,false,10595,10129,0.9525726203142209
10595,4586,0.9400180686421745,false,10595,4586,0.9400180686421745
10595,100158262,0.8921287950584244,false,10595,100158262,0.8921287950584244
10595,10551,0.9544267911355413,false,10595,10551,0.9544267911355413
10595,688,0.8623332395032036,false,10595,688,0.8623332395032036
10595,6101,0.7386130834529769,false,10595,6101,0.7386130834529769
10595,378938,0.9626848033886838,false,10595,378938,0.9626848033886838
10595,54897,0.7917361353299533,false,10595,54897,0.7917361353299533
10595,285,0.7204736254029591,false,10595,285,0.7204736254029591
10595,117155,0.9180257577103884,false,10595,117155,0.9180257577103884
10595,112268155,0.9631100490430301,false,10595,112268155,0.9631100490430301
10595,1152,0.9271243550748554,false,10595,1152,0.9271243550748554
10595,27074,0.744981166177307,false,10595,27074,0.744981166177307
10595,79083,0.9366360395340453,false,10595,79083,0.9366360395340453
10595,66002,0.9357548390996706,false,10595,66002,0.9357548390996706
10595,1556,0.9523191983084577,false,10595,1556,0.9523191983084577
10595,4585,0.7017784336490555,false,10595,4585,0.7017784336490555
10595,22996,0.9557096034417496,false,10595,22996,0.9557096034417496
10595,55930,0.9481759866888418,false,10595,55930,0.9481759866888418
10595,7620,0.755382562787435,false,10595,7620,0.755382562787435
10595,7113,0.9867398557707702,false,10595,7113,0.9867398557707702
10595,54861,0.920219485515813,false,10595,54861,0.920219485515813
10595,222256,0.9913747210147467,false,10595,222256,0.9913747210147467
10595,105180391,0.9376812880612585,false,10595,105180391,0.9376812880612585
10595,100529240,0.9562377258257498,false,10595,100529240,0.9562377258257498
10595,113218482,0.9427386145953162,false,10595,113218482,0.9427386145953162
10595,647024,0.9941023381347042,false,10595,647024,0.9941023381347042
10595,255928,0.9235214733029212,false,10595,255928,0.9235214733029212
10595,151531,0.970926600323037,false,10595,151531,0.970926600323037
10595,8537,0.9099823197391723,false,10595,8537,0.9099823197391723
10595,10018,0.9482961524229153,false,10595,10018,0.9482961524229153
10595,115019,0.9467530401896915,false,10595,115019,0.9467530401896915
10595,201625,0.91911970712304,false,10595,201625,0.91911970712304
10595,105180390,0.9470634341276605,false,10595,105180390,0.9470634341276605
10595,1043,0.8180309580888908,false,10595,1043,0.8180309580888908
10595,692058,0.9857196575497773,false,10595,692058,0.9857196575497773
10595,276,0.9329305389327648,false,10595,276,0.9329305389327648
10595,168374,0.9823514133374156,false,10595,168374,0.9823514133374156
10595,83481,0.9852685078387448,false,10595,83481,0.9852685078387448
10595,645843,0.9809841405324923,false,10595,645843,0.9809841405324923
10595,143884,0.859545606334673,false,10595,143884,0.859545606334673
10595,1579,0.8081391022465506,false,10595,1579,0.8081391022465506
10595,80004,0.9765984880602299,false,10595,80004,0.9765984880602299
10595,121512,0.9482665665149723,false,10595,121512,0.9482665665149723
10595,3993,0.9108024748362168,false,10595,3993,0.9108024748362168
10595,389852,0.9555362568965537,false,10595,389852,0.9555362568965537
10595,342892,0.8949896215801469,false,10595,342892,0.8949896215801469
10595,164312,0.940853703657865,false,10595,164312,0.940853703657865
10595,84239,0.9548968572673858,false,10595,84239,0.9548968572673858
10595,2065,0.9874913473494679,false,10595,2065,0.9874913473494679
10595,57402,0.8114357108627869,false,10595,57402,0.8114357108627869
10595,1513,0.7887807723698965,false,10595,1513,0.7887807723698965
10595,776,0.7010949500058046,false,10595,776,0.7010949500058046
10595,780,0.9329521815620206,false,10595,780,0.9329521815620206
10595,135656,0.9375272794791963,false,10595,135656,0.9375272794791963
10595,3880,0.9462818280340661,false,10595,3880,0.9462818280340661
10595,94059,0.951049749258463,false,10595,94059,0.951049749258463
10595,26769,0.9914671848390124,false,10595,26769,0.9914671848390124
10595,3960,0.936408426110968,false,10595,3960,0.936408426110968
10595,7433,0.7623931655323918,false,10595,7433,0.7623931655323918
10595,284323,0.9036695279156718,false,10595,284323,0.9036695279156718
10595,100129460,0.934783004862636,false,10595,100129460,0.934783004862636
10595,65217,0.7826826877022253,false,10595,65217,0.7826826877022253
10595,23584,0.8888752916727762,false,10595,23584,0.8888752916727762
10595,692213,0.9537425605566241,false,10595,692213,0.9537425605566241
10595,153643,0.9993122444597806,false,10595,153643,0.9993122444597806
10595,112268422,0.9305768815429186,false,10595,112268422,0.9305768815429186
10595,649946,0.8007503111954719,false,10595,649946,0.8007503111954719
10595,259294,0.9193647975925062,false,10595,259294,0.9193647975925062
10595,79740,0.9096155522275609,false,10595,79740,0.9096155522275609
10595,2266,0.9310309640911549,false,10595,2266,0.9310309640911549
10595,745,0.9477769427235183,false,10595,745,0.9477769427235183
10595,440352,0.8490022992370244,false,10595,440352,0.8490022992370244
1906,3240,0.9582979188181113,false,1906,3240,0.9582979188181113
1906,7033,0.7825363704553576,false,1906,7033,0.7825363704553576
1906,221395,0.8783239086904959,false,1906,221395,0.8783239086904959
1906,718,0.8898875481408214,false,1906,718,0.8898875481408214
1906,64073,0.7754867415157068,false,1906,64073,0.7754867415157068
1906,253970,0.702396541074232,false,1906,253970,0.702396541074232
1906,6441,0.7879930264661011,false,1906,6441,0.7879930264661011
1906,4070,0.7854237214670727,false,1906,4070,0.7854237214670727
1906,56892,0.945847871927162,false,1906,56892,0.945847871927162
1906,2277,0.7685204143526102,false,1906,2277,0.7685204143526102
1906,8091,0.9105274728183145,false,1906,8091,0.9105274728183145
1906,160728,0.8342072185494652,false,1906,160728,0.8342072185494652
1906,7356,0.7927301771485638,false,1906,7356,0.7927301771485638
1906,109729127,0.759973496451998,false,1906,109729127,0.759973496451998
1906,400578,0.7407740547190627,false,1906,400578,0.7407740547190627
1906,94025,0.760136761422497,false,1906,94025,0.760136761422497
1906,109729184,0.8587563645327064,false,1906,109729184,0.8587563645327064
1906,728276,0.7750304849591217,false,1906,728276,0.7750304849591217
1906,101927516,0.8879972534733697,false,1906,101927516,0.8879972534733697
1906,5545,0.7395771991956083,false,1906,5545,0.7395771991956083
1906,727897,0.7117418168424584,false,1906,727897,0.7117418168424584
1906,54848,0.9427972015106866,false,1906,54848,0.9427972015106866
1906,117156,0.8182027263136289,false,1906,117156,0.8182027263136289
1906,195814,0.871759365640259,false,1906,195814,0.871759365640259
1906,140766,0.8532347901993383,false,1906,140766,0.8532347901993383
1906,2122,0.788364401958755,false,1906,2122,0.788364401958755
1906,105,0.8061339637396003,false,1906,105,0.8061339637396003
1906,84059,0.7752777486720764,false,1906,84059,0.7752777486720764
1906,57477,0.8337864569352413,false,1906,57477,0.8337864569352413
1906,6097,0.8077079454857996,false,1906,6097,0.8077079454857996
1906,120892,0.7643650307520079,false,1906,120892,0.7643650307520079
1906,4057,0.7802839680289309,false,1906,4057,0.7802839680289309
1906,112577518,0.7302207557348276,false,1906,112577518,0.7302207557348276
1906,9370,0.7468991917921147,false,1906,9370,0.7468991917921147
1906,693188,0.8791508061541794,false,1906,693188,0.8791508061541794
1906,389376,0.7483359335874921,false,1906,389376,0.7483359335874921
1906,6799,0.8305397866086003,false,1906,6799,0.8305397866086003
1906,563,0.7401195533983216,false,1906,563,0.7401195533983216
1906,10203,0.815438689031991,false,1906,10203,0.815438689031991
1906,1080,0.8057400623397528,false,1906,1080,0.8057400623397528
1906,123872,0.9127241110856116,false,1906,123872,0.9127241110856116
1906,1286,0.7081804250315354,false,1906,1286,0.7081804250315354
1906,105372793,0.8684733198444139,false,1906,105372793,0.8684733198444139
1906,100874095,0.7468991917921147,false,1906,100874095,0.7468991917921147
1906,729238,0.7235759170263564,false,1906,729238,0.7235759170263564
1906,144535,0.7652762255763302,false,1906,144535,0.7652762255763302
1906,26298,0.7382118476076212,false,1906,26298,0.7382118476076212
1906,100033436,0.7647054605876155,false,1906,100033436,0.7647054605876155
3240,7033,0.9214193366534565,false,3240,7033,0.9214193366534565
3240,221395,0.8057043316761012,false,3240,221395,0.8057043316761012
3240,54842,0.7131409291590249,false,3240,54842,0.7131409291590249
3240,718,0.8443367684215887,false,3240,718,0.8443367684215887
3240,64073,0.8891148382374512,false,3240,64073,0.8891148382374512
3240,253970,0.7794649442934151,false,3240,253970,0.7794649442934151
3240,6441,0.8268402294005147,false,3240,6441,0.8268402294005147
3240,4070,0.8702989907950236,false,3240,4070,0.8702989907950236
3240,56892,0.9714970025980043,false,3240,56892,0.9714970025980043
3240,8091,0.983289140419574,false,3240,8091,0.983289140419574
3240,3875,0.7515226815631456,false,3240,3875,0.7515226815631456
3240,160728,0.8925086422166439,false,3240,160728,0.8925086422166439
3240,4680,0.7163106161521136,false,3240,4680,0.7163106161521136
3240,7356,0.9040201923879387,false,3240,7356,0.9040201923879387
3240,109729127,0.871769346252782,false,3240,109729127,0.871769346252782
3240,400578,0.8923682662090284,false,3240,400578,0.8923682662090284
3240,94025,0.9066607120831137,false,3240,94025,0.9066607120831137
3240,109729184,0.8521925662813409,false,3240,109729184,0.8521925662813409
3240,728276,0.901671716223521,false,3240,728276,0.901671716223521
3240,101927516,0.9163366445437091,false,3240,101927516,0.9163366445437091
3240,102723635,0.7291213789745964,false,3240,102723635,0.7291213789745964
3240,5545,0.8924100035826946,false,3240,5545,0.8924100035826946
3240,727897,0.8765773272188553,false,3240,727897,0.8765773272188553
3240,54848,0.9616554642253774,false,3240,54848,0.9616554642253774
3240,79632,0.7866061350087203,false,3240,79632,0.7866061350087203
3240,1767,0.8380442207453201,false,3240,1767,0.8380442207453201
3240,9476,0.7170668258867491,false,3240,9476,0.7170668258867491
3240,117156,0.8975520374878327,false,3240,117156,0.8975520374878327
3240,195814,0.9484860983788325,false,3240,195814,0.9484860983788325
3240,140766,0.8805003501402286,false,3240,140766,0.8805003501402286
3240,2122,0.7444797578204385,false,3240,2122,0.7444797578204385
3240,105,0.9319559397449967,false,3240,105,0.9319559397449967
3240,84059,0.8064832208887751,false,3240,84059,0.8064832208887751
3240,57477,0.8546126236243295,false,3240,57477,0.8546126236243295
3240,6097,0.8244165864146947,false,3240,6097,0.8244165864146947
3240,120892,0.8411314664002986,false,3240,120892,0.8411314664002986
3240,4057,0.9181100868658818,false,3240,4057,0.9181100868658818
3240,220136,0.8376750473628081,false,3240,220136,0.8376750473628081
3240,112577518,0.8866663423118728,false,3240,112577518,0.8866663423118728
3240,9370,0.8961555427615788,false,3240,9370,0.8961555427615788
3240,693188,0.9523340035160539,false,3240,693188,0.9523340035160539
3240,389376,0.8246266558158906,false,3240,389376,0.8246266558158906
3240,6799,0.936572777653915,false,3240,6799,0.936572777653915
3240,353189,0.8301746369297744,false,3240,353189,0.8301746369297744
3240,563,0.8917125628101404,false,3240,563,0.8917125628101404
3240,84851,0.7799336478656833,false,3240,84851,0.7799336478656833
3240,10203,0.7538548883515495,false,3240,10203,0.7538548883515495
3240,4069,0.8433186367636977,false,3240,4069,0.8433186367636977
3240,1080,0.8661474982074999,false,3240,1080,0.8661474982074999
3240,123872,0.9412270963018157,false,3240,123872,0.9412270963018157
3240,1286,0.7659279395930974,false,3240,1286,0.7659279395930974
3240,105372793,0.961734081522758,false,3240,105372793,0.961734081522758
3240,653509,0.719787301589238,false,3240,653509,0.719787301589238
3240,100874095,0.8961555427615788,false,3240,100874095,0.8961555427615788
3240,729238,0.7839062784421011,false,3240,729238,0.7839062784421011
3240,144535,0.7728915652310305,false,3240,144535,0.7728915652310305
3240,26298,0.8791264573223291,false,3240,26298,0.8791264573223291
3240,100033436,0.8885708407272289,false,3240,100033436,0.8885708407272289
339983,2324,0.7952987808966202,false,339983,2324,0.7952987808966202
339983,6969,0.9865598550312593,false,339983,6969,0.9865598550312593
339983,7473,0.9628539212787949,false,339983,7473,0.9628539212787949
339983,6332,0.8812820915510429,false,339983,6332,0.8812820915510429
339983,9223,0.9263748061091515,false,339983,9223,0.9263748061091515
339983,1180,0.7913712166830897,false,339983,1180,0.7913712166830897
339983,653082,0.9163033964291918,false,339983,653082,0.9163033964291918
339983,2277,0.7657377268992344,false,339983,2277,0.7657377268992344
339983,825,0.7269305492086527,false,339983,825,0.7269305492086527
339983,114327,0.7349706772650251,false,339983,114327,0.7349706772650251
339983,79148,0.8233646667921191,false,339983,79148,0.8233646667921191
339983,6532,0.915288208292872,false,339983,6532,0.915288208292872
339983,100996506,0.9408704759110528,false,339983,100996506,0.9408704759110528
339983,100505495,0.8860466935293156,false,339983,100505495,0.8860466935293156
339983,57524,0.7468662752132051,false,339983,57524,0.7468662752132051
339983,256076,0.9118071757758446,false,339983,256076,0.9118071757758446
339983,9411,0.8484731430670713,false,339983,9411,0.8484731430670713
339983,9771,0.7874933864774188,false,339983,9771,0.7874933864774188
339983,100820829,0.9267834016625398,false,339983,100820829,0.9267834016625398
339983,7546,0.7087517361290363,false,339983,7546,0.7087517361290363
339983,10203,0.7264803218589355,false,339983,10203,0.7264803218589355
339983,105373265,0.8027019261534408,false,339983,105373265,0.8027019261534408
339983,9211,0.9999999999999994,false,339983,9211,0.9999999999999994
339983,440590,0.705485803757917,false,339983,440590,0.705485803757917
339983,84765,0.7130021294404382,false,339983,84765,0.7130021294404382
339983,55282,0.7591422093809945,false,339983,55282,0.7591422093809945
8153,124944,0.7774148843194434,false,8153,124944,0.7774148843194434
8153,340596,0.701896728414147,false,8153,340596,0.701896728414147
8153,100506755,0.8097724570159823,false,8153,100506755,0.8097724570159823
8153,1746,0.9669461298012861,false,8153,1746,0.9669461298012861
8153,399726,0.9527077926686346,false,8153,399726,0.9527077926686346
8153,57710,0.7065179312995796,false,8153,57710,0.7065179312995796
8153,9699,0.9627806683194008,false,8153,9699,0.9627806683194008
8153,83643,0.818928918333023,false,8153,83643,0.818928918333023
8153,100874002,0.946321075298693,false,8153,100874002,0.946321075298693
8153,219793,0.970399163180661,false,8153,219793,0.970399163180661
2324,6969,0.7207438401739994,false,2324,6969,0.7207438401739994
2324,7473,0.7110299994552488,false,2324,7473,0.7110299994552488
2324,219790,0.8666943828821742,false,2324,219790,0.8666943828821742
2324,115677,0.7949390067973775,false,2324,115677,0.7949390067973775
2324,653082,0.7765487858268242,false,2324,653082,0.7765487858268242
2324,346007,0.7151282644588682,false,2324,346007,0.7151282644588682
2324,9196,0.8325216313541677,false,2324,9196,0.8325216313541677
2324,114327,0.9594695138734498,false,2324,114327,0.9594695138734498
2324,130271,0.9543459073960356,false,2324,130271,0.9543459073960356
2324,6532,0.710816306504777,false,2324,6532,0.710816306504777
2324,54,0.8581805550057215,false,2324,54,0.8581805550057215
2324,256076,0.7634719014509567,false,2324,256076,0.7634719014509567
2324,9411,0.7178745584723141,false,2324,9411,0.7178745584723141
2324,9771,0.9175134944943379,false,2324,9771,0.9175134944943379
2324,776,0.7917295235460373,false,2324,776,0.7917295235460373
2324,10203,0.7775527647818822,false,2324,10203,0.7775527647818822
2324,9211,0.7952987808966201,false,2324,9211,0.7952987808966201
2324,65217,0.8330887875017655,false,2324,65217,0.8330887875017655
2324,84765,0.8454764801693957,false,2324,84765,0.8454764801693957
2324,649946,0.7567065129807178,false,2324,649946,0.7567065129807178
6969,7473,0.967917788276222,false,6969,7473,0.967917788276222
6969,6332,0.8903410192526962,false,6969,6332,0.8903410192526962
6969,9223,0.9409247206166517,false,6969,9223,0.9409247206166517
6969,1180,0.8758573200439497,false,6969,1180,0.8758573200439497
6969,653082,0.8623822634926995,false,6969,653082,0.8623822634926995
6969,2277,0.7851843101076548,false,6969,2277,0.7851843101076548
6969,825,0.7938904255660725,false,6969,825,0.7938904255660725
6969,388327,0.7949341388177219,false,6969,388327,0.7949341388177219
6969,79148,0.7854926827728465,false,6969,79148,0.7854926827728465
6969,6532,0.9248749170917847,false,6969,6532,0.9248749170917847
6969,100996506,0.9602759510082542,false,6969,100996506,0.9602759510082542
6969,100505495,0.9173865111043371,false,6969,100505495,0.9173865111043371
6969,57524,0.7631725366854054,false,6969,57524,0.7631725366854054
6969,256076,0.8996269681949552,false,6969,256076,0.8996269681949552
6969,9411,0.7756621308210256,false,6969,9411,0.7756621308210256
6969,100820829,0.9413403058331122,false,6969,100820829,0.9413403058331122
6969,7546,0.7075367854759546,false,6969,7546,0.7075367854759546
6969,105373265,0.7892731118290176,false,6969,105373265,0.7892731118290176
6969,9211,0.9865598550312594,false,6969,9211,0.9865598550312594
6969,440590,0.7345821281927466,false,6969,440590,0.7345821281927466
6969,84765,0.7023536276987272,false,6969,84765,0.7023536276987272
6969,55282,0.8204675089737521,false,6969,55282,0.8204675089737521
7033,718,0.708963258496513,false,7033,718,0.708963258496513
7033,64073,0.958393977597889,false,7033,64073,0.958393977597889
7033,253970,0.7698092554988128,false,7033,253970,0.7698092554988128
7033,6441,0.8014611556256649,false,7033,6441,0.8014611556256649
7033,4070,0.9006687600161629,false,7033,4070,0.9006687600161629
7033,56892,0.9050729969234846,false,7033,56892,0.9050729969234846
7033,8091,0.9327074442267533,false,7033,8091,0.9327074442267533
7033,3875,0.8119938325619681,false,7033,3875,0.8119938325619681
7033,160728,0.8986736899831238,false,7033,160728,0.8986736899831238
7033,4680,0.8065466614445995,false,7033,4680,0.8065466614445995
7033,7356,0.9492128637609426,false,7033,7356,0.9492128637609426
7033,109729127,0.9352126426068907,false,7033,109729127,0.9352126426068907
7033,400578,0.9971451190478687,false,7033,400578,0.9971451190478687
7033,94025,0.9928410587203679,false,7033,94025,0.9928410587203679
7033,109729184,0.7012347024703293,false,7033,109729184,0.7012347024703293
7033,728276,0.9761533972943489,false,7033,728276,0.9761533972943489
7033,101927516,0.7795213632943822,false,7033,101927516,0.7795213632943822
7033,102723635,0.7223532073232641,false,7033,102723635,0.7223532073232641
7033,5545,0.9935324926839053,false,7033,5545,0.9935324926839053
7033,727897,0.9905076289006701,false,7033,727897,0.9905076289006701
7033,54848,0.8648633644198138,false,7033,54848,0.8648633644198138
7033,79632,0.7827619993224634,false,7033,79632,0.7827619993224634
7033,4585,0.7881923904002262,false,7033,4585,0.7881923904002262
7033,1767,0.9130777841786837,false,7033,1767,0.9130777841786837
7033,1604,0.82192785230713,false,7033,1604,0.82192785230713
7033,9476,0.7025524997313152,false,7033,9476,0.7025524997313152
7033,117156,0.8948093381394233,false,7033,117156,0.8948093381394233
7033,195814,0.9490302143251038,false,7033,195814,0.9490302143251038
7033,140766,0.8147793241745478,false,7033,140766,0.8147793241745478
7033,105,0.9982610701988034,false,7033,105,0.9982610701988034
7033,84059,0.7276973249352282,false,7033,84059,0.7276973249352282
7033,57477,0.7139506874527014,false,7033,57477,0.7139506874527014
7033,6097,0.7464239261908507,false,7033,6097,0.7464239261908507
7033,120892,0.8051387332655434,false,7033,120892,0.8051387332655434
7033,4057,0.9993486355613298,false,7033,4057,0.9993486355613298
7033,220136,0.9704122527726219,false,7033,220136,0.9704122527726219
7033,112577518,0.996576057432819,false,7033,112577518,0.996576057432819
7033,9370,0.9973502762978895,false,7033,9370,0.9973502762978895
7033,693188,0.894411167847631,false,7033,693188,0.894411167847631
7033,389376,0.8493639348141073,false,7033,389376,0.8493639348141073
7033,6799,0.9757422863756762,false,7033,6799,0.9757422863756762
7033,353189,0.9276817203948801,false,7033,353189,0.9276817203948801
7033,563,0.9973017796402861,false,7033,563,0.9973017796402861
7033,84851,0.8097577540924858,false,7033,84851,0.8097577540924858
7033,4069,0.9348768346269978,false,7033,4069,0.9348768346269978
7033,1080,0.7963313307083978,false,7033,1080,0.7963313307083978
7033,123872,0.8650935901448183,false,7033,123872,0.8650935901448183
7033,105372793,0.9801639128486359,false,7033,105372793,0.9801639128486359
7033,100874095,0.9973502762978895,false,7033,100874095,0.9973502762978895
7033,729238,0.7800128601442373,false,7033,729238,0.7800128601442373
7033,26298,0.9640000391581937,false,7033,26298,0.9640000391581937
7033,100033436,0.9806139346252815,false,7033,100033436,0.9806139346252815
4583,728643,0.7866662974873972,false,4583,728643,0.7866662974873972
4583,55567,0.9816890442723885,false,4583,55567,0.9816890442723885
4583,6103,0.8203282651691505,false,4583,6103,0.8203282651691505
4583,54997,0.9087587193582488,false,4583,54997,0.9087587193582488
4583,79848,0.8612234335198033,false,4583,79848,0.8612234335198033
4583,115677,0.8089584773478243,false,4583,115677,0.8089584773478243
4583,5961,0.8904925536342874,false,4583,5961,0.8904925536342874
4583,7851,0.9544692050931117,false,4583,7851,0.9544692050931117
4583,692072,0.9265888232388343,false,4583,692072,0.9265888232388343
4583,109136579,0.9546105661896855,false,4583,109136579,0.9546105661896855
4583,503645,0.8449440471203353,false,4583,503645,0.8449440471203353
4583,55808,0.9312312896282622,false,4583,55808,0.9312312896282622
4583,999,0.9927410587243423,false,4583,999,0.9927410587243423
4583,126353,0.9662576364764444,false,4583,126353,0.9662576364764444
4583,26226,0.9192182117180298,false,4583,26226,0.9192182117180298
4583,64332,0.9392890586749367,false,4583,64332,0.9392890586749367
4583,346007,0.8363271221027992,false,4583,346007,0.8363271221027992
4583,388743,0.9274102256909811,false,4583,388743,0.9274102256909811
4583,116984,0.7425367152869692,false,4583,116984,0.7425367152869692
4583,137872,0.8668395392563181,false,4583,137872,0.8668395392563181
4583,1577,0.9472038548232727,false,4583,1577,0.9472038548232727
4583,100033430,0.994828737823511,false,4583,100033430,0.994828737823511
4583,340267,0.9551599244675648,false,4583,340267,0.9551599244675648
4583,200879,0.9205490161762099,false,4583,200879,0.9205490161762099
4583,1510,0.946507892298696,false,4583,1510,0.946507892298696
4583,441251,0.9857446644545158,false,4583,441251,0.9857446644545158
4583,102723849,0.9380594985475119,false,4583,102723849,0.9380594985475119
4583,6337,0.8894070329669521,false,4583,6337,0.8894070329669521
4583,5284,0.8627597377416477,false,4583,5284,0.8627597377416477
4583,57669,0.8586970909827032,false,4583,57669,0.8586970909827032
4583,619383,0.9582355060464259,false,4583,619383,0.9582355060464259
4583,89765,0.9305665215910199,false,4583,89765,0.9305665215910199
4583,57111,0.9513346973428237,false,4583,57111,0.9513346973428237
4583,278,0.9714732267624687,false,4583,278,0.9714732267624687
4583,116844,0.9816884711795774,false,4583,116844,0.9816884711795774
4583,10129,0.9388001041114238,false,4583,10129,0.9388001041114238
4583,4586,0.9213951871667223,false,4583,4586,0.9213951871667223
4583,100158262,0.8716948271080853,false,4583,100158262,0.8716948271080853
4583,10551,0.9380560560392389,false,4583,10551,0.9380560560392389
4583,688,0.8818730745235468,false,4583,688,0.8818730745235468
4583,6101,0.7462595637245276,false,4583,6101,0.7462595637245276
4583,378938,0.9549652994519333,false,4583,378938,0.9549652994519333
4583,54897,0.7670650360273357,false,4583,54897,0.7670650360273357
4583,285,0.7324724005418126,false,4583,285,0.7324724005418126
4583,117155,0.8968162904377048,false,4583,117155,0.8968162904377048
4583,112268155,0.9512124923920874,false,4583,112268155,0.9512124923920874
4583,1152,0.9144099868298081,false,4583,1152,0.9144099868298081
4583,27074,0.7638511840562983,false,4583,27074,0.7638511840562983
4583,79083,0.9182636647574347,false,4583,79083,0.9182636647574347
4583,66002,0.9156550130877573,false,4583,66002,0.9156550130877573
4583,1556,0.9359540566326342,false,4583,1556,0.9359540566326342
4583,4585,0.7375119943408572,false,4583,4585,0.7375119943408572
4583,22996,0.9383580393023538,false,4583,22996,0.9383580393023538
4583,55930,0.9296266177850268,false,4583,55930,0.9296266177850268
4583,7620,0.7351175097278876,false,4583,7620,0.7351175097278876
4583,7113,0.9769999513498203,false,4583,7113,0.9769999513498203
4583,54861,0.9118244047931245,false,4583,54861,0.9118244047931245
4583,222256,0.9937063192562328,false,4583,222256,0.9937063192562328
4583,105180391,0.922925749171449,false,4583,105180391,0.922925749171449
4583,100529240,0.9416025830152362,false,4583,100529240,0.9416025830152362
4583,113218482,0.9241257258598267,false,4583,113218482,0.9241257258598267
4583,647024,0.9883477906149595,false,4583,647024,0.9883477906149595
4583,255928,0.9031267131684922,false,4583,255928,0.9031267131684922
4583,151531,0.962625427283052,false,4583,151531,0.962625427283052
4583,8537,0.8930957895194845,false,4583,8537,0.8930957895194845
4583,10018,0.9308927910724876,false,4583,10018,0.9308927910724876
4583,115019,0.9287047952836827,false,4583,115019,0.9287047952836827
4583,201625,0.9271179409825893,false,4583,201625,0.9271179409825893
4583,105180390,0.9331050848968429,false,4583,105180390,0.9331050848968429
4583,1043,0.8446967385536291,false,4583,1043,0.8446967385536291
4583,692058,0.9778154560288064,false,4583,692058,0.9778154560288064
4583,276,0.9483813706838953,false,4583,276,0.9483813706838953
4583,168374,0.9770842329714602,false,4583,168374,0.9770842329714602
4583,83481,0.9762241589818333,false,4583,83481,0.9762241589818333
4583,645843,0.9741750184378332,false,4583,645843,0.9741750184378332
4583,143884,0.8391136595896092,false,4583,143884,0.8391136595896092
4583,1579,0.8276574600193708,false,4583,1579,0.8276574600193708
4583,80004,0.9773754199026586,false,4583,80004,0.9773754199026586
4583,121512,0.9402676646650107,false,4583,121512,0.9402676646650107
4583,3993,0.8885238862003121,false,4583,3993,0.8885238862003121
4583,389852,0.9395912696242661,false,4583,389852,0.9395912696242661
4583,342892,0.8762881435450446,false,4583,342892,0.8762881435450446
4583,164312,0.9216585169373331,false,4583,164312,0.9216585169373331
4583,84239,0.9471719461248925,false,4583,84239,0.9471719461248925
4583,2065,0.9803525744019829,false,4583,2065,0.9803525744019829
4583,57402,0.784478803571047,false,4583,57402,0.784478803571047
4583,1513,0.8010723436915121,false,4583,1513,0.8010723436915121
4583,780,0.9202304455857783,false,4583,780,0.9202304455857783
4583,135656,0.9185672580859893,false,4583,135656,0.9185672580859893
4583,3880,0.9471953681982789,false,4583,3880,0.9471953681982789
4583,94059,0.9350720467379112,false,4583,94059,0.9350720467379112
4583,26769,0.9909703280095882,false,4583,26769,0.9909703280095882
4583,3960,0.9171516917313992,false,4583,3960,0.9171516917313992
4583,7433,0.7328777036438575,false,4583,7433,0.7328777036438575
4583,284323,0.8819729519517162,false,4583,284323,0.8819729519517162
4583,100129460,0.9497397528482003,false,4583,100129460,0.9497397528482003
4583,65217,0.772433374576587,false,4583,65217,0.772433374576587
4583,23584,0.8643422992550674,false,4583,23584,0.8643422992550674
4583,692213,0.9362725667101776,false,4583,692213,0.9362725667101776
4583,153643,0.9978478720017783,false,4583,153643,0.9978478720017783
4583,112268422,0.9108351626022073,false,4583,112268422,0.9108351626022073
4583,649946,0.8134630249366187,false,4583,649946,0.8134630249366187
4583,259294,0.8993231070560518,false,4583,259294,0.8993231070560518
4583,79740,0.8948280355541337,false,4583,79740,0.8948280355541337
4583,2266,0.9138449617179841,false,4583,2266,0.9138449617179841
4583,745,0.9295792235567011,false,4583,745,0.9295792235567011
4583,440352,0.8219929407462336,false,4583,440352,0.8219929407462336
221395,6332,0.7921062199135105,false,221395,6332,0.7921062199135105
221395,9223,0.8156986826876489,false,221395,9223,0.8156986826876489
221395,56892,0.7235633162730918,false,221395,56892,0.7235633162730918
221395,653082,0.8486380160398702,false,221395,653082,0.8486380160398702
221395,2277,0.872286991821266,false,221395,2277,0.872286991821266
221395,8091,0.7824719603333331,false,221395,8091,0.7824719603333331
221395,109729184,0.7989778716208175,false,221395,109729184,0.7989778716208175
221395,79148,0.8122308342988449,false,221395,79148,0.8122308342988449
221395,101927516,0.8963565009332045,false,221395,101927516,0.8963565009332045
221395,54848,0.7918175286536975,false,221395,54848,0.7918175286536975
221395,54,0.8283458885142212,false,221395,54,0.8283458885142212
221395,256076,0.8514118375000111,false,221395,256076,0.8514118375000111
221395,2122,0.7956642586996826,false,221395,2122,0.7956642586996826
221395,84059,0.7247397995461851,false,221395,84059,0.7247397995461851
221395,9411,0.838412089177489,false,221395,9411,0.838412089177489
221395,57477,0.8886713334326156,false,221395,57477,0.8886713334326156
221395,9771,0.7953507465851269,false,221395,9771,0.7953507465851269
221395,120892,0.7183713118530635,false,221395,120892,0.7183713118530635
221395,100820829,0.8026896788570279,false,221395,100820829,0.8026896788570279
221395,693188,0.7712252704967478,false,221395,693188,0.7712252704967478
221395,10203,0.9696897752737272,false,221395,10203,0.9696897752737272
221395,1080,0.7853303037331872,false,221395,1080,0.7853303037331872
221395,123872,0.7481675832654691,false,221395,123872,0.7481675832654691
221395,105373265,0.7378266433781909,false,221395,105373265,0.7378266433781909
221395,1286,0.7670849706083654,false,221395,1286,0.7670849706083654
221395,144535,0.7111873890861224,false,221395,144535,0.7111873890861224
388555,128602,0.8467165698466806,false,388555,128602,0.8467165698466806
388555,100506380,0.9221923948491747,false,388555,100506380,0.9221923948491747
388555,363,0.9999999999999998,false,388555,363,0.9999999999999998
388555,65998,0.8925625251576266,false,388555,65998,0.8925625251576266
388555,419,1.0,false,388555,419,1.0
388555,93517,0.9979036539915622,false,388555,93517,0.9979036539915622
388555,388633,0.9888146093140044,false,388555,388633,0.9888146093140044
388555,340596,0.7062516572900136,false,388555,340596,0.7062516572900136
388555,11185,0.8312590244612058,false,388555,11185,0.8312590244612058
388555,10586,0.9529988239915111,false,388555,10586,0.9529988239915111
388555,2125,0.8872284698594355,false,388555,2125,0.8872284698594355
388555,3780,0.9757529716374698,false,388555,3780,0.9757529716374698
388555,163479,0.8740111935053554,false,388555,163479,0.8740111935053554
388555,84867,0.8303751905569594,false,388555,84867,0.8303751905569594
388555,5349,0.9855305462768714,false,388555,5349,0.9855305462768714
388555,113219467,0.8242612394417965,false,388555,113219467,0.8242612394417965
388555,26797,0.9370204006056048,false,388555,26797,0.9370204006056048
388555,692209,0.8759132917929685,false,388555,692209,0.8759132917929685
388555,4861,0.97436532299212,false,388555,4861,0.97436532299212
388555,284434,0.8995164514014174,false,388555,284434,0.8995164514014174
388555,100423031,1.0,false,388555,100423031,1.0
388555,79098,0.8210246444698942,false,388555,79098,0.8210246444698942
388555,1515,0.7529488742467274,false,388555,1515,0.7529488742467274
388555,165186,0.8621554298638788,false,388555,165186,0.8621554298638788
54842,6103,0.7502957603753558,false,54842,6103,0.7502957603753558
54842,253970,0.8883874799202106,false,54842,253970,0.8883874799202106
54842,8091,0.7296942129867081,false,54842,8091,0.7296942129867081
54842,116984,0.7760748701450689,false,54842,116984,0.7760748701450689
54842,3875,0.9592011711089043,false,54842,3875,0.9592011711089043
54842,4680,0.8041666492467202,false,54842,4680,0.8041666492467202
54842,5284,0.9012709839396789,false,54842,5284,0.9012709839396789
54842,94025,0.755965786351349,false,54842,94025,0.755965786351349
54842,89765,0.8101933720028639,false,54842,89765,0.8101933720028639
54842,101927516,0.7203239533746533,false,54842,101927516,0.7203239533746533
54842,688,0.8010018211327066,false,54842,688,0.8010018211327066
54842,6101,0.7913482293450559,false,54842,6101,0.7913482293450559
54842,5545,0.7407672217480631,false,54842,5545,0.7407672217480631
54842,727897,0.7169559014812742,false,54842,727897,0.7169559014812742
54842,27074,0.924926657859305,false,54842,27074,0.924926657859305
54842,79632,0.9364780448429755,false,54842,79632,0.9364780448429755
54842,4585,0.8881294857827959,false,54842,4585,0.8881294857827959
54842,1767,0.8684211543877908,false,54842,1767,0.8684211543877908
54842,201625,0.8042458782621055,false,54842,201625,0.8042458782621055
54842,1043,0.9162067974223689,false,54842,1043,0.9162067974223689
54842,276,0.7621664570479066,false,54842,276,0.7621664570479066
54842,2122,0.9069874450376101,false,54842,2122,0.9069874450376101
54842,105,0.7022689775700676,false,54842,105,0.7022689775700676
54842,84059,0.9727492517200117,false,54842,84059,0.9727492517200117
54842,1579,0.8947063335862218,false,54842,1579,0.8947063335862218
54842,57477,0.8440896886228009,false,54842,57477,0.8440896886228009
54842,80004,0.7547215595007077,false,54842,80004,0.7547215595007077
54842,120892,0.9423731665771858,false,54842,120892,0.9423731665771858
54842,123624,0.7734803179196033,false,54842,123624,0.7734803179196033
54842,4057,0.7061870087251261,false,54842,4057,0.7061870087251261
54842,9370,0.7067234011154027,false,54842,9370,0.7067234011154027
54842,353189,0.8778565389468981,false,54842,353189,0.8778565389468981
54842,84851,0.875109750512484,false,54842,84851,0.875109750512484
54842,3880,0.7591536931989359,false,54842,3880,0.7591536931989359
54842,100129460,0.7715014454596197,false,54842,100129460,0.7715014454596197
54842,4069,0.8678123690790409,false,54842,4069,0.8678123690790409
54842,1080,0.9175401175504745,false,54842,1080,0.9175401175504745
54842,1286,0.9011032067878152,false,54842,1286,0.9011032067878152
54842,79784,0.743409909379843,false,54842,79784,0.743409909379843
54842,100874095,0.7067234011154027,false,54842,100874095,0.7067234011154027
54842,144535,0.9781170767655196,false,54842,144535,0.9781170767655196
54842,26298,0.8126837354630879,false,54842,26298,0.8126837354630879
7473,6332,0.9557372218719941,false,7473,6332,0.9557372218719941
7473,9223,0.9378097688981878,false,7473,9223,0.9378097688981878
7473,1180,0.8721348567302213,false,7473,1180,0.8721348567302213
7473,653082,0.8328240034436442,false,7473,653082,0.8328240034436442
7473,2277,0.836407459975345,false,7473,2277,0.836407459975345
7473,825,0.780269959997837,false,7473,825,0.780269959997837
7473,79148,0.8240619400072877,false,7473,79148,0.8240619400072877
7473,6532,0.985335361735366,false,7473,6532,0.985335361735366
7473,100996506,0.9808093260535262,false,7473,100996506,0.9808093260535262
7473,100505495,0.9581412370148701,false,7473,100505495,0.9581412370148701
7473,57524,0.8912943019492758,false,7473,57524,0.8912943019492758
7473,256076,0.949106037582601,false,7473,256076,0.949106037582601
7473,284680,0.8231591713863462,false,7473,284680,0.8231591713863462
7473,9411,0.7584544319651889,false,7473,9411,0.7584544319651889
7473,128218,0.773216261521482,false,7473,128218,0.773216261521482
7473,100820829,0.9458896911595335,false,7473,100820829,0.9458896911595335
7473,105373265,0.8401944547766601,false,7473,105373265,0.8401944547766601
7473,9211,0.9628539212787951,false,7473,9211,0.9628539212787951
7473,440590,0.8657194955482678,false,7473,440590,0.8657194955482678
7473,84765,0.7386010307077866,false,7473,84765,0.7386010307077866
7473,55282,0.8941034681035205,false,7473,55282,0.8941034681035205
728643,55567,0.8745174440158174,false,728643,55567,0.8745174440158174
728643,54997,0.9523269077790524,false,728643,54997,0.9523269077790524
728643,79848,0.9580291459158887,false,728643,79848,0.9580291459158887
728643,219790,0.919967609006199,false,728643,219790,0.919967609006199
728643,115677,0.8968065922488409,false,728643,115677,0.8968065922488409
728643,5961,0.9630784939780419,false,728643,5961,0.9630784939780419
728643,7851,0.9204456549615071,false,728643,7851,0.9204456549615071
728643,692072,0.9152389564507021,false,728643,692072,0.9152389564507021
728643,109136579,0.9122970571600123,false,728643,109136579,0.9122970571600123
728643,503645,0.9676221565758519,false,728643,503645,0.9676221565758519
728643,55808,0.9268423102981086,false,728643,55808,0.9268423102981086
728643,999,0.833806506677596,false,728643,999,0.833806506677596
728643,126353,0.8800480260022692,false,728643,126353,0.8800480260022692
728643,26226,0.9484183353368005,false,728643,26226,0.9484183353368005
728643,64332,0.853598641294904,false,728643,64332,0.853598641294904
728643,346007,0.8509969278087856,false,728643,346007,0.8509969278087856
728643,388743,0.9259244295544434,false,728643,388743,0.9259244295544434
728643,137872,0.9020179648801451,false,728643,137872,0.9020179648801451
728643,1577,0.9175078280648177,false,728643,1577,0.9175078280648177
728643,100033430,0.8429769850950506,false,728643,100033430,0.8429769850950506
728643,340267,0.9130376056265553,false,728643,340267,0.9130376056265553
728643,200879,0.9382161284938206,false,728643,200879,0.9382161284938206
728643,1510,0.9080877437530427,false,728643,1510,0.9080877437530427
728643,441251,0.8271854469764026,false,728643,441251,0.8271854469764026
728643,102723849,0.9355840824905012,false,728643,102723849,0.9355840824905012
728643,9196,0.9268056252022904,false,728643,9196,0.9268056252022904
728643,114327,0.7623371573240587,false,728643,114327,0.7623371573240587
728643,6337,0.8725474406220666,false,728643,6337,0.8725474406220666
728643,57669,0.976423365079684,false,728643,57669,0.976423365079684
728643,619383,0.9098552454062527,false,728643,619383,0.9098552454062527
728643,57111,0.91723791327044,false,728643,57111,0.91723791327044
728643,278,0.7109417639938737,false,728643,278,0.7109417639938737
728643,116844,0.8752022396242476,false,728643,116844,0.8752022396242476
728643,10129,0.9340590173088018,false,728643,10129,0.9340590173088018
728643,4586,0.927583118155718,false,728643,4586,0.927583118155718
728643,100158262,0.9151350053523116,false,728643,100158262,0.9151350053523116
728643,10551,0.9250430374470929,false,728643,10551,0.9250430374470929
728643,130271,0.8116517718200819,false,728643,130271,0.8116517718200819
728643,378938,0.9121079036218812,false,728643,378938,0.9121079036218812
728643,54897,0.9840033136256517,false,728643,54897,0.9840033136256517
728643,117155,0.9440232049221357,false,728643,117155,0.9440232049221357
728643,112268155,0.9251457341205047,false,728643,112268155,0.9251457341205047
728643,1152,0.9222135829625191,false,728643,1152,0.9222135829625191
728643,79083,0.9482119107449141,false,728643,79083,0.9482119107449141
728643,66002,0.9299702817532802,false,728643,66002,0.9299702817532802
728643,1556,0.9432764426320519,false,728643,1556,0.9432764426320519
728643,22996,0.9135991525808752,false,728643,22996,0.9135991525808752
728643,55930,0.9238033020019653,false,728643,55930,0.9238033020019653
728643,7620,0.8345934511256714,false,728643,7620,0.8345934511256714
728643,7113,0.8842119614079683,false,728643,7113,0.8842119614079683
728643,54861,0.9468853152120731,false,728643,54861,0.9468853152120731
728643,222256,0.7900802439965458,false,728643,222256,0.7900802439965458
728643,105180391,0.9588178818763401,false,728643,105180391,0.9588178818763401
728643,100529240,0.9370271136382465,false,728643,100529240,0.9370271136382465
728643,113218482,0.9237937311715887,false,728643,113218482,0.9237937311715887
728643,647024,0.833651290914929,false,728643,647024,0.833651290914929
728643,255928,0.9110759038356894,false,728643,255928,0.9110759038356894
728643,151531,0.8406569203029062,false,728643,151531,0.8406569203029062
728643,8537,0.8476512688034795,false,728643,8537,0.8476512688034795
728643,10018,0.9227294698790078,false,728643,10018,0.9227294698790078
728643,115019,0.9270027981562144,false,728643,115019,0.9270027981562144
728643,201625,0.7387484411463708,false,728643,201625,0.7387484411463708
728643,105180390,0.9520105580785693,false,728643,105180390,0.9520105580785693
728643,692058,0.8765831240085459,false,728643,692058,0.8765831240085459
728643,168374,0.8854320859791487,false,728643,168374,0.8854320859791487
728643,83481,0.8556967924049662,false,728643,83481,0.8556967924049662
728643,645843,0.8996090545065544,false,728643,645843,0.8996090545065544
728643,143884,0.9375593821458944,false,728643,143884,0.9375593821458944
728643,80004,0.7667022799296765,false,728643,80004,0.7667022799296765
728643,121512,0.9139517092482383,false,728643,121512,0.9139517092482383
728643,3993,0.9077830536011163,false,728643,3993,0.9077830536011163
728643,389852,0.9231992002924372,false,728643,389852,0.9231992002924372
728643,342892,0.9729409670320731,false,728643,342892,0.9729409670320731
728643,164312,0.9289463612838661,false,728643,164312,0.9289463612838661
728643,84239,0.9157718861513202,false,728643,84239,0.9157718861513202
728643,2065,0.8842384145549433,false,728643,2065,0.8842384145549433
728643,57402,0.9240563906320721,false,728643,57402,0.9240563906320721
728643,776,0.9508814857389103,false,728643,776,0.9508814857389103
728643,780,0.7614966558203864,false,728643,780,0.7614966558203864
728643,135656,0.9293676983468566,false,728643,135656,0.9293676983468566
728643,3880,0.74327925705397,false,728643,3880,0.74327925705397
728643,94059,0.9389553980675885,false,728643,94059,0.9389553980675885
728643,26769,0.8152648318257933,false,728643,26769,0.8152648318257933
728643,3960,0.9292440355773703,false,728643,3960,0.9292440355773703
728643,7433,0.966498363116905,false,728643,7433,0.966498363116905
728643,284323,0.9560220208591006,false,728643,284323,0.9560220208591006
728643,65217,0.938627348743954,false,728643,65217,0.938627348743954
728643,23584,0.9711646459034872,false,728643,23584,0.9711646459034872
728643,692213,0.914857377121677,false,728643,692213,0.914857377121677
728643,84765,0.7235718018061932,false,728643,84765,0.7235718018061932
728643,153643,0.809474174728476,false,728643,153643,0.809474174728476
728643,112268422,0.9297948747984399,false,728643,112268422,0.9297948747984399
728643,649946,0.7381889002187341,false,728643,649946,0.7381889002187341
728643,259294,0.946651932901496,false,728643,259294,0.946651932901496
728643,79740,0.8879244480230375,false,728643,79740,0.8879244480230375
728643,2266,0.9489480205654561,false,728643,2266,0.9489480205654561
728643,745,0.9339202145024752,false,728643,745,0.9339202145024752
728643,440352,0.9036231538849964,false,728643,440352,0.9036231538849964
55567,6103,0.7755203248357472,false,55567,6103,0.7755203248357472
55567,54997,0.9546599288636518,false,55567,54997,0.9546599288636518
55567,79848,0.9129556661007893,false,55567,79848,0.9129556661007893
55567,115677,0.8610183849181117,false,55567,115677,0.8610183849181117
55567,5961,0.9387428043881217,false,55567,5961,0.9387428043881217
55567,7851,0.9834796401440602,false,55567,7851,0.9834796401440602
55567,692072,0.9548257631572169,false,55567,692072,0.9548257631572169
55567,109136579,0.9688002340490302,false,55567,109136579,0.9688002340490302
55567,503645,0.8968330904658673,false,55567,503645,0.8968330904658673
55567,55808,0.9694531132789038,false,55567,55808,0.9694531132789038
55567,999,0.996530231619439,false,55567,999,0.996530231619439
55567,126353,0.9893242176061153,false,55567,126353,0.9893242176061153
55567,26226,0.9528022984652963,false,55567,26226,0.9528022984652963
55567,64332,0.928551218680244,false,55567,64332,0.928551218680244
55567,346007,0.8410212909388289,false,55567,346007,0.8410212909388289
55567,388743,0.9637684192412369,false,55567,388743,0.9637684192412369
55567,116984,0.7485827956620985,false,55567,116984,0.7485827956620985
55567,137872,0.9060861550282201,false,55567,137872,0.9060861550282201
55567,1577,0.9720656934660541,false,55567,1577,0.9720656934660541
55567,100033430,0.9910683359574837,false,55567,100033430,0.9910683359574837
55567,340267,0.9828448209630626,false,55567,340267,0.9828448209630626
55567,200879,0.9605812326834825,false,55567,200879,0.9605812326834825
55567,1510,0.9778785248678525,false,55567,1510,0.9778785248678525
55567,441251,0.9746836863452606,false,55567,441251,0.9746836863452606
55567,102723849,0.9687966388813468,false,55567,102723849,0.9687966388813468
55567,9196,0.7099714053654739,false,55567,9196,0.7099714053654739
55567,6337,0.9471771055324212,false,55567,6337,0.9471771055324212
55567,5284,0.8072337173602788,false,55567,5284,0.8072337173602788
55567,57669,0.9246957320813917,false,55567,57669,0.9246957320813917
55567,619383,0.9748180457374006,false,55567,619383,0.9748180457374006
55567,89765,0.9139322461567939,false,55567,89765,0.9139322461567939
55567,57111,0.9817646547600488,false,55567,57111,0.9817646547600488
55567,278,0.9401815506291727,false,55567,278,0.9401815506291727
55567,116844,0.9918940426735673,false,55567,116844,0.9918940426735673
55567,10129,0.9683251714790166,false,55567,10129,0.9683251714790166
55567,4586,0.9580128591394096,false,55567,4586,0.9580128591394096
55567,100158262,0.907842440566824,false,55567,100158262,0.907842440566824
55567,10551,0.9704438077521151,false,55567,10551,0.9704438077521151
55567,688,0.8251349842826368,false,55567,688,0.8251349842826368
55567,6101,0.7814875817124295,false,55567,6101,0.7814875817124295
55567,378938,0.9691366468540461,false,55567,378938,0.9691366468540461
55567,54897,0.8679607753021943,false,55567,54897,0.8679607753021943
55567,117155,0.9436823469172371,false,55567,117155,0.9436823469172371
55567,112268155,0.9744705326666678,false,55567,112268155,0.9744705326666678
55567,1152,0.9623861935519188,false,55567,1152,0.9623861935519188
55567,27074,0.7532929543627527,false,55567,27074,0.7532929543627527
55567,79083,0.960534448669909,false,55567,79083,0.960534448669909
55567,66002,0.9590221032492816,false,55567,66002,0.9590221032492816
55567,1556,0.9807984531503986,false,55567,1556,0.9807984531503986
55567,22996,0.9805812629667601,false,55567,22996,0.9805812629667601
55567,55930,0.9763269519978901,false,55567,55930,0.9763269519978901
55567,7620,0.7814488926674883,false,55567,7620,0.7814488926674883
55567,7113,0.9952346137577828,false,55567,7113,0.9952346137577828
55567,54861,0.951051126448618,false,55567,54861,0.951051126448618
55567,222256,0.980323817106393,false,55567,222256,0.980323817106393
55567,105180391,0.9627250277981628,false,55567,105180391,0.9627250277981628
55567,26084,0.7461995087539356,false,55567,26084,0.7461995087539356
55567,100529240,0.974199236556027,false,55567,100529240,0.974199236556027
55567,113218482,0.9610935170468686,false,55567,113218482,0.9610935170468686
55567,647024,0.9952914983788906,false,55567,647024,0.9952914983788906
55567,255928,0.9387170347922343,false,55567,255928,0.9387170347922343
55567,151531,0.9638744666946931,false,55567,151531,0.9638744666946931
55567,8537,0.9094606877913776,false,55567,8537,0.9094606877913776
55567,10018,0.9644388145501738,false,55567,10018,0.9644388145501738
55567,115019,0.9658145226245426,false,55567,115019,0.9658145226245426
55567,201625,0.9283143110172846,false,55567,201625,0.9283143110172846
55567,105180390,0.9697464175845854,false,55567,105180390,0.9697464175845854
55567,1043,0.7794235161921513,false,55567,1043,0.7794235161921513
55567,692058,0.9854549831386908,false,55567,692058,0.9854549831386908
55567,276,0.9023664069584021,false,55567,276,0.9023664069584021
55567,168374,0.9844041949122885,false,55567,168374,0.9844041949122885
55567,83481,0.9960831042524425,false,55567,83481,0.9960831042524425
55567,645843,0.9898499515943169,false,55567,645843,0.9898499515943169
55567,143884,0.8811502899659123,false,55567,143884,0.8811502899659123
55567,1579,0.8077931625598483,false,55567,1579,0.8077931625598483
55567,80004,0.9711099229101626,false,55567,80004,0.9711099229101626
55567,121512,0.9656667424197625,false,55567,121512,0.9656667424197625
55567,3993,0.9516557844598372,false,55567,3993,0.9516557844598372
55567,389852,0.9701199920563727,false,55567,389852,0.9701199920563727
55567,342892,0.9309641706971883,false,55567,342892,0.9309641706971883
55567,164312,0.9736655571878532,false,55567,164312,0.9736655571878532
55567,84239,0.9837803197309977,false,55567,84239,0.9837803197309977
55567,2065,0.9993630469965327,false,55567,2065,0.9993630469965327
55567,57402,0.8861765150761167,false,55567,57402,0.8861765150761167
55567,1513,0.781726305429933,false,55567,1513,0.781726305429933
55567,776,0.7726322761890525,false,55567,776,0.7726322761890525
55567,780,0.9455476037766342,false,55567,780,0.9455476037766342
55567,135656,0.9562783121753955,false,55567,135656,0.9562783121753955
55567,3880,0.9561129651150868,false,55567,3880,0.9561129651150868
55567,94059,0.9701700924932835,false,55567,94059,0.9701700924932835
55567,26769,0.9774420557884735,false,55567,26769,0.9774420557884735
55567,3960,0.9557519691420812,false,55567,3960,0.9557519691420812
55567,7433,0.846271568577671,false,55567,7433,0.846271568577671
55567,284323,0.9321258641227618,false,55567,284323,0.9321258641227618
55567,100129460,0.9106112760863981,false,55567,100129460,0.9106112760863981
55567,65217,0.8412064571572656,false,55567,65217,0.8412064571572656
55567,23584,0.9334627262396564,false,55567,23584,0.9334627262396564
55567,692213,0.9712972726989295,false,55567,692213,0.9712972726989295
55567,153643,0.9904459404915572,false,55567,153643,0.9904459404915572
55567,112268422,0.949724132934299,false,55567,112268422,0.949724132934299
55567,649946,0.8024823731474376,false,55567,649946,0.8024823731474376
55567,259294,0.9433577250768816,false,55567,259294,0.9433577250768816
55567,79740,0.9583285171869195,false,55567,79740,0.9583285171869195
55567,2266,0.9526369756912267,false,55567,2266,0.9526369756912267
55567,745,0.973619453926744,false,55567,745,0.973619453926744
55567,440352,0.9098375895698808,false,55567,440352,0.9098375895698808
128602,100506380,0.7135486545360381,false,128602,100506380,0.7135486545360381
128602,363,0.8467165698466809,false,128602,363,0.8467165698466809
128602,65998,0.823830336664232,false,128602,65998,0.823830336664232
128602,419,0.846716569846681,false,128602,419,0.846716569846681
128602,93517,0.8784676085842562,false,128602,93517,0.8784676085842562
128602,388633,0.8533810340266211,false,128602,388633,0.8533810340266211
128602,11185,0.873917360093238,false,128602,11185,0.873917360093238
128602,10586,0.8257886894271288,false,128602,10586,0.8257886894271288
128602,2125,0.877686845013897,false,128602,2125,0.877686845013897
128602,3780,0.8108038082663083,false,128602,3780,0.8108038082663083
128602,57524,0.8409982038177495,false,128602,57524,0.8409982038177495
128602,163479,0.726210162579535,false,128602,163479,0.726210162579535
128602,84867,0.8909448535869369,false,128602,84867,0.8909448535869369
128602,284680,0.9303036774791262,false,128602,284680,0.9303036774791262
128602,128218,0.9604417609271293,false,128602,128218,0.9604417609271293
128602,5349,0.8609930365017177,false,128602,5349,0.8609930365017177
128602,26797,0.7619484692901515,false,128602,26797,0.7619484692901515
128602,692209,0.7483627585982451,false,128602,692209,0.7483627585982451
128602,4861,0.8616970375220191,false,128602,4861,0.8616970375220191
128602,21,0.7863283100596191,false,128602,21,0.7863283100596191
128602,284434,0.9801021124318955,false,128602,284434,0.9801021124318955
128602,9052,0.7318925193575824,false,128602,9052,0.7318925193575824
128602,440590,0.8782422904510566,false,128602,440590,0.8782422904510566
128602,55282,0.8319182588586098,false,128602,55282,0.8319182588586098
128602,100423031,0.8467165698466809,false,128602,100423031,0.8467165698466809
128602,79098,0.7442604883301006,false,128602,79098,0.7442604883301006
128602,1515,0.7528493818942473,false,128602,1515,0.7528493818942473
128602,165186,0.8836124539019785,false,128602,165186,0.8836124539019785
6103,115677,0.8200643332556371,false,6103,115677,0.8200643332556371
6103,109136579,0.7849125749265629,false,6103,109136579,0.7849125749265629
6103,503645,0.7225654881701862,false,6103,503645,0.7225654881701862
6103,999,0.7886529910779485,false,6103,999,0.7886529910779485
6103,26226,0.7234327940410282,false,6103,26226,0.7234327940410282
6103,64332,0.838793825576573,false,6103,64332,0.838793825576573
6103,346007,0.8345642202441338,false,6103,346007,0.8345642202441338
6103,3875,0.7428628823667582,false,6103,3875,0.7428628823667582
6103,1577,0.7116170441949952,false,6103,1577,0.7116170441949952
6103,100033430,0.7987466890876845,false,6103,100033430,0.7987466890876845
6103,441251,0.8804189322597864,false,6103,441251,0.8804189322597864
6103,6337,0.7219871669019988,false,6103,6337,0.7219871669019988
6103,5284,0.8684168112843692,false,6103,5284,0.8684168112843692
6103,57669,0.7056050977314499,false,6103,57669,0.7056050977314499
6103,619383,0.7774614685023966,false,6103,619383,0.7774614685023966
6103,89765,0.7156323021695145,false,6103,89765,0.7156323021695145
6103,278,0.9094429149599953,false,6103,278,0.9094429149599953
6103,116844,0.7409271820743065,false,6103,116844,0.7409271820743065
6103,10129,0.7154339025659785,false,6103,10129,0.7154339025659785
6103,130271,0.7377850356344501,false,6103,130271,0.7377850356344501
6103,101927516,0.7544467919456682,false,6103,101927516,0.7544467919456682
6103,688,0.8668847040085894,false,6103,688,0.8668847040085894
6103,6101,0.832955810317132,false,6103,6101,0.832955810317132
6103,378938,0.7858285371268195,false,6103,378938,0.7858285371268195
6103,285,0.8134744586879902,false,6103,285,0.8134744586879902
6103,112268155,0.7158783297371053,false,6103,112268155,0.7158783297371053
6103,1152,0.7696742427710671,false,6103,1152,0.7696742427710671
6103,27074,0.8588321577107202,false,6103,27074,0.8588321577107202
6103,79632,0.894661209997932,false,6103,79632,0.894661209997932
6103,4585,0.8450093023103868,false,6103,4585,0.8450093023103868
6103,1767,0.7264726868488197,false,6103,1767,0.7264726868488197
6103,7113,0.7290609276456809,false,6103,7113,0.7290609276456809
6103,54861,0.8092402705598051,false,6103,54861,0.8092402705598051
6103,222256,0.8580018297510087,false,6103,222256,0.8580018297510087
6103,105180391,0.7050999733541737,false,6103,105180391,0.7050999733541737
6103,54,0.7468703902671369,false,6103,54,0.7468703902671369
6103,647024,0.754193524387016,false,6103,647024,0.754193524387016
6103,201625,0.9067120309697412,false,6103,201625,0.9067120309697412
6103,105180390,0.7149141830442675,false,6103,105180390,0.7149141830442675
6103,1043,0.9127340889764052,false,6103,1043,0.9127340889764052
6103,692058,0.7598090744962254,false,6103,692058,0.7598090744962254
6103,276,0.9277873520113573,false,6103,276,0.9277873520113573
6103,168374,0.8090943003420713,false,6103,168374,0.8090943003420713
6103,83481,0.7368568011347775,false,6103,83481,0.7368568011347775
6103,645843,0.80098031964774,false,6103,645843,0.80098031964774
6103,2122,0.7558949977736902,false,6103,2122,0.7558949977736902
6103,84059,0.8069474685403193,false,6103,84059,0.8069474685403193
6103,1579,0.9403247426504044,false,6103,1579,0.9403247426504044
6103,57477,0.7949561797443764,false,6103,57477,0.7949561797443764
6103,80004,0.7765842631326078,false,6103,80004,0.7765842631326078
6103,121512,0.7476725293598665,false,6103,121512,0.7476725293598665
6103,120892,0.8149144536303424,false,6103,120892,0.8149144536303424
6103,84239,0.8003702272364956,false,6103,84239,0.8003702272364956
6103,2065,0.7794197925530907,false,6103,2065,0.7794197925530907
6103,1513,0.9462240555118381,false,6103,1513,0.9462240555118381
6103,84851,0.9051700997802182,false,6103,84851,0.9051700997802182
6103,3880,0.8012091216598737,false,6103,3880,0.8012091216598737
6103,26769,0.8276788766888105,false,6103,26769,0.8276788766888105
6103,100129460,0.9552644774856043,false,6103,100129460,0.9552644774856043
6103,4069,0.723310241559543,false,6103,4069,0.723310241559543
6103,1080,0.819156478012179,false,6103,1080,0.819156478012179
6103,65217,0.7632466278153417,false,6103,65217,0.7632466278153417
6103,1286,0.8963957369595495,false,6103,1286,0.8963957369595495
6103,153643,0.7960497724700274,false,6103,153643,0.7960497724700274
6103,144535,0.751889392506882,false,6103,144535,0.751889392506882
6103,649946,0.9627996833084556,false,6103,649946,0.9627996833084556
6332,9223,0.9590809228951122,false,6332,9223,0.9590809228951122
6332,1180,0.842383899810272,false,6332,1180,0.842383899810272
6332,653082,0.8012898189457887,false,6332,653082,0.8012898189457887
6332,2277,0.9493787269670435,false,6332,2277,0.9493787269670435
6332,825,0.7604932781605297,false,6332,825,0.7604932781605297
6332,79148,0.8305878309691653,false,6332,79148,0.8305878309691653
6332,6532,0.9640180487037957,false,6332,6532,0.9640180487037957
6332,100996506,0.896978602172561,false,6332,100996506,0.896978602172561
6332,100505495,0.8802237007757039,false,6332,100505495,0.8802237007757039
6332,57524,0.8804090043685677,false,6332,57524,0.8804090043685677
6332,256076,0.9858626085319906,false,6332,256076,0.9858626085319906
6332,284680,0.8975396198905838,false,6332,284680,0.8975396198905838
6332,9411,0.7286615484088285,false,6332,9411,0.7286615484088285
6332,128218,0.8357669201790475,false,6332,128218,0.8357669201790475
6332,100820829,0.9615852838007374,false,6332,100820829,0.9615852838007374
6332,10203,0.7281201170713785,false,6332,10203,0.7281201170713785
6332,105373265,0.8468648602848465,false,6332,105373265,0.8468648602848465
6332,9211,0.881282091551043,false,6332,9211,0.881282091551043
6332,440590,0.8633513154961284,false,6332,440590,0.8633513154961284
6332,55282,0.8978279742753011,false,6332,55282,0.8978279742753011
718,6441,0.7124777697176781,false,718,6441,0.7124777697176781
718,4070,0.7044636086457696,false,718,4070,0.7044636086457696
718,56892,0.8948526535107957,false,718,56892,0.8948526535107957
718,8091,0.7789712985578958,false,718,8091,0.7789712985578958
718,160728,0.7772321200701352,false,718,160728,0.7772321200701352
718,109729127,0.7022189987569776,false,718,109729127,0.7022189987569776
718,109729184,0.8331790335474276,false,718,109729184,0.8331790335474276
718,79148,0.7192316838452255,false,718,79148,0.7192316838452255
718,54848,0.8632224946741727,false,718,54848,0.8632224946741727
718,117156,0.7175307917149067,false,718,117156,0.7175307917149067
718,195814,0.7943318104319541,false,718,195814,0.7943318104319541
718,140766,0.9429018100940031,false,718,140766,0.9429018100940031
718,105,0.7345622729601535,false,718,105,0.7345622729601535
718,6097,0.7155305520398367,false,718,6097,0.7155305520398367
718,4057,0.7007267897721482,false,718,4057,0.7007267897721482
718,693188,0.8434763168627945,false,718,693188,0.8434763168627945
718,6799,0.7694817423876739,false,718,6799,0.7694817423876739
718,123872,0.8354557040442706,false,718,123872,0.8354557040442706
718,105373265,0.7136024511776632,false,718,105373265,0.7136024511776632
718,105372793,0.8208441737633023,false,718,105372793,0.8208441737633023
718,144571,0.7083397476455666,false,718,144571,0.7083397476455666
718,100033436,0.7073931956695839,false,718,100033436,0.7073931956695839
100506380,363,0.9221923948491746,false,100506380,363,0.9221923948491746
100506380,65998,0.9616400933843137,false,100506380,65998,0.9616400933843137
100506380,419,0.9221923948491747,false,100506380,419,0.9221923948491747
100506380,93517,0.9089405112592435,false,100506380,93517,0.9089405112592435
100506380,388633,0.9461469846707081,false,100506380,388633,0.9461469846707081
100506380,340596,0.8375317188841079,false,100506380,340596,0.8375317188841079
100506380,10586,0.8498753123345645,false,100506380,10586,0.8498753123345645
100506380,2125,0.7807338996732541,false,100506380,2125,0.7807338996732541
100506380,3780,0.9381257020770296,false,100506380,3780,0.9381257020770296
100506380,23562,0.8267373451980334,false,100506380,23562,0.8267373451980334
100506380,163479,0.9338258489248434,false,100506380,163479,0.9338258489248434
100506380,84867,0.8372919761968096,false,100506380,84867,0.8372919761968096
100506380,441151,0.8502022361095729,false,100506380,441151,0.8502022361095729
100506380,5349,0.905391343168259,false,100506380,5349,0.905391343168259
100506380,222183,0.7928050794805696,false,100506380,222183,0.7928050794805696
100506380,113219467,0.9483957814985269,false,100506380,113219467,0.9483957814985269
100506380,26797,0.9924841049870015,false,100506380,26797,0.9924841049870015
100506380,692209,0.9603654957770372,false,100506380,692209,0.9603654957770372
100506380,4861,0.9670707352543441,false,100506380,4861,0.9670707352543441
100506380,284434,0.749430176431918,false,100506380,284434,0.749430176431918
100506380,56955,0.8029884219974657,false,100506380,56955,0.8029884219974657
100506380,1028,0.7317692756423543,false,100506380,1028,0.7317692756423543
100506380,100423031,0.9221923948491746,false,100506380,100423031,0.9221923948491746
100506380,1515,0.8304289838461795,false,100506380,1515,0.8304289838461795
100506380,165186,0.8631225092255018,false,100506380,165186,0.8631225092255018
54997,79848,0.9705371362492105,false,54997,79848,0.9705371362492105
54997,219790,0.7671552183445278,false,54997,219790,0.7671552183445278
54997,115677,0.8344290035735158,false,54997,115677,0.8344290035735158
54997,5961,0.994885146504714,false,54997,5961,0.994885146504714
54997,7851,0.9916126041508561,false,54997,7851,0.9916126041508561
54997,692072,0.9885540182080249,false,54997,692072,0.9885540182080249
54997,109136579,0.9701319727965945,false,54997,109136579,0.9701319727965945
54997,503645,0.9477610402719062,false,54997,503645,0.9477610402719062
54997,55808,0.9960625506861012,false,54997,55808,0.9960625506861012
54997,999,0.9349962853825764,false,54997,999,0.9349962853825764
54997,126353,0.9744137694575374,false,54997,126353,0.9744137694575374
54997,26226,0.9845813039792388,false,54997,26226,0.9845813039792388
54997,64332,0.9185814091261636,false,54997,64332,0.9185814091261636
54997,346007,0.8405700773584344,false,54997,346007,0.8405700773584344
54997,388743,0.9967298036340665,false,54997,388743,0.9967298036340665
54997,116984,0.707421657603648,false,54997,116984,0.707421657603648
54997,137872,0.9801468572735621,false,54997,137872,0.9801468572735621
54997,1577,0.9868757004147573,false,54997,1577,0.9868757004147573
54997,100033430,0.945112019567312,false,54997,100033430,0.945112019567312
54997,340267,0.9895579954087814,false,54997,340267,0.9895579954087814
54997,200879,0.9989073904378211,false,54997,200879,0.9989073904378211
54997,1510,0.9899663599206872,false,54997,1510,0.9899663599206872
54997,441251,0.9091889054238872,false,54997,441251,0.9091889054238872
54997,102723849,0.9948034372476922,false,54997,102723849,0.9948034372476922
54997,9196,0.8171012521318977,false,54997,9196,0.8171012521318977
54997,6337,0.8871720169997157,false,54997,6337,0.8871720169997157
54997,57669,0.9484858364766416,false,54997,57669,0.9484858364766416
54997,619383,0.9724473808109245,false,54997,619383,0.9724473808109245
54997,89765,0.7870184515779938,false,54997,89765,0.7870184515779938
54997,57111,0.9918770273378156,false,54997,57111,0.9918770273378156
54997,278,0.8232607527097185,false,54997,278,0.8232607527097185
54997,116844,0.9710051106262297,false,54997,116844,0.9710051106262297
54997,10129,0.989661378519651,false,54997,10129,0.989661378519651
54997,4586,0.99712635531078,false,54997,4586,0.99712635531078
54997,100158262,0.9749491649114561,false,54997,100158262,0.9749491649114561
54997,10551,0.996084057806739,false,54997,10551,0.996084057806739
54997,378938,0.9699286138723877,false,54997,378938,0.9699286138723877
54997,54897,0.9196985327288163,false,54997,54897,0.9196985327288163
54997,117155,0.9981774307468876,false,54997,117155,0.9981774307468876
54997,112268155,0.9892487614798161,false,54997,112268155,0.9892487614798161
54997,1152,0.9434800705224353,false,54997,1152,0.9434800705224353
54997,79083,0.9995468848102462,false,54997,79083,0.9995468848102462
54997,66002,0.9962539284090655,false,54997,66002,0.9962539284090655
54997,1556,0.9917577823005458,false,54997,1556,0.9917577823005458
54997,22996,0.98410226142846,false,54997,22996,0.98410226142846
54997,55930,0.9868998719018001,false,54997,55930,0.9868998719018001
54997,7620,0.8497186668728319,false,54997,7620,0.8497186668728319
54997,7113,0.9722657600547088,false,54997,7113,0.9722657600547088
54997,54861,0.9460486813650022,false,54997,54861,0.9460486813650022
54997,222256,0.8964574924046125,false,54997,222256,0.8964574924046125
54997,105180391,0.9916523785266316,false,54997,105180391,0.9916523785266316
54997,100529240,0.9945470328518833,false,54997,100529240,0.9945470328518833
54997,113218482,0.9962297186393585,false,54997,113218482,0.9962297186393585
54997,647024,0.9405158489706663,false,54997,647024,0.9405158489706663
54997,255928,0.9909749710934093,false,54997,255928,0.9909749710934093
54997,151531,0.9549728368609454,false,54997,151531,0.9549728368609454
54997,8537,0.949334855453891,false,54997,8537,0.949334855453891
54997,10018,0.9951589746303897,false,54997,10018,0.9951589746303897
54997,115019,0.9968175020230754,false,54997,115019,0.9968175020230754
54997,201625,0.7923035817711642,false,54997,201625,0.7923035817711642
54997,105180390,0.991640939262479,false,54997,105180390,0.991640939262479
54997,692058,0.9687129642546098,false,54997,692058,0.9687129642546098
54997,276,0.7529295626884622,false,54997,276,0.7529295626884622
54997,168374,0.9596925328468108,false,54997,168374,0.9596925328468108
54997,83481,0.9494533740187876,false,54997,83481,0.9494533740187876
54997,645843,0.9653204149887344,false,54997,645843,0.9653204149887344
54997,143884,0.9662292419436713,false,54997,143884,0.9662292419436713
54997,80004,0.8803048630899487,false,54997,80004,0.8803048630899487
54997,121512,0.9572961486897386,false,54997,121512,0.9572961486897386
54997,3993,0.962111653455997,false,54997,3993,0.962111653455997
54997,389852,0.9957315055843009,false,54997,389852,0.9957315055843009
54997,342892,0.9801402091572469,false,54997,342892,0.9801402091572469
54997,164312,0.9844153002983023,false,54997,164312,0.9844153002983023
54997,84239,0.9449903345509536,false,54997,84239,0.9449903345509536
54997,2065,0.9587810639001855,false,54997,2065,0.9587810639001855
54997,57402,0.9054617475686806,false,54997,57402,0.9054617475686806
54997,776,0.8556683386650358,false,54997,776,0.8556683386650358
54997,780,0.8847135488933254,false,54997,780,0.8847135488933254
54997,135656,0.997400233844905,false,54997,135656,0.997400233844905
54997,3880,0.8335616666798175,false,54997,3880,0.8335616666798175
54997,94059,0.9973870607314604,false,54997,94059,0.9973870607314604
54997,26769,0.9241698821196623,false,54997,26769,0.9241698821196623
54997,3960,0.9972851679009079,false,54997,3960,0.9972851679009079
54997,7433,0.9062415962190493,false,54997,7433,0.9062415962190493
54997,284323,0.9953044758052372,false,54997,284323,0.9953044758052372
54997,100129460,0.7881651776923271,false,54997,100129460,0.7881651776923271
54997,65217,0.8551390407703012,false,54997,65217,0.8551390407703012
54997,23584,0.9911874318035436,false,54997,23584,0.9911874318035436
54997,692213,0.9920067170202105,false,54997,692213,0.9920067170202105
54997,153643,0.9244186120259746,false,54997,153643,0.9244186120259746
54997,112268422,0.9966669045821642,false,54997,112268422,0.9966669045821642
54997,649946,0.7257264310839726,false,54997,649946,0.7257264310839726
54997,259294,0.9958645307311464,false,54997,259294,0.9958645307311464
54997,79740,0.9123696106764909,false,54997,79740,0.9123696106764909
54997,2266,0.9967407951759069,false,54997,2266,0.9967407951759069
54997,745,0.9944117748477554,false,54997,745,0.9944117748477554
54997,440352,0.9248532229628511,false,54997,440352,0.9248532229628511
79848,219790,0.7998192881177406,false,79848,219790,0.7998192881177406
79848,115677,0.8390238921646131,false,79848,115677,0.8390238921646131
79848,5961,0.989025527558236,false,79848,5961,0.989025527558236
79848,7851,0.9546686768591609,false,79848,7851,0.9546686768591609
79848,692072,0.9764106518462361,false,79848,692072,0.9764106518462361
79848,109136579,0.9656177139169478,false,79848,109136579,0.9656177139169478
79848,503645,0.9853576244834951,false,79848,503645,0.9853576244834951
79848,55808,0.9549923961610066,false,79848,55808,0.9549923961610066
79848,999,0.8843245319245839,false,79848,999,0.8843245319245839
79848,126353,0.9191163920746093,false,79848,126353,0.9191163920746093
79848,26226,0.987871402372352,false,79848,26226,0.987871402372352
79848,64332,0.9327516406763161,false,79848,64332,0.9327516406763161
79848,346007,0.8457304237831174,false,79848,346007,0.8457304237831174
79848,388743,0.9601075043662629,false,79848,388743,0.9601075043662629
79848,137872,0.9511553069354733,false,79848,137872,0.9511553069354733
79848,1577,0.9747834282909984,false,79848,1577,0.9747834282909984
79848,100033430,0.9035175084973459,false,79848,100033430,0.9035175084973459
79848,340267,0.957984676381228,false,79848,340267,0.957984676381228
79848,200879,0.967445269084155,false,79848,200879,0.967445269084155
79848,1510,0.9446289683091638,false,79848,1510,0.9446289683091638
79848,441251,0.890129537643289,false,79848,441251,0.890129537643289
79848,102723849,0.9739458390705745,false,79848,102723849,0.9739458390705745
79848,9196,0.9065202266329517,false,79848,9196,0.9065202266329517
79848,6337,0.8293710989535026,false,79848,6337,0.8293710989535026
79848,57669,0.9305431251010687,false,79848,57669,0.9305431251010687
79848,619383,0.9689979664491215,false,79848,619383,0.9689979664491215
79848,57111,0.9530914419290365,false,79848,57111,0.9530914419290365
79848,278,0.8141484515744372,false,79848,278,0.8141484515744372
79848,116844,0.9284334669819434,false,79848,116844,0.9284334669819434
79848,10129,0.980731841775718,false,79848,10129,0.980731841775718
79848,4586,0.9629830887437497,false,79848,4586,0.9629830887437497
79848,100158262,0.9828016897254579,false,79848,100158262,0.9828016897254579
79848,10551,0.9619127858583565,false,79848,10551,0.9619127858583565
79848,130271,0.7282775951324272,false,79848,130271,0.7282775951324272
79848,378938,0.9654097042946087,false,79848,378938,0.9654097042946087
79848,54897,0.9072537649839562,false,79848,54897,0.9072537649839562
79848,285,0.7565995129671794,false,79848,285,0.7565995129671794
79848,117155,0.9590710611641877,false,79848,117155,0.9590710611641877
79848,112268155,0.9565005295081358,false,79848,112268155,0.9565005295081358
79848,1152,0.9606190262944685,false,79848,1152,0.9606190262944685
79848,79083,0.9730953872798379,false,79848,79083,0.9730953872798379
79848,66002,0.9574839469226,false,79848,66002,0.9574839469226
79848,1556,0.9553960898578323,false,79848,1556,0.9553960898578323
79848,22996,0.9383867009432674,false,79848,22996,0.9383867009432674
79848,55930,0.9470237440878123,false,79848,55930,0.9470237440878123
79848,7620,0.9407754521242074,false,79848,7620,0.9407754521242074
79848,7113,0.9220503430908317,false,79848,7113,0.9220503430908317
79848,54861,0.9487644937567388,false,79848,54861,0.9487644937567388
79848,222256,0.8704966705271493,false,79848,222256,0.8704966705271493
79848,105180391,0.9709320829293242,false,79848,105180391,0.9709320829293242
79848,100529240,0.9726328030477848,false,79848,100529240,0.9726328030477848
79848,113218482,0.9543664009378238,false,79848,113218482,0.9543664009378238
79848,647024,0.8822872539740949,false,79848,647024,0.8822872539740949
79848,255928,0.9427865627121956,false,79848,255928,0.9427865627121956
79848,151531,0.875523825396409,false,79848,151531,0.875523825396409
79848,8537,0.9515336898521237,false,79848,8537,0.9515336898521237
79848,10018,0.9665867488099302,false,79848,10018,0.9665867488099302
79848,115019,0.957512951596641,false,79848,115019,0.957512951596641
79848,201625,0.7614857353311925,false,79848,201625,0.7614857353311925
79848,105180390,0.9696504516614324,false,79848,105180390,0.9696504516614324
79848,692058,0.9455098936118186,false,79848,692058,0.9455098936118186
79848,276,0.7355390894214495,false,79848,276,0.7355390894214495
79848,168374,0.9462385384355207,false,79848,168374,0.9462385384355207
79848,83481,0.9020061056631765,false,79848,83481,0.9020061056631765
79848,645843,0.9491036602190116,false,79848,645843,0.9491036602190116
79848,143884,0.9893407363198999,false,79848,143884,0.9893407363198999
79848,80004,0.794567780792513,false,79848,80004,0.794567780792513
79848,121512,0.9028299262433932,false,79848,121512,0.9028299262433932
79848,3993,0.8970663133739777,false,79848,3993,0.8970663133739777
79848,389852,0.9600763806742475,false,79848,389852,0.9600763806742475
79848,342892,0.9964192013703668,false,79848,342892,0.9964192013703668
79848,164312,0.9360838552635566,false,79848,164312,0.9360838552635566
79848,84239,0.9155243529063056,false,79848,84239,0.9155243529063056
79848,2065,0.9174213962457204,false,79848,2065,0.9174213962457204
79848,57402,0.8571891468428343,false,79848,57402,0.8571891468428343
79848,1513,0.7908120072844917,false,79848,1513,0.7908120072844917
79848,776,0.9353857202634253,false,79848,776,0.9353857202634253
79848,780,0.8098967249857074,false,79848,780,0.8098967249857074
79848,135656,0.9637356287459671,false,79848,135656,0.9637356287459671
79848,3880,0.7706481229103539,false,79848,3880,0.7706481229103539
79848,94059,0.969358191917077,false,79848,94059,0.969358191917077
79848,26769,0.9059990982714675,false,79848,26769,0.9059990982714675
79848,3960,0.9627997465203841,false,79848,3960,0.9627997465203841
79848,7433,0.8807885571076429,false,79848,7433,0.8807885571076429
79848,284323,0.984806664899048,false,79848,284323,0.984806664899048
79848,100129460,0.774141988671855,false,79848,100129460,0.774141988671855
79848,65217,0.8819470788827362,false,79848,65217,0.8819470788827362
79848,23584,0.9586890898460619,false,79848,23584,0.9586890898460619
79848,692213,0.9566114263634472,false,79848,692213,0.9566114263634472
79848,153643,0.8714744381012649,false,79848,153643,0.8714744381012649
79848,112268422,0.9670534532276275,false,79848,112268422,0.9670534532276275
79848,649946,0.7878170119268093,false,79848,649946,0.7878170119268093
79848,259294,0.9840379977356528,false,79848,259294,0.9840379977356528
79848,79740,0.8710993282090833,false,79848,79740,0.8710993282090833
79848,2266,0.9613997120086901,false,79848,2266,0.9613997120086901
79848,745,0.9508034000486695,false,79848,745,0.9508034000486695
79848,440352,0.8864090183444505,false,79848,440352,0.8864090183444505
2595,2277,0.7770751009460882,false,2595,2277,0.7770751009460882
2595,11185,0.7364270069053557,false,2595,11185,0.7364270069053557
2595,9052,0.7365584749714377,false,2595,9052,0.7365584749714377
219790,115677,0.9142306788203325,false,219790,115677,0.9142306788203325
219790,5961,0.7897662197327586,false,219790,5961,0.7897662197327586
219790,7851,0.724602338856789,false,219790,7851,0.724602338856789
219790,109136579,0.7421051888223015,false,219790,109136579,0.7421051888223015
219790,503645,0.8658284529305894,false,219790,503645,0.8658284529305894
219790,55808,0.7220187051229111,false,219790,55808,0.7220187051229111
219790,26226,0.7847095876334056,false,219790,26226,0.7847095876334056
219790,346007,0.8139388834271634,false,219790,346007,0.8139388834271634
219790,388743,0.7161353571874687,false,219790,388743,0.7161353571874687
219790,1577,0.7154681233821464,false,219790,1577,0.7154681233821464
219790,340267,0.7070005248002177,false,219790,340267,0.7070005248002177
219790,200879,0.7386814901532843,false,219790,200879,0.7386814901532843
219790,102723849,0.7463151304628743,false,219790,102723849,0.7463151304628743
219790,9196,0.9186327122520018,false,219790,9196,0.9186327122520018
219790,114327,0.9371181264258711,false,219790,114327,0.9371181264258711
219790,6337,0.7843865430406579,false,219790,6337,0.7843865430406579
219790,57669,0.9092740473026996,false,219790,57669,0.9092740473026996
219790,619383,0.7293892810426937,false,219790,619383,0.7293892810426937
219790,57111,0.7141880436325229,false,219790,57111,0.7141880436325229
219790,10129,0.7483505919473309,false,219790,10129,0.7483505919473309
219790,4586,0.7168249983820555,false,219790,4586,0.7168249983820555
219790,10551,0.7196163595044479,false,219790,10551,0.7196163595044479
219790,130271,0.9385594302545033,false,219790,130271,0.9385594302545033
219790,378938,0.742126929771015,false,219790,378938,0.742126929771015
219790,54897,0.9387484490684075,false,219790,54897,0.9387484490684075
219790,117155,0.7485129705874908,false,219790,117155,0.7485129705874908
219790,112268155,0.7435519481405644,false,219790,112268155,0.7435519481405644
219790,1152,0.7813688046428894,false,219790,1152,0.7813688046428894
219790,79083,0.7604651323066157,false,219790,79083,0.7604651323066157
219790,66002,0.7212728931875761,false,219790,66002,0.7212728931875761
219790,1556,0.7712457547731119,false,219790,1556,0.7712457547731119
219790,22996,0.7121572142652679,false,219790,22996,0.7121572142652679
219790,55930,0.7262250873596686,false,219790,55930,0.7262250873596686
219790,54861,0.8561450953441809,false,219790,54861,0.8561450953441809
219790,105180391,0.8067581725619752,false,219790,105180391,0.8067581725619752
219790,100529240,0.7511090029905487,false,219790,100529240,0.7511090029905487
219790,54,0.8168576014897858,false,219790,54,0.8168576014897858
219790,113218482,0.7124180951168368,false,219790,113218482,0.7124180951168368
219790,10018,0.7097024840107852,false,219790,10018,0.7097024840107852
219790,115019,0.7200627874496841,false,219790,115019,0.7200627874496841
219790,105180390,0.7935811792803207,false,219790,105180390,0.7935811792803207
219790,168374,0.705069047788582,false,219790,168374,0.705069047788582
219790,645843,0.7272673576505588,false,219790,645843,0.7272673576505588
219790,143884,0.7554732151973265,false,219790,143884,0.7554732151973265
219790,121512,0.7856813019084431,false,219790,121512,0.7856813019084431
219790,3993,0.7232838481450133,false,219790,3993,0.7232838481450133
219790,389852,0.7176474565200797,false,219790,389852,0.7176474565200797
219790,342892,0.8293497988833485,false,219790,342892,0.8293497988833485
219790,164312,0.7438371115734156,false,219790,164312,0.7438371115734156
219790,84239,0.7993371965647841,false,219790,84239,0.7993371965647841
219790,2065,0.7099197016915532,false,219790,2065,0.7099197016915532
219790,57402,0.8242756609893451,false,219790,57402,0.8242756609893451
219790,776,0.9170246142054286,false,219790,776,0.9170246142054286
219790,135656,0.7194150890361962,false,219790,135656,0.7194150890361962
219790,94059,0.7497847022495965,false,219790,94059,0.7497847022495965
219790,3960,0.7187003070186614,false,219790,3960,0.7187003070186614
219790,7433,0.9066764641558417,false,219790,7433,0.9066764641558417
219790,284323,0.7678318247187024,false,219790,284323,0.7678318247187024
219790,65217,0.9540776162983543,false,219790,65217,0.9540776162983543
219790,23584,0.81099194258482,false,219790,23584,0.81099194258482
219790,84765,0.906990234812774,false,219790,84765,0.906990234812774
219790,112268422,0.7172327251782759,false,219790,112268422,0.7172327251782759
219790,649946,0.7213679973907017,false,219790,649946,0.7213679973907017
219790,259294,0.7504263587312009,false,219790,259294,0.7504263587312009
219790,79740,0.7636586336912061,false,219790,79740,0.7636586336912061
219790,2266,0.7736894420270038,false,219790,2266,0.7736894420270038
219790,745,0.7418958910806822,false,219790,745,0.7418958910806822
219790,440352,0.7422292227177872,false,219790,440352,0.7422292227177872
54112,4892,0.9998714108174589,false,54112,4892,0.9998714108174589
54112,3207,0.8195897844136173,false,54112,3207,0.8195897844136173
54112,644649,0.7867871530539102,false,54112,644649,0.7867871530539102
54112,3929,0.9975229122213969,false,54112,3929,0.9975229122213969
54112,105369937,1.0,false,54112,105369937,1.0
54112,27022,0.8439422472967673,false,54112,27022,0.8439422472967673
54112,107984498,0.9996961070084698,false,54112,107984498,0.9996961070084698
54112,284111,0.9975427723952816,false,54112,284111,0.9975427723952816
54112,128674,1.0,false,54112,128674,1.0
54112,7780,0.9986668580669691,false,54112,7780,0.9986668580669691
54112,101928580,0.959139010008838,false,54112,101928580,0.959139010008838
54112,57110,0.9992180153290052,false,54112,57110,0.9992180153290052
54112,646480,0.9914332812965841,false,54112,646480,0.9914332812965841
54112,4606,0.9997724891059534,false,54112,4606,0.9997724891059534
115677,5961,0.8421146035625267,false,115677,5961,0.8421146035625267
115677,7851,0.8422518951145089,false,115677,7851,0.8422518951145089
115677,692072,0.7928314263557936,false,115677,692072,0.7928314263557936
115677,109136579,0.8767705508293473,false,115677,109136579,0.8767705508293473
115677,503645,0.9052616717477834,false,115677,503645,0.9052616717477834
115677,55808,0.8146053816423044,false,115677,55808,0.8146053816423044
115677,999,0.8361103140126297,false,115677,999,0.8361103140126297
115677,126353,0.8080090065654728,false,115677,126353,0.8080090065654728
115677,26226,0.8721989046444694,false,115677,26226,0.8721989046444694
115677,64332,0.8568815654018556,false,115677,64332,0.8568815654018556
115677,346007,0.9395577875739373,false,115677,346007,0.9395577875739373
115677,388743,0.8056724437682393,false,115677,388743,0.8056724437682393
115677,116984,0.8391749100550208,false,115677,116984,0.8391749100550208
115677,137872,0.7121573796267806,false,115677,137872,0.7121573796267806
115677,1577,0.8296965729501548,false,115677,1577,0.8296965729501548
115677,100033430,0.8392279563456639,false,115677,100033430,0.8392279563456639
115677,340267,0.8266417547402269,false,115677,340267,0.8266417547402269
115677,200879,0.8190548630504707,false,115677,200879,0.8190548630504707
115677,1510,0.8062971063649231,false,115677,1510,0.8062971063649231
115677,441251,0.8794485636638096,false,115677,441251,0.8794485636638096
115677,102723849,0.8463126948199469,false,115677,102723849,0.8463126948199469
115677,9196,0.8445945496558888,false,115677,9196,0.8445945496558888
115677,114327,0.8436766345742194,false,115677,114327,0.8436766345742194
115677,6337,0.9052954809454601,false,115677,6337,0.9052954809454601
115677,57669,0.9583160179322093,false,115677,57669,0.9583160179322093
115677,619383,0.864343065584875,false,115677,619383,0.864343065584875
115677,89765,0.7184458238442767,false,115677,89765,0.7184458238442767
115677,57111,0.8287756783713988,false,115677,57111,0.8287756783713988
115677,278,0.7960371094132142,false,115677,278,0.7960371094132142
115677,116844,0.8278151394069219,false,115677,116844,0.8278151394069219
115677,10129,0.8515049364775539,false,115677,10129,0.8515049364775539
115677,4586,0.8009434967653064,false,115677,4586,0.8009434967653064
115677,100158262,0.7500974394468966,false,115677,100158262,0.7500974394468966
115677,10551,0.819568308448643,false,115677,10551,0.819568308448643
115677,130271,0.936874139118082,false,115677,130271,0.936874139118082
115677,6101,0.848534636389118,false,115677,6101,0.848534636389118
115677,378938,0.8772124267788411,false,115677,378938,0.8772124267788411
115677,54897,0.9165443892816931,false,115677,54897,0.9165443892816931
115677,117155,0.8080931294145289,false,115677,117155,0.8080931294145289
115677,112268155,0.8621836928423117,false,115677,112268155,0.8621836928423117
115677,1152,0.8831628714969917,false,115677,1152,0.8831628714969917
115677,27074,0.7812677600455099,false,115677,27074,0.7812677600455099
115677,79083,0.8369645303671652,false,115677,79083,0.8369645303671652
115677,66002,0.7987684110674316,false,115677,66002,0.7987684110674316
115677,1556,0.8665733185654007,false,115677,1556,0.8665733185654007
115677,22996,0.8167240223901995,false,115677,22996,0.8167240223901995
115677,55930,0.8193558123683693,false,115677,55930,0.8193558123683693
115677,7113,0.8394610111685399,false,115677,7113,0.8394610111685399
115677,54861,0.9593186606008033,false,115677,54861,0.9593186606008033
115677,222256,0.8272985026629369,false,115677,222256,0.8272985026629369
115677,105180391,0.8922624796843196,false,115677,105180391,0.8922624796843196
115677,100529240,0.8533308215965786,false,115677,100529240,0.8533308215965786
115677,54,0.8812235611041016,false,115677,54,0.8812235611041016
115677,113218482,0.7999428096375149,false,115677,113218482,0.7999428096375149
115677,647024,0.8166331050659941,false,115677,647024,0.8166331050659941
115677,255928,0.7617854298538727,false,115677,255928,0.7617854298538727
115677,151531,0.7871378605817286,false,115677,151531,0.7871378605817286
115677,10018,0.8034854040591858,false,115677,10018,0.8034854040591858
115677,115019,0.8104909513591896,false,115677,115019,0.8104909513591896
115677,201625,0.8852178479039384,false,115677,201625,0.8852178479039384
115677,105180390,0.8888307340745402,false,115677,105180390,0.8888307340745402
115677,692058,0.8254894902124086,false,115677,692058,0.8254894902124086
115677,276,0.7647987767667898,false,115677,276,0.7647987767667898
115677,168374,0.8684874327845696,false,115677,168374,0.8684874327845696
115677,83481,0.8191028110099613,false,115677,83481,0.8191028110099613
115677,645843,0.8811779124565714,false,115677,645843,0.8811779124565714
115677,2122,0.7318232761579136,false,115677,2122,0.7318232761579136
115677,143884,0.7850962468230899,false,115677,143884,0.7850962468230899
115677,1579,0.8638092675325524,false,115677,1579,0.8638092675325524
115677,80004,0.8157012726772125,false,115677,80004,0.8157012726772125
115677,121512,0.9169260328021367,false,115677,121512,0.9169260328021367
115677,3993,0.7945827307828348,false,115677,3993,0.7945827307828348
115677,389852,0.8200526115302076,false,115677,389852,0.8200526115302076
115677,342892,0.8743295531651836,false,115677,342892,0.8743295531651836
115677,164312,0.8305751783986456,false,115677,164312,0.8305751783986456
115677,84239,0.9361427957785295,false,115677,84239,0.9361427957785295
115677,2065,0.8740779752652451,false,115677,2065,0.8740779752652451
115677,57402,0.8289155554150673,false,115677,57402,0.8289155554150673
115677,1513,0.8109701323845493,false,115677,1513,0.8109701323845493
115677,776,0.8572729736030299,false,115677,776,0.8572729736030299
115677,135656,0.8005491111922699,false,115677,135656,0.8005491111922699
115677,3880,0.8163037330585586,false,115677,3880,0.8163037330585586
115677,94059,0.8445101919454907,false,115677,94059,0.8445101919454907
115677,26769,0.8135990804978729,false,115677,26769,0.8135990804978729
115677,3960,0.7984656191893245,false,115677,3960,0.7984656191893245
115677,7433,0.8616364255595682,false,115677,7433,0.8616364255595682
115677,284323,0.8128633512849067,false,115677,284323,0.8128633512849067
115677,100129460,0.8483590704819479,false,115677,100129460,0.8483590704819479
115677,65217,0.9875364870143547,false,115677,65217,0.9875364870143547
115677,1286,0.7293013563533233,false,115677,1286,0.7293013563533233
115677,23584,0.8380438565246673,false,115677,23584,0.8380438565246673
115677,692213,0.7984977150976297,false,115677,692213,0.7984977150976297
115677,153643,0.8174434738911949,false,115677,153643,0.8174434738911949
115677,112268422,0.7917337312047253,false,115677,112268422,0.7917337312047253
115677,649946,0.9033524562276949,false,115677,649946,0.9033524562276949
115677,259294,0.8119210457321538,false,115677,259294,0.8119210457321538
115677,79740,0.8686959152231326,false,115677,79740,0.8686959152231326
115677,2266,0.8508794101753907,false,115677,2266,0.8508794101753907
115677,745,0.8317332767936491,false,115677,745,0.8317332767936491
115677,440352,0.7701331694621921,false,115677,440352,0.7701331694621921
64073,253970,0.8276716735925231,false,64073,253970,0.8276716735925231
64073,6441,0.9260466515564972,false,64073,6441,0.9260466515564972
64073,4070,0.983498490773829,false,64073,4070,0.983498490773829
64073,56892,0.9264533285103664,false,64073,56892,0.9264533285103664
64073,8091,0.8545504603945447,false,64073,8091,0.8545504603945447
64073,3875,0.7991473778430025,false,64073,3875,0.7991473778430025
64073,160728,0.9770192267371032,false,64073,160728,0.9770192267371032
64073,4680,0.8825083288035763,false,64073,4680,0.8825083288035763
64073,7356,0.9916632915574927,false,64073,7356,0.9916632915574927
64073,109729127,0.9934539324336359,false,64073,109729127,0.9934539324336359
64073,400578,0.9557040872892058,false,64073,400578,0.9557040872892058
64073,94025,0.9385176459404109,false,64073,94025,0.9385176459404109
64073,728276,0.9963833353196737,false,64073,728276,0.9963833353196737
64073,102723635,0.8313776567430181,false,64073,102723635,0.8313776567430181
64073,5545,0.9449826794878492,false,64073,5545,0.9449826794878492
64073,727897,0.9308615878250581,false,64073,727897,0.9308615878250581
64073,54848,0.9022893878630869,false,64073,54848,0.9022893878630869
64073,4585,0.7047990608870859,false,64073,4585,0.7047990608870859
64073,1767,0.8831165770549558,false,64073,1767,0.8831165770549558
64073,1604,0.700478601546283,false,64073,1604,0.700478601546283
64073,9476,0.8557469372878725,false,64073,9476,0.8557469372878725
64073,117156,0.9650778673355684,false,64073,117156,0.9650778673355684
64073,195814,0.9826221955804317,false,64073,195814,0.9826221955804317
64073,140766,0.8240953092869302,false,64073,140766,0.8240953092869302
64073,105,0.966734627228924,false,64073,105,0.966734627228924
64073,6097,0.8689780607512453,false,64073,6097,0.8689780607512453
64073,120892,0.7708247621711419,false,64073,120892,0.7708247621711419
64073,4057,0.9655217188476481,false,64073,4057,0.9655217188476481
64073,220136,0.9404140021240968,false,64073,220136,0.9404140021240968
64073,112577518,0.9502171578127441,false,64073,112577518,0.9502171578127441
64073,9370,0.9558068894951648,false,64073,9370,0.9558068894951648
64073,693188,0.8158474500514223,false,64073,693188,0.8158474500514223
64073,389376,0.9597067517573871,false,64073,389376,0.9597067517573871
64073,6799,0.9886427713080501,false,64073,6799,0.9886427713080501
64073,353189,0.8874107720064827,false,64073,353189,0.8874107720064827
64073,563,0.9583784720086198,false,64073,563,0.9583784720086198
64073,84851,0.7096856776087708,false,64073,84851,0.7096856776087708
64073,4069,0.8742459688033682,false,64073,4069,0.8742459688033682
64073,1080,0.7525405786980157,false,64073,1080,0.7525405786980157
64073,123872,0.9223996861673578,false,64073,123872,0.9223996861673578
64073,105372793,0.9293578393641362,false,64073,105372793,0.9293578393641362
64073,653509,0.8415355928092878,false,64073,653509,0.8415355928092878
64073,100874095,0.9558068894951648,false,64073,100874095,0.9558068894951648
64073,729238,0.912078764623284,false,64073,729238,0.912078764623284
64073,3855,0.7966943602370029,false,64073,3855,0.7966943602370029
64073,26298,0.9602147574668559,false,64073,26298,0.9602147574668559
64073,100033436,0.982815143042695,false,64073,100033436,0.982815143042695
5961,7851,0.9814023026343413,false,5961,7851,0.9814023026343413
5961,692072,0.9891448722722348,false,5961,692072,0.9891448722722348
5961,109136579,0.9744243373480743,false,5961,109136579,0.9744243373480743
5961,503645,0.9712871229269389,false,5961,503645,0.9712871229269389
5961,55808,0.9845485188123612,false,5961,55808,0.9845485188123612
5961,999,0.9149138512761233,false,5961,999,0.9149138512761233
5961,126353,0.9543947055410432,false,5961,126353,0.9543947055410432
5961,26226,0.9929461977049286,false,5961,26226,0.9929461977049286
5961,64332,0.9316341618820504,false,5961,64332,0.9316341618820504
5961,346007,0.854569478431022,false,5961,346007,0.854569478431022
5961,388743,0.9875265361814876,false,5961,388743,0.9875265361814876
5961,137872,0.9756935047889915,false,5961,137872,0.9756935047889915
5961,1577,0.9868299806650329,false,5961,1577,0.9868299806650329
5961,100033430,0.9310116606066923,false,5961,100033430,0.9310116606066923
5961,340267,0.9808083852840519,false,5961,340267,0.9808083852840519
5961,200879,0.9923024011882303,false,5961,200879,0.9923024011882303
5961,1510,0.9756624414068227,false,5961,1510,0.9756624414068227
5961,441251,0.904075165048078,false,5961,441251,0.904075165048078
5961,102723849,0.9926557592691083,false,5961,102723849,0.9926557592691083
5961,9196,0.8642146347610146,false,5961,9196,0.8642146347610146
5961,6337,0.8623753112615351,false,5961,6337,0.8623753112615351
5961,57669,0.9483670208690569,false,5961,57669,0.9483670208690569
5961,619383,0.9759250582841948,false,5961,619383,0.9759250582841948
5961,89765,0.7363201259247981,false,5961,89765,0.7363201259247981
5961,57111,0.9805986078691503,false,5961,57111,0.9805986078691503
5961,278,0.8167791285340699,false,5961,278,0.8167791285340699
5961,116844,0.9571254724639726,false,5961,116844,0.9571254724639726
5961,10129,0.9917912142196256,false,5961,10129,0.9917912142196256
5961,4586,0.9894034137905525,false,5961,4586,0.9894034137905525
5961,100158262,0.9850767060975077,false,5961,100158262,0.9850767060975077
5961,10551,0.9878105488799682,false,5961,10551,0.9878105488799682
5961,378938,0.9741745184627978,false,5961,378938,0.9741745184627978
5961,54897,0.9205499618357784,false,5961,54897,0.9205499618357784
5961,117155,0.9896435211105745,false,5961,117155,0.9896435211105745
5961,112268155,0.982795702276499,false,5961,112268155,0.982795702276499
5961,1152,0.9504974056211886,false,5961,1152,0.9504974056211886
5961,79083,0.9952539670143582,false,5961,79083,0.9952539670143582
5961,66002,0.9857975494390445,false,5961,66002,0.9857975494390445
5961,1556,0.9812509204725227,false,5961,1556,0.9812509204725227
5961,22996,0.967926717979424,false,5961,22996,0.967926717979424
5961,55930,0.9733060637676989,false,5961,55930,0.9733060637676989
5961,7620,0.8897381030058344,false,5961,7620,0.8897381030058344
5961,7113,0.9548037701655212,false,5961,7113,0.9548037701655212
5961,54861,0.9529967114449945,false,5961,54861,0.9529967114449945
5961,222256,0.8852347378272045,false,5961,222256,0.8852347378272045
5961,105180391,0.990623134872667,false,5961,105180391,0.990623134872667
5961,100529240,0.9913552780564029,false,5961,100529240,0.9913552780564029
5961,113218482,0.9850996245028801,false,5961,113218482,0.9850996245028801
5961,647024,0.9173166452699367,false,5961,647024,0.9173166452699367
5961,255928,0.9785679144765388,false,5961,255928,0.9785679144765388
5961,151531,0.9288436420249213,false,5961,151531,0.9288436420249213
5961,8537,0.9543878404131759,false,5961,8537,0.9543878404131759
5961,10018,0.9889263529461149,false,5961,10018,0.9889263529461149
5961,115019,0.9864619328888186,false,5961,115019,0.9864619328888186
5961,201625,0.7757591083467895,false,5961,201625,0.7757591083467895
5961,105180390,0.989488390893356,false,5961,105180390,0.989488390893356
5961,692058,0.9627791957259049,false,5961,692058,0.9627791957259049
5961,276,0.7415296704826322,false,5961,276,0.7415296704826322
5961,168374,0.958138673947317,false,5961,168374,0.958138673947317
5961,83481,0.9297382230708163,false,5961,83481,0.9297382230708163
5961,645843,0.9621707827906624,false,5961,645843,0.9621707827906624
5961,143884,0.9850445952564533,false,5961,143884,0.9850445952564533
5961,80004,0.8452760668200278,false,5961,80004,0.8452760668200278
5961,121512,0.9423697985224155,false,5961,121512,0.9423697985224155
5961,3993,0.9371274563139741,false,5961,3993,0.9371274563139741
5961,389852,0.9871307609012687,false,5961,389852,0.9871307609012687
5961,342892,0.9933834957499861,false,5961,342892,0.9933834957499861
5961,164312,0.9675882245914376,false,5961,164312,0.9675882245914376
5961,84239,0.9353080362936206,false,5961,84239,0.9353080362936206
5961,2065,0.9438652184705127,false,5961,2065,0.9438652184705127
5961,57402,0.8861890212457406,false,5961,57402,0.8861890212457406
5961,1513,0.7361397129641521,false,5961,1513,0.7361397129641521
5961,776,0.8946564648987206,false,5961,776,0.8946564648987206
5961,780,0.8493938733457755,false,5961,780,0.8493938733457755
5961,135656,0.9899657343706628,false,5961,135656,0.9899657343706628
5961,3880,0.8025531705510085,false,5961,3880,0.8025531705510085
5961,94059,0.992134962171926,false,5961,94059,0.992134962171926
5961,26769,0.9185057879668962,false,5961,26769,0.9185057879668962
5961,3960,0.9894312642767917,false,5961,3960,0.9894312642767917
5961,7433,0.9003456119844981,false,5961,7433,0.9003456119844981
5961,284323,0.9983349597877059,false,5961,284323,0.9983349597877059
5961,100129460,0.7826996086622308,false,5961,100129460,0.7826996086622308
5961,65217,0.8733529751358798,false,5961,65217,0.8733529751358798
5961,23584,0.9843155307199513,false,5961,23584,0.9843155307199513
5961,692213,0.9817424489584232,false,5961,692213,0.9817424489584232
5961,153643,0.9037463003690176,false,5961,153643,0.9037463003690176
5961,112268422,0.9910392215087079,false,5961,112268422,0.9910392215087079
5961,649946,0.7545375423801944,false,5961,649946,0.7545375423801944
5961,259294,0.997691131594353,false,5961,259294,0.997691131594353
5961,79740,0.8929390437260337,false,5961,79740,0.8929390437260337
5961,2266,0.9907159766684858,false,5961,2266,0.9907159766684858
5961,745,0.9812443494424906,false,5961,745,0.9812443494424906
5961,440352,0.9076661912063072,false,5961,440352,0.9076661912063072
363,65998,0.8925625251576267,false,363,65998,0.8925625251576267
363,419,0.9999999999999998,false,363,419,0.9999999999999998
363,93517,0.9979036539915622,false,363,93517,0.9979036539915622
363,388633,0.9888146093140046,false,363,388633,0.9888146093140046
363,340596,0.7062516572900136,false,363,340596,0.7062516572900136
363,11185,0.8312590244612059,false,363,11185,0.8312590244612059
363,10586,0.9529988239915108,false,363,10586,0.9529988239915108
363,2125,0.8872284698594355,false,363,2125,0.8872284698594355
363,3780,0.97575297163747,false,363,3780,0.97575297163747
363,163479,0.8740111935053556,false,363,163479,0.8740111935053556
363,84867,0.8303751905569593,false,363,84867,0.8303751905569593
363,5349,0.9855305462768714,false,363,5349,0.9855305462768714
363,113219467,0.8242612394417965,false,363,113219467,0.8242612394417965
363,26797,0.9370204006056048,false,363,26797,0.9370204006056048
363,692209,0.8759132917929685,false,363,692209,0.8759132917929685
363,4861,0.9743653229921201,false,363,4861,0.9743653229921201
363,284434,0.8995164514014176,false,363,284434,0.8995164514014176
363,100423031,1.0,false,363,100423031,1.0
363,79098,0.8210246444698942,false,363,79098,0.8210246444698942
363,1515,0.7529488742467274,false,363,1515,0.7529488742467274
363,165186,0.862155429863879,false,363,165186,0.862155429863879
9223,1180,0.8502279730652841,false,9223,1180,0.8502279730652841
9223,653082,0.8820768487812461,false,9223,653082,0.8820768487812461
9223,2277,0.9436145185172055,false,9223,2277,0.9436145185172055
9223,825,0.8160503731037742,false,9223,825,0.8160503731037742
9223,388327,0.7266228404746778,false,9223,388327,0.7266228404746778
9223,79148,0.8511471148808484,false,9223,79148,0.8511471148808484
9223,6532,0.9073024354602638,false,9223,6532,0.9073024354602638
9223,100996506,0.8855921904186536,false,9223,100996506,0.8855921904186536
9223,100505495,0.8434786261971506,false,9223,100505495,0.8434786261971506
9223,57524,0.7504231044590363,false,9223,57524,0.7504231044590363
9223,256076,0.964370180786833,false,9223,256076,0.964370180786833
9223,284680,0.762186537220737,false,9223,284680,0.762186537220737
9223,9411,0.8037598058802367,false,9223,9411,0.8037598058802367
9223,100820829,0.9965368196597766,false,9223,100820829,0.9965368196597766
9223,10203,0.791416031695387,false,9223,10203,0.791416031695387
9223,105373265,0.8502306629677532,false,9223,105373265,0.8502306629677532
9223,9211,0.9263748061091516,false,9223,9211,0.9263748061091516
9223,440590,0.7278693906804806,false,9223,440590,0.7278693906804806
9223,55282,0.8319449863720554,false,9223,55282,0.8319449863720554
7851,692072,0.9881526212587731,false,7851,692072,0.9881526212587731
7851,109136579,0.982069765758494,false,7851,109136579,0.982069765758494
7851,503645,0.9321044304555159,false,7851,503645,0.9321044304555159
7851,55808,0.9965546926864637,false,7851,55808,0.9965546926864637
7851,999,0.9725926088027091,false,7851,999,0.9725926088027091
7851,126353,0.9928828402085079,false,7851,126353,0.9928828402085079
7851,26226,0.9819280476713128,false,7851,26226,0.9819280476713128
7851,64332,0.9379406450998241,false,7851,64332,0.9379406450998241
7851,346007,0.8491423668948739,false,7851,346007,0.8491423668948739
7851,388743,0.9953605692322769,false,7851,388743,0.9953605692322769
7851,116984,0.7298311273885381,false,7851,116984,0.7298311273885381
7851,137872,0.9641427386675376,false,7851,137872,0.9641427386675376
7851,1577,0.9933696076146555,false,7851,1577,0.9933696076146555
7851,100033430,0.9785078225437351,false,7851,100033430,0.9785078225437351
7851,340267,0.9989194970898511,false,7851,340267,0.9989194970898511
7851,200879,0.9945679989006373,false,7851,200879,0.9945679989006373
7851,1510,0.9972090490415692,false,7851,1510,0.9972090490415692
7851,441251,0.9489587150549189,false,7851,441251,0.9489587150549189
7851,102723849,0.9960187870469304,false,7851,102723849,0.9960187870469304
7851,9196,0.7701939965844214,false,7851,9196,0.7701939965844214
7851,6337,0.9108816627599317,false,7851,6337,0.9108816627599317
7851,57669,0.939845500339253,false,7851,57669,0.939845500339253
7851,619383,0.9856347868350986,false,7851,619383,0.9856347868350986
7851,89765,0.8510791437865874,false,7851,89765,0.8510791437865874
7851,57111,0.9995622549234289,false,7851,57111,0.9995622549234289
7851,278,0.8847858772520479,false,7851,278,0.8847858772520479
7851,116844,0.9934948624341554,false,7851,116844,0.9934948624341554
7851,10129,0.9924316589336377,false,7851,10129,0.9924316589336377
7851,4586,0.99349087970716,false,7851,4586,0.99349087970716
7851,100158262,0.960745040422297,false,7851,100158262,0.960745040422297
7851,10551,0.9978725284136162,false,7851,10551,0.9978725284136162
7851,688,0.7208618996349727,false,7851,688,0.7208618996349727
7851,378938,0.9820555799554711,false,7851,378938,0.9820555799554711
7851,54897,0.8937499111117518,false,7851,54897,0.8937499111117518
7851,117155,0.9867786219042075,false,7851,117155,0.9867786219042075
7851,112268155,0.9957115275816257,false,7851,112268155,0.9957115275816257
7851,1152,0.9552183091278243,false,7851,1152,0.9552183091278243
7851,79083,0.9941158446326369,false,7851,79083,0.9941158446326369
7851,66002,0.9920990883630368,false,7851,66002,0.9920990883630368
7851,1556,0.9955542565582258,false,7851,1556,0.9955542565582258
7851,22996,0.9920576453595705,false,7851,22996,0.9920576453595705
7851,55930,0.9913365621043481,false,7851,55930,0.9913365621043481
7851,7620,0.8296498890129104,false,7851,7620,0.8296498890129104
7851,7113,0.9938877620477415,false,7851,7113,0.9938877620477415
7851,54861,0.9529464512299755,false,7851,54861,0.9529464512299755
7851,222256,0.94425983718381,false,7851,222256,0.94425983718381
7851,105180391,0.988982468075467,false,7851,105180391,0.988982468075467
7851,100529240,0.9973797556672322,false,7851,100529240,0.9973797556672322
7851,113218482,0.9940934937432649,false,7851,113218482,0.9940934937432649
7851,647024,0.9756627621442802,false,7851,647024,0.9756627621442802
7851,255928,0.9833865798150284,false,7851,255928,0.9833865798150284
7851,151531,0.9754183382398247,false,7851,151531,0.9754183382398247
7851,8537,0.9496699426423504,false,7851,8537,0.9496699426423504
7851,10018,0.9950630804983587,false,7851,10018,0.9950630804983587
7851,115019,0.9959709305969936,false,7851,115019,0.9959709305969936
7851,201625,0.8520942420784624,false,7851,201625,0.8520942420784624
7851,105180390,0.9922889068791297,false,7851,105180390,0.9922889068791297
7851,692058,0.9898879877928408,false,7851,692058,0.9898879877928408
7851,276,0.8277569698927109,false,7851,276,0.8277569698927109
7851,168374,0.9825953291964175,false,7851,168374,0.9825953291964175
7851,83481,0.9792141578528087,false,7851,83481,0.9792141578528087
7851,645843,0.9865188896923129,false,7851,645843,0.9865188896923129
7851,143884,0.942981714787215,false,7851,143884,0.942981714787215
7851,1579,0.7097023155578697,false,7851,1579,0.7097023155578697
7851,80004,0.9297212238361368,false,7851,80004,0.9297212238361368
7851,121512,0.9700265949772854,false,7851,121512,0.9700265949772854
7851,3993,0.9634042114451524,false,7851,3993,0.9634042114451524
7851,389852,0.9978816469341498,false,7851,389852,0.9978816469341498
7851,342892,0.9666020057740018,false,7851,342892,0.9666020057740018
7851,164312,0.9875518185936695,false,7851,164312,0.9875518185936695
7851,84239,0.9658336379190021,false,7851,84239,0.9658336379190021
7851,2065,0.985555872010221,false,7851,2065,0.985555872010221
7851,57402,0.8932291640448808,false,7851,57402,0.8932291640448808
7851,1513,0.7394798277001693,false,7851,1513,0.7394798277001693
7851,776,0.8170771521450741,false,7851,776,0.8170771521450741
7851,780,0.9195943694404525,false,7851,780,0.9195943694404525
7851,135656,0.9928169311334291,false,7851,135656,0.9928169311334291
7851,3880,0.8900570541290121,false,7851,3880,0.8900570541290121
7851,94059,0.9975249748125544,false,7851,94059,0.9975249748125544
7851,26769,0.9617086415692805,false,7851,26769,0.9617086415692805
7851,3960,0.9924267138835082,false,7851,3960,0.9924267138835082
7851,7433,0.8756509629138735,false,7851,7433,0.8756509629138735
7851,284323,0.9795013234670349,false,7851,284323,0.9795013234670349
7851,100129460,0.8510279074170244,false,7851,100129460,0.8510279074170244
7851,65217,0.8453287765736316,false,7851,65217,0.8453287765736316
7851,23584,0.9733874193484828,false,7851,23584,0.9733874193484828
7851,692213,0.9954435841021873,false,7851,692213,0.9954435841021873
7851,153643,0.9658858121207815,false,7851,153643,0.9658858121207815
7851,112268422,0.9897928964635725,false,7851,112268422,0.9897928964635725
7851,649946,0.7619657074861711,false,7851,649946,0.7619657074861711
7851,259294,0.9852744261611596,false,7851,259294,0.9852744261611596
7851,79740,0.9311609130218321,false,7851,79740,0.9311609130218321
7851,2266,0.9897924453233626,false,7851,2266,0.9897924453233626
7851,745,0.9955832542994768,false,7851,745,0.9955832542994768
7851,440352,0.9186323733264888,false,7851,440352,0.9186323733264888
692072,109136579,0.9787827823792651,false,692072,109136579,0.9787827823792651
692072,503645,0.942578771619436,false,692072,503645,0.942578771619436
692072,55808,0.9890158207324236,false,692072,55808,0.9890158207324236
692072,999,0.9406937210412276,false,692072,999,0.9406937210412276
692072,126353,0.972717253588411,false,692072,126353,0.972717253588411
692072,26226,0.9866133615228987,false,692072,26226,0.9866133615228987
692072,64332,0.9418433061978472,false,692072,64332,0.9418433061978472
692072,346007,0.8221238381049791,false,692072,346007,0.8221238381049791
692072,388743,0.9927881936083616,false,692072,388743,0.9927881936083616
692072,137872,0.9835951663163727,false,692072,137872,0.9835951663163727
692072,1577,0.9967922870780357,false,692072,1577,0.9967922870780357
692072,100033430,0.9555046973168236,false,692072,100033430,0.9555046973168236
692072,340267,0.9920092915162567,false,692072,340267,0.9920092915162567
692072,200879,0.9928401968854428,false,692072,200879,0.9928401968854428
692072,1510,0.9870632172713015,false,692072,1510,0.9870632172713015
692072,441251,0.923516469116551,false,692072,441251,0.923516469116551
692072,102723849,0.9941865230910608,false,692072,102723849,0.9941865230910608
692072,9196,0.7992784844898327,false,692072,9196,0.7992784844898327
692072,6337,0.8484685914000816,false,692072,6337,0.8484685914000816
692072,57669,0.9081039121987283,false,692072,57669,0.9081039121987283
692072,619383,0.9843686081625509,false,692072,619383,0.9843686081625509
692072,89765,0.7781795243136249,false,692072,89765,0.7781795243136249
692072,57111,0.9891154514145452,false,692072,57111,0.9891154514145452
692072,278,0.861126760851456,false,692072,278,0.861126760851456
692072,116844,0.9770690832974886,false,692072,116844,0.9770690832974886
692072,10129,0.9944171820913775,false,692072,10129,0.9944171820913775
692072,4586,0.9938091167072608,false,692072,4586,0.9938091167072608
692072,100158262,0.9909307168923499,false,692072,100158262,0.9909307168923499
692072,10551,0.9937311711322621,false,692072,10551,0.9937311711322621
692072,378938,0.9785899689944203,false,692072,378938,0.9785899689944203
692072,54897,0.8656567706946017,false,692072,54897,0.8656567706946017
692072,285,0.7330731459145793,false,692072,285,0.7330731459145793
692072,117155,0.9841443009123052,false,692072,117155,0.9841443009123052
692072,112268155,0.9841549325636119,false,692072,112268155,0.9841549325636119
692072,1152,0.9493649294469777,false,692072,1152,0.9493649294469777
692072,79083,0.9917528044617299,false,692072,79083,0.9917528044617299
692072,66002,0.9890110852563111,false,692072,66002,0.9890110852563111
692072,1556,0.9778774712952713,false,692072,1556,0.9778774712952713
692072,22996,0.9761887067347678,false,692072,22996,0.9761887067347678
692072,55930,0.9786228545739424,false,692072,55930,0.9786228545739424
692072,7620,0.8949659778177212,false,692072,7620,0.8949659778177212
692072,7113,0.9703708830218727,false,692072,7113,0.9703708830218727
692072,54861,0.9311323430394712,false,692072,54861,0.9311323430394712
692072,222256,0.9198727315386332,false,692072,222256,0.9198727315386332
692072,105180391,0.9781349403004087,false,692072,105180391,0.9781349403004087
692072,100529240,0.9927361709025897,false,692072,100529240,0.9927361709025897
692072,113218482,0.9900029793209458,false,692072,113218482,0.9900029793209458
692072,647024,0.9445061578607049,false,692072,647024,0.9445061578607049
692072,255928,0.9842919398001717,false,692072,255928,0.9842919398001717
692072,151531,0.9481411179954593,false,692072,151531,0.9481411179954593
692072,8537,0.9836066345437676,false,692072,8537,0.9836066345437676
692072,10018,0.99673685139931,false,692072,10018,0.99673685139931
692072,115019,0.9908934506633703,false,692072,115019,0.9908934506633703
692072,201625,0.7904673175690516,false,692072,201625,0.7904673175690516
692072,105180390,0.9808914421699708,false,692072,105180390,0.9808914421699708
692072,692058,0.9840884071656962,false,692072,692058,0.9840884071656962
692072,276,0.7923728815172502,false,692072,276,0.7923728815172502
692072,168374,0.9721139908034945,false,692072,168374,0.9721139908034945
692072,83481,0.9534153326487568,false,692072,83481,0.9534153326487568
692072,645843,0.9721132934167377,false,692072,645843,0.9721132934167377
692072,143884,0.9752351081778744,false,692072,143884,0.9752351081778744
692072,80004,0.8731010511354603,false,692072,80004,0.8731010511354603
692072,121512,0.930297608614276,false,692072,121512,0.930297608614276
692072,3993,0.9359480459837312,false,692072,3993,0.9359480459837312
692072,389852,0.9931652991828239,false,692072,389852,0.9931652991828239
692072,342892,0.9757826289254065,false,692072,342892,0.9757826289254065
692072,164312,0.9676053510947092,false,692072,164312,0.9676053510947092
692072,84239,0.9274073352188023,false,692072,84239,0.9274073352188023
692072,2065,0.9560956110470398,false,692072,2065,0.9560956110470398
692072,57402,0.8550067571446629,false,692072,57402,0.8550067571446629
692072,1513,0.7476812381193944,false,692072,1513,0.7476812381193944
692072,776,0.8401131875537429,false,692072,776,0.8401131875537429
692072,780,0.8896169171910798,false,692072,780,0.8896169171910798
692072,135656,0.9935862228354723,false,692072,135656,0.9935862228354723
692072,3880,0.8307419330869261,false,692072,3880,0.8307419330869261
692072,94059,0.9922992386228466,false,692072,94059,0.9922992386228466
692072,26769,0.9519214905513808,false,692072,26769,0.9519214905513808
692072,3960,0.9930314752573379,false,692072,3960,0.9930314752573379
692072,7433,0.8473086837315158,false,692072,7433,0.8473086837315158
692072,284323,0.9905167813893224,false,692072,284323,0.9905167813893224
692072,100129460,0.8115199958713167,false,692072,100129460,0.8115199958713167
692072,65217,0.815102726702166,false,692072,65217,0.815102726702166
692072,23584,0.9649417210253569,false,692072,23584,0.9649417210253569
692072,692213,0.9924431740173313,false,692072,692213,0.9924431740173313
692072,153643,0.9355061375556616,false,692072,153643,0.9355061375556616
692072,112268422,0.9945424168096297,false,692072,112268422,0.9945424168096297
692072,649946,0.7436573688395149,false,692072,649946,0.7436573688395149
692072,259294,0.9953472645346281,false,692072,259294,0.9953472645346281
692072,79740,0.8878099812146616,false,692072,79740,0.8878099812146616
692072,2266,0.9815825747127883,false,692072,2266,0.9815825747127883
692072,745,0.9819692049894854,false,692072,745,0.9819692049894854
692072,440352,0.899488775787527,false,692072,440352,0.899488775787527
1180,2277,0.7717935435941139,false,1180,2277,0.7717935435941139
1180,825,0.8702910954235475,false,1180,825,0.8702910954235475
1180,388327,0.8963662614179801,false,1180,388327,0.8963662614179801
1180,6532,0.8699199483419957,false,1180,6532,0.8699199483419957
1180,100996506,0.8991039991644205,false,1180,100996506,0.8991039991644205
1180,100505495,0.9126994480885822,false,1180,100505495,0.9126994480885822
1180,57524,0.8018184885326433,false,1180,57524,0.8018184885326433
1180,256076,0.7756937088730381,false,1180,256076,0.7756937088730381
1180,284680,0.7964627484870276,false,1180,284680,0.7964627484870276
1180,128218,0.7671074281794289,false,1180,128218,0.7671074281794289
1180,100820829,0.8564095222202931,false,1180,100820829,0.8564095222202931
1180,9211,0.7913712166830897,false,1180,9211,0.7913712166830897
1180,440590,0.8172138766929049,false,1180,440590,0.8172138766929049
1180,55282,0.9426154900455499,false,1180,55282,0.9426154900455499
253970,6441,0.8064431194543885,false,253970,6441,0.8064431194543885
253970,4070,0.8380906100517066,false,253970,4070,0.8380906100517066
253970,56892,0.7456629633576681,false,253970,56892,0.7456629633576681
253970,8091,0.7607252899617597,false,253970,8091,0.7607252899617597
253970,3875,0.9367670963005992,false,253970,3875,0.9367670963005992
253970,160728,0.8019715728767609,false,253970,160728,0.8019715728767609
253970,4680,0.9601821771108094,false,253970,4680,0.9601821771108094
253970,7356,0.8526820694385486,false,253970,7356,0.8526820694385486
253970,109729127,0.8093379828185082,false,253970,109729127,0.8093379828185082
253970,400578,0.7654870742602106,false,253970,400578,0.7654870742602106
253970,5284,0.8420348482171098,false,253970,5284,0.8420348482171098
253970,94025,0.8006511887197572,false,253970,94025,0.8006511887197572
253970,728276,0.8310662398842817,false,253970,728276,0.8310662398842817
253970,101927516,0.707822367326062,false,253970,101927516,0.707822367326062
253970,688,0.7744880402231936,false,253970,688,0.7744880402231936
253970,6101,0.8066538271475239,false,253970,6101,0.8066538271475239
253970,5545,0.7922758727064382,false,253970,5545,0.7922758727064382
253970,727897,0.7706766155431806,false,253970,727897,0.7706766155431806
253970,27074,0.892723871904969,false,253970,27074,0.892723871904969
253970,54848,0.7728803098549135,false,253970,54848,0.7728803098549135
253970,79632,0.8557290866881528,false,253970,79632,0.8557290866881528
253970,4585,0.8266039681855669,false,253970,4585,0.8266039681855669
253970,1767,0.9258709122188595,false,253970,1767,0.9258709122188595
253970,26084,0.77729124075521,false,253970,26084,0.77729124075521
253970,9476,0.9058027455198606,false,253970,9476,0.9058027455198606
253970,117156,0.8494542936691195,false,253970,117156,0.8494542936691195
253970,201625,0.7095213759231834,false,253970,201625,0.7095213759231834
253970,195814,0.8196781960663897,false,253970,195814,0.8196781960663897
253970,1043,0.8270986981447019,false,253970,1043,0.8270986981447019
253970,2122,0.7685644689963396,false,253970,2122,0.7685644689963396
253970,105,0.7761834259586063,false,253970,105,0.7761834259586063
253970,84059,0.8892099226747874,false,253970,84059,0.8892099226747874
253970,1579,0.7824422086165755,false,253970,1579,0.7824422086165755
253970,57477,0.8730266041625834,false,253970,57477,0.8730266041625834
253970,6097,0.7906162123742221,false,253970,6097,0.7906162123742221
253970,120892,0.9421341753749631,false,253970,120892,0.9421341753749631
253970,123624,0.9458842131918975,false,253970,123624,0.9458842131918975
253970,4057,0.7836845802159152,false,253970,4057,0.7836845802159152
253970,112577518,0.7486750132437592,false,253970,112577518,0.7486750132437592
253970,9370,0.7707998127516413,false,253970,9370,0.7707998127516413
253970,389376,0.8335460175498661,false,253970,389376,0.8335460175498661
253970,6799,0.7968524832518358,false,253970,6799,0.7968524832518358
253970,353189,0.8868538471095013,false,253970,353189,0.8868538471095013
253970,563,0.7583741446624418,false,253970,563,0.7583741446624418
253970,84851,0.8472730111028646,false,253970,84851,0.8472730111028646
253970,4069,0.8613282787209738,false,253970,4069,0.8613282787209738
253970,1080,0.9202570067393746,false,253970,1080,0.9202570067393746
253970,123872,0.7898234669695592,false,253970,123872,0.7898234669695592
253970,1286,0.8778657764980884,false,253970,1286,0.8778657764980884
253970,9052,0.7506040063452846,false,253970,9052,0.7506040063452846
253970,105372793,0.7166721032706753,false,253970,105372793,0.7166721032706753
253970,79784,0.8990149847872642,false,253970,79784,0.8990149847872642
253970,653509,0.8603155181911261,false,253970,653509,0.8603155181911261
253970,100874095,0.7707998127516413,false,253970,100874095,0.7707998127516413
253970,729238,0.8760909149710542,false,253970,729238,0.8760909149710542
253970,144535,0.8942567272484518,false,253970,144535,0.8942567272484518
253970,3855,0.7100873945702969,false,253970,3855,0.7100873945702969
253970,26298,0.8989842732360458,false,253970,26298,0.8989842732360458
253970,100033436,0.7769143104041222,false,253970,100033436,0.7769143104041222
200407,825,0.7109829512150213,false,200407,825,0.7109829512150213
200407,388327,0.9025332613962768,false,200407,388327,0.9025332613962768
200407,9454,0.8168597590038165,false,200407,9454,0.8168597590038165
200407,7546,0.7484329564287392,false,200407,7546,0.7484329564287392
25804,124944,0.8446974328324274,false,25804,124944,0.8446974328324274
25804,100506755,0.847360070673311,false,25804,100506755,0.847360070673311
25804,9454,0.716860427266214,false,25804,9454,0.716860427266214
25804,57710,0.8697402593496868,false,25804,57710,0.8697402593496868
25804,80381,0.8644881976491832,false,25804,80381,0.8644881976491832
25804,498,0.8109593953591687,false,25804,498,0.8109593953591687
109136579,503645,0.9627760252146953,false,109136579,503645,0.9627760252146953
109136579,55808,0.9674436669553041,false,109136579,55808,0.9674436669553041
109136579,999,0.9587136307637069,false,109136579,999,0.9587136307637069
109136579,126353,0.9608443287693617,false,109136579,126353,0.9608443287693617
109136579,26226,0.9927485825828927,false,109136579,26226,0.9927485825828927
109136579,64332,0.9850513913755006,false,109136579,64332,0.9850513913755006
109136579,346007,0.9120452401480903,false,109136579,346007,0.9120452401480903
109136579,388743,0.9692838918262338,false,109136579,388743,0.9692838918262338
109136579,116984,0.725767181418667,false,109136579,116984,0.725767181418667
109136579,137872,0.9320518118774653,false,109136579,137872,0.9320518118774653
109136579,1577,0.9902039948310996,false,109136579,1577,0.9902039948310996
109136579,100033430,0.9773329882259664,false,109136579,100033430,0.9773329882259664
109136579,340267,0.9813110806398289,false,109136579,340267,0.9813110806398289
109136579,200879,0.9718960577414926,false,109136579,200879,0.9718960577414926
109136579,1510,0.9670974433319812,false,109136579,1510,0.9670974433319812
109136579,441251,0.9737471665959178,false,109136579,441251,0.9737471665959178
109136579,102723849,0.9889918463544508,false,109136579,102723849,0.9889918463544508
109136579,9196,0.8213400288007484,false,109136579,9196,0.8213400288007484
109136579,6337,0.875213550502691,false,109136579,6337,0.875213550502691
109136579,5284,0.7047324124243752,false,109136579,5284,0.7047324124243752
109136579,57669,0.9378507980863349,false,109136579,57669,0.9378507980863349
109136579,619383,0.998459283327395,false,109136579,619383,0.998459283327395
109136579,89765,0.8049017082634792,false,109136579,89765,0.8049017082634792
109136579,57111,0.9772669627804488,false,109136579,57111,0.9772669627804488
109136579,278,0.9139199483833107,false,109136579,278,0.9139199483833107
109136579,116844,0.9806006391592447,false,109136579,116844,0.9806006391592447
109136579,10129,0.9928949371007507,false,109136579,10129,0.9928949371007507
109136579,4586,0.9687741758410687,false,109136579,4586,0.9687741758410687
109136579,100158262,0.9559166192324496,false,109136579,100158262,0.9559166192324496
109136579,10551,0.977300482513792,false,109136579,10551,0.977300482513792
109136579,130271,0.7133733214010142,false,109136579,130271,0.7133733214010142
109136579,688,0.7356615762769514,false,109136579,688,0.7356615762769514
109136579,378938,0.9999979844165378,false,109136579,378938,0.9999979844165378
109136579,54897,0.8703002577204477,false,109136579,54897,0.8703002577204477
109136579,285,0.7936332516602735,false,109136579,285,0.7936332516602735
109136579,117155,0.9567998130916562,false,109136579,117155,0.9567998130916562
109136579,112268155,0.9902102780984942,false,109136579,112268155,0.9902102780984942
109136579,1152,0.9589997825278055,false,109136579,1152,0.9589997825278055
109136579,79083,0.9759747985472615,false,109136579,79083,0.9759747985472615
109136579,66002,0.959311580661612,false,109136579,66002,0.959311580661612
109136579,1556,0.9716761990348803,false,109136579,1556,0.9716761990348803
109136579,22996,0.9547176566177703,false,109136579,22996,0.9547176566177703
109136579,55930,0.9551637402341917,false,109136579,55930,0.9551637402341917
109136579,7620,0.8592860748515614,false,109136579,7620,0.8592860748515614
109136579,7113,0.9730123106929629,false,109136579,7113,0.9730123106929629
109136579,54861,0.9750897744554421,false,109136579,54861,0.9750897744554421
109136579,222256,0.9543521200561035,false,109136579,222256,0.9543521200561035
109136579,105180391,0.9859661452343083,false,109136579,105180391,0.9859661452343083
109136579,100529240,0.9886504858315496,false,109136579,100529240,0.9886504858315496
109136579,113218482,0.9644093655803176,false,109136579,113218482,0.9644093655803176
109136579,647024,0.9523676713499442,false,109136579,647024,0.9523676713499442
109136579,255928,0.9484675747932779,false,109136579,255928,0.9484675747932779
109136579,151531,0.9482668693538339,false,109136579,151531,0.9482668693538339
109136579,8537,0.940779836469548,false,109136579,8537,0.940779836469548
109136579,10018,0.9742646150165766,false,109136579,10018,0.9742646150165766
109136579,115019,0.9685787577235099,false,109136579,115019,0.9685787577235099
109136579,201625,0.8654127044691092,false,109136579,201625,0.8654127044691092
109136579,105180390,0.9887115745581135,false,109136579,105180390,0.9887115745581135
109136579,1043,0.7003590943687715,false,109136579,1043,0.7003590943687715
109136579,692058,0.989094844358748,false,109136579,692058,0.989094844358748
109136579,276,0.8610911759951564,false,109136579,276,0.8610911759951564
109136579,168374,0.9953312100847027,false,109136579,168374,0.9953312100847027
109136579,83481,0.9523544130948224,false,109136579,83481,0.9523544130948224
109136579,645843,0.9934306641121562,false,109136579,645843,0.9934306641121562
109136579,143884,0.9538901768235148,false,109136579,143884,0.9538901768235148
109136579,1579,0.7522404228794358,false,109136579,1579,0.7522404228794358
109136579,80004,0.9041501447777813,false,109136579,80004,0.9041501447777813
109136579,121512,0.9636129946013292,false,109136579,121512,0.9636129946013292
109136579,3993,0.901400281945417,false,109136579,3993,0.901400281945417
109136579,389852,0.9781465064112813,false,109136579,389852,0.9781465064112813
109136579,342892,0.9729164894942495,false,109136579,342892,0.9729164894942495
109136579,164312,0.946078790451552,false,109136579,164312,0.946078790451552
109136579,84239,0.9619978324763289,false,109136579,84239,0.9619978324763289
109136579,2065,0.9736895253243443,false,109136579,2065,0.9736895253243443
109136579,57402,0.8283633680326292,false,109136579,57402,0.8283633680326292
109136579,1513,0.8389723245874563,false,109136579,1513,0.8389723245874563
109136579,776,0.8472584087640702,false,109136579,776,0.8472584087640702
109136579,780,0.8544959619418001,false,109136579,780,0.8544959619418001
109136579,135656,0.9678417062041155,false,109136579,135656,0.9678417062041155
109136579,3880,0.8642465140004167,false,109136579,3880,0.8642465140004167
109136579,94059,0.9832446274779374,false,109136579,94059,0.9832446274779374
109136579,26769,0.9754556227188257,false,109136579,26769,0.9754556227188257
109136579,3960,0.9660617358803445,false,109136579,3960,0.9660617358803445
109136579,7433,0.8290271400445329,false,109136579,7433,0.8290271400445329
109136579,284323,0.9642817910586029,false,109136579,284323,0.9642817910586029
109136579,100129460,0.8989132484128373,false,109136579,100129460,0.8989132484128373
109136579,65217,0.8813823377263622,false,109136579,65217,0.8813823377263622
109136579,23584,0.9379186990120165,false,109136579,23584,0.9379186990120165
109136579,692213,0.9673956648307236,false,109136579,692213,0.9673956648307236
109136579,153643,0.9560825486193546,false,109136579,153643,0.9560825486193546
109136579,112268422,0.9654902054315079,false,109136579,112268422,0.9654902054315079
109136579,649946,0.8571545598694178,false,109136579,649946,0.8571545598694178
109136579,259294,0.9712938366204555,false,109136579,259294,0.9712938366204555
109136579,79740,0.8907378144183475,false,109136579,79740,0.8907378144183475
109136579,2266,0.9745105055260839,false,109136579,2266,0.9745105055260839
109136579,745,0.9633679927804046,false,109136579,745,0.9633679927804046
109136579,440352,0.8526207689088109,false,109136579,440352,0.8526207689088109
503645,55808,0.923863036588609,false,503645,55808,0.923863036588609
503645,999,0.8660034347063607,false,503645,999,0.8660034347063607
503645,126353,0.8859773150703474,false,503645,126353,0.8859773150703474
503645,26226,0.9810317425336719,false,503645,26226,0.9810317425336719
503645,64332,0.9426386798424594,false,503645,64332,0.9426386798424594
503645,346007,0.911099253251078,false,503645,346007,0.911099253251078
503645,388743,0.9276403534423331,false,503645,388743,0.9276403534423331
503645,137872,0.900823002588156,false,503645,137872,0.900823002588156
503645,1577,0.9503374057937785,false,503645,1577,0.9503374057937785
503645,100033430,0.8894971326986297,false,503645,100033430,0.8894971326986297
503645,340267,0.9298188844089325,false,503645,340267,0.9298188844089325
503645,200879,0.9392287107776695,false,503645,200879,0.9392287107776695
503645,1510,0.9105202514976627,false,503645,1510,0.9105202514976627
503645,441251,0.897220738164466,false,503645,441251,0.897220738164466
503645,102723849,0.9554055625183179,false,503645,102723849,0.9554055625183179
503645,9196,0.9443062836489308,false,503645,9196,0.9443062836489308
503645,114327,0.7472778161814443,false,503645,114327,0.7472778161814443
503645,6337,0.836204875273596,false,503645,6337,0.836204875273596
503645,57669,0.9565408462103211,false,503645,57669,0.9565408462103211
503645,619383,0.9587376646640846,false,503645,619383,0.9587376646640846
503645,57111,0.9257689424900145,false,503645,57111,0.9257689424900145
503645,278,0.8085769852937096,false,503645,278,0.8085769852937096
503645,116844,0.9049352826197454,false,503645,116844,0.9049352826197454
503645,10129,0.9636801818943349,false,503645,10129,0.9636801818943349
503645,4586,0.9302510967914245,false,503645,4586,0.9302510967914245
503645,100158262,0.9437517370299581,false,503645,100158262,0.9437517370299581
503645,10551,0.9335868343330798,false,503645,10551,0.9335868343330798
503645,130271,0.8239280192682894,false,503645,130271,0.8239280192682894
503645,378938,0.9626367763326458,false,503645,378938,0.9626367763326458
503645,54897,0.9242785779744463,false,503645,54897,0.9242785779744463
503645,285,0.7691372087952901,false,503645,285,0.7691372087952901
503645,117155,0.9305750826098191,false,503645,117155,0.9305750826098191
503645,112268155,0.9456934993778736,false,503645,112268155,0.9456934993778736
503645,1152,0.9497208496327643,false,503645,1152,0.9497208496327643
503645,79083,0.9503349127076739,false,503645,79083,0.9503349127076739
503645,66002,0.9218670075950227,false,503645,66002,0.9218670075950227
503645,1556,0.9374723574387572,false,503645,1556,0.9374723574387572
503645,22996,0.9039111339410805,false,503645,22996,0.9039111339410805
503645,55930,0.9128123594281113,false,503645,55930,0.9128123594281113
503645,7620,0.9011857684915044,false,503645,7620,0.9011857684915044
503645,7113,0.8998727989903804,false,503645,7113,0.8998727989903804
503645,54861,0.9737633486341211,false,503645,54861,0.9737633486341211
503645,222256,0.8581277613921843,false,503645,222256,0.8581277613921843
503645,105180391,0.9684281042692339,false,503645,105180391,0.9684281042692339
503645,100529240,0.9544940311869264,false,503645,100529240,0.9544940311869264
503645,113218482,0.92090204599967,false,503645,113218482,0.92090204599967
503645,647024,0.8566809780797926,false,503645,647024,0.8566809780797926
503645,255928,0.903328385694139,false,503645,255928,0.903328385694139
503645,151531,0.8523318845621849,false,503645,151531,0.8523318845621849
503645,8537,0.8945720996924343,false,503645,8537,0.8945720996924343
503645,10018,0.9333158072568377,false,503645,10018,0.9333158072568377
503645,115019,0.926186881728654,false,503645,115019,0.926186881728654
503645,201625,0.7847067358753395,false,503645,201625,0.7847067358753395
503645,105180390,0.9648160998217219,false,503645,105180390,0.9648160998217219
503645,692058,0.9222937020835342,false,503645,692058,0.9222937020835342
503645,276,0.7372290359106798,false,503645,276,0.7372290359106798
503645,168374,0.9386928226864988,false,503645,168374,0.9386928226864988
503645,83481,0.8716971131906559,false,503645,83481,0.8716971131906559
503645,645843,0.9419672385019003,false,503645,645843,0.9419672385019003
503645,143884,0.9685114209601565,false,503645,143884,0.9685114209601565
503645,80004,0.7842275885470233,false,503645,80004,0.7842275885470233
503645,121512,0.9170003541014712,false,503645,121512,0.9170003541014712
503645,3993,0.8588454179126894,false,503645,3993,0.8588454179126894
503645,389852,0.9327793976556624,false,503645,389852,0.9327793976556624
503645,342892,0.9892572777035452,false,503645,342892,0.9892572777035452
503645,164312,0.905955181607622,false,503645,164312,0.905955181607622
503645,84239,0.925460182440185,false,503645,84239,0.925460182440185
503645,2065,0.9059970193032163,false,503645,2065,0.9059970193032163
503645,57402,0.8392957145466623,false,503645,57402,0.8392957145466623
503645,1513,0.8299283781445145,false,503645,1513,0.8299283781445145
503645,776,0.9551422278428282,false,503645,776,0.9551422278428282
503645,780,0.7480779910852531,false,503645,780,0.7480779910852531
503645,135656,0.9309962952688025,false,503645,135656,0.9309962952688025
503645,3880,0.759162633144626,false,503645,3880,0.759162633144626
503645,94059,0.9488963632909089,false,503645,94059,0.9488963632909089
503645,26769,0.888234414342312,false,503645,26769,0.888234414342312
503645,3960,0.9292402712477345,false,503645,3960,0.9292402712477345
503645,7433,0.8816451827418859,false,503645,7433,0.8816451827418859
503645,284323,0.9580937111796475,false,503645,284323,0.9580937111796475
503645,100129460,0.8009560356408583,false,503645,100129460,0.8009560356408583
503645,65217,0.9418964932634625,false,503645,65217,0.9418964932634625
503645,23584,0.9367904362297486,false,503645,23584,0.9367904362297486
503645,692213,0.9195411947244777,false,503645,692213,0.9195411947244777
503645,153643,0.8522109981938878,false,503645,153643,0.8522109981938878
503645,112268422,0.9323657964776177,false,503645,112268422,0.9323657964776177
503645,649946,0.8541229715936469,false,503645,649946,0.8541229715936469
503645,259294,0.9555549878149048,false,503645,259294,0.9555549878149048
503645,79740,0.8569869685426319,false,503645,79740,0.8569869685426319
503645,2266,0.9482735478785669,false,503645,2266,0.9482735478785669
503645,745,0.9230835947666728,false,503645,745,0.9230835947666728
503645,440352,0.842530476545527,false,503645,440352,0.842530476545527
55808,999,0.9552871346598483,false,55808,999,0.9552871346598483
55808,126353,0.9895097221302821,false,55808,126353,0.9895097221302821
55808,26226,0.9753771005279629,false,55808,26226,0.9753771005279629
55808,64332,0.9132710716212088,false,55808,64332,0.9132710716212088
55808,346007,0.8172983075405291,false,55808,346007,0.8172983075405291
55808,388743,0.9993578334822564,false,55808,388743,0.9993578334822564
55808,116984,0.7044359416807534,false,55808,116984,0.7044359416807534
55808,137872,0.9790030451866713,false,55808,137872,0.9790030451866713
55808,1577,0.9884265970950222,false,55808,1577,0.9884265970950222
55808,100033430,0.960177245034346,false,55808,100033430,0.960177245034346
55808,340267,0.9959334957340706,false,55808,340267,0.9959334957340706
55808,200879,0.9984583936726739,false,55808,200879,0.9984583936726739
55808,1510,0.9984645311375546,false,55808,1510,0.9984645311375546
55808,441251,0.9196632159369473,false,55808,441251,0.9196632159369473
55808,102723849,0.9930610102693918,false,55808,102723849,0.9930610102693918
55808,9196,0.7683771953376273,false,55808,9196,0.7683771953376273
55808,6337,0.8986374785571408,false,55808,6337,0.8986374785571408
55808,57669,0.9323310548206015,false,55808,57669,0.9323310548206015
55808,619383,0.9725392013111738,false,55808,619383,0.9725392013111738
55808,89765,0.8296055828344079,false,55808,89765,0.8296055828344079
55808,57111,0.9980151432558344,false,55808,57111,0.9980151432558344
55808,278,0.8478057883240353,false,55808,278,0.8478057883240353
55808,116844,0.9834251051918278,false,55808,116844,0.9834251051918278
55808,10129,0.9871371644634961,false,55808,10129,0.9871371644634961
55808,4586,0.9983080028039376,false,55808,4586,0.9983080028039376
55808,100158262,0.9678048410869722,false,55808,100158262,0.9678048410869722
55808,10551,0.9988003051628801,false,55808,10551,0.9988003051628801
55808,378938,0.967330093100326,false,55808,378938,0.967330093100326
55808,54897,0.8989040566252532,false,55808,54897,0.8989040566252532
55808,117155,0.9951752438773565,false,55808,117155,0.9951752438773565
55808,112268155,0.9890346576646873,false,55808,112268155,0.9890346576646873
55808,1152,0.9438093727303785,false,55808,1152,0.9438093727303785
55808,79083,0.9966703316629667,false,55808,79083,0.9966703316629667
55808,66002,0.9989732755744462,false,55808,66002,0.9989732755744462
55808,1556,0.9941136555986515,false,55808,1556,0.9941136555986515
55808,22996,0.9941238851244194,false,55808,22996,0.9941238851244194
55808,55930,0.9946045693109975,false,55808,55930,0.9946045693109975
55808,7620,0.8332857712586372,false,55808,7620,0.8332857712586372
55808,7113,0.9852767504660647,false,55808,7113,0.9852767504660647
55808,54861,0.9346241819596726,false,55808,54861,0.9346241819596726
55808,222256,0.9174127455914182,false,55808,222256,0.9174127455914182
55808,105180391,0.9841531833521338,false,55808,105180391,0.9841531833521338
55808,100529240,0.993877712537238,false,55808,100529240,0.993877712537238
55808,113218482,0.9992870323994951,false,55808,113218482,0.9992870323994951
55808,647024,0.9623645592244324,false,55808,647024,0.9623645592244324
55808,255928,0.9931676403721558,false,55808,255928,0.9931676403721558
55808,151531,0.9693671649380506,false,55808,151531,0.9693671649380506
55808,8537,0.9544966928795866,false,55808,8537,0.9544966928795866
55808,10018,0.9976853997407606,false,55808,10018,0.9976853997407606
55808,115019,0.9997681245405136,false,55808,115019,0.9997681245405136
55808,201625,0.8133905884305755,false,55808,201625,0.8133905884305755
55808,105180390,0.9865144795629958,false,55808,105180390,0.9865144795629958
55808,692058,0.9781461975953543,false,55808,692058,0.9781461975953543
55808,276,0.783501181365271,false,55808,276,0.783501181365271
55808,168374,0.9649447839650082,false,55808,168374,0.9649447839650082
55808,83481,0.969402484526378,false,55808,83481,0.969402484526378
55808,645843,0.9704125166734385,false,55808,645843,0.9704125166734385
55808,143884,0.9480755267868802,false,55808,143884,0.9480755267868802
55808,80004,0.90852732581536,false,55808,80004,0.90852732581536
55808,121512,0.9566501989873833,false,55808,121512,0.9566501989873833
55808,3993,0.9733785950972165,false,55808,3993,0.9733785950972165
55808,389852,0.9983735159032614,false,55808,389852,0.9983735159032614
55808,342892,0.9653638882890082,false,55808,342892,0.9653638882890082
55808,164312,0.9916184676275503,false,55808,164312,0.9916184676275503
55808,84239,0.9486158071406829,false,55808,84239,0.9486158071406829
55808,2065,0.9711180551424935,false,55808,2065,0.9711180551424935
55808,57402,0.905787125741937,false,55808,57402,0.905787125741937
55808,776,0.8178673106110294,false,55808,776,0.8178673106110294
55808,780,0.9201413384582872,false,55808,780,0.9201413384582872
55808,135656,0.9980872967838348,false,55808,135656,0.9980872967838348
55808,3880,0.8656109208985496,false,55808,3880,0.8656109208985496
55808,94059,0.996623103231286,false,55808,94059,0.996623103231286
55808,26769,0.9396350049988499,false,55808,26769,0.9396350049988499
55808,3960,0.9981987106195529,false,55808,3960,0.9981987106195529
55808,7433,0.8897446058129009,false,55808,7433,0.8897446058129009
55808,284323,0.986715405311473,false,55808,284323,0.986715405311473
55808,100129460,0.8049666841147127,false,55808,100129460,0.8049666841147127
55808,65217,0.8259253656045409,false,55808,65217,0.8259253656045409
55808,23584,0.9840552293421722,false,55808,23584,0.9840552293421722
55808,692213,0.9984203299346867,false,55808,692213,0.9984203299346867
55808,153643,0.9465764758176092,false,55808,153643,0.9465764758176092
55808,112268422,0.9962800223702057,false,55808,112268422,0.9962800223702057
55808,649946,0.7121185355390125,false,55808,649946,0.7121185355390125
55808,259294,0.9903188189551645,false,55808,259294,0.9903188189551645
55808,79740,0.9252111893766237,false,55808,79740,0.9252111893766237
55808,2266,0.9910470611727185,false,55808,2266,0.9910470611727185
55808,745,0.9985775830006889,false,55808,745,0.9985775830006889
55808,440352,0.9332141088711267,false,55808,440352,0.9332141088711267
6441,4070,0.9783918894229231,false,6441,4070,0.9783918894229231
6441,56892,0.90768409123111,false,6441,56892,0.90768409123111
6441,8091,0.7361907921880215,false,6441,8091,0.7361907921880215
6441,160728,0.9717501078687196,false,6441,160728,0.9717501078687196
6441,4680,0.8299292994726106,false,6441,4680,0.8299292994726106
6441,7356,0.9415257357428942,false,6441,7356,0.9415257357428942
6441,109729127,0.9501485586933901,false,6441,109729127,0.9501485586933901
6441,400578,0.7822747295518423,false,6441,400578,0.7822747295518423
6441,94025,0.7593103630741299,false,6441,94025,0.7593103630741299
6441,728276,0.9017110804261563,false,6441,728276,0.9017110804261563
6441,102723635,0.9274003350676138,false,6441,102723635,0.9274003350676138
6441,5545,0.7636566988326339,false,6441,5545,0.7636566988326339
6441,727897,0.7367841754538466,false,6441,727897,0.7367841754538466
6441,54848,0.9304400815307406,false,6441,54848,0.9304400815307406
6441,1767,0.7324560977424527,false,6441,1767,0.7324560977424527
6441,9476,0.9459627399966289,false,6441,9476,0.9459627399966289
6441,117156,0.9758868917777365,false,6441,117156,0.9758868917777365
6441,195814,0.9418873282399558,false,6441,195814,0.9418873282399558
6441,140766,0.8341652194996494,false,6441,140766,0.8341652194996494
6441,105,0.8221354895083091,false,6441,105,0.8221354895083091
6441,6097,0.983818763294442,false,6441,6097,0.983818763294442
6441,123624,0.7341537979473739,false,6441,123624,0.7341537979473739
6441,4057,0.8119737998068532,false,6441,4057,0.8119737998068532
6441,220136,0.7866008301454297,false,6441,220136,0.7866008301454297
6441,112577518,0.7724806802321216,false,6441,112577518,0.7724806802321216
6441,9370,0.7830515976057142,false,6441,9370,0.7830515976057142
6441,693188,0.7308175071131141,false,6441,693188,0.7308175071131141
6441,389376,0.9901399719125996,false,6441,389376,0.9901399719125996
6441,6799,0.9099750033865736,false,6441,6799,0.9099750033865736
6441,353189,0.7039173261054615,false,6441,353189,0.7039173261054615
6441,563,0.7884573409470201,false,6441,563,0.7884573409470201
6441,84525,0.7534816470016219,false,6441,84525,0.7534816470016219
6441,21,0.8660289040431065,false,6441,21,0.8660289040431065
6441,123872,0.9593588697894097,false,6441,123872,0.9593588697894097
6441,9052,0.706142274344285,false,6441,9052,0.706142274344285
6441,105372793,0.7918410953448246,false,6441,105372793,0.7918410953448246
6441,653509,0.962180013802605,false,6441,653509,0.962180013802605
6441,100874095,0.7830515976057142,false,6441,100874095,0.7830515976057142
6441,729238,0.9827026994829646,false,6441,729238,0.9827026994829646
6441,3855,0.9440201123338482,false,6441,3855,0.9440201123338482
6441,26298,0.8264282841949891,false,6441,26298,0.8264282841949891
6441,100033436,0.8491757685597645,false,6441,100033436,0.8491757685597645
999,126353,0.9845839051554468,false,999,126353,0.9845839051554468
999,26226,0.9337866468769198,false,999,26226,0.9337866468769198
999,64332,0.9248407699825245,false,999,64332,0.9248407699825245
999,346007,0.8294279276917167,false,999,346007,0.8294279276917167
999,388743,0.9493976924556216,false,999,388743,0.9493976924556216
999,116984,0.7516516034109665,false,999,116984,0.7516516034109665
999,137872,0.8884626072537337,false,999,137872,0.8884626072537337
999,1577,0.9597107171310514,false,999,1577,0.9597107171310514
999,100033430,0.9946179174203481,false,999,100033430,0.9946179174203481
999,340267,0.9723269044142953,false,999,340267,0.9723269044142953
999,200879,0.9438504375578184,false,999,200879,0.9438504375578184
999,1510,0.9675761725322676,false,999,1510,0.9675761725322676
999,441251,0.9784985279245528,false,999,441251,0.9784985279245528
999,102723849,0.9542203167419082,false,999,102723849,0.9542203167419082
999,6337,0.9326056375386645,false,999,6337,0.9326056375386645
999,5284,0.8415087523594752,false,999,5284,0.8415087523594752
999,57669,0.896033584456777,false,999,57669,0.896033584456777
999,619383,0.9645921634197666,false,999,619383,0.9645921634197666
999,89765,0.9360656952842256,false,999,89765,0.9360656952842256
999,57111,0.970783492705794,false,999,57111,0.970783492705794
999,278,0.9544235985670341,false,999,278,0.9544235985670341
999,116844,0.9897957368989042,false,999,116844,0.9897957368989042
999,10129,0.9532008042659709,false,999,10129,0.9532008042659709
999,4586,0.9428991917855586,false,999,4586,0.9428991917855586
999,100158262,0.8872915555835894,false,999,100158262,0.8872915555835894
999,10551,0.9573367845386985,false,999,10551,0.9573367845386985
999,688,0.8575473357803604,false,999,688,0.8575473357803604
999,6101,0.7759726221820296,false,999,6101,0.7759726221820296
999,378938,0.9590905442042019,false,999,378938,0.9590905442042019
999,54897,0.8264109973548741,false,999,54897,0.8264109973548741
999,117155,0.9244300121425537,false,999,117155,0.9244300121425537
999,112268155,0.9637808308524632,false,999,112268155,0.9637808308524632
999,1152,0.9414192046702787,false,999,1152,0.9414192046702787
999,27074,0.7691936343814941,false,999,27074,0.7691936343814941
999,79083,0.9421725607310469,false,999,79083,0.9421725607310469
999,66002,0.9425374955455131,false,999,66002,0.9425374955455131
999,1556,0.9642792200875202,false,999,1556,0.9642792200875202
999,22996,0.9674973744366431,false,999,22996,0.9674973744366431
999,55930,0.9607008622520279,false,999,55930,0.9607008622520279
999,7620,0.7500508632883436,false,999,7620,0.7500508632883436
999,7113,0.9913795465243509,false,999,7113,0.9913795465243509
999,54861,0.9309719502610917,false,999,54861,0.9309719502610917
999,222256,0.9882154663627788,false,999,222256,0.9882154663627788
999,105180391,0.943988949538986,false,999,105180391,0.943988949538986
999,26084,0.7414830533903884,false,999,26084,0.7414830533903884
999,100529240,0.9595008938899161,false,999,100529240,0.9595008938899161
999,113218482,0.9469704645582921,false,999,113218482,0.9469704645582921
999,647024,0.9984864254358269,false,999,647024,0.9984864254358269
999,255928,0.92491013978818,false,999,255928,0.92491013978818
999,151531,0.9675836789980607,false,999,151531,0.9675836789980607
999,8537,0.8990455238209976,false,999,8537,0.8990455238209976
999,10018,0.9503813220911652,false,999,10018,0.9503813220911652
999,115019,0.9515313947326057,false,999,115019,0.9515313947326057
999,201625,0.933939274605064,false,999,201625,0.933939274605064
999,105180390,0.9527908146427717,false,999,105180390,0.9527908146427717
999,1043,0.8142950086391064,false,999,1043,0.8142950086391064
999,692058,0.981947743257898,false,999,692058,0.981947743257898
999,276,0.9243676336637225,false,999,276,0.9243676336637225
999,168374,0.979595545094505,false,999,168374,0.979595545094505
999,83481,0.9937538702217931,false,999,83481,0.9937538702217931
999,645843,0.9825676597817218,false,999,645843,0.9825676597817218
999,143884,0.8547883046079466,false,999,143884,0.8547883046079466
999,1579,0.8205788465836549,false,999,1579,0.8205788465836549
999,80004,0.9831542289016834,false,999,80004,0.9831542289016834
999,121512,0.9566181087282715,false,999,121512,0.9566181087282715
999,3993,0.9337169845321382,false,999,3993,0.9337169845321382
999,389852,0.9576927948784839,false,999,389852,0.9576927948784839
999,342892,0.9027376132853211,false,999,342892,0.9027376132853211
999,164312,0.9569196850004239,false,999,164312,0.9569196850004239
999,84239,0.9711083002577189,false,999,84239,0.9711083002577189
999,2065,0.9949678245867936,false,999,2065,0.9949678245867936
999,57402,0.8526083360897428,false,999,57402,0.8526083360897428
999,1513,0.777482984831966,false,999,1513,0.777482984831966
999,776,0.7217399503992511,false,999,776,0.7217399503992511
999,780,0.9476880707007498,false,999,780,0.9476880707007498
999,135656,0.9406260957310028,false,999,135656,0.9406260957310028
999,3880,0.9635831497685662,false,999,3880,0.9635831497685662
999,94059,0.9549423004186965,false,999,94059,0.9549423004186965
999,26769,0.9826615535223017,false,999,26769,0.9826615535223017
999,3960,0.9399236839646942,false,999,3960,0.9399236839646942
999,7433,0.8026059289024634,false,999,7433,0.8026059289024634
999,284323,0.9082553532851316,false,999,284323,0.9082553532851316
999,100129460,0.9263136134340902,false,999,100129460,0.9263136134340902
999,65217,0.8061990918853118,false,999,65217,0.8061990918853118
999,23584,0.9058066610266705,false,999,23584,0.9058066610266705
999,692213,0.9584150272912644,false,999,692213,0.9584150272912644
999,153643,0.9981668353282556,false,999,153643,0.9981668353282556
999,112268422,0.9330190869259083,false,999,112268422,0.9330190869259083
999,649946,0.7961620808867625,false,999,649946,0.7961620808867625
999,259294,0.9224331507701473,false,999,259294,0.9224331507701473
999,79740,0.940521877879712,false,999,79740,0.940521877879712
999,2266,0.9353052538564637,false,999,2266,0.9353052538564637
999,745,0.9580327618565054,false,999,745,0.9580327618565054
999,440352,0.8816159500839744,false,999,440352,0.8816159500839744
126353,26226,0.9539654711489193,false,126353,26226,0.9539654711489193
126353,64332,0.9092258625864336,false,126353,64332,0.9092258625864336
126353,346007,0.8024577977760899,false,126353,346007,0.8024577977760899
126353,388743,0.9858569034336561,false,126353,388743,0.9858569034336561
126353,116984,0.7225234929123523,false,126353,116984,0.7225234929123523
126353,137872,0.9492324405945467,false,126353,137872,0.9492324405945467
126353,1577,0.9791799240740879,false,126353,1577,0.9791799240740879
126353,100033430,0.9814456460459031,false,126353,100033430,0.9814456460459031
126353,340267,0.9930115523960261,false,126353,340267,0.9930115523960261
126353,200879,0.9811737477794858,false,126353,200879,0.9811737477794858
126353,1510,0.9956113823253874,false,126353,1510,0.9956113823253874
126353,441251,0.9441904191206811,false,126353,441251,0.9441904191206811
126353,102723849,0.9789647632686587,false,126353,102723849,0.9789647632686587
126353,6337,0.9217947202807156,false,126353,6337,0.9217947202807156
126353,5284,0.7408592440574742,false,126353,5284,0.7408592440574742
126353,57669,0.910935903659518,false,126353,57669,0.910935903659518
126353,619383,0.9682162152722144,false,126353,619383,0.9682162152722144
126353,89765,0.8979054372842631,false,126353,89765,0.8979054372842631
126353,57111,0.994285541396663,false,126353,57111,0.994285541396663
126353,278,0.8965337372766153,false,126353,278,0.8965337372766153
126353,116844,0.994333633874614,false,126353,116844,0.994333633874614
126353,10129,0.97338484613978,false,126353,10129,0.97338484613978
126353,4586,0.9818661050749226,false,126353,4586,0.9818661050749226
126353,100158262,0.9348949355180824,false,126353,100158262,0.9348949355180824
126353,10551,0.987806833461463,false,126353,10551,0.987806833461463
126353,688,0.765681798899442,false,126353,688,0.765681798899442
126353,378938,0.9609555805366595,false,126353,378938,0.9609555805366595
126353,54897,0.8640464198900516,false,126353,54897,0.8640464198900516
126353,117155,0.9715903533172149,false,126353,117155,0.9715903533172149
126353,112268155,0.9807647860286024,false,126353,112268155,0.9807647860286024
126353,1152,0.9421856493885518,false,126353,1152,0.9421856493885518
126353,79083,0.9775610691692023,false,126353,79083,0.9775610691692023
126353,66002,0.9839164371974982,false,126353,66002,0.9839164371974982
126353,1556,0.9875504647469575,false,126353,1556,0.9875504647469575
126353,22996,0.9943995522768138,false,126353,22996,0.9943995522768138
126353,55930,0.9907660440381761,false,126353,55930,0.9907660440381761
126353,7620,0.7892052140977065,false,126353,7620,0.7892052140977065
126353,7113,0.9973939697359295,false,126353,7113,0.9973939697359295
126353,54861,0.924654948995137,false,126353,54861,0.924654948995137
126353,222256,0.9535399275036415,false,126353,222256,0.9535399275036415
126353,105180391,0.9660970459886212,false,126353,105180391,0.9660970459886212
126353,26084,0.7061942227425062,false,126353,26084,0.7061942227425062
126353,100529240,0.9821743099020656,false,126353,100529240,0.9821743099020656
126353,113218482,0.9856411288108972,false,126353,113218482,0.9856411288108972
126353,647024,0.9905051497561325,false,126353,647024,0.9905051497561325
126353,255928,0.973944853703872,false,126353,255928,0.973944853703872
126353,151531,0.9805937887885858,false,126353,151531,0.9805937887885858
126353,8537,0.9377727686683794,false,126353,8537,0.9377727686683794
126353,10018,0.9843808921697039,false,126353,10018,0.9843808921697039
126353,115019,0.9872567176616791,false,126353,115019,0.9872567176616791
126353,201625,0.867453227255136,false,126353,201625,0.867453227255136
126353,105180390,0.9721431113921426,false,126353,105180390,0.9721431113921426
126353,1043,0.7021354605404775,false,126353,1043,0.7021354605404775
126353,692058,0.9848776343658493,false,126353,692058,0.9848776343658493
126353,276,0.8476142503165311,false,126353,276,0.8476142503165311
126353,168374,0.9717857525752479,false,126353,168374,0.9717857525752479
126353,83481,0.9924165261404314,false,126353,83481,0.9924165261404314
126353,645843,0.9769288057988237,false,126353,645843,0.9769288057988237
126353,143884,0.9027214715050978,false,126353,143884,0.9027214715050978
126353,1579,0.720095280772417,false,126353,1579,0.720095280772417
126353,80004,0.9548459723095344,false,126353,80004,0.9548459723095344
126353,121512,0.9578543994827835,false,126353,121512,0.9578543994827835
126353,3993,0.9725627952156654,false,126353,3993,0.9725627952156654
126353,389852,0.987566442343208,false,126353,389852,0.987566442343208
126353,342892,0.9335670033618587,false,126353,342892,0.9335670033618587
126353,164312,0.9879514474956748,false,126353,164312,0.9879514474956748
126353,84239,0.9595125768320509,false,126353,84239,0.9595125768320509
126353,2065,0.9882084542288079,false,126353,2065,0.9882084542288079
126353,57402,0.8942343048373097,false,126353,57402,0.8942343048373097
126353,1513,0.7065848336487613,false,126353,1513,0.7065848336487613
126353,776,0.7579299561999644,false,126353,776,0.7579299561999644
126353,780,0.9571147313572332,false,126353,780,0.9571147313572332
126353,135656,0.9806545147918552,false,126353,135656,0.9806545147918552
126353,3880,0.9220318846279959,false,126353,3880,0.9220318846279959
126353,94059,0.9829193708582504,false,126353,94059,0.9829193708582504
126353,26769,0.9622050073550042,false,126353,26769,0.9622050073550042
126353,3960,0.9807529592314396,false,126353,3960,0.9807529592314396
126353,7433,0.8545450338688964,false,126353,7433,0.8545450338688964
126353,284323,0.9552402740553615,false,126353,284323,0.9552402740553615
126353,100129460,0.8530695783673472,false,126353,100129460,0.8530695783673472
126353,65217,0.7987505632039176,false,126353,65217,0.7987505632039176
126353,23584,0.9560011151373082,false,126353,23584,0.9560011151373082
126353,692213,0.9907317796884324,false,126353,692213,0.9907317796884324
126353,153643,0.9789815675514738,false,126353,153643,0.9789815675514738
126353,112268422,0.9760178288520093,false,126353,112268422,0.9760178288520093
126353,649946,0.7240463225201147,false,126353,649946,0.7240463225201147
126353,259294,0.9641985174073084,false,126353,259294,0.9641985174073084
126353,79740,0.9424837635772167,false,126353,79740,0.9424837635772167
126353,2266,0.9698658593699617,false,126353,2266,0.9698658593699617
126353,745,0.9901019265201109,false,126353,745,0.9901019265201109
126353,440352,0.9264209436463476,false,126353,440352,0.9264209436463476
4892,3207,0.8204555775095751,false,4892,3207,0.8204555775095751
4892,644649,0.792019913756551,false,4892,644649,0.792019913756551
4892,3929,0.9984553767522587,false,4892,3929,0.9984553767522587
4892,105369937,0.999871410817459,false,4892,105369937,0.999871410817459
4892,27022,0.8489662993166481,false,4892,27022,0.8489662993166481
4892,107984498,0.9997770227718425,false,4892,107984498,0.9997770227718425
4892,284111,0.99833817501098,false,4892,284111,0.99833817501098
4892,128674,0.999871410817459,false,4892,128674,0.999871410817459
4892,7780,0.9990323269499396,false,4892,7780,0.9990323269499396
4892,101928580,0.9609210188037886,false,4892,101928580,0.9609210188037886
4892,57110,0.9994678369219127,false,4892,57110,0.9994678369219127
4892,646480,0.9924156354510507,false,4892,646480,0.9924156354510507
4892,4606,0.9998276496252763,false,4892,4606,0.9998276496252763
4070,56892,0.9277803815770941,false,4070,56892,0.9277803815770941
4070,8091,0.809827379367273,false,4070,8091,0.809827379367273
4070,3875,0.747655939855432,false,4070,3875,0.747655939855432
4070,160728,0.9897717943269634,false,4070,160728,0.9897717943269634
4070,4680,0.8818017521189678,false,4070,4680,0.8818017521189678
4070,7356,0.9878865060506575,false,4070,7356,0.9878865060506575
4070,109729127,0.9925680454884545,false,4070,109729127,0.9925680454884545
4070,400578,0.8907099759881453,false,4070,400578,0.8907099759881453
4070,94025,0.8705694131737878,false,4070,94025,0.8705694131737878
4070,728276,0.9706408863914562,false,4070,728276,0.9706408863914562
4070,102723635,0.895901085986219,false,4070,102723635,0.895901085986219
4070,5545,0.8764729246282941,false,4070,5545,0.8764729246282941
4070,727897,0.8567912863509008,false,4070,727897,0.8567912863509008
4070,54848,0.9280424909927946,false,4070,54848,0.9280424909927946
4070,1767,0.8325719265888125,false,4070,1767,0.8325719265888125
4070,9476,0.9190483079121611,false,4070,9476,0.9190483079121611
4070,117156,0.9896383392573114,false,4070,117156,0.9896383392573114
4070,195814,0.9792830633334194,false,4070,195814,0.9792830633334194
4070,140766,0.8374476354903098,false,4070,140766,0.8374476354903098
4070,105,0.9140071051037151,false,4070,105,0.9140071051037151
4070,6097,0.9402762074938008,false,4070,6097,0.9402762074938008
4070,120892,0.7387097063303997,false,4070,120892,0.7387097063303997
4070,123624,0.7197132265156023,false,4070,123624,0.7197132265156023
4070,4057,0.9096200511234759,false,4070,4057,0.9096200511234759
4070,220136,0.886152214290407,false,4070,220136,0.886152214290407
4070,112577518,0.8832930589183534,false,4070,112577518,0.8832930589183534
4070,9370,0.8909791256951587,false,4070,9370,0.8909791256951587
4070,693188,0.786726184938879,false,4070,693188,0.786726184938879
4070,389376,0.9938557319423567,false,4070,389376,0.9938557319423567
4070,6799,0.9684318293621537,false,4070,6799,0.9684318293621537
4070,353189,0.8191276352944866,false,4070,353189,0.8191276352944866
4070,563,0.8950991748698016,false,4070,563,0.8950991748698016
4070,21,0.7449181257732594,false,4070,21,0.7449181257732594
4070,4069,0.7981168160291006,false,4070,4069,0.7981168160291006
4070,1080,0.7258339195911526,false,4070,1080,0.7258339195911526
4070,123872,0.9540425755878881,false,4070,123872,0.9540425755878881
4070,105372793,0.8758101090509038,false,4070,105372793,0.8758101090509038
4070,653509,0.9190277506098363,false,4070,653509,0.9190277506098363
4070,100874095,0.8909791256951587,false,4070,100874095,0.8909791256951587
4070,729238,0.9663413404714637,false,4070,729238,0.9663413404714637
4070,3855,0.884436809787119,false,4070,3855,0.884436809787119
4070,26298,0.9168553694871193,false,4070,26298,0.9168553694871193
4070,100033436,0.935443268547223,false,4070,100033436,0.935443268547223
56892,8091,0.9185327586821124,false,56892,8091,0.9185327586821124
56892,160728,0.9586595206996881,false,56892,160728,0.9586595206996881
56892,4680,0.7172172426231789,false,56892,4680,0.7172172426231789
56892,7356,0.9292195493810841,false,56892,7356,0.9292195493810841
56892,109729127,0.920556642306779,false,56892,109729127,0.920556642306779
56892,400578,0.8779717748281326,false,56892,400578,0.8779717748281326
56892,94025,0.8705869359976104,false,56892,94025,0.8705869359976104
56892,109729184,0.7662502847716575,false,56892,109729184,0.7662502847716575
56892,728276,0.9208073013420278,false,56892,728276,0.9208073013420278
56892,101927516,0.800222030928727,false,56892,101927516,0.800222030928727
56892,102723635,0.8142374145237228,false,56892,102723635,0.8142374145237228
56892,5545,0.8642140040674686,false,56892,5545,0.8642140040674686
56892,727897,0.8416914656185551,false,56892,727897,0.8416914656185551
56892,54848,0.9831514330194413,false,56892,54848,0.9831514330194413
56892,1767,0.7732421175053301,false,56892,1767,0.7732421175053301
56892,9476,0.778287692193229,false,56892,9476,0.778287692193229
56892,117156,0.934737996511345,false,56892,117156,0.934737996511345
56892,195814,0.9765505585535659,false,56892,195814,0.9765505585535659
56892,140766,0.9301463739662715,false,56892,140766,0.9301463739662715
56892,105,0.9242993448043234,false,56892,105,0.9242993448043234
56892,84059,0.7085789611145519,false,56892,84059,0.7085789611145519
56892,57477,0.7457804607061657,false,56892,57477,0.7457804607061657
56892,6097,0.8903381071784413,false,56892,6097,0.8903381071784413
56892,120892,0.7465032960359931,false,56892,120892,0.7465032960359931
56892,4057,0.9060547989880674,false,56892,4057,0.9060547989880674
56892,220136,0.8491798797925801,false,56892,220136,0.8491798797925801
56892,112577518,0.8710915628271899,false,56892,112577518,0.8710915628271899
56892,9370,0.8806263868475246,false,56892,9370,0.8806263868475246
56892,693188,0.905920487892254,false,56892,693188,0.905920487892254
56892,389376,0.8960604584263923,false,56892,389376,0.8960604584263923
56892,6799,0.9565237959428903,false,56892,6799,0.9565237959428903
56892,353189,0.7739927758064177,false,56892,353189,0.7739927758064177
56892,563,0.881127812784844,false,56892,563,0.881127812784844
56892,4069,0.7759723802921668,false,56892,4069,0.7759723802921668
56892,1080,0.7646636750510125,false,56892,1080,0.7646636750510125
56892,123872,0.9764986081765633,false,56892,123872,0.9764986081765633
56892,105372793,0.9485753113858999,false,56892,105372793,0.9485753113858999
56892,653509,0.7890026269629115,false,56892,653509,0.7890026269629115
56892,100874095,0.8806263868475246,false,56892,100874095,0.8806263868475246
56892,729238,0.8475318635216217,false,56892,729238,0.8475318635216217
56892,3855,0.7279433836143162,false,56892,3855,0.7279433836143162
56892,26298,0.8582420075955517,false,56892,26298,0.8582420075955517
56892,100033436,0.9116898238000825,false,56892,100033436,0.9116898238000825
26226,64332,0.966307150534917,false,26226,64332,0.966307150534917
26226,346007,0.89509064306409,false,26226,346007,0.89509064306409
26226,388743,0.9782676033653608,false,26226,388743,0.9782676033653608
26226,137872,0.9535700140935215,false,26226,137872,0.9535700140935215
26226,1577,0.9916944698877694,false,26226,1577,0.9916944698877694
26226,100033430,0.9527337101354758,false,26226,100033430,0.9527337101354758
26226,340267,0.9813845536547587,false,26226,340267,0.9813845536547587
26226,200879,0.9831827618016054,false,26226,200879,0.9831827618016054
26226,1510,0.9695552837890196,false,26226,1510,0.9695552837890196
26226,441251,0.9416331582766622,false,26226,441251,0.9416331582766622
26226,102723849,0.9937255016407054,false,26226,102723849,0.9937255016407054
26226,9196,0.8662977193246508,false,26226,9196,0.8662977193246508
26226,6337,0.8682844802779723,false,26226,6337,0.8682844802779723
26226,57669,0.9510089828953735,false,26226,57669,0.9510089828953735
26226,619383,0.9922449209101375,false,26226,619383,0.9922449209101375
26226,89765,0.7567516327419219,false,26226,89765,0.7567516327419219
26226,57111,0.9785252494860561,false,26226,57111,0.9785252494860561
26226,278,0.8665766330654825,false,26226,278,0.8665766330654825
26226,116844,0.9672762644764747,false,26226,116844,0.9672762644764747
26226,10129,0.9968063917940162,false,26226,10129,0.9968063917940162
26226,4586,0.9793271588572087,false,26226,4586,0.9793271588572087
26226,100158262,0.9757793310305124,false,26226,100158262,0.9757793310305124
26226,10551,0.982909637804889,false,26226,10551,0.982909637804889
26226,130271,0.7266508513752027,false,26226,130271,0.7266508513752027
26226,378938,0.9926204045283092,false,26226,378938,0.9926204045283092
26226,54897,0.9043306737495934,false,26226,54897,0.9043306737495934
26226,285,0.7634542562855725,false,26226,285,0.7634542562855725
26226,117155,0.9736527618207077,false,26226,117155,0.9736527618207077
26226,112268155,0.9881871063594959,false,26226,112268155,0.9881871063594959
26226,1152,0.9629110970135257,false,26226,1152,0.9629110970135257
26226,79083,0.9879059283029262,false,26226,79083,0.9879059283029262
26226,66002,0.9720951221175949,false,26226,66002,0.9720951221175949
26226,1556,0.9776105359888415,false,26226,1556,0.9776105359888415
26226,22996,0.9595816845148898,false,26226,22996,0.9595816845148898
26226,55930,0.9634934757898034,false,26226,55930,0.9634934757898034
26226,7620,0.8900532213111385,false,26226,7620,0.8900532213111385
26226,7113,0.9616526408170271,false,26226,7113,0.9616526408170271
26226,54861,0.9734619722311177,false,26226,54861,0.9734619722311177
26226,222256,0.9195419712727938,false,26226,222256,0.9195419712727938
26226,105180391,0.9929029216750659,false,26226,105180391,0.9929029216750659
26226,100529240,0.9927895979460859,false,26226,100529240,0.9927895979460859
26226,113218482,0.9738866929882697,false,26226,113218482,0.9738866929882697
26226,647024,0.9303830558023144,false,26226,647024,0.9303830558023144
26226,255928,0.9614176205424169,false,26226,255928,0.9614176205424169
26226,151531,0.932005186746204,false,26226,151531,0.932005186746204
26226,8537,0.949535746089739,false,26226,8537,0.949535746089739
26226,10018,0.9823180305793029,false,26226,10018,0.9823180305793029
26226,115019,0.9771358957401349,false,26226,115019,0.9771358957401349
26226,201625,0.8220489653833569,false,26226,201625,0.8220489653833569
26226,105180390,0.9931711022475338,false,26226,105180390,0.9931711022475338
26226,692058,0.9768477328194047,false,26226,692058,0.9768477328194047
26226,276,0.8009113845729691,false,26226,276,0.8009113845729691
26226,168374,0.9801507306979388,false,26226,168374,0.9801507306979388
26226,83481,0.9380661568201131,false,26226,83481,0.9380661568201131
26226,645843,0.981160537254799,false,26226,645843,0.981160537254799
26226,143884,0.9786578339061863,false,26226,143884,0.9786578339061863
26226,80004,0.866912170225643,false,26226,80004,0.866912170225643
26226,121512,0.9536869877420067,false,26226,121512,0.9536869877420067
26226,3993,0.9151997379716507,false,26226,3993,0.9151997379716507
26226,389852,0.9828385358472403,false,26226,389852,0.9828385358472403
26226,342892,0.9927025890779984,false,26226,342892,0.9927025890779984
26226,164312,0.9554915936382298,false,26226,164312,0.9554915936382298
26226,84239,0.9521043272650226,false,26226,84239,0.9521043272650226
26226,2065,0.9583685735914543,false,26226,2065,0.9583685735914543
26226,57402,0.858002352590658,false,26226,57402,0.858002352590658
26226,1513,0.8058265219222077,false,26226,1513,0.8058265219222077
26226,776,0.8918506604434395,false,26226,776,0.8918506604434395
26226,780,0.8422055365553852,false,26226,780,0.8422055365553852
26226,135656,0.9792575484713419,false,26226,135656,0.9792575484713419
26226,3880,0.8282296836239179,false,26226,3880,0.8282296836239179
26226,94059,0.9896398896594211,false,26226,94059,0.9896398896594211
26226,26769,0.9477667779352362,false,26226,26769,0.9477667779352362
26226,3960,0.9779492027885517,false,26226,3960,0.9779492027885517
26226,7433,0.8708185685703189,false,26226,7433,0.8708185685703189
26226,284323,0.9857757637417301,false,26226,284323,0.9857757637417301
26226,100129460,0.8437866351258962,false,26226,100129460,0.8437866351258962
26226,65217,0.893481490133719,false,26226,65217,0.893481490133719
26226,23584,0.9635949888127686,false,26226,23584,0.9635949888127686
26226,692213,0.973978490453271,false,26226,692213,0.973978490453271
26226,153643,0.9260868741022468,false,26226,153643,0.9260868741022468
26226,112268422,0.9790630026119096,false,26226,112268422,0.9790630026119096
26226,649946,0.8231040873550288,false,26226,649946,0.8231040873550288
26226,259294,0.9883467418870514,false,26226,259294,0.9883467418870514
26226,79740,0.8920760144000683,false,26226,79740,0.8920760144000683
26226,2266,0.9845540940916568,false,26226,2266,0.9845540940916568
26226,745,0.9717460361902235,false,26226,745,0.9717460361902235
26226,440352,0.8795229826145807,false,26226,440352,0.8795229826145807
653082,2277,0.7691089324493295,false,653082,2277,0.7691089324493295
653082,109729184,0.8164860885692485,false,653082,109729184,0.8164860885692485
653082,79148,0.9104124556951588,false,653082,79148,0.9104124556951588
653082,101927516,0.7307816973483825,false,653082,101927516,0.7307816973483825
653082,6532,0.7554500429509537,false,653082,6532,0.7554500429509537
653082,100996506,0.7720308837421488,false,653082,100996506,0.7720308837421488
653082,256076,0.8696332815679785,false,653082,256076,0.8696332815679785
653082,9411,0.9839460653822313,false,653082,9411,0.9839460653822313
653082,9771,0.906880500185563,false,653082,9771,0.906880500185563
653082,100820829,0.8832360660445726,false,653082,100820829,0.8832360660445726
653082,10203,0.9012153291903494,false,653082,10203,0.9012153291903494
653082,105373265,0.8412441410047532,false,653082,105373265,0.8412441410047532
653082,9211,0.9163033964291916,false,653082,9211,0.9163033964291916
64332,346007,0.9333123513325344,false,64332,346007,0.9333123513325344
64332,388743,0.9182447081879669,false,64332,388743,0.9182447081879669
64332,116984,0.7055300340959716,false,64332,116984,0.7055300340959716
64332,137872,0.8788874916459918,false,64332,137872,0.8788874916459918
64332,1577,0.9575011382192339,false,64332,1577,0.9575011382192339
64332,100033430,0.9557910120044261,false,64332,100033430,0.9557910120044261
64332,340267,0.9377589522830037,false,64332,340267,0.9377589522830037
64332,200879,0.9216939687541239,false,64332,200879,0.9216939687541239
64332,1510,0.9144580310857969,false,64332,1510,0.9144580310857969
64332,441251,0.971243270194596,false,64332,441251,0.971243270194596
64332,102723849,0.9520682484822992,false,64332,102723849,0.9520682484822992
64332,9196,0.8054455311825649,false,64332,9196,0.8054455311825649
64332,6337,0.8047385985416072,false,64332,6337,0.8047385985416072
64332,5284,0.7097295970584288,false,64332,5284,0.7097295970584288
64332,57669,0.8896127763680621,false,64332,57669,0.8896127763680621
64332,619383,0.9787464211913874,false,64332,619383,0.9787464211913874
64332,89765,0.7589447588255955,false,64332,89765,0.7589447588255955
64332,57111,0.9298264685844188,false,64332,57111,0.9298264685844188
64332,278,0.9209520945968999,false,64332,278,0.9209520945968999
64332,116844,0.9465098892789756,false,64332,116844,0.9465098892789756
64332,10129,0.9608742700985957,false,64332,10129,0.9608742700985957
64332,4586,0.918884505902631,false,64332,4586,0.918884505902631
64332,100158262,0.9206513172185046,false,64332,100158262,0.9206513172185046
64332,10551,0.9310426921803727,false,64332,10551,0.9310426921803727
64332,130271,0.7081595761586806,false,64332,130271,0.7081595761586806
64332,688,0.7434733372143385,false,64332,688,0.7434733372143385
64332,378938,0.985030875831759,false,64332,378938,0.985030875831759
64332,54897,0.7951449200747477,false,64332,54897,0.7951449200747477
64332,285,0.8741563277020074,false,64332,285,0.8741563277020074
64332,117155,0.9001962163999601,false,64332,117155,0.9001962163999601
64332,112268155,0.9572093069332968,false,64332,112268155,0.9572093069332968
64332,1152,0.9184458011311455,false,64332,1152,0.9184458011311455
64332,79083,0.9276789527406802,false,64332,79083,0.9276789527406802
64332,66002,0.9011632198769506,false,64332,66002,0.9011632198769506
64332,1556,0.9168939859997133,false,64332,1556,0.9168939859997133
64332,22996,0.8920861550802024,false,64332,22996,0.8920861550802024
64332,55930,0.8916302334407443,false,64332,55930,0.8916302334407443
64332,7620,0.8427017892478492,false,64332,7620,0.8427017892478492
64332,7113,0.9301907853881207,false,64332,7113,0.9301907853881207
64332,54861,0.9518476072259592,false,64332,54861,0.9518476072259592
64332,222256,0.942300485848681,false,64332,222256,0.942300485848681
64332,105180391,0.9480114987548587,false,64332,105180391,0.9480114987548587
64332,100529240,0.9494180938894151,false,64332,100529240,0.9494180938894151
64332,113218482,0.9110414698177693,false,64332,113218482,0.9110414698177693
64332,647024,0.9114887509476645,false,64332,647024,0.9114887509476645
64332,255928,0.8937775908689185,false,64332,255928,0.8937775908689185
64332,151531,0.9109471522727783,false,64332,151531,0.9109471522727783
64332,8537,0.9102091329400414,false,64332,8537,0.9102091329400414
64332,10018,0.9275770300045942,false,64332,10018,0.9275770300045942
64332,115019,0.91627698924355,false,64332,115019,0.91627698924355
64332,201625,0.8477354036754186,false,64332,201625,0.8477354036754186
64332,105180390,0.951292940848933,false,64332,105180390,0.951292940848933
64332,1043,0.7251955702161685,false,64332,1043,0.7251955702161685
64332,692058,0.963903997735258,false,64332,692058,0.963903997735258
64332,276,0.8767199599731643,false,64332,276,0.8767199599731643
64332,168374,0.9785495851592544,false,64332,168374,0.9785495851592544
64332,83481,0.9035707077776508,false,64332,83481,0.9035707077776508
64332,645843,0.9691292020435184,false,64332,645843,0.9691292020435184
64332,143884,0.9274928825309842,false,64332,143884,0.9274928825309842
64332,1579,0.7638554249127592,false,64332,1579,0.7638554249127592
64332,80004,0.8670154978678993,false,64332,80004,0.8670154978678993
64332,121512,0.9287156172632874,false,64332,121512,0.9287156172632874
64332,3993,0.8148895505190198,false,64332,3993,0.8148895505190198
64332,389852,0.9333010716101596,false,64332,389852,0.9333010716101596
64332,342892,0.9352727134863127,false,64332,342892,0.9352727134863127
64332,164312,0.8770401009503979,false,64332,164312,0.8770401009503979
64332,84239,0.921252414473009,false,64332,84239,0.921252414473009
64332,2065,0.9352386247211335,false,64332,2065,0.9352386247211335
64332,57402,0.7245025827405351,false,64332,57402,0.7245025827405351
64332,1513,0.889447327082701,false,64332,1513,0.889447327082701
64332,776,0.8109883437550632,false,64332,776,0.8109883437550632
64332,780,0.7792322161972909,false,64332,780,0.7792322161972909
64332,135656,0.9174296847772002,false,64332,135656,0.9174296847772002
64332,3880,0.8183755057814576,false,64332,3880,0.8183755057814576
64332,94059,0.9398674571855902,false,64332,94059,0.9398674571855902
64332,26769,0.9672731742707801,false,64332,26769,0.9672731742707801
64332,3960,0.9143998492900915,false,64332,3960,0.9143998492900915
64332,7433,0.7343742967975809,false,64332,7433,0.7343742967975809
64332,284323,0.9158526374226507,false,64332,284323,0.9158526374226507
64332,100129460,0.922244409036607,false,64332,100129460,0.922244409036607
64332,65217,0.8570566249106442,false,64332,65217,0.8570566249106442
64332,23584,0.8681706516114104,false,64332,23584,0.8681706516114104
64332,692213,0.9148165056144643,false,64332,692213,0.9148165056144643
64332,153643,0.9297527125570308,false,64332,153643,0.9297527125570308
64332,112268422,0.9153277368480441,false,64332,112268422,0.9153277368480441
64332,649946,0.9018835409255156,false,64332,649946,0.9018835409255156
64332,259294,0.9256074953540562,false,64332,259294,0.9256074953540562
64332,79740,0.8146185343759303,false,64332,79740,0.8146185343759303
64332,2266,0.9303064959043624,false,64332,2266,0.9303064959043624
64332,745,0.904294586961429,false,64332,745,0.904294586961429
64332,440352,0.7530390591777755,false,64332,440352,0.7530390591777755
2277,825,0.7697814921610446,false,2277,825,0.7697814921610446
2277,79148,0.8225303921750476,false,2277,79148,0.8225303921750476
2277,6532,0.8347517547281275,false,2277,6532,0.8347517547281275
2277,100996506,0.7561859149410481,false,2277,100996506,0.7561859149410481
2277,100505495,0.7350589528599201,false,2277,100505495,0.7350589528599201
2277,57524,0.7398713331897405,false,2277,57524,0.7398713331897405
2277,256076,0.9337760392521789,false,2277,256076,0.9337760392521789
2277,284680,0.8375954439690919,false,2277,284680,0.8375954439690919
2277,9411,0.7060952058069265,false,2277,9411,0.7060952058069265
2277,128218,0.746915152520686,false,2277,128218,0.746915152520686
2277,100820829,0.9425482601735079,false,2277,100820829,0.9425482601735079
2277,21,0.7083318089059755,false,2277,21,0.7083318089059755
2277,10203,0.7794552150525637,false,2277,10203,0.7794552150525637
2277,105373265,0.8347757215025179,false,2277,105373265,0.8347757215025179
2277,9211,0.7657377268992341,false,2277,9211,0.7657377268992341
2277,440590,0.7307310765908596,false,2277,440590,0.7307310765908596
2277,55282,0.8184496530824728,false,2277,55282,0.8184496530824728
8091,3875,0.7777090828783366,false,8091,3875,0.7777090828783366
8091,160728,0.8238312267347728,false,8091,160728,0.8238312267347728
8091,7356,0.8702642168433864,false,8091,7356,0.8702642168433864
8091,109729127,0.8275484303162772,false,8091,109729127,0.8275484303162772
8091,400578,0.9081969749452636,false,8091,400578,0.9081969749452636
8091,94025,0.9316180977451456,false,8091,94025,0.9316180977451456
8091,109729184,0.8793266298445437,false,8091,109729184,0.8793266298445437
8091,728276,0.8814205405332288,false,8091,728276,0.8814205405332288
8091,101927516,0.9494591421286652,false,8091,101927516,0.9494591421286652
8091,5545,0.9154944186940552,false,8091,5545,0.9154944186940552
8091,727897,0.908303345923878,false,8091,727897,0.908303345923878
8091,54848,0.9029537384514251,false,8091,54848,0.9029537384514251
8091,79632,0.8470145291280531,false,8091,79632,0.8470145291280531
8091,4585,0.7485032662805108,false,8091,4585,0.7485032662805108
8091,1767,0.8695618235643802,false,8091,1767,0.8695618235643802
8091,1604,0.7121769322452325,false,8091,1604,0.7121769322452325
8091,117156,0.8429050669242227,false,8091,117156,0.8429050669242227
8091,195814,0.9060010404372932,false,8091,195814,0.9060010404372932
8091,140766,0.8240061640853882,false,8091,140766,0.8240061640853882
8091,2122,0.7527839139710355,false,8091,2122,0.7527839139710355
8091,105,0.9341657361412081,false,8091,105,0.9341657361412081
8091,84059,0.8268378808351906,false,8091,84059,0.8268378808351906
8091,57477,0.8681388788905865,false,8091,57477,0.8681388788905865
8091,6097,0.7316360650484024,false,8091,6097,0.7316360650484024
8091,120892,0.8660995744879499,false,8091,120892,0.8660995744879499
8091,4057,0.9260425745521763,false,8091,4057,0.9260425745521763
8091,220136,0.846011055091416,false,8091,220136,0.846011055091416
8091,112577518,0.9054085458947253,false,8091,112577518,0.9054085458947253
8091,9370,0.9117368856113071,false,8091,9370,0.9117368856113071
8091,693188,0.9608959063924934,false,8091,693188,0.9608959063924934
8091,389376,0.7511745174084031,false,8091,389376,0.7511745174084031
8091,6799,0.9104415117435224,false,8091,6799,0.9104415117435224
8091,353189,0.8643070499649271,false,8091,353189,0.8643070499649271
8091,563,0.9054005841691639,false,8091,563,0.9054005841691639
8091,84851,0.852697657634918,false,8091,84851,0.852697657634918
8091,10203,0.7695978195973795,false,8091,10203,0.7695978195973795
8091,4069,0.8861444639061969,false,8091,4069,0.8861444639061969
8091,1080,0.8897922513232558,false,8091,1080,0.8897922513232558
8091,123872,0.8757678162920165,false,8091,123872,0.8757678162920165
8091,1286,0.8097247932712032,false,8091,1286,0.8097247932712032
8091,105372793,0.9614387163576797,false,8091,105372793,0.9614387163576797
8091,100874095,0.9117368856113071,false,8091,100874095,0.9117368856113071
8091,729238,0.7043254544939368,false,8091,729238,0.7043254544939368
8091,144535,0.7761361910979443,false,8091,144535,0.7761361910979443
8091,26298,0.8851238336661909,false,8091,26298,0.8851238336661909
8091,100033436,0.8740570940746268,false,8091,100033436,0.8740570940746268
346007,388743,0.817735928026168,false,346007,388743,0.817735928026168
346007,116984,0.8493680036115999,false,346007,116984,0.8493680036115999
346007,137872,0.750056151398338,false,346007,137872,0.750056151398338
346007,1577,0.8510527221757259,false,346007,1577,0.8510527221757259
346007,100033430,0.8638785623720864,false,346007,100033430,0.8638785623720864
346007,340267,0.8337328303224181,false,346007,340267,0.8337328303224181
346007,200879,0.8296216802426063,false,346007,200879,0.8296216802426063
346007,1510,0.808892396660629,false,346007,1510,0.808892396660629
346007,441251,0.9047331326953868,false,346007,441251,0.9047331326953868
346007,102723849,0.8672114228573647,false,346007,102723849,0.8672114228573647
346007,9196,0.8298095245457043,false,346007,9196,0.8298095245457043
346007,114327,0.7884858063278647,false,346007,114327,0.7884858063278647
346007,6337,0.7914338591668192,false,346007,6337,0.7914338591668192
346007,57669,0.9119505320832975,false,346007,57669,0.9119505320832975
346007,619383,0.889890271864326,false,346007,619383,0.889890271864326
346007,57111,0.8333990612193849,false,346007,57111,0.8333990612193849
346007,278,0.8086917786101863,false,346007,278,0.8086917786101863
346007,116844,0.8456848248079246,false,346007,116844,0.8456848248079246
346007,10129,0.8710670168911591,false,346007,10129,0.8710670168911591
346007,4586,0.8180063170705476,false,346007,4586,0.8180063170705476
346007,100158262,0.7914428586774609,false,346007,100158262,0.7914428586774609
346007,10551,0.8342209506400724,false,346007,10551,0.8342209506400724
346007,130271,0.8441729377723336,false,346007,130271,0.8441729377723336
346007,378938,0.9120447486644898,false,346007,378938,0.9120447486644898
346007,54897,0.8196606536104306,false,346007,54897,0.8196606536104306
346007,285,0.7599395900326492,false,346007,285,0.7599395900326492
346007,117155,0.81872785442746,false,346007,117155,0.81872785442746
346007,112268155,0.8894686292531298,false,346007,112268155,0.8894686292531298
346007,1152,0.8279809144177079,false,346007,1152,0.8279809144177079
346007,79083,0.8449737419769972,false,346007,79083,0.8449737419769972
346007,66002,0.7994356990546682,false,346007,66002,0.7994356990546682
346007,1556,0.8445388765462929,false,346007,1556,0.8445388765462929
346007,22996,0.7888892777906515,false,346007,22996,0.7888892777906515
346007,55930,0.7890348243863133,false,346007,55930,0.7890348243863133
346007,7113,0.8391393015233946,false,346007,7113,0.8391393015233946
346007,54861,0.9424509740932532,false,346007,54861,0.9424509740932532
346007,222256,0.8354763792518686,false,346007,222256,0.8354763792518686
346007,105180391,0.9005960134175635,false,346007,105180391,0.9005960134175635
346007,100529240,0.8653985834014035,false,346007,100529240,0.8653985834014035
346007,54,0.7274449588402563,false,346007,54,0.7274449588402563
346007,113218482,0.8122847002018301,false,346007,113218482,0.8122847002018301
346007,647024,0.8079936339162938,false,346007,647024,0.8079936339162938
346007,255928,0.7903561239433777,false,346007,255928,0.7903561239433777
346007,151531,0.8320600607375692,false,346007,151531,0.8320600607375692
346007,8537,0.7347066267641457,false,346007,8537,0.7347066267641457
346007,10018,0.8192713186907191,false,346007,10018,0.8192713186907191
346007,115019,0.8194490051551628,false,346007,115019,0.8194490051551628
346007,201625,0.8179543750557061,false,346007,201625,0.8179543750557061
346007,105180390,0.8968032471744063,false,346007,105180390,0.8968032471744063
346007,692058,0.8528085842640876,false,346007,692058,0.8528085842640876
346007,276,0.7754329766576796,false,346007,276,0.7754329766576796
346007,168374,0.8925975155692135,false,346007,168374,0.8925975155692135
346007,83481,0.7910357209384464,false,346007,83481,0.7910357209384464
346007,645843,0.8886695127159089,false,346007,645843,0.8886695127159089
346007,143884,0.834406498340502,false,346007,143884,0.834406498340502
346007,1579,0.8087410143643935,false,346007,1579,0.8087410143643935
346007,80004,0.8007251517263994,false,346007,80004,0.8007251517263994
346007,121512,0.9220828555224861,false,346007,121512,0.9220828555224861
346007,3993,0.7271212835986872,false,346007,3993,0.7271212835986872
346007,389852,0.838666965322454,false,346007,389852,0.838666965322454
346007,342892,0.8694347272425564,false,346007,342892,0.8694347272425564
346007,164312,0.7900295316583432,false,346007,164312,0.7900295316583432
346007,84239,0.8900484368659027,false,346007,84239,0.8900484368659027
346007,2065,0.8582443248511855,false,346007,2065,0.8582443248511855
346007,1513,0.8341803043565499,false,346007,1513,0.8341803043565499
346007,776,0.799162391425351,false,346007,776,0.799162391425351
346007,135656,0.8171896177712672,false,346007,135656,0.8171896177712672
346007,3880,0.7390945132388718,false,346007,3880,0.7390945132388718
346007,94059,0.8570558020006437,false,346007,94059,0.8570558020006437
346007,26769,0.850228146579295,false,346007,26769,0.850228146579295
346007,3960,0.8134285464386733,false,346007,3960,0.8134285464386733
346007,7433,0.7414840577155437,false,346007,7433,0.7414840577155437
346007,284323,0.8255449828259799,false,346007,284323,0.8255449828259799
346007,100129460,0.8770907632904865,false,346007,100129460,0.8770907632904865
346007,65217,0.9295273512792064,false,346007,65217,0.9295273512792064
346007,23584,0.8070716374092527,false,346007,23584,0.8070716374092527
346007,692213,0.801034519716712,false,346007,692213,0.801034519716712
346007,153643,0.8287622724110209,false,346007,153643,0.8287622724110209
346007,112268422,0.8107786253563274,false,346007,112268422,0.8107786253563274
346007,649946,0.9221302582102405,false,346007,649946,0.9221302582102405
346007,259294,0.8272371703146201,false,346007,259294,0.8272371703146201
346007,79740,0.752981475170007,false,346007,79740,0.752981475170007
346007,2266,0.8723330009218349,false,346007,2266,0.8723330009218349
346007,745,0.8178698319485892,false,346007,745,0.8178698319485892
388743,137872,0.9845029854293278,false,388743,137872,0.9845029854293278
388743,1577,0.9904412580865127,false,388743,1577,0.9904412580865127
388743,100033430,0.9574433633934052,false,388743,100033430,0.9574433633934052
388743,340267,0.9954220601064917,false,388743,340267,0.9954220601064917
388743,200879,0.9993360684955102,false,388743,200879,0.9993360684955102
388743,1510,0.9971427189488602,false,388743,1510,0.9971427189488602
388743,441251,0.9167767447826523,false,388743,441251,0.9167767447826523
388743,102723849,0.994454429858962,false,388743,102723849,0.994454429858962
388743,9196,0.7753969751289185,false,388743,9196,0.7753969751289185
388743,6337,0.8834766941304946,false,388743,6337,0.8834766941304946
388743,57669,0.9267250779570845,false,388743,57669,0.9267250779570845
388743,619383,0.9740731961739638,false,388743,619383,0.9740731961739638
388743,89765,0.8146965981421695,false,388743,89765,0.8146965981421695
388743,57111,0.9968674590434503,false,388743,57111,0.9968674590434503
388743,278,0.843692012780809,false,388743,278,0.843692012780809
388743,116844,0.9815804663538177,false,388743,116844,0.9815804663538177
388743,10129,0.9890810159272908,false,388743,10129,0.9890810159272908
388743,4586,0.9997177756042765,false,388743,4586,0.9997177756042765
388743,100158262,0.9754141614325862,false,388743,100158262,0.9754141614325862
388743,10551,0.9993059027117837,false,388743,10551,0.9993059027117837
388743,378938,0.9691161558553533,false,388743,378938,0.9691161558553533
388743,54897,0.8917573746719343,false,388743,54897,0.8917573746719343
388743,117155,0.9960857589322197,false,388743,117155,0.9960857589322197
388743,112268155,0.9891372367274873,false,388743,112268155,0.9891372367274873
388743,1152,0.9407696235890032,false,388743,1152,0.9407696235890032
388743,79083,0.9974625499916576,false,388743,79083,0.9974625499916576
388743,66002,0.9990014798084116,false,388743,66002,0.9990014798084116
388743,1556,0.9908076945155417,false,388743,1556,0.9908076945155417
388743,22996,0.9903889570687805,false,388743,22996,0.9903889570687805
388743,55930,0.9913740588939705,false,388743,55930,0.9913740588939705
388743,7620,0.8454745452684213,false,388743,7620,0.8454745452684213
388743,7113,0.981454558250403,false,388743,7113,0.981454558250403
388743,54861,0.9316166032752922,false,388743,54861,0.9316166032752922
388743,222256,0.9132730041177163,false,388743,222256,0.9132730041177163
388743,105180391,0.9838897961857206,false,388743,105180391,0.9838897961857206
388743,100529240,0.9943558028972564,false,388743,100529240,0.9943558028972564
388743,113218482,0.9996912126854639,false,388743,113218482,0.9996912126854639
388743,647024,0.9564281898132039,false,388743,647024,0.9564281898132039
388743,255928,0.9951780378905295,false,388743,255928,0.9951780378905295
388743,151531,0.9670503596332832,false,388743,151531,0.9670503596332832
388743,8537,0.9624409736401863,false,388743,8537,0.9624409736401863
388743,10018,0.999152353146956,false,388743,10018,0.999152353146956
388743,115019,0.9998598479640587,false,388743,115019,0.9998598479640587
388743,201625,0.799834879172129,false,388743,201625,0.799834879172129
388743,105180390,0.9860087622787159,false,388743,105180390,0.9860087622787159
388743,692058,0.978538704304427,false,388743,692058,0.978538704304427
388743,276,0.7770754984987507,false,388743,276,0.7770754984987507
388743,168374,0.964675416329451,false,388743,168374,0.964675416329451
388743,83481,0.9634898917142214,false,388743,83481,0.9634898917142214
388743,645843,0.9687708420331956,false,388743,645843,0.9687708420331956
388743,143884,0.9569994302631628,false,388743,143884,0.9569994302631628
388743,80004,0.8979564715961778,false,388743,80004,0.8979564715961778
388743,121512,0.9513652672075421,false,388743,121512,0.9513652672075421
388743,3993,0.9659363091379891,false,388743,3993,0.9659363091379891
388743,389852,0.9989821247460604,false,388743,389852,0.9989821247460604
388743,342892,0.9679598473180601,false,388743,342892,0.9679598473180601
388743,164312,0.9868261279524152,false,388743,164312,0.9868261279524152
388743,84239,0.940814313100047,false,388743,84239,0.940814313100047
388743,2065,0.9656504356133563,false,388743,2065,0.9656504356133563
388743,57402,0.8939704769895198,false,388743,57402,0.8939704769895198
388743,776,0.8213035577540964,false,388743,776,0.8213035577540964
388743,780,0.9109878192961595,false,388743,780,0.9109878192961595
388743,135656,0.99957666748538,false,388743,135656,0.99957666748538
388743,3880,0.8513967570966138,false,388743,3880,0.8513967570966138
388743,94059,0.9970546601437462,false,388743,94059,0.9970546601437462
388743,26769,0.9394388117303607,false,388743,26769,0.9394388117303607
388743,3960,0.9995722507500159,false,388743,3960,0.9995722507500159
388743,7433,0.8812380151599432,false,388743,7433,0.8812380151599432
388743,284323,0.9901237657733927,false,388743,284323,0.9901237657733927
388743,100129460,0.7995781942398879,false,388743,100129460,0.7995781942398879
388743,65217,0.8206343236294225,false,388743,65217,0.8206343236294225
388743,23584,0.9823377284944796,false,388743,23584,0.9823377284944796
388743,692213,0.9983172541921227,false,388743,692213,0.9983172541921227
388743,153643,0.9416543463624953,false,388743,153643,0.9416543463624953
388743,112268422,0.9985595989460354,false,388743,112268422,0.9985595989460354
388743,649946,0.7111896055218733,false,388743,649946,0.7111896055218733
388743,259294,0.9935235463206179,false,388743,259294,0.9935235463206179
388743,79740,0.9128415987340395,false,388743,79740,0.9128415987340395
388743,2266,0.9917409494902455,false,388743,2266,0.9917409494902455
388743,745,0.9962010443617412,false,388743,745,0.9962010443617412
388743,440352,0.9248405119547306,false,388743,440352,0.9248405119547306
3207,644649,0.7438989413056044,false,3207,644649,0.7438989413056044
3207,3929,0.8185863307542102,false,3207,3929,0.8185863307542102
3207,105369937,0.8195897844136173,false,3207,105369937,0.8195897844136173
3207,107984498,0.8235566313133246,false,3207,107984498,0.8235566313133246
3207,284111,0.8170894801376024,false,3207,284111,0.8170894801376024
3207,100130701,0.7616877995589709,false,3207,100130701,0.7616877995589709
3207,128674,0.8195897844136173,false,3207,128674,0.8195897844136173
3207,7780,0.8146816892854378,false,3207,7780,0.8146816892854378
3207,101928580,0.8153333067445976,false,3207,101928580,0.8153333067445976
3207,57110,0.816026284746388,false,3207,57110,0.816026284746388
3207,646480,0.8349063474406734,false,3207,646480,0.8349063474406734
3207,144571,0.7829077670861448,false,3207,144571,0.7829077670861448
3207,4606,0.823035696676835,false,3207,4606,0.823035696676835
25976,27022,0.7818156550078138,false,25976,27022,0.7818156550078138
116984,100033430,0.7557474340558324,false,116984,100033430,0.7557474340558324
116984,1510,0.7031173547977247,false,116984,1510,0.7031173547977247
116984,441251,0.7650204042687134,false,116984,441251,0.7650204042687134
116984,102723849,0.7107208638576189,false,116984,102723849,0.7107208638576189
116984,6337,0.7987169756863486,false,116984,6337,0.7987169756863486
116984,57669,0.8136504551483204,false,116984,57669,0.8136504551483204
116984,89765,0.7790893671026075,false,116984,89765,0.7790893671026075
116984,57111,0.7161912898517648,false,116984,57111,0.7161912898517648
116984,116844,0.734314110639235,false,116984,116844,0.734314110639235
116984,10551,0.7029721890631379,false,116984,10551,0.7029721890631379
116984,378938,0.7259846332484123,false,116984,378938,0.7259846332484123
116984,54897,0.7328221300799507,false,116984,54897,0.7328221300799507
116984,117155,0.7025025981356868,false,116984,117155,0.7025025981356868
116984,112268155,0.7611441465050189,false,116984,112268155,0.7611441465050189
116984,27074,0.7379254290228873,false,116984,27074,0.7379254290228873
116984,79083,0.7038816633506353,false,116984,79083,0.7038816633506353
116984,1556,0.7391608300303252,false,116984,1556,0.7391608300303252
116984,7113,0.7524340218731559,false,116984,7113,0.7524340218731559
116984,54861,0.783459579247411,false,116984,54861,0.783459579247411
116984,222256,0.7059981667110264,false,116984,222256,0.7059981667110264
116984,105180391,0.7601122533841969,false,116984,105180391,0.7601122533841969
116984,100529240,0.7145864249465249,false,116984,100529240,0.7145864249465249
116984,647024,0.7426314549164361,false,116984,647024,0.7426314549164361
116984,151531,0.7946870336597183,false,116984,151531,0.7946870336597183
116984,115019,0.7003226801243285,false,116984,115019,0.7003226801243285
116984,201625,0.7668330640774089,false,116984,201625,0.7668330640774089
116984,105180390,0.7570271178537608,false,116984,105180390,0.7570271178537608
116984,168374,0.7267164071210088,false,116984,168374,0.7267164071210088
116984,83481,0.7063164540583292,false,116984,83481,0.7063164540583292
116984,645843,0.734960315629189,false,116984,645843,0.734960315629189
116984,2122,0.81075711081014,false,116984,2122,0.81075711081014
116984,84059,0.7337014752716826,false,116984,84059,0.7337014752716826
116984,1579,0.7972292283037199,false,116984,1579,0.7972292283037199
116984,80004,0.8153190431286604,false,116984,80004,0.8153190431286604
116984,121512,0.8698764422627507,false,116984,121512,0.8698764422627507
116984,389852,0.7097444809470043,false,116984,389852,0.7097444809470043
116984,164312,0.7121059806121651,false,116984,164312,0.7121059806121651
116984,84239,0.800690690425738,false,116984,84239,0.800690690425738
116984,2065,0.7660556120353074,false,116984,2065,0.7660556120353074
116984,3880,0.7340662513354376,false,116984,3880,0.7340662513354376
116984,94059,0.7181579872957767,false,116984,94059,0.7181579872957767
116984,100129460,0.7539041535816412,false,116984,100129460,0.7539041535816412
116984,65217,0.7759180838178795,false,116984,65217,0.7759180838178795
116984,153643,0.749392920979452,false,116984,153643,0.749392920979452
116984,144535,0.7660745273868312,false,116984,144535,0.7660745273868312
116984,79740,0.708300797200079,false,116984,79740,0.708300797200079
116984,2266,0.7523335373000709,false,116984,2266,0.7523335373000709
116984,745,0.719288255131287,false,116984,745,0.719288255131287
825,388327,0.7930687760239019,false,825,388327,0.7930687760239019
825,79148,0.7817045245149157,false,825,79148,0.7817045245149157
825,6532,0.7161647492706997,false,825,6532,0.7161647492706997
825,100996506,0.8291453379510022,false,825,100996506,0.8291453379510022
825,100505495,0.8405764403616276,false,825,100505495,0.8405764403616276
825,57524,0.7164680057514198,false,825,57524,0.7164680057514198
825,284680,0.720124452467239,false,825,284680,0.720124452467239
825,100820829,0.8500891564329975,false,825,100820829,0.8500891564329975
825,105373265,0.8623705615490076,false,825,105373265,0.8623705615490076
825,9211,0.7269305492086529,false,825,9211,0.7269305492086529
825,440590,0.7239369036419333,false,825,440590,0.7239369036419333
825,55282,0.8690393009068665,false,825,55282,0.8690393009068665
3875,160728,0.7252468948505428,false,3875,160728,0.7252468948505428
3875,4680,0.9150866576214586,false,3875,4680,0.9150866576214586
3875,7356,0.7928187360868671,false,3875,7356,0.7928187360868671
3875,109729127,0.7466537647371151,false,3875,109729127,0.7466537647371151
3875,400578,0.8241862144759745,false,3875,400578,0.8241862144759745
3875,5284,0.9325119150124531,false,3875,5284,0.9325119150124531
3875,94025,0.8657552365141531,false,3875,94025,0.8657552365141531
3875,89765,0.7832043555643717,false,3875,89765,0.7832043555643717
3875,278,0.7074080388677211,false,3875,278,0.7074080388677211
3875,728276,0.8155569590294152,false,3875,728276,0.8155569590294152
3875,101927516,0.7112602149530887,false,3875,101927516,0.7112602149530887
3875,688,0.8704543973212325,false,3875,688,0.8704543973212325
3875,6101,0.7539864245591794,false,3875,6101,0.7539864245591794
3875,5545,0.8589373367242286,false,3875,5545,0.8589373367242286
3875,727897,0.8452192296214392,false,3875,727897,0.8452192296214392
3875,27074,0.8977515246223513,false,3875,27074,0.8977515246223513
3875,79632,0.9442195017844703,false,3875,79632,0.9442195017844703
3875,4585,0.9563362950452631,false,3875,4585,0.9563362950452631
3875,1767,0.9637430397514009,false,3875,1767,0.9637430397514009
3875,1604,0.7378311770332026,false,3875,1604,0.7378311770332026
3875,9476,0.7438539729690763,false,3875,9476,0.7438539729690763
3875,117156,0.7356848407865342,false,3875,117156,0.7356848407865342
3875,201625,0.771585508579608,false,3875,201625,0.771585508579608
3875,195814,0.7627739795864253,false,3875,195814,0.7627739795864253
3875,1043,0.9351669661371284,false,3875,1043,0.9351669661371284
3875,276,0.7879807172789791,false,3875,276,0.7879807172789791
3875,2122,0.7917382237364712,false,3875,2122,0.7917382237364712
3875,105,0.811819926307468,false,3875,105,0.811819926307468
3875,84059,0.9287703512535415,false,3875,84059,0.9287703512535415
3875,1579,0.8454950484773642,false,3875,1579,0.8454950484773642
3875,57477,0.8245945352978451,false,3875,57477,0.8245945352978451
3875,80004,0.7053454327134558,false,3875,80004,0.7053454327134558
3875,120892,0.9567343785725417,false,3875,120892,0.9567343785725417
3875,123624,0.8127138453315607,false,3875,123624,0.8127138453315607
3875,4057,0.8243429396232808,false,3875,4057,0.8243429396232808
3875,112577518,0.8092413881912366,false,3875,112577518,0.8092413881912366
3875,9370,0.829732692141188,false,3875,9370,0.829732692141188
3875,389376,0.7117224944828833,false,3875,389376,0.7117224944828833
3875,6799,0.767956278339808,false,3875,6799,0.767956278339808
3875,353189,0.9655064468133602,false,3875,353189,0.9655064468133602
3875,563,0.8130835396602692,false,3875,563,0.8130835396602692
3875,84851,0.9264736754545875,false,3875,84851,0.9264736754545875
3875,3880,0.7402439188586017,false,3875,3880,0.7402439188586017
3875,100129460,0.7487985052767743,false,3875,100129460,0.7487985052767743
3875,4069,0.9525113721920003,false,3875,4069,0.9525113721920003
3875,1080,0.9212759320295477,false,3875,1080,0.9212759320295477
3875,1286,0.8872993480714327,false,3875,1286,0.8872993480714327
3875,105372793,0.7554659827968356,false,3875,105372793,0.7554659827968356
3875,79784,0.7792101922919807,false,3875,79784,0.7792101922919807
3875,100874095,0.829732692141188,false,3875,100874095,0.829732692141188
3875,729238,0.7193854932924294,false,3875,729238,0.7193854932924294
3875,144535,0.9154998047502712,false,3875,144535,0.9154998047502712
3875,26298,0.9225045777174429,false,3875,26298,0.9225045777174429
3875,100033436,0.8114469884040236,false,3875,100033436,0.8114469884040236
137872,1577,0.967611821029276,false,137872,1577,0.967611821029276
137872,100033430,0.904491876288304,false,137872,100033430,0.904491876288304
137872,340267,0.9676304074806257,false,137872,340267,0.9676304074806257
137872,200879,0.9836635357150701,false,137872,200879,0.9836635357150701
137872,1510,0.9727967277033185,false,137872,1510,0.9727967277033185
137872,441251,0.8481533636865803,false,137872,441251,0.8481533636865803
137872,102723849,0.9710867097314456,false,137872,102723849,0.9710867097314456
137872,9196,0.7652348663168337,false,137872,9196,0.7652348663168337
137872,6337,0.7959900878856724,false,137872,6337,0.7959900878856724
137872,57669,0.8702080081284704,false,137872,57669,0.8702080081284704
137872,619383,0.938521509255349,false,137872,619383,0.938521509255349
137872,89765,0.7260447082121886,false,137872,89765,0.7260447082121886
137872,57111,0.9686825043673181,false,137872,57111,0.9686825043673181
137872,278,0.7661571691921188,false,137872,278,0.7661571691921188
137872,116844,0.9415816471542982,false,137872,116844,0.9415816471542982
137872,10129,0.964401861393556,false,137872,10129,0.964401861393556
137872,4586,0.9876128751650478,false,137872,4586,0.9876128751650478
137872,100158262,0.9863005152553266,false,137872,100158262,0.9863005152553266
137872,10551,0.9792247018889343,false,137872,10551,0.9792247018889343
137872,378938,0.9315897776773537,false,137872,378938,0.9315897776773537
137872,54897,0.8465033151566489,false,137872,54897,0.8465033151566489
137872,117155,0.9859597650338063,false,137872,117155,0.9859597650338063
137872,112268155,0.9567672345490494,false,137872,112268155,0.9567672345490494
137872,1152,0.8923914815619645,false,137872,1152,0.8923914815619645
137872,79083,0.9790431806255192,false,137872,79083,0.9790431806255192
137872,66002,0.9852944094453991,false,137872,66002,0.9852944094453991
137872,1556,0.9542836604369117,false,137872,1556,0.9542836604369117
137872,22996,0.9592924536238161,false,137872,22996,0.9592924536238161
137872,55930,0.9629918551557157,false,137872,55930,0.9629918551557157
137872,7620,0.8683274799270455,false,137872,7620,0.8683274799270455
137872,7113,0.9366698673321144,false,137872,7113,0.9366698673321144
137872,54861,0.8708381141384741,false,137872,54861,0.8708381141384741
137872,222256,0.8466429530488002,false,137872,222256,0.8466429530488002
137872,105180391,0.9508017645668205,false,137872,105180391,0.9508017645668205
137872,100529240,0.9673566114653805,false,137872,100529240,0.9673566114653805
137872,113218482,0.9851014550056559,false,137872,113218482,0.9851014550056559
137872,647024,0.9010148498905214,false,137872,647024,0.9010148498905214
137872,255928,0.9922640187241837,false,137872,255928,0.9922640187241837
137872,151531,0.9316878221807009,false,137872,151531,0.9316878221807009
137872,8537,0.9752940514161419,false,137872,8537,0.9752940514161419
137872,10018,0.9846850143439922,false,137872,10018,0.9846850143439922
137872,115019,0.9822576437402195,false,137872,115019,0.9822576437402195
137872,105180390,0.9514196209875323,false,137872,105180390,0.9514196209875323
137872,692058,0.9433551391308441,false,137872,692058,0.9433551391308441
137872,168374,0.9183353094480178,false,137872,168374,0.9183353094480178
137872,83481,0.9121818005573076,false,137872,83481,0.9121818005573076
137872,645843,0.91957045610492,false,137872,645843,0.91957045610492
137872,143884,0.9671443194230479,false,137872,143884,0.9671443194230479
137872,80004,0.8188197852043942,false,137872,80004,0.8188197852043942
137872,121512,0.8918270230769577,false,137872,121512,0.8918270230769577
137872,3993,0.933474289320338,false,137872,3993,0.933474289320338
137872,389852,0.9786558824496221,false,137872,389852,0.9786558824496221
137872,342892,0.9480928312974654,false,137872,342892,0.9480928312974654
137872,164312,0.9540117665357342,false,137872,164312,0.9540117665357342
137872,84239,0.8687860562133006,false,137872,84239,0.8687860562133006
137872,2065,0.9074254411240431,false,137872,2065,0.9074254411240431
137872,57402,0.8483157133258257,false,137872,57402,0.8483157133258257
137872,776,0.8041401060468001,false,137872,776,0.8041401060468001
137872,780,0.8679823314842288,false,137872,780,0.8679823314842288
137872,135656,0.9882261903825943,false,137872,135656,0.9882261903825943
137872,3880,0.7573530699506319,false,137872,3880,0.7573530699506319
137872,94059,0.9733088257582211,false,137872,94059,0.9733088257582211
137872,26769,0.8908831326863196,false,137872,26769,0.8908831326863196
137872,3960,0.9885585571018102,false,137872,3960,0.9885585571018102
137872,7433,0.8447759841339154,false,137872,7433,0.8447759841339154
137872,284323,0.9857287360085479,false,137872,284323,0.9857287360085479
137872,100129460,0.7041322629664704,false,137872,100129460,0.7041322629664704
137872,65217,0.7480073722087149,false,137872,65217,0.7480073722087149
137872,23584,0.9652478026737101,false,137872,23584,0.9652478026737101
137872,692213,0.9799557407471206,false,137872,692213,0.9799557407471206
137872,153643,0.8821073778330772,false,137872,153643,0.8821073778330772
137872,112268422,0.9913435419625903,false,137872,112268422,0.9913435419625903
137872,259294,0.9862673161062411,false,137872,259294,0.9862673161062411
137872,79740,0.8433536099326628,false,137872,79740,0.8433536099326628
137872,2266,0.9705370978261961,false,137872,2266,0.9705370978261961
137872,745,0.969304703216733,false,137872,745,0.969304703216733
137872,440352,0.8955438938132007,false,137872,440352,0.8955438938132007
1577,100033430,0.9722811579773633,false,1577,100033430,0.9722811579773633
1577,340267,0.9959044384540382,false,1577,340267,0.9959044384540382
1577,200879,0.9907988426152159,false,1577,200879,0.9907988426152159
1577,1510,0.9882509742178687,false,1577,1510,0.9882509742178687
1577,441251,0.9496752437329783,false,1577,441251,0.9496752437329783
1577,102723849,0.9970169623823499,false,1577,102723849,0.9970169623823499
1577,9196,0.8021212233819451,false,1577,9196,0.8021212233819451
1577,6337,0.8761823751685475,false,1577,6337,0.8761823751685475
1577,57669,0.9250320399458063,false,1577,57669,0.9250320399458063
1577,619383,0.9946402504170262,false,1577,619383,0.9946402504170262
1577,89765,0.8070621538162813,false,1577,89765,0.8070621538162813
1577,57111,0.9926430251156126,false,1577,57111,0.9926430251156126
1577,278,0.8925746772786886,false,1577,278,0.8925746772786886
1577,116844,0.9869145129140487,false,1577,116844,0.9869145129140487
1577,10129,0.9986082634915108,false,1577,10129,0.9986082634915108
1577,4586,0.9901321147154982,false,1577,4586,0.9901321147154982
1577,100158262,0.9796159141082926,false,1577,100158262,0.9796159141082926
1577,10551,0.9938981948125056,false,1577,10551,0.9938981948125056
1577,688,0.7155676332587076,false,1577,688,0.7155676332587076
1577,378938,0.9901403019483795,false,1577,378938,0.9901403019483795
1577,54897,0.8755802167890777,false,1577,54897,0.8755802167890777
1577,285,0.7478663003811096,false,1577,285,0.7478663003811096
1577,117155,0.9788985474084353,false,1577,117155,0.9788985474084353
1577,112268155,0.9909938169023245,false,1577,112268155,0.9909938169023245
1577,1152,0.964236562282109,false,1577,1152,0.964236562282109
1577,79083,0.991247217938708,false,1577,79083,0.991247217938708
1577,66002,0.9852031988041945,false,1577,66002,0.9852031988041945
1577,1556,0.9845716606270789,false,1577,1556,0.9845716606270789
1577,22996,0.9795210928556146,false,1577,22996,0.9795210928556146
1577,55930,0.980841448430194,false,1577,55930,0.980841448430194
1577,7620,0.8828115225074288,false,1577,7620,0.8828115225074288
1577,7113,0.9813713030543892,false,1577,7113,0.9813713030543892
1577,54861,0.9526469409777568,false,1577,54861,0.9526469409777568
1577,222256,0.9441192525831446,false,1577,222256,0.9441192525831446
1577,105180391,0.9852442171991468,false,1577,105180391,0.9852442171991468
1577,100529240,0.9969456492124203,false,1577,100529240,0.9969456492124203
1577,113218482,0.9869063927449923,false,1577,113218482,0.9869063927449923
1577,647024,0.9602304431352735,false,1577,647024,0.9602304431352735
1577,255928,0.9757481371863739,false,1577,255928,0.9757481371863739
1577,151531,0.9546661002063278,false,1577,151531,0.9546661002063278
1577,8537,0.9716810518258009,false,1577,8537,0.9716810518258009
1577,10018,0.9945374329233095,false,1577,10018,0.9945374329233095
1577,115019,0.9892953115041979,false,1577,115019,0.9892953115041979
1577,201625,0.8350215994965098,false,1577,201625,0.8350215994965098
1577,105180390,0.9886620520404582,false,1577,105180390,0.9886620520404582
1577,692058,0.9931287226564537,false,1577,692058,0.9931287226564537
1577,276,0.8310490208833674,false,1577,276,0.8310490208833674
1577,168374,0.9871595824674851,false,1577,168374,0.9871595824674851
1577,83481,0.9669227276686022,false,1577,83481,0.9669227276686022
1577,645843,0.9876877852453448,false,1577,645843,0.9876877852453448
1577,143884,0.9655391047870086,false,1577,143884,0.9655391047870086
1577,80004,0.8990924736494815,false,1577,80004,0.8990924736494815
1577,121512,0.9485483560532681,false,1577,121512,0.9485483560532681
1577,3993,0.9373797561424105,false,1577,3993,0.9373797561424105
1577,389852,0.9935219103165309,false,1577,389852,0.9935219103165309
1577,342892,0.9781798028838998,false,1577,342892,0.9781798028838998
1577,164312,0.9710960527620746,false,1577,164312,0.9710960527620746
1577,84239,0.9514241403372327,false,1577,84239,0.9514241403372327
1577,2065,0.9737395861450288,false,1577,2065,0.9737395861450288
1577,57402,0.8615694001783439,false,1577,57402,0.8615694001783439
1577,1513,0.784322340308291,false,1577,1513,0.784322340308291
1577,776,0.843832798446547,false,1577,776,0.843832798446547
1577,780,0.8965576512212872,false,1577,780,0.8965576512212872
1577,135656,0.9895452814039094,false,1577,135656,0.9895452814039094
1577,3880,0.8633990708199125,false,1577,3880,0.8633990708199125
1577,94059,0.9945285873470819,false,1577,94059,0.9945285873470819
1577,26769,0.9686238257121506,false,1577,26769,0.9686238257121506
1577,3960,0.9887102114987085,false,1577,3960,0.9887102114987085
1577,7433,0.8513228080673366,false,1577,7433,0.8513228080673366
1577,284323,0.984275753334836,false,1577,284323,0.984275753334836
1577,100129460,0.8523562034607879,false,1577,100129460,0.8523562034607879
1577,65217,0.8429218425480292,false,1577,65217,0.8429218425480292
1577,23584,0.9619024766826454,false,1577,23584,0.9619024766826454
1577,692213,0.9912645245966499,false,1577,692213,0.9912645245966499
1577,153643,0.9545163326370184,false,1577,153643,0.9545163326370184
1577,112268422,0.9888111512476276,false,1577,112268422,0.9888111512476276
1577,649946,0.7871065358882976,false,1577,649946,0.7871065358882976
1577,259294,0.9905516933262543,false,1577,259294,0.9905516933262543
1577,79740,0.9074117447880641,false,1577,79740,0.9074117447880641
1577,2266,0.9824415323338572,false,1577,2266,0.9824415323338572
1577,745,0.9837983075611856,false,1577,745,0.9837983075611856
1577,440352,0.8993070242714042,false,1577,440352,0.8993070242714042
100033430,340267,0.9779189554262016,false,100033430,340267,0.9779189554262016
100033430,200879,0.9533069176519665,false,100033430,200879,0.9533069176519665
100033430,1510,0.9700804029009447,false,100033430,1510,0.9700804029009447
100033430,441251,0.9876551616048846,false,100033430,441251,0.9876551616048846
100033430,102723849,0.9676703389242843,false,100033430,102723849,0.9676703389242843
100033430,6337,0.9041534107520438,false,100033430,6337,0.9041534107520438
100033430,5284,0.8151050661166945,false,100033430,5284,0.8151050661166945
100033430,57669,0.8997404593972911,false,100033430,57669,0.8997404593972911
100033430,619383,0.9795724294206277,false,100033430,619383,0.9795724294206277
100033430,89765,0.9081620713267252,false,100033430,89765,0.9081620713267252
100033430,57111,0.9754068668283391,false,100033430,57111,0.9754068668283391
100033430,278,0.9540838254751027,false,100033430,278,0.9540838254751027
100033430,116844,0.9946190859349348,false,100033430,116844,0.9946190859349348
100033430,10129,0.967466047446159,false,100033430,10129,0.967466047446159
100033430,4586,0.9529645440919866,false,100033430,4586,0.9529645440919866
100033430,100158262,0.9094733314980677,false,100033430,100158262,0.9094733314980677
100033430,10551,0.9662315579843043,false,100033430,10551,0.9662315579843043
100033430,688,0.8347984804727047,false,100033430,688,0.8347984804727047
100033430,6101,0.7334838757912151,false,100033430,6101,0.7334838757912151
100033430,378938,0.9775617546839527,false,100033430,378938,0.9775617546839527
100033430,54897,0.8195795914729195,false,100033430,54897,0.8195795914729195
100033430,285,0.7339134393809394,false,100033430,285,0.7339134393809394
100033430,117155,0.9344493274082126,false,100033430,117155,0.9344493274082126
100033430,112268155,0.9774311773626716,false,100033430,112268155,0.9774311773626716
100033430,1152,0.9375536654888265,false,100033430,1152,0.9375536654888265
100033430,27074,0.7310745878038277,false,100033430,27074,0.7310745878038277
100033430,79083,0.9525009668434342,false,100033430,79083,0.9525009668434342
100033430,66002,0.9475184502511822,false,100033430,66002,0.9475184502511822
100033430,1556,0.964309065860234,false,100033430,1556,0.964309065860234
100033430,22996,0.9617653021911906,false,100033430,22996,0.9617653021911906
100033430,55930,0.9557828918890359,false,100033430,55930,0.9557828918890359
100033430,7620,0.7744154514576833,false,100033430,7620,0.7744154514576833
100033430,7113,0.9909766323781081,false,100033430,7113,0.9909766323781081
100033430,54861,0.9413189118861643,false,100033430,54861,0.9413189118861643
100033430,222256,0.9876860234557406,false,100033430,222256,0.9876860234557406
100033430,105180391,0.9571084314305071,false,100033430,105180391,0.9571084314305071
100033430,100529240,0.9702495604030711,false,100033430,100529240,0.9702495604030711
100033430,113218482,0.9545121716912193,false,100033430,113218482,0.9545121716912193
100033430,647024,0.9913351964613981,false,100033430,647024,0.9913351964613981
100033430,255928,0.9362075033181902,false,100033430,255928,0.9362075033181902
100033430,151531,0.9755213902336565,false,100033430,151531,0.9755213902336565
100033430,8537,0.917533636490686,false,100033430,8537,0.917533636490686
100033430,10018,0.9599155852266067,false,100033430,10018,0.9599155852266067
100033430,115019,0.9585120559736076,false,100033430,115019,0.9585120559736076
100033430,201625,0.9141748932048326,false,100033430,201625,0.9141748932048326
100033430,105180390,0.9646724724921119,false,100033430,105180390,0.9646724724921119
100033430,1043,0.797648045469742,false,100033430,1043,0.797648045469742
100033430,692058,0.9917041285721523,false,100033430,692058,0.9917041285721523
100033430,276,0.9198670919070552,false,100033430,276,0.9198670919070552
100033430,168374,0.9912588136076447,false,100033430,168374,0.9912588136076447
100033430,83481,0.9833646544974902,false,100033430,83481,0.9833646544974902
100033430,645843,0.9900745772852239,false,100033430,645843,0.9900745772852239
100033430,143884,0.8849825466372586,false,100033430,143884,0.8849825466372586
100033430,1579,0.8051695491437525,false,100033430,1579,0.8051695491437525
100033430,80004,0.9695534874078369,false,100033430,80004,0.9695534874078369
100033430,121512,0.9637011775609685,false,100033430,121512,0.9637011775609685
100033430,3993,0.9160634491663789,false,100033430,3993,0.9160634491663789
100033430,389852,0.9675098776078174,false,100033430,389852,0.9675098776078174
100033430,342892,0.9180717884660047,false,100033430,342892,0.9180717884660047
100033430,164312,0.9491692784118911,false,100033430,164312,0.9491692784118911
100033430,84239,0.965276132530828,false,100033430,84239,0.965276132530828
100033430,2065,0.9917390190565387,false,100033430,2065,0.9917390190565387
100033430,57402,0.8234323585159514,false,100033430,57402,0.8234323585159514
100033430,1513,0.8000224019213429,false,100033430,1513,0.8000224019213429
100033430,776,0.7375766412539149,false,100033430,776,0.7375766412539149
100033430,780,0.9186322196302737,false,100033430,780,0.9186322196302737
100033430,135656,0.9508342286479993,false,100033430,135656,0.9508342286479993
100033430,3880,0.934138404128551,false,100033430,3880,0.934138404128551
100033430,94059,0.9654034914733939,false,100033430,94059,0.9654034914733939
100033430,26769,0.992177571082816,false,100033430,26769,0.992177571082816
100033430,3960,0.9495469525084121,false,100033430,3960,0.9495469525084121
100033430,7433,0.7868460382110259,false,100033430,7433,0.7868460382110259
100033430,284323,0.9231612202901697,false,100033430,284323,0.9231612202901697
100033430,100129460,0.9332298444750877,false,100033430,100129460,0.9332298444750877
100033430,65217,0.8155350051130215,false,100033430,65217,0.8155350051130215
100033430,23584,0.9078666398506657,false,100033430,23584,0.9078666398506657
100033430,692213,0.962444286959458,false,100033430,692213,0.962444286959458
100033430,153643,0.9961456362947148,false,100033430,153643,0.9961456362947148
100033430,112268422,0.9445127852518157,false,100033430,112268422,0.9445127852518157
100033430,649946,0.8191144870203105,false,100033430,649946,0.8191144870203105
100033430,259294,0.9365656851433911,false,100033430,259294,0.9365656851433911
100033430,79740,0.9119840075490143,false,100033430,79740,0.9119840075490143
100033430,2266,0.949701203657501,false,100033430,2266,0.949701203657501
100033430,745,0.9586242396361444,false,100033430,745,0.9586242396361444
100033430,440352,0.8543456730167844,false,100033430,440352,0.8543456730167844
644649,3929,0.8011253106892389,false,644649,3929,0.8011253106892389
644649,105369937,0.7867871530539102,false,644649,105369937,0.7867871530539102
644649,107984498,0.8009237516959888,false,644649,107984498,0.8009237516959888
644649,284111,0.7861295828071978,false,644649,284111,0.7861295828071978
644649,23562,0.8631764539737434,false,644649,23562,0.8631764539737434
644649,100130701,0.8735938994733524,false,644649,100130701,0.8735938994733524
644649,128674,0.7867871530539102,false,644649,128674,0.7867871530539102
644649,222183,0.7653407066968417,false,644649,222183,0.7653407066968417
644649,7780,0.7748438235367691,false,644649,7780,0.7748438235367691
644649,101928580,0.9017644129919763,false,644649,101928580,0.9017644129919763
644649,1028,0.9526999046015233,false,644649,1028,0.9526999046015233
644649,57110,0.7778269169167661,false,644649,57110,0.7778269169167661
644649,646480,0.8562157005032829,false,644649,646480,0.8562157005032829
644649,4606,0.7993342429390425,false,644649,4606,0.7993342429390425
644649,102465485,0.732698694634748,false,644649,102465485,0.732698694634748
124944,340596,0.8329340231830238,false,124944,340596,0.8329340231830238
124944,100506755,0.9946265436201139,false,124944,100506755,0.9946265436201139
124944,1746,0.8563577741328368,false,124944,1746,0.8563577741328368
124944,163479,0.7255185629816905,false,124944,163479,0.7255185629816905
124944,399726,0.7454215013795885,false,124944,399726,0.7454215013795885
124944,57710,0.9610760254855263,false,124944,57710,0.9610760254855263
124944,9699,0.834406120045523,false,124944,9699,0.834406120045523
124944,692209,0.7197912840167886,false,124944,692209,0.7197912840167886
124944,84525,0.8334153563021072,false,124944,84525,0.8334153563021072
124944,80381,0.8823371369618589,false,124944,80381,0.8823371369618589
124944,83643,0.7224877520550873,false,124944,83643,0.7224877520550873
124944,498,0.9269918198878022,false,124944,498,0.9269918198878022
124944,100874002,0.8696205179435484,false,124944,100874002,0.8696205179435484
124944,219793,0.896262727682303,false,124944,219793,0.896262727682303
124944,56955,0.8456523317426389,false,124944,56955,0.8456523317426389
124944,1515,0.8079592596802708,false,124944,1515,0.8079592596802708
124944,165186,0.7378472136749854,false,124944,165186,0.7378472136749854
160728,4680,0.8322952055310483,false,160728,4680,0.8322952055310483
160728,7356,0.971158105740632,false,160728,7356,0.971158105740632
160728,109729127,0.9790740394217485,false,160728,109729127,0.9790740394217485
160728,400578,0.886040496695951,false,160728,400578,0.886040496695951
160728,94025,0.8646388560165342,false,160728,94025,0.8646388560165342
160728,728276,0.9597307965017908,false,160728,728276,0.9597307965017908
160728,102723635,0.8684689052153466,false,160728,102723635,0.8684689052153466
160728,5545,0.869170455303924,false,160728,5545,0.869170455303924
160728,727897,0.8451031907049792,false,160728,727897,0.8451031907049792
160728,54848,0.9428912287787392,false,160728,54848,0.9428912287787392
160728,1767,0.7989657577853413,false,160728,1767,0.7989657577853413
160728,9476,0.8878805694004381,false,160728,9476,0.8878805694004381
160728,117156,0.9728953516481045,false,160728,117156,0.9728953516481045
160728,195814,0.9839918807901431,false,160728,195814,0.9839918807901431
160728,140766,0.8664149253556532,false,160728,140766,0.8664149253556532
160728,105,0.9179415861944883,false,160728,105,0.9179415861944883
160728,6097,0.9285900022470174,false,160728,6097,0.9285900022470174
160728,120892,0.7206918943769981,false,160728,120892,0.7206918943769981
160728,4057,0.9074489265574952,false,160728,4057,0.9074489265574952
160728,220136,0.8719870724407068,false,160728,220136,0.8719870724407068
160728,112577518,0.8773122959420115,false,160728,112577518,0.8773122959420115
160728,9370,0.887153226112072,false,160728,9370,0.887153226112072
160728,693188,0.7969751813971288,false,160728,693188,0.7969751813971288
160728,389376,0.9771757383254092,false,160728,389376,0.9771757383254092
160728,6799,0.9675019194858665,false,160728,6799,0.9675019194858665
160728,353189,0.7993957557949446,false,160728,353189,0.7993957557949446
160728,563,0.8904444002850228,false,160728,563,0.8904444002850228
160728,21,0.7463309549572051,false,160728,21,0.7463309549572051
160728,4069,0.7819259443603411,false,160728,4069,0.7819259443603411
160728,1080,0.7128037193862331,false,160728,1080,0.7128037193862331
160728,123872,0.9619744440752946,false,160728,123872,0.9619744440752946
160728,105372793,0.8987288092249333,false,160728,105372793,0.8987288092249333
160728,653509,0.8869625749403027,false,160728,653509,0.8869625749403027
160728,100874095,0.887153226112072,false,160728,100874095,0.887153226112072
160728,729238,0.9385669944927225,false,160728,729238,0.9385669944927225
160728,3855,0.8644346078829785,false,160728,3855,0.8644346078829785
160728,26298,0.8967952039786623,false,160728,26298,0.8967952039786623
160728,100033436,0.9421106747629917,false,160728,100033436,0.9421106747629917
65998,419,0.8925625251576268,false,65998,419,0.8925625251576268
65998,93517,0.8958867751088456,false,65998,93517,0.8958867751088456
65998,388633,0.9305220483200629,false,65998,388633,0.9305220483200629
65998,340596,0.8374376625222064,false,65998,340596,0.8374376625222064
65998,10586,0.8508441154266915,false,65998,10586,0.8508441154266915
65998,2125,0.8442158360740875,false,65998,2125,0.8442158360740875
65998,3780,0.9060536681512548,false,65998,3780,0.9060536681512548
65998,23562,0.7901296060873361,false,65998,23562,0.7901296060873361
65998,163479,0.9222270219758686,false,65998,163479,0.9222270219758686
65998,84867,0.9176812186694552,false,65998,84867,0.9176812186694552
65998,441151,0.8097674388685132,false,65998,441151,0.8097674388685132
65998,5349,0.9007881722530673,false,65998,5349,0.9007881722530673
65998,222183,0.7791247435600324,false,65998,222183,0.7791247435600324
65998,113219467,0.9310074921649801,false,65998,113219467,0.9310074921649801
65998,26797,0.974791015227531,false,65998,26797,0.974791015227531
65998,57710,0.7499526401407998,false,65998,57710,0.7499526401407998
65998,692209,0.9617854400547765,false,65998,692209,0.9617854400547765
65998,4861,0.9666096753739811,false,65998,4861,0.9666096753739811
65998,284434,0.8269242156094592,false,65998,284434,0.8269242156094592
65998,56955,0.8484797272033983,false,65998,56955,0.8484797272033983
65998,100423031,0.8925625251576267,false,65998,100423031,0.8925625251576267
65998,1515,0.8878238389508102,false,65998,1515,0.8878238389508102
65998,165186,0.9346158531225192,false,65998,165186,0.9346158531225192
65998,102465485,0.7942816751242714,false,65998,102465485,0.7942816751242714
340267,200879,0.9939889987429698,false,340267,200879,0.9939889987429698
340267,1510,0.9975252016592134,false,340267,1510,0.9975252016592134
340267,441251,0.947419983485636,false,340267,441251,0.947419983485636
340267,102723849,0.9953205870245022,false,340267,102723849,0.9953205870245022
340267,9196,0.766193617824163,false,340267,9196,0.766193617824163
340267,6337,0.9023598312865745,false,340267,6337,0.9023598312865745
340267,57669,0.9282060888039645,false,340267,57669,0.9282060888039645
340267,619383,0.9869033514617506,false,340267,619383,0.9869033514617506
340267,89765,0.8459357882282138,false,340267,89765,0.8459357882282138
340267,57111,0.9992503642489813,false,340267,57111,0.9992503642489813
340267,278,0.8904022359214098,false,340267,278,0.8904022359214098
340267,116844,0.9935997493177069,false,340267,116844,0.9935997493177069
340267,10129,0.9932293313490299,false,340267,10129,0.9932293313490299
340267,4586,0.993672534381606,false,340267,4586,0.993672534381606
340267,100158262,0.9669035839877074,false,340267,100158262,0.9669035839877074
340267,10551,0.9976905292709941,false,340267,10551,0.9976905292709941
340267,688,0.7288484169792678,false,340267,688,0.7288484169792678
340267,378938,0.9813042574907067,false,340267,378938,0.9813042574907067
340267,54897,0.8829812867956767,false,340267,54897,0.8829812867956767
340267,117155,0.9843595430507285,false,340267,117155,0.9843595430507285
340267,112268155,0.9922242525122379,false,340267,112268155,0.9922242525122379
340267,1152,0.9594589076582121,false,340267,1152,0.9594589076582121
340267,79083,0.9928285380942995,false,340267,79083,0.9928285380942995
340267,66002,0.9922746231425319,false,340267,66002,0.9922746231425319
340267,1556,0.9929569649622572,false,340267,1556,0.9929569649622572
340267,22996,0.9925458762665464,false,340267,22996,0.9925458762665464
340267,55930,0.99213642310064,false,340267,55930,0.99213642310064
340267,7620,0.8469767477503067,false,340267,7620,0.8469767477503067
340267,7113,0.9925508072879191,false,340267,7113,0.9925508072879191
340267,54861,0.94622962860432,false,340267,54861,0.94622962860432
340267,222256,0.9473144894513513,false,340267,222256,0.9473144894513513
340267,105180391,0.9841329083164441,false,340267,105180391,0.9841329083164441
340267,100529240,0.996651141402844,false,340267,100529240,0.996651141402844
340267,113218482,0.9935738699706619,false,340267,113218482,0.9935738699706619
340267,647024,0.9757425598025028,false,340267,647024,0.9757425598025028
340267,255928,0.9827189843979806,false,340267,255928,0.9827189843979806
340267,151531,0.9701368907181299,false,340267,151531,0.9701368907181299
340267,8537,0.9610164779118733,false,340267,8537,0.9610164779118733
340267,10018,0.9965707958318205,false,340267,10018,0.9965707958318205
340267,115019,0.995466015112525,false,340267,115019,0.995466015112525
340267,201625,0.8480062786804193,false,340267,201625,0.8480062786804193
340267,105180390,0.9882084164732157,false,340267,105180390,0.9882084164732157
340267,692058,0.9924233355652414,false,340267,692058,0.9924233355652414
340267,276,0.8323244796940854,false,340267,276,0.8323244796940854
340267,168374,0.9830671033312408,false,340267,168374,0.9830671033312408
340267,83481,0.9812193806643703,false,340267,83481,0.9812193806643703
340267,645843,0.9863179470417713,false,340267,645843,0.9863179470417713
340267,143884,0.9459212403564973,false,340267,143884,0.9459212403564973
340267,80004,0.92435060121951,false,340267,80004,0.92435060121951
340267,121512,0.9586167408171878,false,340267,121512,0.9586167408171878
340267,3993,0.9613981286317261,false,340267,3993,0.9613981286317261
340267,389852,0.9972963666245581,false,340267,389852,0.9972963666245581
340267,342892,0.9666450283328311,false,340267,342892,0.9666450283328311
340267,164312,0.9861029230901202,false,340267,164312,0.9861029230901202
340267,84239,0.9599205700406807,false,340267,84239,0.9599205700406807
340267,2065,0.9836152032717629,false,340267,2065,0.9836152032717629
340267,57402,0.8873888647344464,false,340267,57402,0.8873888647344464
340267,1513,0.7464051318373568,false,340267,1513,0.7464051318373568
340267,776,0.8169050325118971,false,340267,776,0.8169050325118971
340267,780,0.9259660619340228,false,340267,780,0.9259660619340228
340267,135656,0.9929511061829146,false,340267,135656,0.9929511061829146
340267,3880,0.8891337920895497,false,340267,3880,0.8891337920895497
340267,94059,0.9961614091373052,false,340267,94059,0.9961614091373052
340267,26769,0.9657429088436675,false,340267,26769,0.9657429088436675
340267,3960,0.9926075149675784,false,340267,3960,0.9926075149675784
340267,7433,0.8663452585876791,false,340267,7433,0.8663452585876791
340267,284323,0.9800706477156192,false,340267,284323,0.9800706477156192
340267,100129460,0.8486724677619695,false,340267,100129460,0.8486724677619695
340267,65217,0.8320439797406661,false,340267,65217,0.8320439797406661
340267,23584,0.9696386407927742,false,340267,23584,0.9696386407927742
340267,692213,0.9973478693191647,false,340267,692213,0.9973478693191647
340267,153643,0.9659965426454914,false,340267,153643,0.9659965426454914
340267,112268422,0.9906570623474718,false,340267,112268422,0.9906570623474718
340267,649946,0.7578318964995046,false,340267,649946,0.7578318964995046
340267,259294,0.9866992931525483,false,340267,259294,0.9866992931525483
340267,79740,0.9291226206577977,false,340267,79740,0.9291226206577977
340267,2266,0.9848518835408119,false,340267,2266,0.9848518835408119
340267,745,0.9939291237987108,false,340267,745,0.9939291237987108
340267,440352,0.920833709321783,false,340267,440352,0.920833709321783
200879,1510,0.9945553438731057,false,200879,1510,0.9945553438731057
200879,441251,0.9155093505897987,false,200879,441251,0.9155093505897987
200879,102723849,0.9960062200699318,false,200879,102723849,0.9960062200699318
200879,9196,0.7970910650784976,false,200879,9196,0.7970910650784976
200879,6337,0.8839917624447602,false,200879,6337,0.8839917624447602
200879,57669,0.9364530549942167,false,200879,57669,0.9364530549942167
200879,619383,0.9756642152013314,false,200879,619383,0.9756642152013314
200879,89765,0.8009044914058577,false,200879,89765,0.8009044914058577
200879,57111,0.995465745203735,false,200879,57111,0.995465745203735
200879,278,0.837575939315302,false,200879,278,0.837575939315302
200879,116844,0.9779849346040626,false,200879,116844,0.9779849346040626
200879,10129,0.9912096658015412,false,200879,10129,0.9912096658015412
200879,4586,0.9994398447139579,false,200879,4586,0.9994398447139579
200879,100158262,0.977697073180169,false,200879,100158262,0.977697073180169
200879,10551,0.9988201676543194,false,200879,10551,0.9988201676543194
200879,378938,0.9717123602450299,false,200879,378938,0.9717123602450299
200879,54897,0.9035823490814934,false,200879,54897,0.9035823490814934
200879,117155,0.9973798069659847,false,200879,117155,0.9973798069659847
200879,112268155,0.9902156141505507,false,200879,112268155,0.9902156141505507
200879,1152,0.9442991004713046,false,200879,1152,0.9442991004713046
200879,79083,0.999327434926104,false,200879,79083,0.999327434926104
200879,66002,0.9983437390274774,false,200879,66002,0.9983437390274774
200879,1556,0.9916924835948808,false,200879,1556,0.9916924835948808
200879,22996,0.9879251997708882,false,200879,22996,0.9879251997708882
200879,55930,0.9898305427956458,false,200879,55930,0.9898305427956458
200879,7620,0.852521410398165,false,200879,7620,0.852521410398165
200879,7113,0.9779764693480382,false,200879,7113,0.9779764693480382
200879,54861,0.9395910628557405,false,200879,54861,0.9395910628557405
200879,222256,0.90789762668854,false,200879,222256,0.90789762668854
200879,105180391,0.9883365744992421,false,200879,105180391,0.9883365744992421
200879,100529240,0.9957563202009525,false,200879,100529240,0.9957563202009525
200879,113218482,0.9987279190898057,false,200879,113218482,0.9987279190898057
200879,647024,0.94992096260601,false,200879,647024,0.94992096260601
200879,255928,0.9936910222388738,false,200879,255928,0.9936910222388738
200879,151531,0.9614863716749045,false,200879,151531,0.9614863716749045
200879,8537,0.9595273460176256,false,200879,8537,0.9595273460176256
200879,10018,0.9985580522041284,false,200879,10018,0.9985580522041284
200879,115019,0.9991652673553,false,200879,115019,0.9991652673553
200879,201625,0.7974570600944962,false,200879,201625,0.7974570600944962
200879,105180390,0.9895719343603794,false,200879,105180390,0.9895719343603794
200879,692058,0.9760802952948079,false,200879,692058,0.9760802952948079
200879,276,0.7691155973364948,false,200879,276,0.7691155973364948
200879,168374,0.9645768801075121,false,200879,168374,0.9645768801075121
200879,83481,0.9579926220467839,false,200879,83481,0.9579926220467839
200879,645843,0.9690564329721999,false,200879,645843,0.9690564329721999
200879,143884,0.9637943395053389,false,200879,143884,0.9637943395053389
200879,80004,0.8896404983354129,false,200879,80004,0.8896404983354129
200879,121512,0.9538055508507431,false,200879,121512,0.9538055508507431
200879,3993,0.9632763958533009,false,200879,3993,0.9632763958533009
200879,389852,0.9984576966262397,false,200879,389852,0.9984576966262397
200879,342892,0.9754484621317452,false,200879,342892,0.9754484621317452
200879,164312,0.9856895614759946,false,200879,164312,0.9856895614759946
200879,84239,0.9432512689146029,false,200879,84239,0.9432512689146029
200879,2065,0.963407298215515,false,200879,2065,0.963407298215515
200879,57402,0.8974576331155504,false,200879,57402,0.8974576331155504
200879,1513,0.702099897751559,false,200879,1513,0.702099897751559
200879,776,0.8394696250472783,false,200879,776,0.8394696250472783
200879,780,0.8990345820325034,false,200879,780,0.8990345820325034
200879,135656,0.9994731775515847,false,200879,135656,0.9994731775515847
200879,3880,0.843467513877063,false,200879,3880,0.843467513877063
200879,94059,0.9982398097133421,false,200879,94059,0.9982398097133421
200879,26769,0.9351432535627634,false,200879,26769,0.9351432535627634
200879,3960,0.9993740588982981,false,200879,3960,0.9993740588982981
200879,7433,0.891072976562355,false,200879,7433,0.891072976562355
200879,284323,0.9937911936829674,false,200879,284323,0.9937911936829674
200879,100129460,0.7970229750472199,false,200879,100129460,0.7970229750472199
200879,65217,0.8370993484235255,false,200879,65217,0.8370993484235255
200879,23584,0.9862654249241554,false,200879,23584,0.9862654249241554
200879,692213,0.9964402051363282,false,200879,692213,0.9964402051363282
200879,153643,0.9350141269415599,false,200879,153643,0.9350141269415599
200879,112268422,0.9987219809299946,false,200879,112268422,0.9987219809299946
200879,649946,0.7217939413162915,false,200879,649946,0.7217939413162915
200879,259294,0.9960623705891887,false,200879,259294,0.9960623705891887
200879,79740,0.912290393717918,false,200879,79740,0.912290393717918
200879,2266,0.9945144984248048,false,200879,2266,0.9945144984248048
200879,745,0.9957006635616386,false,200879,745,0.9957006635616386
200879,440352,0.9242876016023862,false,200879,440352,0.9242876016023862
4680,7356,0.8914983329208084,false,4680,7356,0.8914983329208084
4680,109729127,0.871200898646918,false,4680,109729127,0.871200898646918
4680,400578,0.8170394977046603,false,4680,400578,0.8170394977046603
4680,5284,0.8025849607594475,false,4680,5284,0.8025849607594475
4680,94025,0.8282968741258573,false,4680,94025,0.8282968741258573
4680,728276,0.8817247738043081,false,4680,728276,0.8817247738043081
4680,688,0.7632973803300722,false,4680,688,0.7632973803300722
4680,5545,0.8328254056875919,false,4680,5545,0.8328254056875919
4680,727897,0.8176560197234468,false,4680,727897,0.8176560197234468
4680,27074,0.7743633501207937,false,4680,27074,0.7743633501207937
4680,54848,0.7283600678530063,false,4680,54848,0.7283600678530063
4680,79632,0.7714651675075446,false,4680,79632,0.7714651675075446
4680,4585,0.8217705437892743,false,4680,4585,0.8217705437892743
4680,1767,0.9269659632780183,false,4680,1767,0.9269659632780183
4680,26084,0.7033026513833122,false,4680,26084,0.7033026513833122
4680,9476,0.9173714820498815,false,4680,9476,0.9173714820498815
4680,117156,0.8682200423327112,false,4680,117156,0.8682200423327112
4680,195814,0.8317358754204602,false,4680,195814,0.8317358754204602
4680,1043,0.7686599518052437,false,4680,1043,0.7686599518052437
4680,105,0.8081905772963808,false,4680,105,0.8081905772963808
4680,84059,0.7679483544212137,false,4680,84059,0.7679483544212137
4680,57477,0.7260855193763028,false,4680,57477,0.7260855193763028
4680,6097,0.7808153766786757,false,4680,6097,0.7808153766786757
4680,120892,0.8562326195421952,false,4680,120892,0.8562326195421952
4680,123624,0.9057854968240878,false,4680,123624,0.9057854968240878
4680,4057,0.8226503919000958,false,4680,4057,0.8226503919000958
4680,220136,0.7521706547550746,false,4680,220136,0.7521706547550746
4680,112577518,0.8042893998393496,false,4680,112577518,0.8042893998393496
4680,9370,0.8191105768364308,false,4680,9370,0.8191105768364308
4680,389376,0.8816460194046322,false,4680,389376,0.8816460194046322
4680,6799,0.829894278567382,false,4680,6799,0.829894278567382
4680,353189,0.9013242604990866,false,4680,353189,0.9013242604990866
4680,563,0.8131347710428574,false,4680,563,0.8131347710428574
4680,84851,0.7878310162365478,false,4680,84851,0.7878310162365478
4680,4069,0.8682843306759391,false,4680,4069,0.8682843306759391
4680,1080,0.8137623309124249,false,4680,1080,0.8137623309124249
4680,123872,0.7643296574889448,false,4680,123872,0.7643296574889448
4680,1286,0.7474520639289347,false,4680,1286,0.7474520639289347
4680,105372793,0.7181958512527435,false,4680,105372793,0.7181958512527435
4680,79784,0.8773905431809899,false,4680,79784,0.8773905431809899
4680,653509,0.8695021464623015,false,4680,653509,0.8695021464623015
4680,100874095,0.8191105768364308,false,4680,100874095,0.8191105768364308
4680,729238,0.9019023460735929,false,4680,729238,0.9019023460735929
4680,144535,0.7670476063073999,false,4680,144535,0.7670476063073999
4680,3855,0.7714843018019352,false,4680,3855,0.7714843018019352
4680,26298,0.929115554938336,false,4680,26298,0.929115554938336
4680,100033436,0.8348830417344943,false,4680,100033436,0.8348830417344943
7356,109729127,0.9940231078605353,false,7356,109729127,0.9940231078605353
7356,400578,0.9401833003701139,false,7356,400578,0.9401833003701139
7356,94025,0.9281390719155379,false,7356,94025,0.9281390719155379
7356,728276,0.9918350084171099,false,7356,728276,0.9918350084171099
7356,101927516,0.7095742528472181,false,7356,101927516,0.7095742528472181
7356,102723635,0.8693667286510883,false,7356,102723635,0.8693667286510883
7356,5545,0.931384106861671,false,7356,5545,0.931384106861671
7356,727897,0.9185921996235,false,7356,727897,0.9185921996235
7356,54848,0.9275654167651223,false,7356,54848,0.9275654167651223
7356,79632,0.702794943264609,false,7356,79632,0.702794943264609
7356,1767,0.8910129825308175,false,7356,1767,0.8910129825308175
7356,1604,0.7029005246479754,false,7356,1604,0.7029005246479754
7356,9476,0.8789669333546063,false,7356,9476,0.8789669333546063
7356,117156,0.9866547759257558,false,7356,117156,0.9866547759257558
7356,195814,0.986797249445097,false,7356,195814,0.986797249445097
7356,140766,0.8387705711006224,false,7356,140766,0.8387705711006224
7356,105,0.955164620400451,false,7356,105,0.955164620400451
7356,57477,0.7234127385873405,false,7356,57477,0.7234127385873405
7356,6097,0.9054193343392779,false,7356,6097,0.9054193343392779
7356,120892,0.7930413439229442,false,7356,120892,0.7930413439229442
7356,123624,0.7064922374681765,false,7356,123624,0.7064922374681765
7356,4057,0.9545717216467904,false,7356,4057,0.9545717216467904
7356,220136,0.9302469764984188,false,7356,220136,0.9302469764984188
7356,112577518,0.9353753739575381,false,7356,112577518,0.9353753739575381
7356,9370,0.9403224271380304,false,7356,9370,0.9403224271380304
7356,693188,0.8447156674281808,false,7356,693188,0.8447156674281808
7356,389376,0.969428305643294,false,7356,389376,0.969428305643294
7356,6799,0.9885390204686012,false,7356,6799,0.9885390204686012
7356,353189,0.876820344868363,false,7356,353189,0.876820344868363
7356,563,0.9430519036579978,false,7356,563,0.9430519036579978
7356,84851,0.7304153757521888,false,7356,84851,0.7304153757521888
7356,4069,0.8643911178612429,false,7356,4069,0.8643911178612429
7356,1080,0.7824046363850654,false,7356,1080,0.7824046363850654
7356,123872,0.9463637178714401,false,7356,123872,0.9463637178714401
7356,105372793,0.9178970870210621,false,7356,105372793,0.9178970870210621
7356,653509,0.8751724749398163,false,7356,653509,0.8751724749398163
7356,100874095,0.9403224271380304,false,7356,100874095,0.9403224271380304
7356,729238,0.9355226090070465,false,7356,729238,0.9355226090070465
7356,3855,0.8095746315407726,false,7356,3855,0.8095746315407726
7356,26298,0.9559969532445556,false,7356,26298,0.9559969532445556
7356,100033436,0.9580405639005937,false,7356,100033436,0.9580405639005937
1510,441251,0.9298200373216107,false,1510,441251,0.9298200373216107
1510,102723849,0.9902113329768372,false,1510,102723849,0.9902113329768372
1510,9196,0.740447328720832,false,1510,9196,0.740447328720832
1510,6337,0.9034775706810897,false,1510,6337,0.9034775706810897
1510,57669,0.9213162514693086,false,1510,57669,0.9213162514693086
1510,619383,0.9734889088842934,false,1510,619383,0.9734889088842934
1510,89765,0.8541905823499454,false,1510,89765,0.8541905823499454
1510,57111,0.9989216416536421,false,1510,57111,0.9989216416536421
1510,278,0.8683528067871652,false,1510,278,0.8683528067871652
1510,116844,0.9899016294840424,false,1510,116844,0.9899016294840424
1510,10129,0.9846589080880336,false,1510,10129,0.9846589080880336
1510,4586,0.9951762801500853,false,1510,4586,0.9951762801500853
1510,100158262,0.9607584951193735,false,1510,100158262,0.9607584951193735
1510,10551,0.9973673932943906,false,1510,10551,0.9973673932943906
1510,688,0.7105018059076248,false,1510,688,0.7105018059076248
1510,378938,0.9670544106091297,false,1510,378938,0.9670544106091297
1510,54897,0.8822646170276538,false,1510,54897,0.8822646170276538
1510,117155,0.9885823245758402,false,1510,117155,0.9885823245758402
1510,112268155,0.9875723497924768,false,1510,112268155,0.9875723497924768
1510,1152,0.944501411969449,false,1510,1152,0.944501411969449
1510,79083,0.9917104074743521,false,1510,79083,0.9917104074743521
1510,66002,0.9960540159109198,false,1510,66002,0.9960540159109198
1510,1556,0.9925546790198515,false,1510,1556,0.9925546790198515
1510,22996,0.9961296205783267,false,1510,22996,0.9961296205783267
1510,55930,0.9951213920169493,false,1510,55930,0.9951213920169493
1510,7620,0.8239100609042347,false,1510,7620,0.8239100609042347
1510,7113,0.9914065277347226,false,1510,7113,0.9914065277347226
1510,54861,0.9295747734797897,false,1510,54861,0.9295747734797897
1510,222256,0.9330245325625988,false,1510,222256,0.9330245325625988
1510,105180391,0.9781221938935047,false,1510,105180391,0.9781221938935047
1510,100529240,0.9916718046387485,false,1510,100529240,0.9916718046387485
1510,113218482,0.9969281292697975,false,1510,113218482,0.9969281292697975
1510,647024,0.9745087232392268,false,1510,647024,0.9745087232392268
1510,255928,0.9893146168715783,false,1510,255928,0.9893146168715783
1510,151531,0.975359840511856,false,1510,151531,0.975359840511856
1510,8537,0.9552779651068962,false,1510,8537,0.9552779651068962
1510,10018,0.9959742637404951,false,1510,10018,0.9959742637404951
1510,115019,0.9976773153361064,false,1510,115019,0.9976773153361064
1510,201625,0.830877237092118,false,1510,201625,0.830877237092118
1510,105180390,0.9820612948673029,false,1510,105180390,0.9820612948673029
1510,692058,0.9838532140894471,false,1510,692058,0.9838532140894471
1510,276,0.8090294500737443,false,1510,276,0.8090294500737443
1510,168374,0.9696363439223977,false,1510,168374,0.9696363439223977
1510,83481,0.9798235742449213,false,1510,83481,0.9798235742449213
1510,645843,0.9744432598635343,false,1510,645843,0.9744432598635343
1510,143884,0.9353714529909214,false,1510,143884,0.9353714529909214
1510,80004,0.9253414811119138,false,1510,80004,0.9253414811119138
1510,121512,0.955498370607937,false,1510,121512,0.955498370607937
1510,3993,0.9736008978092917,false,1510,3993,0.9736008978092917
1510,389852,0.9969770666245851,false,1510,389852,0.9969770666245851
1510,342892,0.9552543633828616,false,1510,342892,0.9552543633828616
1510,164312,0.9913229072298845,false,1510,164312,0.9913229072298845
1510,84239,0.9511365906820951,false,1510,84239,0.9511365906820951
1510,2065,0.9781920840129319,false,1510,2065,0.9781920840129319
1510,57402,0.8988854438202902,false,1510,57402,0.8988854438202902
1510,776,0.7951982645549244,false,1510,776,0.7951982645549244
1510,780,0.936702401702227,false,1510,780,0.936702401702227
1510,135656,0.9945755916761715,false,1510,135656,0.9945755916761715
1510,3880,0.8856103570734303,false,1510,3880,0.8856103570734303
1510,94059,0.9936392420837993,false,1510,94059,0.9936392420837993
1510,26769,0.951412679062303,false,1510,26769,0.951412679062303
1510,3960,0.9946800520839667,false,1510,3960,0.9946800520839667
1510,7433,0.8732711677548948,false,1510,7433,0.8732711677548948
1510,284323,0.9779053123325243,false,1510,284323,0.9779053123325243
1510,100129460,0.8227879284084055,false,1510,100129460,0.8227879284084055
1510,65217,0.8109433064810395,false,1510,65217,0.8109433064810395
1510,23584,0.9743482384183793,false,1510,23584,0.9743482384183793
1510,692213,0.9986491495669261,false,1510,692213,0.9986491495669261
1510,153643,0.9605151232803973,false,1510,153643,0.9605151232803973
1510,112268422,0.9920206396477437,false,1510,112268422,0.9920206396477437
1510,649946,0.7147953885630399,false,1510,649946,0.7147953885630399
1510,259294,0.9837652222609844,false,1510,259294,0.9837652222609844
1510,79740,0.9300262266379345,false,1510,79740,0.9300262266379345
1510,2266,0.9845176910668317,false,1510,2266,0.9845176910668317
1510,745,0.9970456293040372,false,1510,745,0.9970456293040372
1510,440352,0.9311755136930556,false,1510,440352,0.9311755136930556
441251,102723849,0.9426489974134108,false,441251,102723849,0.9426489974134108
441251,9196,0.715312469931379,false,441251,9196,0.715312469931379
441251,6337,0.8932678204941057,false,441251,6337,0.8932678204941057
441251,5284,0.8441988513311416,false,441251,5284,0.8441988513311416
441251,57669,0.8977625424865475,false,441251,57669,0.8977625424865475
441251,619383,0.9724339681889524,false,441251,619383,0.9724339681889524
441251,89765,0.8820808304048343,false,441251,89765,0.8820808304048343
441251,57111,0.9418971993446205,false,441251,57111,0.9418971993446205
441251,278,0.9743468904805215,false,441251,278,0.9743468904805215
441251,116844,0.9701337959561237,false,441251,116844,0.9701337959561237
441251,10129,0.948523418166146,false,441251,10129,0.948523418166146
441251,4586,0.9118543408945833,false,441251,4586,0.9118543408945833
441251,100158262,0.8743700775500068,false,441251,100158262,0.8743700775500068
441251,10551,0.9306742564911538,false,441251,10551,0.9306742564911538
441251,688,0.8588744848360645,false,441251,688,0.8588744848360645
441251,6101,0.7822448389264207,false,441251,6101,0.7822448389264207
441251,378938,0.9741157253735996,false,441251,378938,0.9741157253735996
441251,54897,0.8048793609102276,false,441251,54897,0.8048793609102276
441251,285,0.7907654936969977,false,441251,285,0.7907654936969977
441251,117155,0.8899795577513532,false,441251,117155,0.8899795577513532
441251,112268155,0.9556865271046261,false,441251,112268155,0.9556865271046261
441251,1152,0.9365023673210658,false,441251,1152,0.9365023673210658
441251,27074,0.781528692510436,false,441251,27074,0.781528692510436
441251,79083,0.9192561145524824,false,441251,79083,0.9192561145524824
441251,66002,0.9026191644798074,false,441251,66002,0.9026191644798074
441251,1556,0.9352287072900939,false,441251,1556,0.9352287072900939
441251,79632,0.7043627333062981,false,441251,79632,0.7043627333062981
441251,4585,0.7222488725648527,false,441251,4585,0.7222488725648527
441251,22996,0.9214095760795629,false,441251,22996,0.9214095760795629
441251,55930,0.915804976978571,false,441251,55930,0.915804976978571
441251,7620,0.7667165068276096,false,441251,7620,0.7667165068276096
441251,7113,0.963973309033413,false,441251,7113,0.963973309033413
441251,54861,0.9546037137454857,false,441251,54861,0.9546037137454857
441251,222256,0.9898960683042302,false,441251,222256,0.9898960683042302
441251,105180391,0.9398403817637975,false,441251,105180391,0.9398403817637975
441251,100529240,0.9459059661812913,false,441251,100529240,0.9459059661812913
441251,113218482,0.9109380512383527,false,441251,113218482,0.9109380512383527
441251,647024,0.96668184134615,false,441251,647024,0.96668184134615
441251,255928,0.8839090839765719,false,441251,255928,0.8839090839765719
441251,151531,0.9370438831176866,false,441251,151531,0.9370438831176866
441251,8537,0.8773688279467965,false,441251,8537,0.8773688279467965
441251,10018,0.9223745255698647,false,441251,10018,0.9223745255698647
441251,115019,0.917833350013403,false,441251,115019,0.917833350013403
441251,201625,0.9430812669219171,false,441251,201625,0.9430812669219171
441251,105180390,0.9472766922927338,false,441251,105180390,0.9472766922927338
441251,1043,0.8444024589873971,false,441251,1043,0.8444024589873971
441251,692058,0.9737656017359901,false,441251,692058,0.9737656017359901
441251,276,0.9491003667695417,false,441251,276,0.9491003667695417
441251,168374,0.9873896626871973,false,441251,168374,0.9873896626871973
441251,83481,0.956723627566136,false,441251,83481,0.956723627566136
441251,645843,0.9844305895438197,false,441251,645843,0.9844305895438197
441251,143884,0.8618472526915963,false,441251,143884,0.8618472526915963
441251,1579,0.8665691948140226,false,441251,1579,0.8665691948140226
441251,80004,0.9522269406535272,false,441251,80004,0.9522269406535272
441251,121512,0.9528002017131221,false,441251,121512,0.9528002017131221
441251,3993,0.8628470676136702,false,441251,3993,0.8628470676136702
441251,389852,0.9322587102320445,false,441251,389852,0.9322587102320445
441251,342892,0.9055970292763228,false,441251,342892,0.9055970292763228
441251,164312,0.9079049971092045,false,441251,164312,0.9079049971092045
441251,84239,0.9649593321899276,false,441251,84239,0.9649593321899276
441251,2065,0.9772599454610731,false,441251,2065,0.9772599454610731
441251,57402,0.7815858352286706,false,441251,57402,0.7815858352286706
441251,1513,0.8742029800944796,false,441251,1513,0.8742029800944796
441251,776,0.7518301878531276,false,441251,776,0.7518301878531276
441251,780,0.8658056383209067,false,441251,780,0.8658056383209067
441251,135656,0.9093864312738994,false,441251,135656,0.9093864312738994
441251,3880,0.9281326679866873,false,441251,3880,0.9281326679866873
441251,94059,0.9359820218131072,false,441251,94059,0.9359820218131072
441251,26769,0.9884192620721074,false,441251,26769,0.9884192620721074
441251,3960,0.907147360360471,false,441251,3960,0.907147360360471
441251,7433,0.7550715244343542,false,441251,7433,0.7550715244343542
441251,284323,0.8878286656350999,false,441251,284323,0.8878286656350999
441251,100129460,0.9725472178626807,false,441251,100129460,0.9725472178626807
441251,65217,0.8504728016103419,false,441251,65217,0.8504728016103419
441251,1286,0.7010506396464374,false,441251,1286,0.7010506396464374
441251,23584,0.8662686421287864,false,441251,23584,0.8662686421287864
441251,692213,0.921939386933875,false,441251,692213,0.921939386933875
441251,153643,0.9808427302074119,false,441251,153643,0.9808427302074119
441251,112268422,0.9021428855814976,false,441251,112268422,0.9021428855814976
441251,649946,0.896388076914037,false,441251,649946,0.896388076914037
441251,259294,0.902442129387652,false,441251,259294,0.902442129387652
441251,79740,0.891484015036891,false,441251,79740,0.891484015036891
441251,2266,0.9184126079960825,false,441251,2266,0.9184126079960825
441251,745,0.9195646867780524,false,441251,745,0.9195646867780524
441251,440352,0.803322636796309,false,441251,440352,0.803322636796309
102723849,9196,0.8138767184338084,false,102723849,9196,0.8138767184338084
102723849,6337,0.8847920126821532,false,102723849,6337,0.8847920126821532
102723849,57669,0.9433977250990647,false,102723849,57669,0.9433977250990647
102723849,619383,0.9906061761448296,false,102723849,619383,0.9906061761448296
102723849,89765,0.8047510216657868,false,102723849,89765,0.8047510216657868
102723849,57111,0.9947224304458333,false,102723849,57111,0.9947224304458333
102723849,278,0.8701828553305414,false,102723849,278,0.8701828553305414
102723849,116844,0.9846333116810276,false,102723849,116844,0.9846333116810276
102723849,10129,0.9984766253614727,false,102723849,10129,0.9984766253614727
102723849,4586,0.9944498455872959,false,102723849,4586,0.9944498455872959
102723849,100158262,0.9766210350809955,false,102723849,100158262,0.9766210350809955
102723849,10551,0.9971280050169091,false,102723849,10551,0.9971280050169091
102723849,378938,0.9888666171401451,false,102723849,378938,0.9888666171401451
102723849,54897,0.8973045128651551,false,102723849,54897,0.8973045128651551
102723849,285,0.7168707220383577,false,102723849,285,0.7168707220383577
102723849,117155,0.9888340320979898,false,102723849,117155,0.9888340320979898
102723849,112268155,0.9967021834039398,false,102723849,112268155,0.9967021834039398
102723849,1152,0.9554872763020507,false,102723849,1152,0.9554872763020507
102723849,79083,0.997213008998863,false,102723849,79083,0.997213008998863
102723849,66002,0.9900222053785379,false,102723849,66002,0.9900222053785379
102723849,1556,0.9902436010245669,false,102723849,1556,0.9902436010245669
102723849,22996,0.9810959884175761,false,102723849,22996,0.9810959884175761
102723849,55930,0.9825895524179139,false,102723849,55930,0.9825895524179139
102723849,7620,0.8618153043743383,false,102723849,7620,0.8618153043743383
102723849,7113,0.9816140096448533,false,102723849,7113,0.9816140096448533
102723849,54861,0.95928704159717,false,102723849,54861,0.95928704159717
102723849,222256,0.9299395260670805,false,102723849,222256,0.9299395260670805
102723849,105180391,0.9941944453794685,false,102723849,105180391,0.9941944453794685
102723849,100529240,0.9995905384610171,false,102723849,100529240,0.9995905384610171
102723849,113218482,0.9922191598819037,false,102723849,113218482,0.9922191598819037
102723849,647024,0.9555991802658428,false,102723849,647024,0.9555991802658428
102723849,255928,0.9832423468683518,false,102723849,255928,0.9832423468683518
102723849,151531,0.9621156568053698,false,102723849,151531,0.9621156568053698
102723849,8537,0.9589100567894754,false,102723849,8537,0.9589100567894754
102723849,10018,0.9958735981333339,false,102723849,10018,0.9958735981333339
102723849,115019,0.9940344158723786,false,102723849,115019,0.9940344158723786
102723849,201625,0.8261717631818568,false,102723849,201625,0.8261717631818568
102723849,105180390,0.995873802594632,false,102723849,105180390,0.995873802594632
102723849,692058,0.9868704770638813,false,102723849,692058,0.9868704770638813
102723849,276,0.8067401182910665,false,102723849,276,0.8067401182910665
102723849,168374,0.9820988293161376,false,102723849,168374,0.9820988293161376
102723849,83481,0.9607084528553247,false,102723849,83481,0.9607084528553247
102723849,645843,0.9841096292811352,false,102723849,645843,0.9841096292811352
102723849,143884,0.9677001949366473,false,102723849,143884,0.9677001949366473
102723849,80004,0.8989408940445067,false,102723849,80004,0.8989408940445067
102723849,121512,0.963471119838409,false,102723849,121512,0.963471119838409
102723849,3993,0.945207336689795,false,102723849,3993,0.945207336689795
102723849,389852,0.9972399779298124,false,102723849,389852,0.9972399779298124
102723849,342892,0.9815629605028465,false,102723849,342892,0.9815629605028465
102723849,164312,0.9765010340632299,false,102723849,164312,0.9765010340632299
102723849,84239,0.9556635125355154,false,102723849,84239,0.9556635125355154
102723849,2065,0.972561166921947,false,102723849,2065,0.972561166921947
102723849,57402,0.8763563381235747,false,102723849,57402,0.8763563381235747
102723849,1513,0.758333732575309,false,102723849,1513,0.758333732575309
102723849,776,0.8495124588311983,false,102723849,776,0.8495124588311983
102723849,780,0.885783203473595,false,102723849,780,0.885783203473595
102723849,135656,0.9941478143742514,false,102723849,135656,0.9941478143742514
102723849,3880,0.8542235449037509,false,102723849,3880,0.8542235449037509
102723849,94059,0.9991456808970252,false,102723849,94059,0.9991456808970252
102723849,26769,0.9555970255885041,false,102723849,26769,0.9555970255885041
102723849,3960,0.9933969093086775,false,102723849,3960,0.9933969093086775
102723849,7433,0.8735959417173738,false,102723849,7433,0.8735959417173738
102723849,284323,0.9897331617898497,false,102723849,284323,0.9897331617898497
102723849,100129460,0.8393388676394099,false,102723849,100129460,0.8393388676394099
102723849,65217,0.8600526501261265,false,102723849,65217,0.8600526501261265
102723849,23584,0.9746773764959057,false,102723849,23584,0.9746773764959057
102723849,692213,0.9916595800855678,false,102723849,692213,0.9916595800855678
102723849,153643,0.9476667424777868,false,102723849,153643,0.9476667424777868
102723849,112268422,0.9928842514198067,false,102723849,112268422,0.9928842514198067
102723849,649946,0.777767155256687,false,102723849,649946,0.777767155256687
102723849,259294,0.993644051149393,false,102723849,259294,0.993644051149393
102723849,79740,0.9085112748019182,false,102723849,79740,0.9085112748019182
102723849,2266,0.9938194976291224,false,102723849,2266,0.9938194976291224
102723849,745,0.9896495480371642,false,102723849,745,0.9896495480371642
102723849,440352,0.9021993093960855,false,102723849,440352,0.9021993093960855
9196,114327,0.8650155223485013,false,9196,114327,0.8650155223485013
9196,57669,0.8737353869840093,false,9196,57669,0.8737353869840093
9196,619383,0.8128258305661508,false,9196,619383,0.8128258305661508
9196,57111,0.7617099837000152,false,9196,57111,0.7617099837000152
9196,116844,0.7164651315846939,false,9196,116844,0.7164651315846939
9196,10129,0.827512412498521,false,9196,10129,0.827512412498521
9196,4586,0.7821844239397082,false,9196,4586,0.7821844239397082
9196,100158262,0.8311344908362654,false,9196,100158262,0.8311344908362654
9196,10551,0.7793311143581858,false,9196,10551,0.7793311143581858
9196,130271,0.8736996943630593,false,9196,130271,0.8736996943630593
9196,378938,0.8210093907013409,false,9196,378938,0.8210093907013409
9196,54897,0.8795496584718177,false,9196,54897,0.8795496584718177
9196,117155,0.796172278516403,false,9196,117155,0.796172278516403
9196,112268155,0.7930020502332774,false,9196,112268155,0.7930020502332774
9196,1152,0.8325217889490708,false,9196,1152,0.8325217889490708
9196,79083,0.8160758881310664,false,9196,79083,0.8160758881310664
9196,66002,0.7732012956255165,false,9196,66002,0.7732012956255165
9196,1556,0.7906033211275553,false,9196,1556,0.7906033211275553
9196,22996,0.7375566893941288,false,9196,22996,0.7375566893941288
9196,55930,0.7556942454694059,false,9196,55930,0.7556942454694059
9196,7620,0.8608168006232996,false,9196,7620,0.8608168006232996
9196,7113,0.712169691975449,false,9196,7113,0.712169691975449
9196,54861,0.8710062132078981,false,9196,54861,0.8710062132078981
9196,105180391,0.8447833226982254,false,9196,105180391,0.8447833226982254
9196,100529240,0.8112835291922241,false,9196,100529240,0.8112835291922241
9196,113218482,0.7666174751694156,false,9196,113218482,0.7666174751694156
9196,255928,0.7496257497452952,false,9196,255928,0.7496257497452952
9196,8537,0.7457990179381871,false,9196,8537,0.7457990179381871
9196,10018,0.7823744333359188,false,9196,10018,0.7823744333359188
9196,115019,0.772739993677758,false,9196,115019,0.772739993677758
9196,105180390,0.8336599884274352,false,9196,105180390,0.8336599884274352
9196,692058,0.745322473925735,false,9196,692058,0.745322473925735
9196,168374,0.7743132665807231,false,9196,168374,0.7743132665807231
9196,645843,0.7811054791784836,false,9196,645843,0.7811054791784836
9196,143884,0.889239606689235,false,9196,143884,0.889239606689235
9196,121512,0.7632650537975301,false,9196,121512,0.7632650537975301
9196,389852,0.7771373136924992,false,9196,389852,0.7771373136924992
9196,342892,0.9043373120358561,false,9196,342892,0.9043373120358561
9196,164312,0.7506633704813178,false,9196,164312,0.7506633704813178
9196,84239,0.7782453237145653,false,9196,84239,0.7782453237145653
9196,2065,0.7242827662557535,false,9196,2065,0.7242827662557535
9196,57402,0.7406797213581269,false,9196,57402,0.7406797213581269
9196,1513,0.7479711603210663,false,9196,1513,0.7479711603210663
9196,776,0.9837365844623591,false,9196,776,0.9837365844623591
9196,135656,0.7848088781970655,false,9196,135656,0.7848088781970655
9196,94059,0.8052665426984558,false,9196,94059,0.8052665426984558
9196,3960,0.7828892642206227,false,9196,3960,0.7828892642206227
9196,7433,0.833856409759687,false,9196,7433,0.833856409759687
9196,284323,0.8473472681846953,false,9196,284323,0.8473472681846953
9196,65217,0.9164509133685694,false,9196,65217,0.9164509133685694
9196,23584,0.827540547828602,false,9196,23584,0.827540547828602
9196,692213,0.7592799713155889,false,9196,692213,0.7592799713155889
9196,84765,0.7944133551576747,false,9196,84765,0.7944133551576747
9196,112268422,0.7908161994039453,false,9196,112268422,0.7908161994039453
9196,649946,0.776689724563049,false,9196,649946,0.776689724563049
9196,259294,0.8338658261352977,false,9196,259294,0.8338658261352977
9196,79740,0.7078685612338458,false,9196,79740,0.7078685612338458
9196,2266,0.8155078690238957,false,9196,2266,0.8155078690238957
9196,745,0.7697337288662109,false,9196,745,0.7697337288662109
9196,440352,0.7191222398955054,false,9196,440352,0.7191222398955054
109729127,400578,0.9289657783146901,false,109729127,400578,0.9289657783146901
109729127,94025,0.90563793398945,false,109729127,94025,0.90563793398945
109729127,728276,0.9873902863977077,false,109729127,728276,0.9873902863977077
109729127,102723635,0.8880429341544743,false,109729127,102723635,0.8880429341544743
109729127,5545,0.9133476002457825,false,109729127,5545,0.9133476002457825
109729127,727897,0.89991587174437,false,109729127,727897,0.89991587174437
109729127,54848,0.9117660447727131,false,109729127,54848,0.9117660447727131
109729127,1767,0.8490226055410638,false,109729127,1767,0.8490226055410638
109729127,9476,0.873938599323642,false,109729127,9476,0.873938599323642
109729127,117156,0.9805781803089629,false,109729127,117156,0.9805781803089629
109729127,195814,0.980271064961988,false,109729127,195814,0.980271064961988
109729127,140766,0.8473337786360158,false,109729127,140766,0.8473337786360158
109729127,105,0.9432139626362288,false,109729127,105,0.9432139626362288
109729127,6097,0.9040439739560665,false,109729127,6097,0.9040439739560665
109729127,120892,0.7285205615053009,false,109729127,120892,0.7285205615053009
109729127,4057,0.941706725805873,false,109729127,4057,0.941706725805873
109729127,220136,0.9351607221268796,false,109729127,220136,0.9351607221268796
109729127,112577518,0.9248694046395609,false,109729127,112577518,0.9248694046395609
109729127,9370,0.9281728009539992,false,109729127,9370,0.9281728009539992
109729127,693188,0.8139072271966704,false,109729127,693188,0.8139072271966704
109729127,389376,0.9779582692921035,false,109729127,389376,0.9779582692921035
109729127,6799,0.9834639909271607,false,109729127,6799,0.9834639909271607
109729127,353189,0.841958742451031,false,109729127,353189,0.841958742451031
109729127,563,0.933667736218843,false,109729127,563,0.933667736218843
109729127,4069,0.8262841849918364,false,109729127,4069,0.8262841849918364
109729127,1080,0.7136815311558098,false,109729127,1080,0.7136815311558098
109729127,123872,0.9364326588957244,false,109729127,123872,0.9364326588957244
109729127,105372793,0.9028508092069196,false,109729127,105372793,0.9028508092069196
109729127,653509,0.8732532831064064,false,109729127,653509,0.8732532831064064
109729127,100874095,0.9281728009539992,false,109729127,100874095,0.9281728009539992
109729127,729238,0.9353700914365632,false,109729127,729238,0.9353700914365632
109729127,3855,0.8386350176168786,false,109729127,3855,0.8386350176168786
109729127,26298,0.933734203623869,false,109729127,26298,0.933734203623869
109729127,100033436,0.9591214489636759,false,109729127,100033436,0.9591214489636759
114327,57669,0.7640613580736638,false,114327,57669,0.7640613580736638
114327,130271,0.9492827901875122,false,114327,130271,0.9492827901875122
114327,54897,0.7693561629660168,false,114327,54897,0.7693561629660168
114327,54861,0.7287572978302068,false,114327,54861,0.7287572978302068
114327,54,0.8333919146443305,false,114327,54,0.8333919146443305
114327,9771,0.800837835311659,false,114327,9771,0.800837835311659
114327,776,0.8122582978903131,false,114327,776,0.8122582978903131
114327,7433,0.7041556208191843,false,114327,7433,0.7041556208191843
114327,9211,0.7349706772650253,false,114327,9211,0.7349706772650253
114327,65217,0.8817843253439036,false,114327,65217,0.8817843253439036
114327,84765,0.8927494815384899,false,114327,84765,0.8927494815384899
114327,649946,0.7203147851771363,false,114327,649946,0.7203147851771363
419,93517,0.9979036539915622,false,419,93517,0.9979036539915622
419,388633,0.9888146093140046,false,419,388633,0.9888146093140046
419,340596,0.7062516572900137,false,419,340596,0.7062516572900137
419,11185,0.8312590244612058,false,419,11185,0.8312590244612058
419,10586,0.9529988239915111,false,419,10586,0.9529988239915111
419,2125,0.8872284698594354,false,419,2125,0.8872284698594354
419,3780,0.97575297163747,false,419,3780,0.97575297163747
419,163479,0.8740111935053554,false,419,163479,0.8740111935053554
419,84867,0.8303751905569593,false,419,84867,0.8303751905569593
419,5349,0.9855305462768715,false,419,5349,0.9855305462768715
419,113219467,0.8242612394417965,false,419,113219467,0.8242612394417965
419,26797,0.9370204006056048,false,419,26797,0.9370204006056048
419,692209,0.8759132917929686,false,419,692209,0.8759132917929686
419,4861,0.9743653229921201,false,419,4861,0.9743653229921201
419,284434,0.8995164514014174,false,419,284434,0.8995164514014174
419,100423031,1.0,false,419,100423031,1.0
419,79098,0.8210246444698941,false,419,79098,0.8210246444698941
419,1515,0.7529488742467274,false,419,1515,0.7529488742467274
419,165186,0.862155429863879,false,419,165186,0.862155429863879
6337,5284,0.7829601797285979,false,6337,5284,0.7829601797285979
6337,57669,0.9364703317908851,false,6337,57669,0.9364703317908851
6337,619383,0.8810166857247689,false,6337,619383,0.8810166857247689
6337,89765,0.8965303563511811,false,6337,89765,0.8965303563511811
6337,57111,0.9080863460661138,false,6337,57111,0.9080863460661138
6337,278,0.8466965423956706,false,6337,278,0.8466965423956706
6337,116844,0.9066939892823941,false,6337,116844,0.9066939892823941
6337,10129,0.8803648787369367,false,6337,10129,0.8803648787369367
6337,4586,0.8736646377028929,false,6337,4586,0.8736646377028929
6337,100158262,0.7863622670938665,false,6337,100158262,0.7863622670938665
6337,10551,0.8888987854602258,false,6337,10551,0.8888987854602258
6337,130271,0.7422550484419266,false,6337,130271,0.7422550484419266
6337,688,0.7605236851637973,false,6337,688,0.7605236851637973
6337,6101,0.886164077605576,false,6337,6101,0.886164077605576
6337,378938,0.8758605644747564,false,6337,378938,0.8758605644747564
6337,54897,0.9188444717703466,false,6337,54897,0.9188444717703466
6337,117155,0.8742469611792623,false,6337,117155,0.8742469611792623
6337,112268155,0.8954796822431094,false,6337,112268155,0.8954796822431094
6337,1152,0.9221876485797527,false,6337,1152,0.9221876485797527
6337,27074,0.8305764945556929,false,6337,27074,0.8305764945556929
6337,79083,0.8886581302768027,false,6337,79083,0.8886581302768027
6337,66002,0.8872627311425784,false,6337,66002,0.8872627311425784
6337,1556,0.9363093634562188,false,6337,1556,0.9363093634562188
6337,22996,0.9292170187302989,false,6337,22996,0.9292170187302989
6337,55930,0.92595199242284,false,6337,55930,0.92595199242284
6337,7113,0.9290711938362071,false,6337,7113,0.9290711938362071
6337,54861,0.9215307699401909,false,6337,54861,0.9215307699401909
6337,222256,0.8952649916255052,false,6337,222256,0.8952649916255052
6337,105180391,0.9041070464467998,false,6337,105180391,0.9041070464467998
6337,26084,0.876044025793302,false,6337,26084,0.876044025793302
6337,100529240,0.896934690103008,false,6337,100529240,0.896934690103008
6337,54,0.7385853049519981,false,6337,54,0.7385853049519981
6337,113218482,0.8826986376831804,false,6337,113218482,0.8826986376831804
6337,647024,0.9312459797779892,false,6337,647024,0.9312459797779892
6337,255928,0.8491053688708263,false,6337,255928,0.8491053688708263
6337,151531,0.8781452816024817,false,6337,151531,0.8781452816024817
6337,8537,0.7614787617618166,false,6337,8537,0.7614787617618166
6337,10018,0.8761810507303849,false,6337,10018,0.8761810507303849
6337,115019,0.8898684766132042,false,6337,115019,0.8898684766132042
6337,201625,0.9334696987816674,false,6337,201625,0.9334696987816674
6337,105180390,0.9082849672840384,false,6337,105180390,0.9082849672840384
6337,1043,0.7492751508370343,false,6337,1043,0.7492751508370343
6337,692058,0.8848124658769548,false,6337,692058,0.8848124658769548
6337,276,0.8179329506168141,false,6337,276,0.8179329506168141
6337,168374,0.8944919720580558,false,6337,168374,0.8944919720580558
6337,83481,0.9399319386712531,false,6337,83481,0.9399319386712531
6337,645843,0.9148224509072682,false,6337,645843,0.9148224509072682
6337,143884,0.7670642268513939,false,6337,143884,0.7670642268513939
6337,1579,0.8395254250432264,false,6337,1579,0.8395254250432264
6337,80004,0.9343273271973265,false,6337,80004,0.9343273271973265
6337,121512,0.9339040118456641,false,6337,121512,0.9339040118456641
6337,3993,0.9414659076419423,false,6337,3993,0.9414659076419423
6337,389852,0.8869777675590204,false,6337,389852,0.8869777675590204
6337,342892,0.8670986335239713,false,6337,342892,0.8670986335239713
6337,164312,0.9394588373767389,false,6337,164312,0.9394588373767389
6337,84239,0.971912829523287,false,6337,84239,0.971912829523287
6337,2065,0.9480208109058665,false,6337,2065,0.9480208109058665
6337,57402,0.9491472289072296,false,6337,57402,0.9491472289072296
6337,776,0.7625937804576656,false,6337,776,0.7625937804576656
6337,780,0.904608541298315,false,6337,780,0.904608541298315
6337,135656,0.8724976682798138,false,6337,135656,0.8724976682798138
6337,3880,0.9539464936958733,false,6337,3880,0.9539464936958733
6337,94059,0.8947518483444032,false,6337,94059,0.8947518483444032
6337,26769,0.866063689853628,false,6337,26769,0.866063689853628
6337,3960,0.8730986836257306,false,6337,3960,0.8730986836257306
6337,7433,0.9106679497776293,false,6337,7433,0.9106679497776293
6337,284323,0.8513811756766219,false,6337,284323,0.8513811756766219
6337,100129460,0.8362598925727567,false,6337,100129460,0.8362598925727567
6337,65217,0.8756005543641273,false,6337,65217,0.8756005543641273
6337,23584,0.901957496449622,false,6337,23584,0.901957496449622
6337,692213,0.8915170744918841,false,6337,692213,0.8915170744918841
6337,153643,0.9117182653401921,false,6337,153643,0.9117182653401921
6337,112268422,0.8617582640665645,false,6337,112268422,0.8617582640665645
6337,649946,0.750579581832317,false,6337,649946,0.750579581832317
6337,259294,0.8569584959045583,false,6337,259294,0.8569584959045583
6337,79740,0.9878222640470139,false,6337,79740,0.9878222640470139
6337,2266,0.8839652242437892,false,6337,2266,0.8839652242437892
6337,745,0.9192804041781516,false,6337,745,0.9192804041781516
6337,440352,0.9261453569835336,false,6337,440352,0.9261453569835336
400578,94025,0.994083829550301,false,400578,94025,0.994083829550301
400578,728276,0.9733420754510899,false,400578,728276,0.9733420754510899
400578,101927516,0.7430572115230957,false,400578,101927516,0.7430572115230957
400578,5545,0.9972329592231223,false,400578,5545,0.9972329592231223
400578,727897,0.9954088243715311,false,400578,727897,0.9954088243715311
400578,54848,0.8302018240986199,false,400578,54848,0.8302018240986199
400578,79632,0.7813631301095341,false,400578,79632,0.7813631301095341
400578,4585,0.8078868570120019,false,400578,4585,0.8078868570120019
400578,1767,0.9179852478570244,false,400578,1767,0.9179852478570244
400578,1604,0.8423467732813439,false,400578,1604,0.8423467732813439
400578,117156,0.8766384846530283,false,400578,117156,0.8766384846530283
400578,195814,0.9327685713544718,false,400578,195814,0.9327685713544718
400578,140766,0.7781389038003812,false,400578,140766,0.7781389038003812
400578,105,0.9941015920926777,false,400578,105,0.9941015920926777
400578,84059,0.717415950630144,false,400578,84059,0.717415950630144
400578,6097,0.7160257394382423,false,400578,6097,0.7160257394382423
400578,120892,0.7963398444982499,false,400578,120892,0.7963398444982499
400578,4057,0.9977958195949503,false,400578,4057,0.9977958195949503
400578,220136,0.9718447885875157,false,400578,220136,0.9718447885875157
400578,112577518,0.9994309568702663,false,400578,112577518,0.9994309568702663
400578,9370,0.9999029915828503,false,400578,9370,0.9999029915828503
400578,693188,0.8605099958273138,false,400578,693188,0.8605099958273138
400578,389376,0.8387338591041886,false,400578,389376,0.8387338591041886
400578,6799,0.9647884693923277,false,400578,6799,0.9647884693923277
400578,353189,0.9385136712978224,false,400578,353189,0.9385136712978224
400578,563,0.9997426373263401,false,400578,563,0.9997426373263401
400578,84851,0.8093351081777823,false,400578,84851,0.8093351081777823
400578,4069,0.9437163082981873,false,400578,4069,0.9437163082981873
400578,1080,0.7800201234674998,false,400578,1080,0.7800201234674998
400578,123872,0.8340144949725546,false,400578,123872,0.8340144949725546
400578,105372793,0.9672873096971857,false,400578,105372793,0.9672873096971857
400578,100874095,0.9999029915828503,false,400578,100874095,0.9999029915828503
400578,729238,0.7666860176127696,false,400578,729238,0.7666860176127696
400578,26298,0.9680486825604598,false,400578,26298,0.9680486825604598
400578,100033436,0.983566492630133,false,400578,100033436,0.983566492630133
93517,388633,0.9875526035578028,false,93517,388633,0.9875526035578028
93517,11185,0.8545766110191824,false,93517,11185,0.8545766110191824
93517,10586,0.9568449236169007,false,93517,10586,0.9568449236169007
93517,2125,0.9042517032138186,false,93517,2125,0.9042517032138186
93517,3780,0.9711059718117456,false,93517,3780,0.9711059718117456
93517,163479,0.8671191922059741,false,93517,163479,0.8671191922059741
93517,84867,0.8471674630184511,false,93517,84867,0.8471674630184511
93517,128218,0.7303640004778457,false,93517,128218,0.7303640004778457
93517,5349,0.9881559039441448,false,93517,5349,0.9881559039441448
93517,113219467,0.8108820292534649,false,93517,113219467,0.8108820292534649
93517,26797,0.9289904420269622,false,93517,26797,0.9289904420269622
93517,692209,0.8706650522621349,false,93517,692209,0.8706650522621349
93517,4861,0.97451266392041,false,93517,4861,0.97451266392041
93517,21,0.724172574166137,false,93517,21,0.724172574166137
93517,284434,0.9249067914031541,false,93517,284434,0.9249067914031541
93517,9052,0.7014053665196568,false,93517,9052,0.7014053665196568
93517,100423031,0.9979036539915623,false,93517,100423031,0.9979036539915623
93517,79098,0.8307793827929345,false,93517,79098,0.8307793827929345
93517,1515,0.7601881583619402,false,93517,1515,0.7601881583619402
93517,165186,0.8764504596236941,false,93517,165186,0.8764504596236941
5284,619383,0.7109812818819325,false,5284,619383,0.7109812818819325
5284,89765,0.9159322654496744,false,5284,89765,0.9159322654496744
5284,278,0.9108902844181233,false,5284,278,0.9108902844181233
5284,116844,0.7615023626891961,false,5284,116844,0.7615023626891961
5284,688,0.9806710121228776,false,5284,688,0.9806710121228776
5284,6101,0.8551187085656684,false,5284,6101,0.8551187085656684
5284,378938,0.7059387572921938,false,5284,378938,0.7059387572921938
5284,1152,0.7076072947159144,false,5284,1152,0.7076072947159144
5284,27074,0.9382090742123647,false,5284,27074,0.9382090742123647
5284,79632,0.9179034664422935,false,5284,79632,0.9179034664422935
5284,4585,0.9537405991870016,false,5284,4585,0.9537405991870016
5284,1767,0.8690622595797085,false,5284,1767,0.8690622595797085
5284,7113,0.7649932165864678,false,5284,7113,0.7649932165864678
5284,222256,0.874729632006471,false,5284,222256,0.874729632006471
5284,1604,0.7210050218200165,false,5284,1604,0.7210050218200165
5284,26084,0.7727330209700642,false,5284,26084,0.7727330209700642
5284,647024,0.8259451327966949,false,5284,647024,0.8259451327966949
5284,151531,0.7331079476849577,false,5284,151531,0.7331079476849577
5284,201625,0.9318101033059482,false,5284,201625,0.9318101033059482
5284,1043,0.9903683550301584,false,5284,1043,0.9903683550301584
5284,692058,0.7473346213183865,false,5284,692058,0.7473346213183865
5284,276,0.9513077550284548,false,5284,276,0.9513077550284548
5284,168374,0.7645054668653936,false,5284,168374,0.7645054668653936
5284,83481,0.8012378670940479,false,5284,83481,0.8012378670940479
5284,645843,0.7641631219436699,false,5284,645843,0.7641631219436699
5284,2122,0.7343224845698505,false,5284,2122,0.7343224845698505
5284,84059,0.8641662073473563,false,5284,84059,0.8641662073473563
5284,1579,0.927145385973043,false,5284,1579,0.927145385973043
5284,57477,0.7625165683919932,false,5284,57477,0.7625165683919932
5284,80004,0.8885959006149746,false,5284,80004,0.8885959006149746
5284,121512,0.7293598574581386,false,5284,121512,0.7293598574581386
5284,120892,0.8916486462817432,false,5284,120892,0.8916486462817432
5284,123624,0.7698863626835167,false,5284,123624,0.7698863626835167
5284,84239,0.7814143179540904,false,5284,84239,0.7814143179540904
5284,353189,0.8534311887832029,false,5284,353189,0.8534311887832029
5284,2065,0.8000366153844553,false,5284,2065,0.8000366153844553
5284,1513,0.7264747677959982,false,5284,1513,0.7264747677959982
5284,84851,0.9149204291051223,false,5284,84851,0.9149204291051223
5284,780,0.7781567266181082,false,5284,780,0.7781567266181082
5284,3880,0.917849395032608,false,5284,3880,0.917849395032608
5284,26769,0.8168666261624197,false,5284,26769,0.8168666261624197
5284,100129460,0.9166822556426787,false,5284,100129460,0.9166822556426787
5284,4069,0.8434732400469811,false,5284,4069,0.8434732400469811
5284,1080,0.8515499465891039,false,5284,1080,0.8515499465891039
5284,1286,0.8862072904699799,false,5284,1286,0.8862072904699799
5284,79784,0.7653458545340701,false,5284,79784,0.7653458545340701
5284,153643,0.8511554404603466,false,5284,153643,0.8511554404603466
5284,144535,0.8444197383883983,false,5284,144535,0.8444197383883983
5284,649946,0.7430340010413676,false,5284,649946,0.7430340010413676
5284,79740,0.7524013217197075,false,5284,79740,0.7524013217197075
5284,26298,0.7590626076761068,false,5284,26298,0.7590626076761068
388327,100996506,0.7317904200310145,false,388327,100996506,0.7317904200310145
388327,100505495,0.7173894417929533,false,388327,100505495,0.7173894417929533
388327,100820829,0.719234597870221,false,388327,100820829,0.719234597870221
388327,55282,0.707056667016252,false,388327,55282,0.707056667016252
94025,728276,0.9608591075482881,false,94025,728276,0.9608591075482881
94025,101927516,0.7941597775439962,false,94025,101927516,0.7941597775439962
94025,5545,0.9988732102411063,false,94025,5545,0.9988732102411063
94025,727897,0.9966460931109132,false,94025,727897,0.9966460931109132
94025,54848,0.8272638364957693,false,94025,54848,0.8272638364957693
94025,79632,0.8436144016658823,false,94025,79632,0.8436144016658823
94025,4585,0.8549220933501662,false,94025,4585,0.8549220933501662
94025,1767,0.9465800430874081,false,94025,1767,0.9465800430874081
94025,1604,0.8538336129108879,false,94025,1604,0.8538336129108879
94025,117156,0.8641830966894708,false,94025,117156,0.8641830966894708
94025,195814,0.922097191854548,false,94025,195814,0.922097191854548
94025,1043,0.731207652868149,false,94025,1043,0.731207652868149
94025,140766,0.7465347511856645,false,94025,140766,0.7465347511856645
94025,105,0.988763794353207,false,94025,105,0.988763794353207
94025,84059,0.7815128615324131,false,94025,84059,0.7815128615324131
94025,57477,0.7468106414756286,false,94025,57477,0.7468106414756286
94025,6097,0.7005669381952552,false,94025,6097,0.7005669381952552
94025,120892,0.8512875078788328,false,94025,120892,0.8512875078788328
94025,4057,0.9931878585760957,false,94025,4057,0.9931878585760957
94025,220136,0.9454020506388784,false,94025,220136,0.9454020506388784
94025,112577518,0.9920419459176613,false,94025,112577518,0.9920419459176613
94025,9370,0.9951462592476182,false,94025,9370,0.9951462592476182
94025,693188,0.8658372806272251,false,94025,693188,0.8658372806272251
94025,389376,0.8153649980562738,false,94025,389376,0.8153649980562738
94025,6799,0.951319467661228,false,94025,6799,0.951319467661228
94025,353189,0.962477467998979,false,94025,353189,0.962477467998979
94025,563,0.991647442578874,false,94025,563,0.991647442578874
94025,84851,0.8660181284439137,false,94025,84851,0.8660181284439137
94025,4069,0.9698585414364913,false,94025,4069,0.9698585414364913
94025,1080,0.8375370178102517,false,94025,1080,0.8375370178102517
94025,123872,0.8255356104169915,false,94025,123872,0.8255356104169915
94025,1286,0.7415430051850226,false,94025,1286,0.7415430051850226
94025,105372793,0.9648541553871731,false,94025,105372793,0.9648541553871731
94025,100874095,0.9951462592476182,false,94025,100874095,0.9951462592476182
94025,729238,0.7533697786174081,false,94025,729238,0.7533697786174081
94025,144535,0.7305346148609446,false,94025,144535,0.7305346148609446
94025,26298,0.9762977210467862,false,94025,26298,0.9762977210467862
94025,100033436,0.9686283249844162,false,94025,100033436,0.9686283249844162
57669,619383,0.9318653274129942,false,57669,619383,0.9318653274129942
57669,89765,0.7599986155097228,false,57669,89765,0.7599986155097228
57669,57111,0.9332925908600086,false,57669,57111,0.9332925908600086
57669,278,0.7959944661527262,false,57669,278,0.7959944661527262
57669,116844,0.9129711011382184,false,57669,116844,0.9129711011382184
57669,10129,0.9407996607876549,false,57669,10129,0.9407996607876549
57669,4586,0.9245656724764586,false,57669,4586,0.9245656724764586
57669,100158262,0.8807245456355927,false,57669,100158262,0.8807245456355927
57669,10551,0.931617971434247,false,57669,10551,0.931617971434247
57669,130271,0.8441820296253385,false,57669,130271,0.8441820296253385
57669,6101,0.7565403395907841,false,57669,6101,0.7565403395907841
57669,378938,0.9379425245992358,false,57669,378938,0.9379425245992358
57669,54897,0.9785180089086923,false,57669,54897,0.9785180089086923
57669,117155,0.9358449979205936,false,57669,117155,0.9358449979205936
57669,112268155,0.9482821240604719,false,57669,112268155,0.9482821240604719
57669,1152,0.9354552014671935,false,57669,1152,0.9354552014671935
57669,79083,0.9470321508877276,false,57669,79083,0.9470321508877276
57669,66002,0.9260484835548822,false,57669,66002,0.9260484835548822
57669,1556,0.9600224041728492,false,57669,1556,0.9600224041728492
57669,22996,0.9277278692329285,false,57669,22996,0.9277278692329285
57669,55930,0.9318842538781863,false,57669,55930,0.9318842538781863
57669,7620,0.7639719215433264,false,57669,7620,0.7639719215433264
57669,7113,0.9244117961415237,false,57669,7113,0.9244117961415237
57669,54861,0.9820283031411656,false,57669,54861,0.9820283031411656
57669,222256,0.8601484587145464,false,57669,222256,0.8601484587145464
57669,105180391,0.9722714230210567,false,57669,105180391,0.9722714230210567
57669,100529240,0.947505482767809,false,57669,100529240,0.947505482767809
57669,54,0.7314373666936139,false,57669,54,0.7314373666936139
57669,113218482,0.9247083759912412,false,57669,113218482,0.9247083759912412
57669,647024,0.8906612196773794,false,57669,647024,0.8906612196773794
57669,255928,0.9032483219188862,false,57669,255928,0.9032483219188862
57669,151531,0.8878309347149504,false,57669,151531,0.8878309347149504
57669,8537,0.8210460325790332,false,57669,8537,0.8210460325790332
57669,10018,0.9218966938899009,false,57669,10018,0.9218966938899009
57669,115019,0.9300951505086051,false,57669,115019,0.9300951505086051
57669,201625,0.8476996295039646,false,57669,201625,0.8476996295039646
57669,105180390,0.9684697864791059,false,57669,105180390,0.9684697864791059
57669,692058,0.9064631044542109,false,57669,692058,0.9064631044542109
57669,276,0.7392104290302945,false,57669,276,0.7392104290302945
57669,168374,0.924371770274127,false,57669,168374,0.924371770274127
57669,83481,0.899676661142516,false,57669,83481,0.899676661142516
57669,645843,0.9377902086010204,false,57669,645843,0.9377902086010204
57669,143884,0.898666130782399,false,57669,143884,0.898666130782399
57669,1579,0.7554130468515062,false,57669,1579,0.7554130468515062
57669,80004,0.8596702901051839,false,57669,80004,0.8596702901051839
57669,121512,0.9680091580292284,false,57669,121512,0.9680091580292284
57669,3993,0.9175790477981015,false,57669,3993,0.9175790477981015
57669,389852,0.9313482288252958,false,57669,389852,0.9313482288252958
57669,342892,0.9577263063778276,false,57669,342892,0.9577263063778276
57669,164312,0.9408917558903005,false,57669,164312,0.9408917558903005
57669,84239,0.9690987460822093,false,57669,84239,0.9690987460822093
57669,2065,0.9348546933846781,false,57669,2065,0.9348546933846781
57669,57402,0.9246561746679629,false,57669,57402,0.9246561746679629
57669,1513,0.7392198486872033,false,57669,1513,0.7392198486872033
57669,776,0.9002803485770802,false,57669,776,0.9002803485770802
57669,780,0.7997497799276212,false,57669,780,0.7997497799276212
57669,135656,0.9250218965850481,false,57669,135656,0.9250218965850481
57669,3880,0.836632924100932,false,57669,3880,0.836632924100932
57669,94059,0.9466240078375087,false,57669,94059,0.9466240078375087
57669,26769,0.8667018441245006,false,57669,26769,0.8667018441245006
57669,3960,0.9243028641794749,false,57669,3960,0.9243028641794749
57669,7433,0.9490058280963599,false,57669,7433,0.9490058280963599
57669,284323,0.9341205425812632,false,57669,284323,0.9341205425812632
57669,100129460,0.8083020844116262,false,57669,100129460,0.8083020844116262
57669,65217,0.9671649801746794,false,57669,65217,0.9671649801746794
57669,23584,0.957390600778435,false,57669,23584,0.957390600778435
57669,692213,0.9182105252604398,false,57669,692213,0.9182105252604398
57669,153643,0.876377894048116,false,57669,153643,0.876377894048116
57669,112268422,0.9199922733051726,false,57669,112268422,0.9199922733051726
57669,649946,0.814223272817834,false,57669,649946,0.814223272817834
57669,259294,0.9304715108716336,false,57669,259294,0.9304715108716336
57669,79740,0.927003620413891,false,57669,79740,0.927003620413891
57669,2266,0.9549613738079769,false,57669,2266,0.9549613738079769
57669,745,0.9433936886682546,false,57669,745,0.9433936886682546
57669,440352,0.891602454489081,false,57669,440352,0.891602454489081
619383,89765,0.8121751537176157,false,619383,89765,0.8121751537176157
619383,57111,0.9821271768358794,false,619383,57111,0.9821271768358794
619383,278,0.9203748508424198,false,619383,278,0.9203748508424198
619383,116844,0.984712969739135,false,619383,116844,0.984712969739135
619383,10129,0.9952369551012394,false,619383,10129,0.9952369551012394
619383,4586,0.9731391932784401,false,619383,4586,0.9731391932784401
619383,100158262,0.9618071940892036,false,619383,100158262,0.9618071940892036
619383,10551,0.9812601993024754,false,619383,10551,0.9812601993024754
619383,688,0.7488860688675351,false,619383,688,0.7488860688675351
619383,378938,0.9984963482609654,false,619383,378938,0.9984963482609654
619383,54897,0.8694581730299868,false,619383,54897,0.8694581730299868
619383,285,0.7888091996217037,false,619383,285,0.7888091996217037
619383,117155,0.959295709603964,false,619383,117155,0.959295709603964
619383,112268155,0.988901114773629,false,619383,112268155,0.988901114773629
619383,1152,0.9687705755902978,false,619383,1152,0.9687705755902978
619383,79083,0.9786795490976296,false,619383,79083,0.9786795490976296
619383,66002,0.9654554907784689,false,619383,66002,0.9654554907784689
619383,1556,0.9758928099039609,false,619383,1556,0.9758928099039609
619383,22996,0.9638070009357016,false,619383,22996,0.9638070009357016
619383,55930,0.9644037330735832,false,619383,55930,0.9644037330735832
619383,7620,0.8728012796146505,false,619383,7620,0.8728012796146505
619383,7113,0.9776342742081856,false,619383,7113,0.9776342742081856
619383,54861,0.9701513055559318,false,619383,54861,0.9701513055559318
619383,222256,0.9602759229210054,false,619383,222256,0.9602759229210054
619383,105180391,0.9837624411237678,false,619383,105180391,0.9837624411237678
619383,100529240,0.9909988882805161,false,619383,100529240,0.9909988882805161
619383,113218482,0.9689913618670972,false,619383,113218482,0.9689913618670972
619383,647024,0.9596075184257108,false,619383,647024,0.9596075184257108
619383,255928,0.9522876964993843,false,619383,255928,0.9522876964993843
619383,151531,0.9471844504889079,false,619383,151531,0.9471844504889079
619383,8537,0.9520149103279087,false,619383,8537,0.9520149103279087
619383,10018,0.9796840322104602,false,619383,10018,0.9796840322104602
619383,115019,0.9731795808255514,false,619383,115019,0.9731795808255514
619383,201625,0.8688409331944787,false,619383,201625,0.8688409331944787
619383,105180390,0.9874682658848338,false,619383,105180390,0.9874682658848338
619383,1043,0.7003060302069513,false,619383,1043,0.7003060302069513
619383,692058,0.9935722309499131,false,619383,692058,0.9935722309499131
619383,276,0.8666522522726922,false,619383,276,0.8666522522726922
619383,168374,0.9966338751525055,false,619383,168374,0.9966338751525055
619383,83481,0.9626714985937668,false,619383,83481,0.9626714985937668
619383,645843,0.9956149720122341,false,619383,645843,0.9956149720122341
619383,143884,0.9541398752790149,false,619383,143884,0.9541398752790149
619383,1579,0.7452569591582824,false,619383,1579,0.7452569591582824
619383,80004,0.907376511363582,false,619383,80004,0.907376511363582
619383,121512,0.9564150375529624,false,619383,121512,0.9564150375529624
619383,3993,0.912711437796735,false,619383,3993,0.912711437796735
619383,389852,0.9814261813826028,false,619383,389852,0.9814261813826028
619383,342892,0.9745156427923731,false,619383,342892,0.9745156427923731
619383,164312,0.9542938344273911,false,619383,164312,0.9542938344273911
619383,84239,0.9629550570450067,false,619383,84239,0.9629550570450067
619383,2065,0.9778507763728882,false,619383,2065,0.9778507763728882
619383,57402,0.8395771602956985,false,619383,57402,0.8395771602956985
619383,1513,0.8371040823262036,false,619383,1513,0.8371040823262036
619383,776,0.8475846491815058,false,619383,776,0.8475846491815058
619383,780,0.8752070834962687,false,619383,780,0.8752070834962687
619383,135656,0.9721706244717063,false,619383,135656,0.9721706244717063
619383,3880,0.8754323103467597,false,619383,3880,0.8754323103467597
619383,94059,0.9854539581788923,false,619383,94059,0.9854539581788923
619383,26769,0.9798783105686988,false,619383,26769,0.9798783105686988
619383,3960,0.9706680591107287,false,619383,3960,0.9706680591107287
619383,7433,0.8331549478965671,false,619383,7433,0.8331549478965671
619383,284323,0.9676537743908348,false,619383,284323,0.9676537743908348
619383,100129460,0.8948803852756381,false,619383,100129460,0.8948803852756381
619383,65217,0.8700682378515188,false,619383,65217,0.8700682378515188
619383,23584,0.9418105097748999,false,619383,23584,0.9418105097748999
619383,692213,0.9748878812737827,false,619383,692213,0.9748878812737827
619383,153643,0.9610003591071621,false,619383,153643,0.9610003591071621
619383,112268422,0.9701870393301496,false,619383,112268422,0.9701870393301496
619383,649946,0.8454566791100728,false,619383,649946,0.8454566791100728
619383,259294,0.975431372744239,false,619383,259294,0.975431372744239
619383,79740,0.9031020365230522,false,619383,79740,0.9031020365230522
619383,2266,0.9726228445269286,false,619383,2266,0.9726228445269286
619383,745,0.968798797269567,false,619383,745,0.968798797269567
619383,440352,0.870704118877154,false,619383,440352,0.870704118877154
89765,57111,0.8506120068798795,false,89765,57111,0.8506120068798795
89765,278,0.8860166972533905,false,89765,278,0.8860166972533905
89765,116844,0.8896425063997068,false,89765,116844,0.8896425063997068
89765,10129,0.7938808223149101,false,89765,10129,0.7938808223149101
89765,4586,0.8019940804164268,false,89765,4586,0.8019940804164268
89765,10551,0.8231064243162752,false,89765,10551,0.8231064243162752
89765,688,0.8909992670555605,false,89765,688,0.8909992670555605
89765,6101,0.7889748786413918,false,89765,6101,0.7889748786413918
89765,378938,0.8056185224104104,false,89765,378938,0.8056185224104104
89765,117155,0.7824789272526671,false,89765,117155,0.7824789272526671
89765,112268155,0.8324768303487479,false,89765,112268155,0.8324768303487479
89765,1152,0.7887967338867524,false,89765,1152,0.7887967338867524
89765,27074,0.845936067981561,false,89765,27074,0.845936067981561
89765,79083,0.7936663887870278,false,89765,79083,0.7936663887870278
89765,66002,0.8097038871607798,false,89765,66002,0.8097038871607798
89765,1556,0.8443851947445065,false,89765,1556,0.8443851947445065
89765,79632,0.7227958350293185,false,89765,79632,0.7227958350293185
89765,4585,0.7836109198003699,false,89765,4585,0.7836109198003699
89765,22996,0.8631578815634992,false,89765,22996,0.8631578815634992
89765,55930,0.8466347344358919,false,89765,55930,0.8466347344358919
89765,7113,0.902546724629572,false,89765,7113,0.902546724629572
89765,54861,0.7824276893518474,false,89765,54861,0.7824276893518474
89765,222256,0.911917776144438,false,89765,222256,0.911917776144438
89765,105180391,0.7950535877627631,false,89765,105180391,0.7950535877627631
89765,26084,0.8247610017217315,false,89765,26084,0.8247610017217315
89765,100529240,0.8149141611781014,false,89765,100529240,0.8149141611781014
89765,113218482,0.817017531568121,false,89765,113218482,0.817017531568121
89765,647024,0.9390487475494418,false,89765,647024,0.9390487475494418
89765,255928,0.7928058158519864,false,89765,255928,0.7928058158519864
89765,151531,0.901223430947386,false,89765,151531,0.901223430947386
89765,8537,0.7215883803156266,false,89765,8537,0.7215883803156266
89765,10018,0.8077433345334899,false,89765,10018,0.8077433345334899
89765,115019,0.8210158881584924,false,89765,115019,0.8210158881584924
89765,201625,0.9126600759904523,false,89765,201625,0.9126600759904523
89765,105180390,0.8085186417224218,false,89765,105180390,0.8085186417224218
89765,1043,0.8750567227996819,false,89765,1043,0.8750567227996819
89765,692058,0.8580151837730122,false,89765,692058,0.8580151837730122
89765,276,0.8912835112453158,false,89765,276,0.8912835112453158
89765,168374,0.850516919680832,false,89765,168374,0.850516919680832
89765,83481,0.9198470101025282,false,89765,83481,0.9198470101025282
89765,645843,0.8575762279795129,false,89765,645843,0.8575762279795129
89765,84059,0.7093549388490245,false,89765,84059,0.7093549388490245
89765,1579,0.8347820347348321,false,89765,1579,0.8347820347348321
89765,80004,0.9804847726945091,false,89765,80004,0.9804847726945091
89765,121512,0.8673263440221337,false,89765,121512,0.8673263440221337
89765,3993,0.8556172698929391,false,89765,3993,0.8556172698929391
89765,389852,0.8246527083667857,false,89765,389852,0.8246527083667857
89765,342892,0.7077299389055463,false,89765,342892,0.7077299389055463
89765,164312,0.8536213336492111,false,89765,164312,0.8536213336492111
89765,84239,0.8769050654855599,false,89765,84239,0.8769050654855599
89765,2065,0.908631418656447,false,89765,2065,0.908631418656447
89765,57402,0.7698163602559183,false,89765,57402,0.7698163602559183
89765,780,0.9248720890298769,false,89765,780,0.9248720890298769
89765,135656,0.7982866921638143,false,89765,135656,0.7982866921638143
89765,3880,0.9657912667611629,false,89765,3880,0.9657912667611629
89765,94059,0.8133460581343415,false,89765,94059,0.8133460581343415
89765,26769,0.8759314009002711,false,89765,26769,0.8759314009002711
89765,3960,0.7985157606790396,false,89765,3960,0.7985157606790396
89765,284323,0.7313970722897776,false,89765,284323,0.7313970722897776
89765,100129460,0.86929402921666,false,89765,100129460,0.86929402921666
89765,1286,0.7004429699325967,false,89765,1286,0.7004429699325967
89765,23584,0.761433668756771,false,89765,23584,0.761433668756771
89765,692213,0.8299449198175188,false,89765,692213,0.8299449198175188
89765,79784,0.7537490897775067,false,89765,79784,0.7537490897775067
89765,153643,0.938216556175949,false,89765,153643,0.938216556175949
89765,144535,0.7256598343172794,false,89765,144535,0.7256598343172794
89765,112268422,0.7834216508769883,false,89765,112268422,0.7834216508769883
89765,259294,0.7515106035266008,false,89765,259294,0.7515106035266008
89765,79740,0.8762912030791913,false,89765,79740,0.8762912030791913
89765,2266,0.7928899072675988,false,89765,2266,0.7928899072675988
89765,745,0.840090013722192,false,89765,745,0.840090013722192
89765,440352,0.7845577104899306,false,89765,440352,0.7845577104899306
388633,340596,0.800369082544338,false,388633,340596,0.800369082544338
388633,11185,0.8148072260421497,false,388633,11185,0.8148072260421497
388633,10586,0.9471362218984677,false,388633,10586,0.9471362218984677
388633,2125,0.9015827748980255,false,388633,2125,0.9015827748980255
388633,3780,0.9539574655296474,false,388633,3780,0.9539574655296474
388633,163479,0.9342540362001441,false,388633,163479,0.9342540362001441
388633,84867,0.894500482103387,false,388633,84867,0.894500482103387
388633,5349,0.9668863040904145,false,388633,5349,0.9668863040904145
388633,113219467,0.8471137605186381,false,388633,113219467,0.8471137605186381
388633,26797,0.9660222664458479,false,388633,26797,0.9660222664458479
388633,692209,0.9343811856982608,false,388633,692209,0.9343811856982608
388633,4861,0.9907636569800633,false,388633,4861,0.9907636569800633
388633,284434,0.8816807964206792,false,388633,284434,0.8816807964206792
388633,56955,0.7903428297522952,false,388633,56955,0.7903428297522952
388633,100423031,0.9888146093140044,false,388633,100423031,0.9888146093140044
388633,79098,0.777463847049006,false,388633,79098,0.777463847049006
388633,1515,0.8418213823570693,false,388633,1515,0.8418213823570693
388633,165186,0.9208594333107484,false,388633,165186,0.9208594333107484
109729184,79148,0.7283320060815767,false,109729184,79148,0.7283320060815767
109729184,101927516,0.908406596785628,false,109729184,101927516,0.908406596785628
109729184,54848,0.7419519351947784,false,109729184,54848,0.7419519351947784
109729184,140766,0.7660713282159135,false,109729184,140766,0.7660713282159135
109729184,105,0.7052412719154042,false,109729184,105,0.7052412719154042
109729184,9411,0.8455008469817376,false,109729184,9411,0.8455008469817376
109729184,57477,0.707970073631276,false,109729184,57477,0.707970073631276
109729184,9771,0.7346106361317988,false,109729184,9771,0.7346106361317988
109729184,693188,0.8969970329867731,false,109729184,693188,0.8969970329867731
109729184,10203,0.8513807045325126,false,109729184,10203,0.8513807045325126
109729184,105372793,0.8054835338426817,false,109729184,105372793,0.8054835338426817
57111,278,0.879141640608969,false,57111,278,0.879141640608969
57111,116844,0.9924918142963813,false,57111,116844,0.9924918142963813
57111,10129,0.9906631074239469,false,57111,10129,0.9906631074239469
57111,4586,0.9950101742765388,false,57111,4586,0.9950101742765388
57111,100158262,0.9627035843769253,false,57111,100158262,0.9627035843769253
57111,10551,0.9984688278106354,false,57111,10551,0.9984688278106354
57111,688,0.7168218765905091,false,57111,688,0.7168218765905091
57111,378938,0.9772419609073478,false,57111,378938,0.9772419609073478
57111,54897,0.890489123891679,false,57111,54897,0.890489123891679
57111,117155,0.9881975374928194,false,57111,117155,0.9881975374928194
57111,112268155,0.9930161793212129,false,57111,112268155,0.9930161793212129
57111,1152,0.9532133261065526,false,57111,1152,0.9532133261065526
57111,79083,0.9941481551324222,false,57111,79083,0.9941481551324222
57111,66002,0.9945082751970126,false,57111,66002,0.9945082751970126
57111,1556,0.9951400672063694,false,57111,1556,0.9951400672063694
57111,22996,0.994413630052359,false,57111,22996,0.994413630052359
57111,55930,0.9937577061027654,false,57111,55930,0.9937577061027654
57111,7620,0.8315842234128235,false,57111,7620,0.8315842234128235
57111,7113,0.9931908425776272,false,57111,7113,0.9931908425776272
57111,54861,0.9448853518144493,false,57111,54861,0.9448853518144493
57111,222256,0.9404466039035494,false,57111,222256,0.9404466039035494
57111,105180391,0.9855434763257999,false,57111,105180391,0.9855434763257999
57111,100529240,0.9961296639625883,false,57111,100529240,0.9961296639625883
57111,113218482,0.9958848171289632,false,57111,113218482,0.9958848171289632
57111,647024,0.9752912359490036,false,57111,647024,0.9752912359490036
57111,255928,0.9862263759093478,false,57111,255928,0.9862263759093478
57111,151531,0.9746406389923031,false,57111,151531,0.9746406389923031
57111,8537,0.9538119165367817,false,57111,8537,0.9538119165367817
57111,10018,0.996434635260398,false,57111,10018,0.996434635260398
57111,115019,0.997373884358936,false,57111,115019,0.997373884358936
57111,201625,0.843937432135517,false,57111,201625,0.843937432135517
57111,105180390,0.9890928323727382,false,57111,105180390,0.9890928323727382
57111,692058,0.9883994487517658,false,57111,692058,0.9883994487517658
57111,276,0.8207704341203474,false,57111,276,0.8207704341203474
57111,168374,0.9784294628270516,false,57111,168374,0.9784294628270516
57111,83481,0.9800164732615293,false,57111,83481,0.9800164732615293
57111,645843,0.9827146325099849,false,57111,645843,0.9827146325099849
57111,143884,0.9420648604057842,false,57111,143884,0.9420648604057842
57111,80004,0.9270394027117687,false,57111,80004,0.9270394027117687
57111,121512,0.9639321728166659,false,57111,121512,0.9639321728166659
57111,3993,0.9678767447064113,false,57111,3993,0.9678767447064113
57111,389852,0.9982447626870243,false,57111,389852,0.9982447626870243
57111,342892,0.9641144682716922,false,57111,342892,0.9641144682716922
57111,164312,0.9897305428025814,false,57111,164312,0.9897305428025814
57111,84239,0.9606413241940739,false,57111,84239,0.9606413241940739
57111,2065,0.9830793535412312,false,57111,2065,0.9830793535412312
57111,57402,0.8963859624909652,false,57111,57402,0.8963859624909652
57111,1513,0.7262262187427633,false,57111,1513,0.7262262187427633
57111,776,0.8119358397768223,false,57111,776,0.8119358397768223
57111,780,0.9266654121302482,false,57111,780,0.9266654121302482
57111,135656,0.9943823780471674,false,57111,135656,0.9943823780471674
57111,3880,0.8882236391476385,false,57111,3880,0.8882236391476385
57111,94059,0.9968639785528665,false,57111,94059,0.9968639785528665
57111,26769,0.9584657882676185,false,57111,26769,0.9584657882676185
57111,3960,0.99418470464262,false,57111,3960,0.99418470464262
57111,7433,0.8759512604448322,false,57111,7433,0.8759512604448322
57111,284323,0.9803306398636931,false,57111,284323,0.9803306398636931
57111,100129460,0.8400180997669915,false,57111,100129460,0.8400180997669915
57111,65217,0.8332110847790286,false,57111,65217,0.8332110847790286
57111,23584,0.9747744906422712,false,57111,23584,0.9747744906422712
57111,692213,0.9976415128278121,false,57111,692213,0.9976415128278121
57111,153643,0.9637757125756098,false,57111,153643,0.9637757125756098
57111,112268422,0.9916713530603684,false,57111,112268422,0.9916713530603684
57111,649946,0.7450384323211754,false,57111,649946,0.7450384323211754
57111,259294,0.986104792224925,false,57111,259294,0.986104792224925
57111,79740,0.9316293606349758,false,57111,79740,0.9316293606349758
57111,2266,0.9882494040612722,false,57111,2266,0.9882494040612722
57111,745,0.9968310977055796,false,57111,745,0.9968310977055796
57111,440352,0.9250442378188416,false,57111,440352,0.9250442378188416
278,116844,0.9250215176360427,false,278,116844,0.9250215176360427
278,10129,0.8827292060777371,false,278,10129,0.8827292060777371
278,4586,0.8360298194495172,false,278,4586,0.8360298194495172
278,100158262,0.8028213116483839,false,278,100158262,0.8028213116483839
278,10551,0.8603525887809007,false,278,10551,0.8603525887809007
278,688,0.9434074231735688,false,278,688,0.9434074231735688
278,6101,0.8043126492525975,false,278,6101,0.8043126492525975
278,378938,0.9145854146263638,false,278,378938,0.9145854146263638
278,285,0.8009479847710876,false,278,285,0.8009479847710876
278,117155,0.7989493703183873,false,278,117155,0.7989493703183873
278,112268155,0.8809710245825436,false,278,112268155,0.8809710245825436
278,1152,0.902543756701973,false,278,1152,0.902543756701973
278,27074,0.8190299053221449,false,278,27074,0.8190299053221449
278,79083,0.8386360463569311,false,278,79083,0.8386360463569311
278,66002,0.8279278308744289,false,278,66002,0.8279278308744289
278,1556,0.8651094247687894,false,278,1556,0.8651094247687894
278,79632,0.7705503640747474,false,278,79632,0.7705503640747474
278,4585,0.8208822153462402,false,278,4585,0.8208822153462402
278,22996,0.8650210139214962,false,278,22996,0.8650210139214962
278,55930,0.856569817807094,false,278,55930,0.856569817807094
278,7620,0.7328296595879568,false,278,7620,0.7328296595879568
278,7113,0.9157321467382897,false,278,7113,0.9157321467382897
278,54861,0.8810629379075566,false,278,54861,0.8810629379075566
278,222256,0.988066524790832,false,278,222256,0.988066524790832
278,105180391,0.8535996094054058,false,278,105180391,0.8535996094054058
278,100529240,0.8761587073205698,false,278,100529240,0.8761587073205698
278,113218482,0.8352551535467089,false,278,113218482,0.8352551535467089
278,647024,0.940319084233357,false,278,647024,0.940319084233357
278,255928,0.7999808198377835,false,278,255928,0.7999808198377835
278,151531,0.8720336231615805,false,278,151531,0.8720336231615805
278,8537,0.8364144050766014,false,278,8537,0.8364144050766014
278,10018,0.8545531445332576,false,278,10018,0.8545531445332576
278,115019,0.8440800206057232,false,278,115019,0.8440800206057232
278,201625,0.9513480448979507,false,278,201625,0.9513480448979507
278,105180390,0.8668204243518755,false,278,105180390,0.8668204243518755
278,1043,0.9046044811529019,false,278,1043,0.9046044811529019
278,692058,0.9334272988276329,false,278,692058,0.9334272988276329
278,276,0.9917856794890487,false,278,276,0.9917856794890487
278,168374,0.9448659940301178,false,278,168374,0.9448659940301178
278,83481,0.9313530627876965,false,278,83481,0.9313530627876965
278,645843,0.9395750308271767,false,278,645843,0.9395750308271767
278,143884,0.7718028655612263,false,278,143884,0.7718028655612263
278,1579,0.87861796708642,false,278,1579,0.87861796708642
278,80004,0.931381134639371,false,278,80004,0.931381134639371
278,121512,0.8680324251420527,false,278,121512,0.8680324251420527
278,3993,0.7975833272245982,false,278,3993,0.7975833272245982
278,389852,0.8607988203861083,false,278,389852,0.8607988203861083
278,342892,0.8237144179623094,false,278,342892,0.8237144179623094
278,164312,0.8422427826787491,false,278,164312,0.8422427826787491
278,84239,0.9114870236123543,false,278,84239,0.9114870236123543
278,2065,0.936239337830011,false,278,2065,0.936239337830011
278,57402,0.7032761921294449,false,278,57402,0.7032761921294449
278,1513,0.8911161117498614,false,278,1513,0.8911161117498614
278,84851,0.7864961524558275,false,278,84851,0.7864961524558275
278,780,0.8653583749124354,false,278,780,0.8653583749124354
278,135656,0.8324114052288317,false,278,135656,0.8324114052288317
278,3880,0.9381681804444157,false,278,3880,0.9381681804444157
278,94059,0.8610305522772591,false,278,94059,0.8610305522772591
278,26769,0.9727637275289815,false,278,26769,0.9727637275289815
278,3960,0.830152059745652,false,278,3960,0.830152059745652
278,284323,0.8007763301548322,false,278,284323,0.8007763301548322
278,100129460,0.9789828103487535,false,278,100129460,0.9789828103487535
278,65217,0.7524266320525715,false,278,65217,0.7524266320525715
278,1286,0.7550957684775952,false,278,1286,0.7550957684775952
278,23584,0.7698862008777455,false,278,23584,0.7698862008777455
278,692213,0.8606204679281769,false,278,692213,0.8606204679281769
278,153643,0.9607625141324407,false,278,153643,0.9607625141324407
278,112268422,0.8244476654540814,false,278,112268422,0.8244476654540814
278,649946,0.8762630797725692,false,278,649946,0.8762630797725692
278,259294,0.8231656133874586,false,278,259294,0.8231656133874586
278,79740,0.8556441716602559,false,278,79740,0.8556441716602559
278,2266,0.8247332607090144,false,278,2266,0.8247332607090144
278,745,0.8476162137039028,false,278,745,0.8476162137039028
278,440352,0.7498901874876859,false,278,440352,0.7498901874876859
116844,10129,0.9823371955012048,false,116844,10129,0.9823371955012048
116844,4586,0.97828010106854,false,116844,4586,0.97828010106854
116844,100158262,0.9398278029301952,false,116844,100158262,0.9398278029301952
116844,10551,0.9867748389091685,false,116844,10551,0.9867748389091685
116844,688,0.7877452675711036,false,116844,688,0.7877452675711036
116844,378938,0.9807057634002688,false,116844,378938,0.9807057634002688
116844,54897,0.8490212282093457,false,116844,54897,0.8490212282093457
116844,285,0.7062782689539631,false,116844,285,0.7062782689539631
116844,117155,0.964271358557498,false,116844,117155,0.964271358557498
116844,112268155,0.9888463381878969,false,116844,112268155,0.9888463381878969
116844,1152,0.9467926973697901,false,116844,1152,0.9467926973697901
116844,79083,0.9761671630986426,false,116844,79083,0.9761671630986426
116844,66002,0.9751597397080917,false,116844,66002,0.9751597397080917
116844,1556,0.9825057867319056,false,116844,1556,0.9825057867319056
116844,22996,0.9828297989973402,false,116844,22996,0.9828297989973402
116844,55930,0.9789572755591649,false,116844,55930,0.9789572755591649
116844,7620,0.8042616352451087,false,116844,7620,0.8042616352451087
116844,7113,0.9979523337092823,false,116844,7113,0.9979523337092823
116844,54861,0.9418363247205308,false,116844,54861,0.9418363247205308
116844,222256,0.9717551953791728,false,116844,222256,0.9717551953791728
116844,105180391,0.97253071679143,false,116844,105180391,0.97253071679143
116844,100529240,0.986558006237362,false,116844,100529240,0.986558006237362
116844,113218482,0.9797081044206096,false,116844,113218482,0.9797081044206096
116844,647024,0.9908657199767033,false,116844,647024,0.9908657199767033
116844,255928,0.9661699829390934,false,116844,255928,0.9661699829390934
116844,151531,0.982444032780506,false,116844,151531,0.982444032780506
116844,8537,0.9429922359686779,false,116844,8537,0.9429922359686779
116844,10018,0.9827998352638455,false,116844,10018,0.9827998352638455
116844,115019,0.9822779551223757,false,116844,115019,0.9822779551223757
116844,201625,0.8828555230403005,false,116844,201625,0.8828555230403005
116844,105180390,0.9786772296206706,false,116844,105180390,0.9786772296206706
116844,1043,0.7356293959726272,false,116844,1043,0.7356293959726272
116844,692058,0.9963018533511955,false,116844,692058,0.9963018533511955
116844,276,0.8795344392922039,false,116844,276,0.8795344392922039
116844,168374,0.9896200396122596,false,116844,168374,0.9896200396122596
116844,83481,0.9884486943354517,false,116844,83481,0.9884486943354517
116844,645843,0.9905635812927598,false,116844,645843,0.9905635812927598
116844,143884,0.9145722813425591,false,116844,143884,0.9145722813425591
116844,1579,0.751656196064124,false,116844,1579,0.751656196064124
116844,80004,0.9561824884411246,false,116844,80004,0.9561824884411246
116844,121512,0.9655349792525526,false,116844,121512,0.9655349792525526
116844,3993,0.9455553733497454,false,116844,3993,0.9455553733497454
116844,389852,0.9873675304989165,false,116844,389852,0.9873675304989165
116844,342892,0.9406806785880091,false,116844,342892,0.9406806785880091
116844,164312,0.9729689143902069,false,116844,164312,0.9729689143902069
116844,84239,0.9643150556761264,false,116844,84239,0.9643150556761264
116844,2065,0.9923317302874114,false,116844,2065,0.9923317302874114
116844,57402,0.8580746606749061,false,116844,57402,0.8580746606749061
116844,1513,0.7639275695821727,false,116844,1513,0.7639275695821727
116844,776,0.7667841501316311,false,116844,776,0.7667841501316311
116844,780,0.9322790954677885,false,116844,780,0.9322790954677885
116844,135656,0.9767799107232972,false,116844,135656,0.9767799107232972
116844,3880,0.9180291222505218,false,116844,3880,0.9180291222505218
116844,94059,0.9845152062302794,false,116844,94059,0.9845152062302794
116844,26769,0.9830126698115932,false,116844,26769,0.9830126698115932
116844,3960,0.9760509824637125,false,116844,3960,0.9760509824637125
116844,7433,0.8259366498532014,false,116844,7433,0.8259366498532014
116844,284323,0.953705910397301,false,116844,284323,0.953705910397301
116844,100129460,0.8926417236620139,false,116844,100129460,0.8926417236620139
116844,65217,0.8165942188580138,false,116844,65217,0.8165942188580138
116844,23584,0.9417999529509984,false,116844,23584,0.9417999529509984
116844,692213,0.9851615775298918,false,116844,692213,0.9851615775298918
116844,153643,0.9880506394581648,false,116844,153643,0.9880506394581648
116844,112268422,0.9721958339863048,false,116844,112268422,0.9721958339863048
116844,649946,0.7801785601249033,false,116844,649946,0.7801785601249033
116844,259294,0.9641203481032201,false,116844,259294,0.9641203481032201
116844,79740,0.9235178546845635,false,116844,79740,0.9235178546845635
116844,2266,0.9712211881858459,false,116844,2266,0.9712211881858459
116844,745,0.9814294677233415,false,116844,745,0.9814294677233415
116844,440352,0.8913200255111458,false,116844,440352,0.8913200255111458
10129,4586,0.9891368458550994,false,10129,4586,0.9891368458550994
10129,100158262,0.9785974269267396,false,10129,100158262,0.9785974269267396
10129,10551,0.9928561705252357,false,10129,10551,0.9928561705252357
10129,378938,0.9928106119927473,false,10129,378938,0.9928106119927473
10129,54897,0.8932610559047205,false,10129,54897,0.8932610559047205
10129,285,0.7466840111677536,false,10129,285,0.7466840111677536
10129,117155,0.9808737533835425,false,10129,117155,0.9808737533835425
10129,112268155,0.9932682853854472,false,10129,112268155,0.9932682853854472
10129,1152,0.9656043043354696,false,10129,1152,0.9656043043354696
10129,79083,0.9933250910082525,false,10129,79083,0.9933250910082525
10129,66002,0.9837947668983553,false,10129,66002,0.9837947668983553
10129,1556,0.9862168966848338,false,10129,1556,0.9862168966848338
10129,22996,0.9759980599897456,false,10129,22996,0.9759980599897456
10129,55930,0.9781829722450661,false,10129,55930,0.9781829722450661
10129,7620,0.8818203440658348,false,10129,7620,0.8818203440658348
10129,7113,0.9776149738667558,false,10129,7113,0.9776149738667558
10129,54861,0.9641423022035768,false,10129,54861,0.9641423022035768
10129,222256,0.9362516222135887,false,10129,222256,0.9362516222135887
10129,105180391,0.9918902181961098,false,10129,105180391,0.9918902181961098
10129,100529240,0.9982577076492948,false,10129,100529240,0.9982577076492948
10129,113218482,0.9854904281060688,false,10129,113218482,0.9854904281060688
10129,647024,0.952485487831589,false,10129,647024,0.952485487831589
10129,255928,0.9738116216097207,false,10129,255928,0.9738116216097207
10129,151531,0.9504730798159694,false,10129,151531,0.9504730798159694
10129,8537,0.9624667019616104,false,10129,8537,0.9624667019616104
10129,10018,0.9925667452525279,false,10129,10018,0.9925667452525279
10129,115019,0.9881728815163084,false,10129,115019,0.9881728815163084
10129,201625,0.8339849074844058,false,10129,201625,0.8339849074844058
10129,105180390,0.9939678209631454,false,10129,105180390,0.9939678209631454
10129,692058,0.9886490729868431,false,10129,692058,0.9886490729868431
10129,276,0.8197242044901998,false,10129,276,0.8197242044901998
10129,168374,0.9862876986765604,false,10129,168374,0.9862876986765604
10129,83481,0.9593710418291393,false,10129,83481,0.9593710418291393
10129,645843,0.9875613174721445,false,10129,645843,0.9875613174721445
10129,143884,0.97104281094827,false,10129,143884,0.97104281094827
10129,80004,0.8920022560058518,false,10129,80004,0.8920022560058518
10129,121512,0.956144628598435,false,10129,121512,0.956144628598435
10129,3993,0.9348429808193809,false,10129,3993,0.9348429808193809
10129,389852,0.9926288220605444,false,10129,389852,0.9926288220605444
10129,342892,0.9858573429018594,false,10129,342892,0.9858573429018594
10129,164312,0.9699630607354034,false,10129,164312,0.9699630607354034
10129,84239,0.9564326939476192,false,10129,84239,0.9564326939476192
10129,2065,0.971660609529549,false,10129,2065,0.971660609529549
10129,57402,0.8677051948639396,false,10129,57402,0.8677051948639396
10129,1513,0.7890788546978448,false,10129,1513,0.7890788546978448
10129,776,0.8634938524682849,false,10129,776,0.8634938524682849
10129,780,0.8798285529414033,false,10129,780,0.8798285529414033
10129,135656,0.988764374419421,false,10129,135656,0.988764374419421
10129,3880,0.8546757227176937,false,10129,3880,0.8546757227176937
10129,94059,0.995898501571645,false,10129,94059,0.995898501571645
10129,26769,0.9614438635871744,false,10129,26769,0.9614438635871744
10129,3960,0.9878022853302167,false,10129,3960,0.9878022853302167
10129,7433,0.8661088590481664,false,10129,7433,0.8661088590481664
10129,284323,0.9874501531924829,false,10129,284323,0.9874501531924829
10129,100129460,0.850274579353121,false,10129,100129460,0.850274579353121
10129,65217,0.8669958795462326,false,10129,65217,0.8669958795462326
10129,23584,0.9674365483219959,false,10129,23584,0.9674365483219959
10129,692213,0.9876951170459726,false,10129,692213,0.9876951170459726
10129,153643,0.9466228072370118,false,10129,153643,0.9466228072370118
10129,112268422,0.9879728299833712,false,10129,112268422,0.9879728299833712
10129,649946,0.8004513050930245,false,10129,649946,0.8004513050930245
10129,259294,0.9920749623813633,false,10129,259294,0.9920749623813633
10129,79740,0.9072996738719862,false,10129,79740,0.9072996738719862
10129,2266,0.9872628415414181,false,10129,2266,0.9872628415414181
10129,745,0.9834506995950164,false,10129,745,0.9834506995950164
10129,440352,0.8971245452036968,false,10129,440352,0.8971245452036968
3929,105369937,0.997522912221397,false,3929,105369937,0.997522912221397
3929,27022,0.8659111281685149,false,3929,27022,0.8659111281685149
3929,107984498,0.9977005241118554,false,3929,107984498,0.9977005241118554
3929,284111,0.9988304186318111,false,3929,284111,0.9988304186318111
3929,100130701,0.7295117037197704,false,3929,100130701,0.7295117037197704
3929,128674,0.997522912221397,false,3929,128674,0.997522912221397
3929,7780,0.9985082104685598,false,3929,7780,0.9985082104685598
3929,101928580,0.9655790154698559,false,3929,101928580,0.9655790154698559
3929,1028,0.7113026843782536,false,3929,1028,0.7113026843782536
3929,57110,0.9985162276536284,false,3929,57110,0.9985162276536284
3929,646480,0.9915246489072832,false,3929,646480,0.9915246489072832
3929,4606,0.997749481743517,false,3929,4606,0.997749481743517
105369937,27022,0.843942247296767,false,105369937,27022,0.843942247296767
105369937,107984498,0.9996961070084698,false,105369937,107984498,0.9996961070084698
105369937,284111,0.9975427723952813,false,105369937,284111,0.9975427723952813
105369937,128674,1.0,false,105369937,128674,1.0
105369937,7780,0.9986668580669691,false,105369937,7780,0.9986668580669691
105369937,101928580,0.9591390100088379,false,105369937,101928580,0.9591390100088379
105369937,57110,0.9992180153290052,false,105369937,57110,0.9992180153290052
105369937,646480,0.9914332812965841,false,105369937,646480,0.9914332812965841
105369937,4606,0.9997724891059534,false,105369937,4606,0.9997724891059534
387882,102723635,0.8732804703483457,false,387882,102723635,0.8732804703483457
387882,6097,0.7013365564231047,false,387882,6097,0.7013365564231047
387882,5349,0.7337845284255936,false,387882,5349,0.7337845284255936
387882,144571,0.8018611289070932,false,387882,144571,0.8018611289070932
387882,3855,0.7207522288641564,false,387882,3855,0.7207522288641564
79148,6532,0.754060908401099,false,79148,6532,0.754060908401099
79148,100996506,0.7915419055079577,false,79148,100996506,0.7915419055079577
79148,100505495,0.755237225944344,false,79148,100505495,0.755237225944344
79148,57524,0.7190884241663854,false,79148,57524,0.7190884241663854
79148,256076,0.8454940646572994,false,79148,256076,0.8454940646572994
79148,140766,0.7128300564764167,false,79148,140766,0.7128300564764167
79148,9411,0.9263222369049774,false,79148,9411,0.9263222369049774
79148,9771,0.7041978530391715,false,79148,9771,0.7041978530391715
79148,100820829,0.881386147673787,false,79148,100820829,0.881386147673787
79148,10203,0.7776391787220983,false,79148,10203,0.7776391787220983
79148,105373265,0.9830701905814399,false,79148,105373265,0.9830701905814399
79148,9211,0.823364666792119,false,79148,9211,0.823364666792119
79148,55282,0.7001123769588685,false,79148,55282,0.7001123769588685
728276,101927516,0.7077717186008313,false,728276,101927516,0.7077717186008313
728276,102723635,0.8159983504691241,false,728276,102723635,0.8159983504691241
728276,5545,0.9656190183381673,false,728276,5545,0.9656190183381673
728276,727897,0.9554046337436986,false,728276,727897,0.9554046337436986
728276,54848,0.8980596355858045,false,728276,54848,0.8980596355858045
728276,79632,0.729052587549531,false,728276,79632,0.729052587549531
728276,4585,0.7424659331447429,false,728276,4585,0.7424659331447429
728276,1767,0.9077231543133155,false,728276,1767,0.9077231543133155
728276,1604,0.7520939371639339,false,728276,1604,0.7520939371639339
728276,9476,0.830590938776771,false,728276,9476,0.830590938776771
728276,117156,0.958836305008314,false,728276,117156,0.958836305008314
728276,195814,0.9799749120377369,false,728276,195814,0.9799749120377369
728276,140766,0.8209393885142803,false,728276,140766,0.8209393885142803
728276,105,0.9802886596182464,false,728276,105,0.9802886596182464
728276,84059,0.7058365137620679,false,728276,84059,0.7058365137620679
728276,6097,0.8481691876884131,false,728276,6097,0.8481691876884131
728276,120892,0.7950263958424858,false,728276,120892,0.7950263958424858
728276,4057,0.9811412352519225,false,728276,4057,0.9811412352519225
728276,220136,0.9563193366246052,false,728276,220136,0.9563193366246052
728276,112577518,0.9693837664259557,false,728276,112577518,0.9693837664259557
728276,9370,0.9733541174539855,false,728276,9370,0.9733541174539855
728276,693188,0.8434891448496038,false,728276,693188,0.8434891448496038
728276,389376,0.9411153170613911,false,728276,389376,0.9411153170613911
728276,6799,0.9922411241022611,false,728276,6799,0.9922411241022611
728276,353189,0.9097597955851604,false,728276,353189,0.9097597955851604
728276,563,0.9752581454645665,false,728276,563,0.9752581454645665
728276,84851,0.7539725719216155,false,728276,84851,0.7539725719216155
728276,4069,0.9012817903135338,false,728276,4069,0.9012817903135338
728276,1080,0.7788208485397436,false,728276,1080,0.7788208485397436
728276,123872,0.9141740761093992,false,728276,123872,0.9141740761093992
728276,105372793,0.9436519206298148,false,728276,105372793,0.9436519206298148
728276,653509,0.8157146737732776,false,728276,653509,0.8157146737732776
728276,100874095,0.9733541174539855,false,728276,100874095,0.9733541174539855
728276,729238,0.8916584593095185,false,728276,729238,0.8916584593095185
728276,3855,0.7531928766285716,false,728276,3855,0.7531928766285716
728276,26298,0.9731928700637581,false,728276,26298,0.9731928700637581
728276,100033436,0.9852221439771,false,728276,100033436,0.9852221439771
27022,107984498,0.8403798108766005,false,27022,107984498,0.8403798108766005
27022,284111,0.8765021878839688,false,27022,284111,0.8765021878839688
27022,9454,0.7978016470890968,false,27022,9454,0.7978016470890968
27022,128674,0.8439422472967669,false,27022,128674,0.8439422472967669
27022,7780,0.8705072657315734,false,27022,7780,0.8705072657315734
27022,101928580,0.7474981195069345,false,27022,101928580,0.7474981195069345
27022,57110,0.8644925348163275,false,27022,57110,0.8644925348163275
27022,646480,0.8191959661213235,false,27022,646480,0.8191959661213235
27022,4606,0.840621981609621,false,27022,4606,0.840621981609621
4586,100158262,0.9792981447451605,false,4586,100158262,0.9792981447451605
4586,10551,0.9987449363686792,false,4586,10551,0.9987449363686792
4586,378938,0.9685632507528303,false,4586,378938,0.9685632507528303
4586,54897,0.8899365279165512,false,4586,54897,0.8899365279165512
4586,117155,0.9968651652152208,false,4586,117155,0.9968651652152208
4586,112268155,0.9883039995707584,false,4586,112268155,0.9883039995707584
4586,1152,0.9372245983123331,false,4586,1152,0.9372245983123331
4586,79083,0.9976522351595453,false,4586,79083,0.9976522351595453
4586,66002,0.9985765626622958,false,4586,66002,0.9985765626622958
4586,1556,0.9882447042916072,false,4586,1556,0.9882447042916072
4586,22996,0.9870557605125432,false,4586,22996,0.9870557605125432
4586,55930,0.9885317904610386,false,4586,55930,0.9885317904610386
4586,7620,0.8513712556297235,false,4586,7620,0.8513712556297235
4586,7113,0.9772679908999482,false,4586,7113,0.9772679908999482
4586,54861,0.9293447015926978,false,4586,54861,0.9293447015926978
4586,222256,0.90673713880864,false,4586,222256,0.90673713880864
4586,105180391,0.983608693172076,false,4586,105180391,0.983608693172076
4586,100529240,0.9937443346081928,false,4586,100529240,0.9937443346081928
4586,113218482,0.9993862470336359,false,4586,113218482,0.9993862470336359
4586,647024,0.9500500870856075,false,4586,647024,0.9500500870856075
4586,255928,0.9961494789759516,false,4586,255928,0.9961494789759516
4586,151531,0.9641199718299975,false,4586,151531,0.9641199718299975
4586,8537,0.965070021875243,false,4586,8537,0.965070021875243
4586,10018,0.9991029899145999,false,4586,10018,0.9991029899145999
4586,115019,0.9992909807025545,false,4586,115019,0.9992909807025545
4586,201625,0.7880218579758891,false,4586,201625,0.7880218579758891
4586,105180390,0.9852985688049921,false,4586,105180390,0.9852985688049921
4586,692058,0.9763313335678482,false,4586,692058,0.9763313335678482
4586,276,0.7673632056856424,false,4586,276,0.7673632056856424
4586,168374,0.9621581365431876,false,4586,168374,0.9621581365431876
4586,83481,0.9573337172146748,false,4586,83481,0.9573337172146748
4586,645843,0.9656844301109426,false,4586,645843,0.9656844301109426
4586,143884,0.9624988372845731,false,4586,143884,0.9624988372845731
4586,80004,0.8885705483221077,false,4586,80004,0.8885705483221077
4586,121512,0.9478629759464656,false,4586,121512,0.9478629759464656
4586,3993,0.9613028701738886,false,4586,3993,0.9613028701738886
4586,389852,0.9984858398892122,false,4586,389852,0.9984858398892122
4586,342892,0.9695779082502676,false,4586,342892,0.9695779082502676
4586,164312,0.9834234010396093,false,4586,164312,0.9834234010396093
4586,84239,0.9349133010683739,false,4586,84239,0.9349133010683739
4586,2065,0.9602619335790642,false,4586,2065,0.9602619335790642
4586,57402,0.8882753584559411,false,4586,57402,0.8882753584559411
4586,776,0.8252223014080962,false,4586,776,0.8252223014080962
4586,780,0.9024191775763167,false,4586,780,0.9024191775763167
4586,135656,0.9999725817095723,false,4586,135656,0.9999725817095723
4586,3880,0.8391891354062083,false,4586,3880,0.8391891354062083
4586,94059,0.9966632708713501,false,4586,94059,0.9966632708713501
4586,26769,0.9356590845669431,false,4586,26769,0.9356590845669431
4586,3960,0.9999217101900221,false,4586,3960,0.9999217101900221
4586,7433,0.8789074108214304,false,4586,7433,0.8789074108214304
4586,284323,0.9923046997836408,false,4586,284323,0.9923046997836408
4586,100129460,0.7918189652609702,false,4586,100129460,0.7918189652609702
4586,65217,0.8189052778237035,false,4586,65217,0.8189052778237035
4586,23584,0.9822586382523479,false,4586,23584,0.9822586382523479
4586,692213,0.9971413485216503,false,4586,692213,0.9971413485216503
4586,153643,0.9353835456114977,false,4586,153643,0.9353835456114977
4586,112268422,0.9994833841112828,false,4586,112268422,0.9994833841112828
4586,649946,0.707876715255407,false,4586,649946,0.707876715255407
4586,259294,0.9951544843391606,false,4586,259294,0.9951544843391606
4586,79740,0.9043243835991385,false,4586,79740,0.9043243835991385
4586,2266,0.9922945768349509,false,4586,2266,0.9922945768349509
4586,745,0.9942521401514253,false,4586,745,0.9942521401514253
4586,440352,0.9198984447419885,false,4586,440352,0.9198984447419885
100158262,10551,0.9739850409235224,false,100158262,10551,0.9739850409235224
100158262,378938,0.955528829952645,false,100158262,378938,0.955528829952645
100158262,54897,0.8497952205385164,false,100158262,54897,0.8497952205385164
100158262,285,0.7411643880531686,false,100158262,285,0.7411643880531686
100158262,117155,0.9720059940088174,false,100158262,117155,0.9720059940088174
100158262,112268155,0.9583269050856057,false,100158262,112268155,0.9583269050856057
100158262,1152,0.9259615161299317,false,100158262,1152,0.9259615161299317
100158262,79083,0.9770706188776922,false,100158262,79083,0.9770706188776922
100158262,66002,0.9726931170384896,false,100158262,66002,0.9726931170384896
100158262,1556,0.9497337601947821,false,100158262,1556,0.9497337601947821
100158262,22996,0.9463750156857182,false,100158262,22996,0.9463750156857182
100158262,55930,0.9525428935184949,false,100158262,55930,0.9525428935184949
100158262,7620,0.9308543404187486,false,100158262,7620,0.9308543404187486
100158262,7113,0.9294233697541324,false,100158262,7113,0.9294233697541324
100158262,54861,0.9017070555367426,false,100158262,54861,0.9017070555367426
100158262,222256,0.8666763672562993,false,100158262,222256,0.8666763672562993
100158262,105180391,0.9579675299078827,false,100158262,105180391,0.9579675299078827
100158262,100529240,0.9727314685225459,false,100158262,100529240,0.9727314685225459
100158262,113218482,0.9720290230477884,false,100158262,113218482,0.9720290230477884
100158262,647024,0.892363651235607,false,100158262,647024,0.892363651235607
100158262,255928,0.9717599924478373,false,100158262,255928,0.9717599924478373
100158262,151531,0.90517138628323,false,100158262,151531,0.90517138628323
100158262,8537,0.9869768969471092,false,100158262,8537,0.9869768969471092
100158262,10018,0.981289766064639,false,100158262,10018,0.981289766064639
100158262,115019,0.9717950806553416,false,100158262,115019,0.9717950806553416
100158262,201625,0.7123403272627287,false,100158262,201625,0.7123403272627287
100158262,105180390,0.9585879220201255,false,100158262,105180390,0.9585879220201255
100158262,692058,0.9540401265662459,false,100158262,692058,0.9540401265662459
100158262,276,0.7215100240499579,false,100158262,276,0.7215100240499579
100158262,168374,0.939274722083654,false,100158262,168374,0.939274722083654
100158262,83481,0.9071500014026105,false,100158262,83481,0.9071500014026105
100158262,645843,0.9378238406239895,false,100158262,645843,0.9378238406239895
100158262,143884,0.9911497716601,false,100158262,143884,0.9911497716601
100158262,80004,0.7997167428731738,false,100158262,80004,0.7997167428731738
100158262,121512,0.8858583107672723,false,100158262,121512,0.8858583107672723
100158262,3993,0.9028846910544805,false,100158262,3993,0.9028846910544805
100158262,389852,0.9728959363259203,false,100158262,389852,0.9728959363259203
100158262,342892,0.9735881252969292,false,100158262,342892,0.9735881252969292
100158262,164312,0.9380627321953431,false,100158262,164312,0.9380627321953431
100158262,84239,0.8801863564461611,false,100158262,84239,0.8801863564461611
100158262,2065,0.909786044926467,false,100158262,2065,0.909786044926467
100158262,57402,0.8247641574262565,false,100158262,57402,0.8247641574262565
100158262,1513,0.7236182035117429,false,100158262,1513,0.7236182035117429
100158262,776,0.8629798709441823,false,100158262,776,0.8629798709441823
100158262,780,0.8378764724087038,false,100158262,780,0.8378764724087038
100158262,135656,0.9798342339588516,false,100158262,135656,0.9798342339588516
100158262,3880,0.7534086394945161,false,100158262,3880,0.7534086394945161
100158262,94059,0.9731292476403126,false,100158262,94059,0.9731292476403126
100158262,26769,0.9119638494243528,false,100158262,26769,0.9119638494243528
100158262,3960,0.9792939206525331,false,100158262,3960,0.9792939206525331
100158262,7433,0.8332491094834524,false,100158262,7433,0.8332491094834524
100158262,284323,0.9891738551352471,false,100158262,284323,0.9891738551352471
100158262,100129460,0.7447485629156099,false,100158262,100129460,0.7447485629156099
100158262,65217,0.7925190622017991,false,100158262,65217,0.7925190622017991
100158262,23584,0.9533381145445697,false,100158262,23584,0.9533381145445697
100158262,692213,0.9723059315803048,false,100158262,692213,0.9723059315803048
100158262,153643,0.8809986316722638,false,100158262,153643,0.8809986316722638
100158262,112268422,0.9842978518989867,false,100158262,112268422,0.9842978518989867
100158262,649946,0.7065646911000583,false,100158262,649946,0.7065646911000583
100158262,259294,0.9906547108821152,false,100158262,259294,0.9906547108821152
100158262,79740,0.8385581255194864,false,100158262,79740,0.8385581255194864
100158262,2266,0.9644435101884755,false,100158262,2266,0.9644435101884755
100158262,745,0.9570325092992378,false,100158262,745,0.9570325092992378
100158262,440352,0.8761656149666164,false,100158262,440352,0.8761656149666164
107984498,284111,0.9974910577581908,false,107984498,284111,0.9974910577581908
107984498,100130701,0.7010415131291268,false,107984498,100130701,0.7010415131291268
107984498,128674,0.9996961070084698,false,107984498,128674,0.9996961070084698
107984498,7780,0.9980452503707691,false,107984498,7780,0.9980452503707691
107984498,101928580,0.9631682706285224,false,107984498,101928580,0.9631682706285224
107984498,1028,0.7015443608285025,false,107984498,1028,0.7015443608285025
107984498,57110,0.9986706846545661,false,107984498,57110,0.9986706846545661
107984498,646480,0.9943518182160413,false,107984498,646480,0.9943518182160413
107984498,4606,0.9999930137612105,false,107984498,4606,0.9999930137612105
284111,100130701,0.7095703561148877,false,284111,100130701,0.7095703561148877
284111,128674,0.9975427723952813,false,284111,128674,0.9975427723952813
284111,7780,0.999545565795213,false,284111,7780,0.999545565795213
284111,101928580,0.9534381864476827,false,284111,101928580,0.9534381864476827
284111,1028,0.7031964775251552,false,284111,1028,0.7031964775251552
284111,57110,0.9993154795589984,false,284111,57110,0.9993154795589984
284111,646480,0.9903292987186637,false,284111,646480,0.9903292987186637
284111,4606,0.9974959756954348,false,284111,4606,0.9974959756954348
10551,378938,0.9771713763707354,false,10551,378938,0.9771713763707354
10551,54897,0.8909083580100422,false,10551,54897,0.8909083580100422
10551,117155,0.9936268763826855,false,10551,117155,0.9936268763826855
10551,112268155,0.9933978150545739,false,10551,112268155,0.9933978150545739
10551,1152,0.946844619309899,false,10551,1152,0.946844619309899
10551,79083,0.9976419064473776,false,10551,79083,0.9976419064473776
10551,66002,0.9969563407588925,false,10551,66002,0.9969563407588925
10551,1556,0.9923876170721987,false,10551,1556,0.9923876170721987
10551,22996,0.9900405105771514,false,10551,22996,0.9900405105771514
10551,55930,0.9905883335359147,false,10551,55930,0.9905883335359147
10551,7620,0.845929977446702,false,10551,7620,0.845929977446702
10551,7113,0.9858641738208452,false,10551,7113,0.9858641738208452
10551,54861,0.9413656092936189,false,10551,54861,0.9413656092936189
10551,222256,0.925556183285392,false,10551,222256,0.925556183285392
10551,105180391,0.9875564196442675,false,10551,105180391,0.9875564196442675
10551,100529240,0.9971860300674374,false,10551,100529240,0.9971860300674374
10551,113218482,0.9984290986202445,false,10551,113218482,0.9984290986202445
10551,647024,0.9624891055878911,false,10551,647024,0.9624891055878911
10551,255928,0.9919473994506435,false,10551,255928,0.9919473994506435
10551,151531,0.9703567795355283,false,10551,151531,0.9703567795355283
10551,8537,0.9615382495563315,false,10551,8537,0.9615382495563315
10551,10018,0.9991194135858023,false,10551,10018,0.9991194135858023
10551,115019,0.9992192383777098,false,10551,115019,0.9992192383777098
10551,201625,0.8169072577415459,false,10551,201625,0.8169072577415459
10551,105180390,0.9900012964509772,false,10551,105180390,0.9900012964509772
10551,692058,0.9847014088068051,false,10551,692058,0.9847014088068051
10551,276,0.7966316562913988,false,10551,276,0.7966316562913988
10551,168374,0.9736447141369865,false,10551,168374,0.9736447141369865
10551,83481,0.9680207355391363,false,10551,83481,0.9680207355391363
10551,645843,0.9769752698056092,false,10551,645843,0.9769752698056092
10551,143884,0.9569470186659456,false,10551,143884,0.9569470186659456
10551,80004,0.9071043449321529,false,10551,80004,0.9071043449321529
10551,121512,0.9584182783661779,false,10551,121512,0.9584182783661779
10551,3993,0.9617254964033771,false,10551,3993,0.9617254964033771
10551,389852,0.9998871713698336,false,10551,389852,0.9998871713698336
10551,342892,0.9703466447662495,false,10551,342892,0.9703466447662495
10551,164312,0.985622565944245,false,10551,164312,0.985622565944245
10551,84239,0.949247540345011,false,10551,84239,0.949247540345011
10551,2065,0.9726293942883364,false,10551,2065,0.9726293942883364
10551,57402,0.8886762178723852,false,10551,57402,0.8886762178723852
10551,1513,0.7175004833196265,false,10551,1513,0.7175004833196265
10551,776,0.8234669477808562,false,10551,776,0.8234669477808562
10551,780,0.9099536087674851,false,10551,780,0.9099536087674851
10551,135656,0.998420084711778,false,10551,135656,0.998420084711778
10551,3880,0.8615756718353588,false,10551,3880,0.8615756718353588
10551,94059,0.9987116207489799,false,10551,94059,0.9987116207489799
10551,26769,0.9499938585508027,false,10551,26769,0.9499938585508027
10551,3960,0.9981719830307095,false,10551,3960,0.9981719830307095
10551,7433,0.8760587598833653,false,10551,7433,0.8760587598833653
10551,284323,0.9885090162918223,false,10551,284323,0.9885090162918223
10551,100129460,0.8206079713448781,false,10551,100129460,0.8206079713448781
10551,65217,0.8313167879841037,false,10551,65217,0.8313167879841037
10551,23584,0.9788378950419434,false,10551,23584,0.9788378950419434
10551,692213,0.9978879695553886,false,10551,692213,0.9978879695553886
10551,153643,0.950481968113338,false,10551,153643,0.950481968113338
10551,112268422,0.9969242759094797,false,10551,112268422,0.9969242759094797
10551,649946,0.7352020070847732,false,10551,649946,0.7352020070847732
10551,259294,0.9927711182727664,false,10551,259294,0.9927711182727664
10551,79740,0.9154767924890361,false,10551,79740,0.9154767924890361
10551,2266,0.9926388068515781,false,10551,2266,0.9926388068515781
10551,745,0.9957473861679874,false,10551,745,0.9957473861679874
10551,440352,0.9184889494674844,false,10551,440352,0.9184889494674844
130271,6101,0.7701342619588372,false,130271,6101,0.7701342619588372
130271,378938,0.7138321009662056,false,130271,378938,0.7138321009662056
130271,54897,0.8332394676783653,false,130271,54897,0.8332394676783653
130271,1152,0.7598011525261668,false,130271,1152,0.7598011525261668
130271,54861,0.8413909677272392,false,130271,54861,0.8413909677272392
130271,105180391,0.731830613045591,false,130271,105180391,0.731830613045591
130271,54,0.9302600419542832,false,130271,54,0.9302600419542832
130271,201625,0.7260559706559632,false,130271,201625,0.7260559706559632
130271,105180390,0.7229824402230166,false,130271,105180390,0.7229824402230166
130271,645843,0.70464126072171,false,130271,645843,0.70464126072171
130271,1579,0.7414639395190186,false,130271,1579,0.7414639395190186
130271,9771,0.8332471615850839,false,130271,9771,0.8332471615850839
130271,121512,0.7309683263152497,false,130271,121512,0.7309683263152497
130271,342892,0.7568100570124057,false,130271,342892,0.7568100570124057
130271,84239,0.7763263256342976,false,130271,84239,0.7763263256342976
130271,1513,0.7738452480241109,false,130271,1513,0.7738452480241109
130271,776,0.8645108559918837,false,130271,776,0.8645108559918837
130271,7433,0.7685334778112046,false,130271,7433,0.7685334778112046
130271,10203,0.7359848617973761,false,130271,10203,0.7359848617973761
130271,65217,0.9510254408976767,false,130271,65217,0.9510254408976767
130271,84765,0.8177486973470206,false,130271,84765,0.8177486973470206
130271,649946,0.8597591648194003,false,130271,649946,0.8597591648194003
130271,79740,0.7071525989530254,false,130271,79740,0.7071525989530254
101927516,5545,0.765048110921481,false,101927516,5545,0.765048110921481
101927516,727897,0.7581448030262907,false,101927516,727897,0.7581448030262907
101927516,27074,0.723852837998206,false,101927516,27074,0.723852837998206
101927516,54848,0.8121539439599169,false,101927516,54848,0.8121539439599169
101927516,79632,0.8584730848433249,false,101927516,79632,0.8584730848433249
101927516,1767,0.7806177200950456,false,101927516,1767,0.7806177200950456
101927516,54,0.725690126690399,false,101927516,54,0.725690126690399
101927516,117156,0.7010548341027126,false,101927516,117156,0.7010548341027126
101927516,195814,0.75828397576983,false,101927516,195814,0.75828397576983
101927516,2122,0.8442247504019642,false,101927516,2122,0.8442247504019642
101927516,105,0.7788893894013988,false,101927516,105,0.7788893894013988
101927516,84059,0.8540583487800854,false,101927516,84059,0.8540583487800854
101927516,9411,0.7648814674128843,false,101927516,9411,0.7648814674128843
101927516,1579,0.7450154386167969,false,101927516,1579,0.7450154386167969
101927516,57477,0.9334353963946086,false,101927516,57477,0.9334353963946086
101927516,9771,0.7653075224643053,false,101927516,9771,0.7653075224643053
101927516,120892,0.8645372017437231,false,101927516,120892,0.8645372017437231
101927516,4057,0.7688543892831516,false,101927516,4057,0.7688543892831516
101927516,112577518,0.7387012889208888,false,101927516,112577518,0.7387012889208888
101927516,9370,0.7491002853672858,false,101927516,9370,0.7491002853672858
101927516,693188,0.899929361969702,false,101927516,693188,0.899929361969702
101927516,6799,0.7486727132305525,false,101927516,6799,0.7486727132305525
101927516,353189,0.7537505384587031,false,101927516,353189,0.7537505384587031
101927516,563,0.7365010785601617,false,101927516,563,0.7365010785601617
101927516,84851,0.8527454257600237,false,101927516,84851,0.8527454257600237
101927516,10203,0.9206111800051231,false,101927516,10203,0.9206111800051231
101927516,4069,0.7847917308104014,false,101927516,4069,0.7847917308104014
101927516,1080,0.9080992816725042,false,101927516,1080,0.9080992816725042
101927516,123872,0.7662972386212438,false,101927516,123872,0.7662972386212438
101927516,1286,0.8782772696296949,false,101927516,1286,0.8782772696296949
101927516,105372793,0.8295321398624738,false,101927516,105372793,0.8295321398624738
101927516,100874095,0.7491002853672858,false,101927516,100874095,0.7491002853672858
101927516,144535,0.8049021253056561,false,101927516,144535,0.8049021253056561
101927516,26298,0.7454012954257405,false,101927516,26298,0.7454012954257405
102723635,54848,0.8675671568220321,false,102723635,54848,0.8675671568220321
102723635,9476,0.8174295757829672,false,102723635,9476,0.8174295757829672
102723635,117156,0.9176576956669785,false,102723635,117156,0.9176576956669785
102723635,195814,0.8563478478137283,false,102723635,195814,0.8563478478137283
102723635,140766,0.8736145145074954,false,102723635,140766,0.8736145145074954
102723635,105,0.7313597295202313,false,102723635,105,0.7313597295202313
102723635,6097,0.940730182900907,false,102723635,6097,0.940730182900907
102723635,4057,0.7236600288994282,false,102723635,4057,0.7236600288994282
102723635,220136,0.7810749097740411,false,102723635,220136,0.7810749097740411
102723635,693188,0.741074712906725,false,102723635,693188,0.741074712906725
102723635,389376,0.9157687096144573,false,102723635,389376,0.9157687096144573
102723635,6799,0.8407600472739024,false,102723635,6799,0.8407600472739024
102723635,563,0.7079251430593632,false,102723635,563,0.7079251430593632
102723635,21,0.8138794064194079,false,102723635,21,0.8138794064194079
102723635,123872,0.8987968142793965,false,102723635,123872,0.8987968142793965
102723635,105372793,0.7031550887610852,false,102723635,105372793,0.7031550887610852
102723635,653509,0.8770045044793592,false,102723635,653509,0.8770045044793592
102723635,729238,0.8963375523488023,false,102723635,729238,0.8963375523488023
102723635,144571,0.740271838048255,false,102723635,144571,0.740271838048255
102723635,3855,0.8818896481781768,false,102723635,3855,0.8818896481781768
102723635,100033436,0.7360031140119506,false,102723635,100033436,0.7360031140119506
688,6101,0.8176968674665985,false,688,6101,0.8176968674665985
688,378938,0.7367944918216871,false,688,378938,0.7367944918216871
688,112268155,0.7029881325393029,false,688,112268155,0.7029881325393029
688,1152,0.7522162682797261,false,688,1152,0.7522162682797261
688,27074,0.8793565746700562,false,688,27074,0.8793565746700562
688,1556,0.7001001469706295,false,688,1556,0.7001001469706295
688,79632,0.8602138420264078,false,688,79632,0.8602138420264078
688,4585,0.9343461950861022,false,688,4585,0.9343461950861022
688,22996,0.7186915550581832,false,688,22996,0.7186915550581832
688,55930,0.7026789267594072,false,688,55930,0.7026789267594072
688,1767,0.8319329462768883,false,688,1767,0.8319329462768883
688,7113,0.7838394903405351,false,688,7113,0.7838394903405351
688,54861,0.7025770094675076,false,688,54861,0.7025770094675076
688,222256,0.9024366336284706,false,688,222256,0.9024366336284706
688,1604,0.7753804510603469,false,688,1604,0.7753804510603469
688,26084,0.747234448066994,false,688,26084,0.747234448066994
688,647024,0.8435001086313475,false,688,647024,0.8435001086313475
688,151531,0.7371070472838291,false,688,151531,0.7371070472838291
688,201625,0.917691703093149,false,688,201625,0.917691703093149
688,1043,0.9628917502745731,false,688,1043,0.9628917502745731
688,692058,0.7858832267854539,false,688,692058,0.7858832267854539
688,276,0.9719965170719405,false,688,276,0.9719965170719405
688,168374,0.7947112077382327,false,688,168374,0.7947112077382327
688,83481,0.8278596171680539,false,688,83481,0.8278596171680539
688,645843,0.7909673898294064,false,688,645843,0.7909673898294064
688,84059,0.7642328370720516,false,688,84059,0.7642328370720516
688,1579,0.8770166495586543,false,688,1579,0.8770166495586543
688,80004,0.8750982362411556,false,688,80004,0.8750982362411556
688,121512,0.7110918887151786,false,688,121512,0.7110918887151786
688,120892,0.8206637946842392,false,688,120892,0.8206637946842392
688,123624,0.7160900459788512,false,688,123624,0.7160900459788512
688,84239,0.7799350136684412,false,688,84239,0.7799350136684412
688,353189,0.8075773410218612,false,688,353189,0.8075773410218612
688,2065,0.8139774838749947,false,688,2065,0.8139774838749947
688,1513,0.776022390490779,false,688,1513,0.776022390490779
688,84851,0.8870991112759619,false,688,84851,0.8870991112759619
688,780,0.8126753102997464,false,688,780,0.8126753102997464
688,3880,0.9150690793254398,false,688,3880,0.9150690793254398
688,26769,0.8555804094170342,false,688,26769,0.8555804094170342
688,100129460,0.9170567436320151,false,688,100129460,0.9170567436320151
688,4069,0.7993925367421085,false,688,4069,0.7993925367421085
688,1080,0.7765153352065247,false,688,1080,0.7765153352065247
688,1286,0.8261420895775635,false,688,1286,0.8261420895775635
688,79784,0.719231126251384,false,688,79784,0.719231126251384
688,153643,0.8682177220986116,false,688,153643,0.8682177220986116
688,144535,0.7310901979962683,false,688,144535,0.7310901979962683
688,649946,0.7487061176223629,false,688,649946,0.7487061176223629
688,79740,0.7591866192436139,false,688,79740,0.7591866192436139
688,26298,0.7096292995960356,false,688,26298,0.7096292995960356
6101,54897,0.7228571811792002,false,6101,54897,0.7228571811792002
6101,1152,0.7867591447077865,false,6101,1152,0.7867591447077865
6101,27074,0.96190360218961,false,6101,27074,0.96190360218961
6101,1556,0.709121793269905,false,6101,1556,0.709121793269905
6101,79632,0.80510986342664,false,6101,79632,0.80510986342664
6101,4585,0.7154434370788156,false,6101,4585,0.7154434370788156
6101,7113,0.7221690279398432,false,6101,7113,0.7221690279398432
6101,54861,0.7804101089672609,false,6101,54861,0.7804101089672609
6101,222256,0.7886964026693171,false,6101,222256,0.7886964026693171
6101,26084,0.8917577840369068,false,6101,26084,0.8917577840369068
6101,54,0.8809157972985926,false,6101,54,0.8809157972985926
6101,647024,0.7557736841582847,false,6101,647024,0.7557736841582847
6101,201625,0.9383380578015592,false,6101,201625,0.9383380578015592
6101,1043,0.8479568247943533,false,6101,1043,0.8479568247943533
6101,276,0.8214426025597136,false,6101,276,0.8214426025597136
6101,168374,0.725620681606329,false,6101,168374,0.725620681606329
6101,83481,0.7628934850957623,false,6101,83481,0.7628934850957623
6101,645843,0.7463500779010999,false,6101,645843,0.7463500779010999
6101,2122,0.8049939294876453,false,6101,2122,0.8049939294876453
6101,84059,0.8306666705535486,false,6101,84059,0.8306666705535486
6101,1579,0.9367414908707643,false,6101,1579,0.9367414908707643
6101,57477,0.8591034795227084,false,6101,57477,0.8591034795227084
6101,80004,0.7991106689978172,false,6101,80004,0.7991106689978172
6101,121512,0.7384111363411411,false,6101,121512,0.7384111363411411
6101,120892,0.8401864407466698,false,6101,120892,0.8401864407466698
6101,123624,0.8271060629002213,false,6101,123624,0.8271060629002213
6101,84239,0.8358068097528478,false,6101,84239,0.8358068097528478
6101,2065,0.7797345630048136,false,6101,2065,0.7797345630048136
6101,57402,0.7434387591718346,false,6101,57402,0.7434387591718346
6101,1513,0.7419346526982007,false,6101,1513,0.7419346526982007
6101,84851,0.7904355869371763,false,6101,84851,0.7904355869371763
6101,780,0.7163214605593539,false,6101,780,0.7163214605593539
6101,3880,0.8886709526216725,false,6101,3880,0.8886709526216725
6101,26769,0.7189967049405056,false,6101,26769,0.7189967049405056
6101,100129460,0.8238996735921286,false,6101,100129460,0.8238996735921286
6101,1080,0.8404990223990632,false,6101,1080,0.8404990223990632
6101,65217,0.7848340193814777,false,6101,65217,0.7848340193814777
6101,1286,0.9141290655635551,false,6101,1286,0.9141290655635551
6101,79784,0.7981726177035593,false,6101,79784,0.7981726177035593
6101,153643,0.7555330179697636,false,6101,153643,0.7555330179697636
6101,144535,0.833796395990343,false,6101,144535,0.833796395990343
6101,649946,0.7922428036038526,false,6101,649946,0.7922428036038526
6101,79740,0.8516689969220714,false,6101,79740,0.8516689969220714
6101,440352,0.7045764747676224,false,6101,440352,0.7045764747676224
378938,54897,0.8703637079161365,false,378938,54897,0.8703637079161365
378938,285,0.7935966321667389,false,378938,285,0.7935966321667389
378938,117155,0.9565215247179982,false,378938,117155,0.9565215247179982
378938,112268155,0.990123477596028,false,378938,112268155,0.990123477596028
378938,1152,0.9593444670745515,false,378938,1152,0.9593444670745515
378938,79083,0.9758035717235497,false,378938,79083,0.9758035717235497
378938,66002,0.9591446516696192,false,378938,66002,0.9591446516696192
378938,1556,0.971723964235644,false,378938,1556,0.971723964235644
378938,22996,0.9547954298444309,false,378938,22996,0.9547954298444309
378938,55930,0.9552162966856116,false,378938,55930,0.9552162966856116
378938,7620,0.8590257767435604,false,378938,7620,0.8590257767435604
378938,7113,0.9731678579758294,false,378938,7113,0.9731678579758294
378938,54861,0.975281016734286,false,378938,54861,0.975281016734286
378938,222256,0.9548369262344075,false,378938,222256,0.9548369262344075
378938,105180391,0.9858704244517619,false,378938,105180391,0.9858704244517619
378938,100529240,0.9885769480306106,false,378938,100529240,0.9885769480306106
378938,113218482,0.9642231927947481,false,378938,113218482,0.9642231927947481
378938,647024,0.9527001211889093,false,378938,647024,0.9527001211889093
378938,255928,0.9481371189321602,false,378938,255928,0.9481371189321602
378938,151531,0.9482021571866154,false,378938,151531,0.9482021571866154
378938,8537,0.9404880506960852,false,378938,8537,0.9404880506960852
378938,10018,0.9741066565546065,false,378938,10018,0.9741066565546065
378938,115019,0.968427625001512,false,378938,115019,0.968427625001512
378938,201625,0.8663807767792895,false,378938,201625,0.8663807767792895
378938,105180390,0.988651129553445,false,378938,105180390,0.988651129553445
378938,1043,0.7015376934481488,false,378938,1043,0.7015376934481488
378938,692058,0.9891732681559345,false,378938,692058,0.9891732681559345
378938,276,0.8619265334320054,false,378938,276,0.8619265334320054
378938,168374,0.9954825721128481,false,378938,168374,0.9954825721128481
378938,83481,0.952699481357564,false,378938,83481,0.952699481357564
378938,645843,0.9936208963915983,false,378938,645843,0.9936208963915983
378938,143884,0.9534161653173251,false,378938,143884,0.9534161653173251
378938,1579,0.7533784944851736,false,378938,1579,0.7533784944851736
378938,80004,0.9046710332474615,false,378938,80004,0.9046710332474615
378938,121512,0.9637023032371183,false,378938,121512,0.9637023032371183
378938,3993,0.9015155978943337,false,378938,3993,0.9015155978943337
378938,389852,0.9780070100638034,false,378938,389852,0.9780070100638034
378938,342892,0.9727769434927486,false,378938,342892,0.9727769434927486
378938,164312,0.9461509217573773,false,378938,164312,0.9461509217573773
378938,84239,0.9623981890712885,false,378938,84239,0.9623981890712885
378938,2065,0.9739948625224233,false,378938,2065,0.9739948625224233
378938,57402,0.828635059782196,false,378938,57402,0.828635059782196
378938,1513,0.8395561431023919,false,378938,1513,0.8395561431023919
378938,776,0.847144118894381,false,378938,776,0.847144118894381
378938,780,0.8549466133656779,false,378938,780,0.8549466133656779
378938,135656,0.9676215855798257,false,378938,135656,0.9676215855798257
378938,3880,0.8651100188347378,false,378938,3880,0.8651100188347378
378938,94059,0.9831253646473118,false,378938,94059,0.9831253646473118
378938,26769,0.9757113088564815,false,378938,26769,0.9757113088564815
378938,3960,0.965842085551795,false,378938,3960,0.965842085551795
378938,7433,0.8290766131621022,false,378938,7433,0.8290766131621022
378938,284323,0.963981450395539,false,378938,284323,0.963981450395539
378938,100129460,0.8995874658196943,false,378938,100129460,0.8995874658196943
378938,65217,0.8816199327535574,false,378938,65217,0.8816199327535574
378938,23584,0.9377388961529485,false,378938,23584,0.9377388961529485
378938,692213,0.9673141274284422,false,378938,692213,0.9673141274284422
378938,153643,0.9564342463003387,false,378938,153643,0.9564342463003387
378938,112268422,0.9652351566591362,false,378938,112268422,0.9652351566591362
378938,649946,0.8577121287555624,false,378938,649946,0.8577121287555624
378938,259294,0.9710412269338543,false,378938,259294,0.9710412269338543
378938,79740,0.8913151780317019,false,378938,79740,0.8913151780317019
378938,2266,0.9742775688102032,false,378938,2266,0.9742775688102032
378938,745,0.9633273014387891,false,378938,745,0.9633273014387891
378938,440352,0.8528537454129225,false,378938,440352,0.8528537454129225
54897,117155,0.9104381548350317,false,54897,117155,0.9104381548350317
54897,112268155,0.891822882378914,false,54897,112268155,0.891822882378914
54897,1152,0.9090779291575719,false,54897,1152,0.9090779291575719
54897,79083,0.914407123555413,false,54897,79083,0.914407123555413
54897,66002,0.899770343381917,false,54897,66002,0.899770343381917
54897,1556,0.9289850929839024,false,54897,1556,0.9289850929839024
54897,22996,0.900848823008221,false,54897,22996,0.900848823008221
54897,55930,0.9094090676596577,false,54897,55930,0.9094090676596577
54897,7620,0.754632394613555,false,54897,7620,0.754632394613555
54897,7113,0.8684066604185046,false,54897,7113,0.8684066604185046
54897,54861,0.9326056009089052,false,54897,54861,0.9326056009089052
54897,222256,0.7732654942946581,false,54897,222256,0.7732654942946581
54897,105180391,0.9300159084027566,false,54897,105180391,0.9300159084027566
54897,100529240,0.9032578232245159,false,54897,100529240,0.9032578232245159
54897,54,0.71509453655671,false,54897,54,0.71509453655671
54897,113218482,0.8908256072573127,false,54897,113218482,0.8908256072573127
54897,647024,0.8266966966630218,false,54897,647024,0.8266966966630218
54897,255928,0.8706523973554781,false,54897,255928,0.8706523973554781
54897,151531,0.815747197548423,false,54897,151531,0.815747197548423
54897,8537,0.7780783417478837,false,54897,8537,0.7780783417478837
54897,10018,0.8843551588286946,false,54897,10018,0.8843551588286946
54897,115019,0.8954934264247489,false,54897,115019,0.8954934264247489
54897,201625,0.7718144145544841,false,54897,201625,0.7718144145544841
54897,105180390,0.9237399304571668,false,54897,105180390,0.9237399304571668
54897,692058,0.8398236439775683,false,54897,692058,0.8398236439775683
54897,168374,0.8522100093456726,false,54897,168374,0.8522100093456726
54897,83481,0.8504178210085107,false,54897,83481,0.8504178210085107
54897,645843,0.8738745408700188,false,54897,645843,0.8738745408700188
54897,143884,0.8678227909389582,false,54897,143884,0.8678227909389582
54897,80004,0.7811471198074494,false,54897,80004,0.7811471198074494
54897,121512,0.9071829705068838,false,54897,121512,0.9071829705068838
54897,3993,0.9162940627705886,false,54897,3993,0.9162940627705886
54897,389852,0.888308681495508,false,54897,389852,0.888308681495508
54897,342892,0.9339399899072212,false,54897,342892,0.9339399899072212
54897,164312,0.922750740196989,false,54897,164312,0.922750740196989
54897,84239,0.9227540291176128,false,54897,84239,0.9227540291176128
54897,2065,0.8767325681301542,false,54897,2065,0.8767325681301542
54897,57402,0.9615096270597865,false,54897,57402,0.9615096270597865
54897,776,0.919925878060628,false,54897,776,0.919925878060628
54897,780,0.7738667569091401,false,54897,780,0.7738667569091401
54897,135656,0.8915337167285837,false,54897,135656,0.8915337167285837
54897,3880,0.778622725718667,false,54897,3880,0.778622725718667
54897,94059,0.9056905539004937,false,54897,94059,0.9056905539004937
54897,26769,0.7793111689878448,false,54897,26769,0.7793111689878448
54897,3960,0.8920824334356834,false,54897,3960,0.8920824334356834
54897,7433,0.9910892570586818,false,54897,7433,0.9910892570586818
54897,284323,0.9117020103686624,false,54897,284323,0.9117020103686624
54897,65217,0.9437069988955475,false,54897,65217,0.9437069988955475
54897,23584,0.9537228483463758,false,54897,23584,0.9537228483463758
54897,692213,0.8839626373122654,false,54897,692213,0.8839626373122654
54897,84765,0.7584097157808143,false,54897,84765,0.7584097157808143
54897,153643,0.7961360328857956,false,54897,153643,0.7961360328857956
54897,112268422,0.8885480647049727,false,54897,112268422,0.8885480647049727
54897,649946,0.7146146983544305,false,54897,649946,0.7146146983544305
54897,259294,0.9021693175662231,false,54897,259294,0.9021693175662231
54897,79740,0.9211764345826586,false,54897,79740,0.9211764345826586
54897,2266,0.9152671609136206,false,54897,2266,0.9152671609136206
54897,745,0.9150059240369941,false,54897,745,0.9150059240369941
54897,440352,0.9218586582219439,false,54897,440352,0.9218586582219439
5545,727897,0.9982122070344914,false,5545,727897,0.9982122070344914
5545,54848,0.8179810170312981,false,5545,54848,0.8179810170312981
5545,79632,0.8241504983994034,false,5545,79632,0.8241504983994034
5545,4585,0.8479160972479729,false,5545,4585,0.8479160972479729
5545,1767,0.9413914719915963,false,5545,1767,0.9413914719915963
5545,1604,0.8577211446873982,false,5545,1604,0.8577211446873982
5545,117156,0.8650733086871939,false,5545,117156,0.8650733086871939
5545,195814,0.9215608948145615,false,5545,195814,0.9215608948145615
5545,1043,0.7161561136910365,false,5545,1043,0.7161561136910365
5545,140766,0.743924349094944,false,5545,140766,0.743924349094944
5545,105,0.9893230909199401,false,5545,105,0.9893230909199401
5545,84059,0.7588310940615034,false,5545,84059,0.7588310940615034
5545,57477,0.718394834982718,false,5545,57477,0.718394834982718
5545,120892,0.8329609739890662,false,5545,120892,0.8329609739890662
5545,4057,0.9945695913523952,false,5545,4057,0.9945695913523952
5545,220136,0.9547476698277233,false,5545,220136,0.9547476698277233
5545,112577518,0.9955721467426962,false,5545,112577518,0.9955721467426962
5545,9370,0.99781808390583,false,5545,9370,0.99781808390583
5545,693188,0.8520845765302195,false,5545,693188,0.8520845765302195
5545,389376,0.8227755126573999,false,5545,389376,0.8227755126573999
5545,6799,0.9531617612160067,false,5545,6799,0.9531617612160067
5545,353189,0.9598888088140894,false,5545,353189,0.9598888088140894
5545,563,0.9953606819148412,false,5545,563,0.9953606819148412
5545,84851,0.8490679237344958,false,5545,84851,0.8490679237344958
5545,4069,0.9654088101873738,false,5545,4069,0.9654088101873738
5545,1080,0.8155765647344992,false,5545,1080,0.8155765647344992
5545,123872,0.8197605623003795,false,5545,123872,0.8197605623003795
5545,1286,0.7150601634548289,false,5545,1286,0.7150601634548289
5545,105372793,0.9605378601681083,false,5545,105372793,0.9605378601681083
5545,100874095,0.99781808390583,false,5545,100874095,0.99781808390583
5545,729238,0.7577075480449862,false,5545,729238,0.7577075480449862
5545,144535,0.7083691171419056,false,5545,144535,0.7083691171419056
5545,26298,0.9769761797827534,false,5545,26298,0.9769761797827534
5545,100033436,0.9749737309024716,false,5545,100033436,0.9749737309024716
285,112268155,0.7089586284916607,false,285,112268155,0.7089586284916607
285,1152,0.7249947227727217,false,285,1152,0.7249947227727217
285,7620,0.8078862306153469,false,285,7620,0.8078862306153469
285,54861,0.729687553545783,false,285,54861,0.729687553545783
285,222256,0.763854353434408,false,285,222256,0.763854353434408
285,100529240,0.7095225176161577,false,285,100529240,0.7095225176161577
285,8537,0.7587528848547478,false,285,8537,0.7587528848547478
285,105180390,0.7001959071281364,false,285,105180390,0.7001959071281364
285,692058,0.7593067348034324,false,285,692058,0.7593067348034324
285,276,0.7691242775595207,false,285,276,0.7691242775595207
285,168374,0.7839120472818573,false,285,168374,0.7839120472818573
285,645843,0.7577869243292633,false,285,645843,0.7577869243292633
285,143884,0.7592027085344122,false,285,143884,0.7592027085344122
285,342892,0.7278874082572475,false,285,342892,0.7278874082572475
285,1513,0.9218589617314441,false,285,1513,0.9218589617314441
285,26769,0.8015606880871113,false,285,26769,0.8015606880871113
285,100129460,0.7947945207689318,false,285,100129460,0.7947945207689318
285,649946,0.8567976406763714,false,285,649946,0.8567976406763714
6532,100996506,0.9547511000895451,false,6532,100996506,0.9547511000895451
6532,100505495,0.9435888365480077,false,6532,100505495,0.9435888365480077
6532,57524,0.9222001601663516,false,6532,57524,0.9222001601663516
6532,256076,0.9480415340619314,false,6532,256076,0.9480415340619314
6532,284680,0.872920794278091,false,6532,284680,0.872920794278091
6532,128218,0.8404181846133152,false,6532,128218,0.8404181846133152
6532,100820829,0.910804869888912,false,6532,100820829,0.910804869888912
6532,105373265,0.778313023158107,false,6532,105373265,0.778313023158107
6532,9211,0.9152882082928719,false,6532,9211,0.9152882082928719
6532,440590,0.9033697665436132,false,6532,440590,0.9033697665436132
6532,84765,0.8033943052605521,false,6532,84765,0.8033943052605521
6532,55282,0.9084188513650028,false,6532,55282,0.9084188513650028
117155,112268155,0.9832111882791109,false,117155,112268155,0.9832111882791109
117155,1152,0.9242416202182316,false,117155,1152,0.9242416202182316
117155,79083,0.9964560590419104,false,117155,79083,0.9964560590419104
117155,66002,0.9967863650282054,false,117155,66002,0.9967863650282054
117155,1556,0.986206037923119,false,117155,1556,0.986206037923119
117155,22996,0.9815344788301529,false,117155,22996,0.9815344788301529
117155,55930,0.9840273374023972,false,117155,55930,0.9840273374023972
117155,7620,0.8337754237761169,false,117155,7620,0.8337754237761169
117155,7113,0.9662377831905152,false,117155,7113,0.9662377831905152
117155,54861,0.9267917724767245,false,117155,54861,0.9267917724767245
117155,222256,0.8788070729709166,false,117155,222256,0.8788070729709166
117155,105180391,0.9838181626655302,false,117155,105180391,0.9838181626655302
117155,100529240,0.9879342389066998,false,117155,100529240,0.9879342389066998
117155,113218482,0.9969225798018032,false,117155,113218482,0.9969225798018032
117155,647024,0.9329477628947528,false,117155,647024,0.9329477628947528
117155,255928,0.9959047126089146,false,117155,255928,0.9959047126089146
117155,151531,0.9567893038153219,false,117155,151531,0.9567893038153219
117155,8537,0.9469935300377945,false,117155,8537,0.9469935300377945
117155,10018,0.9929834212011752,false,117155,10018,0.9929834212011752
117155,115019,0.9962303286602471,false,117155,115019,0.9962303286602471
117155,201625,0.7653536943085686,false,117155,201625,0.7653536943085686
117155,105180390,0.9834901465034608,false,117155,105180390,0.9834901465034608
117155,692058,0.9591315072791124,false,117155,692058,0.9591315072791124
117155,276,0.7263231043608462,false,117155,276,0.7263231043608462
117155,168374,0.9454768540321006,false,117155,168374,0.9454768540321006
117155,83481,0.9411787556035192,false,117155,83481,0.9411787556035192
117155,645843,0.9512801014065578,false,117155,645843,0.9512801014065578
117155,143884,0.9605736799897999,false,117155,143884,0.9605736799897999
117155,80004,0.8722007288842135,false,117155,80004,0.8722007288842135
117155,121512,0.9493391697592507,false,117155,121512,0.9493391697592507
117155,3993,0.9641806658386832,false,117155,3993,0.9641806658386832
117155,389852,0.9934544770555321,false,117155,389852,0.9934544770555321
117155,342892,0.9687572010922673,false,117155,342892,0.9687572010922673
117155,164312,0.9824574350029814,false,117155,164312,0.9824574350029814
117155,84239,0.9290573770547135,false,117155,84239,0.9290573770547135
117155,2065,0.9476857391874844,false,117155,2065,0.9476857391874844
117155,57402,0.9029921011697598,false,117155,57402,0.9029921011697598
117155,776,0.8348147058331689,false,117155,776,0.8348147058331689
117155,780,0.8843010874204817,false,117155,780,0.8843010874204817
117155,135656,0.9972859279631715,false,117155,135656,0.9972859279631715
117155,3880,0.817712930209298,false,117155,3880,0.817712930209298
117155,94059,0.9929527238834854,false,117155,94059,0.9929527238834854
117155,26769,0.9094071257338797,false,117155,26769,0.9094071257338797
117155,3960,0.9974552025623983,false,117155,3960,0.9974552025623983
117155,7433,0.9023264970537423,false,117155,7433,0.9023264970537423
117155,284323,0.9928989988729128,false,117155,284323,0.9928989988729128
117155,100129460,0.7605872312411533,false,117155,100129460,0.7605872312411533
117155,65217,0.8302207031513449,false,117155,65217,0.8302207031513449
117155,23584,0.9909696855792851,false,117155,23584,0.9909696855792851
117155,692213,0.9902348779318678,false,117155,692213,0.9902348779318678
117155,153643,0.9142219059320292,false,117155,153643,0.9142219059320292
117155,112268422,0.9968210709688279,false,117155,112268422,0.9968210709688279
117155,259294,0.9926708103500992,false,117155,259294,0.9926708103500992
117155,79740,0.9004922305838775,false,117155,79740,0.9004922305838775
117155,2266,0.9947957123859223,false,117155,2266,0.9947957123859223
117155,745,0.9926640164710575,false,117155,745,0.9926640164710575
117155,440352,0.9234441903246784,false,117155,440352,0.9234441903246784
727897,54848,0.7959695600389105,false,727897,54848,0.7959695600389105
727897,79632,0.8178407878273742,false,727897,79632,0.8178407878273742
727897,4585,0.850657768173081,false,727897,4585,0.850657768173081
727897,1767,0.9365593546245358,false,727897,1767,0.9365593546245358
727897,1604,0.8841525953257116,false,727897,1604,0.8841525953257116
727897,117156,0.8475865985020092,false,727897,117156,0.8475865985020092
727897,195814,0.9042106404452529,false,727897,195814,0.9042106404452529
727897,1043,0.7146007526004503,false,727897,1043,0.7146007526004503
727897,140766,0.7324220662774884,false,727897,140766,0.7324220662774884
727897,105,0.9829692112576863,false,727897,105,0.9829692112576863
727897,84059,0.7375436604587357,false,727897,84059,0.7375436604587357
727897,57477,0.702109781300534,false,727897,57477,0.702109781300534
727897,120892,0.8185883979334834,false,727897,120892,0.8185883979334834
727897,4057,0.9901401771302367,false,727897,4057,0.9901401771302367
727897,220136,0.9594779402907637,false,727897,220136,0.9594779402907637
727897,112577518,0.9955167254266559,false,727897,112577518,0.9955167254266559
727897,9370,0.9954477596734654,false,727897,9370,0.9954477596734654
727897,693188,0.8516787682464526,false,727897,693188,0.8516787682464526
727897,389376,0.8009990161635284,false,727897,389376,0.8009990161635284
727897,6799,0.9419336236698403,false,727897,6799,0.9419336236698403
727897,353189,0.9543902209552789,false,727897,353189,0.9543902209552789
727897,563,0.9936508982332496,false,727897,563,0.9936508982332496
727897,84851,0.8511430440709284,false,727897,84851,0.8511430440709284
727897,4069,0.9622662824331767,false,727897,4069,0.9622662824331767
727897,1080,0.8010961346645916,false,727897,1080,0.8010961346645916
727897,123872,0.7972835149264845,false,727897,123872,0.7972835149264845
727897,1286,0.7045174840677049,false,727897,1286,0.7045174840677049
727897,105372793,0.9521769163933747,false,727897,105372793,0.9521769163933747
727897,100874095,0.9954477596734654,false,727897,100874095,0.9954477596734654
727897,729238,0.7327259222968664,false,727897,729238,0.7327259222968664
727897,26298,0.9683186115155871,false,727897,26298,0.9683186115155871
727897,100033436,0.9641156054729338,false,727897,100033436,0.9641156054729338
112268155,1152,0.9443456731648423,false,112268155,1152,0.9443456731648423
112268155,79083,0.9917045917156118,false,112268155,79083,0.9917045917156118
112268155,66002,0.9829661057397664,false,112268155,66002,0.9829661057397664
112268155,1556,0.9887709215824249,false,112268155,1556,0.9887709215824249
112268155,22996,0.9769120985763677,false,112268155,22996,0.9769120985763677
112268155,55930,0.97632252830861,false,112268155,55930,0.97632252830861
112268155,7620,0.8226194194465476,false,112268155,7620,0.8226194194465476
112268155,7113,0.9867708530656282,false,112268155,7113,0.9867708530656282
112268155,54861,0.9640739988917417,false,112268155,54861,0.9640739988917417
112268155,222256,0.9389689114912235,false,112268155,222256,0.9389689114912235
112268155,105180391,0.994573196765027,false,112268155,105180391,0.994573196765027
112268155,100529240,0.9965041863752547,false,112268155,100529240,0.9965041863752547
112268155,113218482,0.9876055055997369,false,112268155,113218482,0.9876055055997369
112268155,647024,0.9638561483110951,false,112268155,647024,0.9638561483110951
112268155,255928,0.9778902400286135,false,112268155,255928,0.9778902400286135
112268155,151531,0.9757603027041304,false,112268155,151531,0.9757603027041304
112268155,8537,0.9397251805696122,false,112268155,8537,0.9397251805696122
112268155,10018,0.9889765006531284,false,112268155,10018,0.9889765006531284
112268155,115019,0.9896192146388249,false,112268155,115019,0.9896192146388249
112268155,201625,0.8464482781347794,false,112268155,201625,0.8464482781347794
112268155,105180390,0.9964429647093269,false,112268155,105180390,0.9964429647093269
112268155,692058,0.9871220883250591,false,112268155,692058,0.9871220883250591
112268155,276,0.8245757935056722,false,112268155,276,0.8245757935056722
112268155,168374,0.9854570443808297,false,112268155,168374,0.9854570443808297
112268155,83481,0.9628384952564,false,112268155,83481,0.9628384952564
112268155,645843,0.9869307172182558,false,112268155,645843,0.9869307172182558
112268155,143884,0.9505140677190104,false,112268155,143884,0.9505140677190104
112268155,1579,0.7202422741072249,false,112268155,1579,0.7202422741072249
112268155,80004,0.9210412431821574,false,112268155,80004,0.9210412431821574
112268155,121512,0.9798564076415581,false,112268155,121512,0.9798564076415581
112268155,3993,0.9406371831774917,false,112268155,3993,0.9406371831774917
112268155,389852,0.9944665597155703,false,112268155,389852,0.9944665597155703
112268155,342892,0.9692784449898234,false,112268155,342892,0.9692784449898234
112268155,164312,0.9726144942839398,false,112268155,164312,0.9726144942839398
112268155,84239,0.9639983616021391,false,112268155,84239,0.9639983616021391
112268155,2065,0.9794735230929509,false,112268155,2065,0.9794735230929509
112268155,57402,0.8681855587419398,false,112268155,57402,0.8681855587419398
112268155,1513,0.7577849643962141,false,112268155,1513,0.7577849643962141
112268155,776,0.8241568328941032,false,112268155,776,0.8241568328941032
112268155,780,0.8830922021715356,false,112268155,780,0.8830922021715356
112268155,135656,0.9876742541459818,false,112268155,135656,0.9876742541459818
112268155,3880,0.8690555790455482,false,112268155,3880,0.8690555790455482
112268155,94059,0.9961324263004386,false,112268155,94059,0.9961324263004386
112268155,26769,0.9605143107315669,false,112268155,26769,0.9605143107315669
112268155,3960,0.986692256898205,false,112268155,3960,0.986692256898205
112268155,7433,0.863590623983053,false,112268155,7433,0.863590623983053
112268155,284323,0.977537524735409,false,112268155,284323,0.977537524735409
112268155,100129460,0.8629727307542165,false,112268155,100129460,0.8629727307542165
112268155,65217,0.8653895887995848,false,112268155,65217,0.8653895887995848
112268155,23584,0.9661343993024095,false,112268155,23584,0.9661343993024095
112268155,692213,0.985058381872147,false,112268155,692213,0.985058381872147
112268155,153643,0.9592503619188022,false,112268155,153643,0.9592503619188022
112268155,112268422,0.9845434550795094,false,112268155,112268422,0.9845434550795094
112268155,649946,0.7914276476973863,false,112268155,649946,0.7914276476973863
112268155,259294,0.9823853113772693,false,112268155,259294,0.9823853113772693
112268155,79740,0.907548466797412,false,112268155,79740,0.907548466797412
112268155,2266,0.9938442409243335,false,112268155,2266,0.9938442409243335
112268155,745,0.9865237721089122,false,112268155,745,0.9865237721089122
112268155,440352,0.885724291590916,false,112268155,440352,0.885724291590916
1152,79083,0.9499411218640569,false,1152,79083,0.9499411218640569
1152,66002,0.9391849057350373,false,1152,66002,0.9391849057350373
1152,1556,0.9638458988417342,false,1152,1556,0.9638458988417342
1152,22996,0.9553138814801149,false,1152,22996,0.9553138814801149
1152,55930,0.9593485079796101,false,1152,55930,0.9593485079796101
1152,7620,0.8877258374627048,false,1152,7620,0.8877258374627048
1152,7113,0.9486515446196446,false,1152,7113,0.9486515446196446
1152,54861,0.9637767842398165,false,1152,54861,0.9637767842398165
1152,222256,0.9373956155148542,false,1152,222256,0.9373956155148542
1152,105180391,0.9541582742895401,false,1152,105180391,0.9541582742895401
1152,26084,0.7179755588498039,false,1152,26084,0.7179755588498039
1152,100529240,0.9615116269996528,false,1152,100529240,0.9615116269996528
1152,113218482,0.9335757849302762,false,1152,113218482,0.9335757849302762
1152,647024,0.9356690836834337,false,1152,647024,0.9356690836834337
1152,255928,0.9040242485291463,false,1152,255928,0.9040242485291463
1152,151531,0.8769589520172518,false,1152,151531,0.8769589520172518
1152,8537,0.911924407234523,false,1152,8537,0.911924407234523
1152,10018,0.9472675913930556,false,1152,10018,0.9472675913930556
1152,115019,0.9407999289115806,false,1152,115019,0.9407999289115806
1152,201625,0.8919339046026672,false,1152,201625,0.8919339046026672
1152,105180390,0.9583562177172754,false,1152,105180390,0.9583562177172754
1152,692058,0.9565974092013249,false,1152,692058,0.9565974092013249
1152,276,0.8484167479119052,false,1152,276,0.8484167479119052
1152,168374,0.9633527954815321,false,1152,168374,0.9633527954815321
1152,83481,0.9559292942317548,false,1152,83481,0.9559292942317548
1152,645843,0.9720751848115032,false,1152,645843,0.9720751848115032
1152,143884,0.9150218391487654,false,1152,143884,0.9150218391487654
1152,1579,0.7585287671306746,false,1152,1579,0.7585287671306746
1152,80004,0.8771929753784171,false,1152,80004,0.8771929753784171
1152,121512,0.9155260021332505,false,1152,121512,0.9155260021332505
1152,3993,0.9236152418360254,false,1152,3993,0.9236152418360254
1152,389852,0.9436628940562275,false,1152,389852,0.9436628940562275
1152,342892,0.9677434678532412,false,1152,342892,0.9677434678532412
1152,164312,0.9520893747425745,false,1152,164312,0.9520893747425745
1152,84239,0.9677979974634475,false,1152,84239,0.9677979974634475
1152,2065,0.9617097937451781,false,1152,2065,0.9617097937451781
1152,57402,0.9000133988927406,false,1152,57402,0.9000133988927406
1152,1513,0.843622795890549,false,1152,1513,0.843622795890549
1152,776,0.8958027165745296,false,1152,776,0.8958027165745296
1152,780,0.8889024617472628,false,1152,780,0.8889024617472628
1152,135656,0.9366167201030768,false,1152,135656,0.9366167201030768
1152,3880,0.8974599272048989,false,1152,3880,0.8974599272048989
1152,94059,0.9533362325572234,false,1152,94059,0.9533362325572234
1152,26769,0.9402135900407049,false,1152,26769,0.9402135900407049
1152,3960,0.9360288086949538,false,1152,3960,0.9360288086949538
1152,7433,0.8857173305322223,false,1152,7433,0.8857173305322223
1152,284323,0.9414867460489057,false,1152,284323,0.9414867460489057
1152,100129460,0.8598623658291411,false,1152,100129460,0.8598623658291411
1152,65217,0.8945456097203726,false,1152,65217,0.8945456097203726
1152,23584,0.9355467609775617,false,1152,23584,0.9355467609775617
1152,692213,0.9497876580941081,false,1152,692213,0.9497876580941081
1152,153643,0.9256286772886434,false,1152,153643,0.9256286772886434
1152,112268422,0.9346537917668885,false,1152,112268422,0.9346537917668885
1152,649946,0.8380647700896969,false,1152,649946,0.8380647700896969
1152,259294,0.947831024984945,false,1152,259294,0.947831024984945
1152,79740,0.9543026073001867,false,1152,79740,0.9543026073001867
1152,2266,0.9297791842239502,false,1152,2266,0.9297791842239502
1152,745,0.9497471353448634,false,1152,745,0.9497471353448634
1152,440352,0.9258385623043095,false,1152,440352,0.9258385623043095
340596,100506755,0.8636994422793451,false,340596,100506755,0.8636994422793451
340596,2125,0.7101940559140247,false,340596,2125,0.7101940559140247
340596,1746,0.851535276566752,false,340596,1746,0.851535276566752
340596,163479,0.9612741385228061,false,340596,163479,0.9612741385228061
340596,84867,0.8754189795886289,false,340596,84867,0.8754189795886289
340596,441151,0.8020717396579408,false,340596,441151,0.8020717396579408
340596,113219467,0.7707415814152935,false,340596,113219467,0.7707415814152935
340596,26797,0.8632367404294787,false,340596,26797,0.8632367404294787
340596,57710,0.7876969823458417,false,340596,57710,0.7876969823458417
340596,9699,0.7700760711496781,false,340596,9699,0.7700760711496781
340596,692209,0.9450497665318541,false,340596,692209,0.9450497665318541
340596,84525,0.7363549532541938,false,340596,84525,0.7363549532541938
340596,4861,0.8056833218302669,false,340596,4861,0.8056833218302669
340596,80381,0.7103549941154458,false,340596,80381,0.7103549941154458
340596,498,0.7124524904962931,false,340596,498,0.7124524904962931
340596,100874002,0.8917379271743672,false,340596,100874002,0.8917379271743672
340596,219793,0.8135481926136061,false,340596,219793,0.8135481926136061
340596,56955,0.9827210901916372,false,340596,56955,0.9827210901916372
340596,100423031,0.7062516572900137,false,340596,100423031,0.7062516572900137
340596,1515,0.9620999135455376,false,340596,1515,0.9620999135455376
340596,165186,0.8882989180662304,false,340596,165186,0.8882989180662304
27074,79632,0.9191368501339328,false,27074,79632,0.9191368501339328
27074,4585,0.8542149371128618,false,27074,4585,0.8542149371128618
27074,1767,0.8280340447493764,false,27074,1767,0.8280340447493764
27074,54861,0.7146703661649197,false,27074,54861,0.7146703661649197
27074,222256,0.7894301564131178,false,27074,222256,0.7894301564131178
27074,26084,0.8434670298450089,false,27074,26084,0.8434670298450089
27074,54,0.8061423301109598,false,27074,54,0.8061423301109598
27074,647024,0.7477553339546721,false,27074,647024,0.7477553339546721
27074,201625,0.93734023125494,false,27074,201625,0.93734023125494
27074,1043,0.9400479689124206,false,27074,1043,0.9400479689124206
27074,276,0.8611957006490443,false,27074,276,0.8611957006490443
27074,83481,0.7325378454058215,false,27074,83481,0.7325378454058215
27074,645843,0.7087459189360733,false,27074,645843,0.7087459189360733
27074,2122,0.8796091056658564,false,27074,2122,0.8796091056658564
27074,84059,0.9370992678872869,false,27074,84059,0.9370992678872869
27074,1579,0.9728345705066538,false,27074,1579,0.9728345705066538
27074,57477,0.8999412264964939,false,27074,57477,0.8999412264964939
27074,80004,0.8274518460236925,false,27074,80004,0.8274518460236925
27074,121512,0.7182764506659975,false,27074,121512,0.7182764506659975
27074,120892,0.9388733071346983,false,27074,120892,0.9388733071346983
27074,123624,0.8486902716547605,false,27074,123624,0.8486902716547605
27074,84239,0.7872298775910681,false,27074,84239,0.7872298775910681
27074,353189,0.7860440438122721,false,27074,353189,0.7860440438122721
27074,2065,0.751775568278022,false,27074,2065,0.751775568278022
27074,1513,0.7003480274293591,false,27074,1513,0.7003480274293591
27074,84851,0.891267575284536,false,27074,84851,0.891267575284536
27074,3880,0.8871218268056892,false,27074,3880,0.8871218268056892
27074,26769,0.7135083215470764,false,27074,26769,0.7135083215470764
27074,100129460,0.8601115944504295,false,27074,100129460,0.8601115944504295
27074,4069,0.7761738296920081,false,27074,4069,0.7761738296920081
27074,1080,0.9263012611150082,false,27074,1080,0.9263012611150082
27074,1286,0.9640152531643406,false,27074,1286,0.9640152531643406
27074,79784,0.8168963656966239,false,27074,79784,0.8168963656966239
27074,153643,0.7627404020930888,false,27074,153643,0.7627404020930888
27074,144535,0.9359319252134718,false,27074,144535,0.9359319252134718
27074,649946,0.7654137936517101,false,27074,649946,0.7654137936517101
27074,79740,0.7737283234498415,false,27074,79740,0.7737283234498415
27074,26298,0.7165040203948891,false,27074,26298,0.7165040203948891
100996506,100505495,0.9906023357354249,false,100996506,100505495,0.9906023357354249
100996506,57524,0.8962712620399305,false,100996506,57524,0.8962712620399305
100996506,256076,0.8726265713255267,false,100996506,256076,0.8726265713255267
100996506,284680,0.7983739265857784,false,100996506,284680,0.7983739265857784
100996506,128218,0.7609240718915579,false,100996506,128218,0.7609240718915579
100996506,100820829,0.903778963959778,false,100996506,100820829,0.903778963959778
100996506,7546,0.7203049099223137,false,100996506,7546,0.7203049099223137
100996506,105373265,0.830588303806422,false,100996506,105373265,0.830588303806422
100996506,9211,0.940870475911053,false,100996506,9211,0.940870475911053
100996506,440590,0.8768342742876997,false,100996506,440590,0.8768342742876997
100996506,55282,0.9122406071714322,false,100996506,55282,0.9122406071714322
100506755,1746,0.8843595831206326,false,100506755,1746,0.8843595831206326
100506755,163479,0.7530012676673528,false,100506755,163479,0.7530012676673528
100506755,399726,0.795537173197582,false,100506755,399726,0.795537173197582
100506755,441151,0.724651764624749,false,100506755,441151,0.724651764624749
100506755,57710,0.9582450898065225,false,100506755,57710,0.9582450898065225
100506755,9699,0.8487823067854143,false,100506755,9699,0.8487823067854143
100506755,692209,0.7491927596694661,false,100506755,692209,0.7491927596694661
100506755,84525,0.7995920490129242,false,100506755,84525,0.7995920490129242
100506755,80381,0.8854364135968775,false,100506755,80381,0.8854364135968775
100506755,83643,0.7662965241624855,false,100506755,83643,0.7662965241624855
100506755,498,0.8976161963428301,false,100506755,498,0.8976161963428301
100506755,100874002,0.8999538659294027,false,100506755,100874002,0.8999538659294027
100506755,219793,0.9163449230275759,false,100506755,219793,0.9163449230275759
100506755,56955,0.8631974262909536,false,100506755,56955,0.8631974262909536
100506755,1515,0.8194181939590431,false,100506755,1515,0.8194181939590431
100506755,165186,0.735000237796463,false,100506755,165186,0.735000237796463
79083,66002,0.9961237099506711,false,79083,66002,0.9961237099506711
79083,1556,0.9928392238805267,false,79083,1556,0.9928392238805267
79083,22996,0.9855482368286885,false,79083,22996,0.9855482368286885
79083,55930,0.9880445078936068,false,79083,55930,0.9880445078936068
79083,7620,0.8567261542623017,false,79083,7620,0.8567261542623017
79083,7113,0.9763415264258738,false,79083,7113,0.9763415264258738
79083,54861,0.9500443831271053,false,79083,54861,0.9500443831271053
79083,222256,0.9078158402086975,false,79083,222256,0.9078158402086975
79083,105180391,0.9927232916193534,false,79083,105180391,0.9927232916193534
79083,100529240,0.9970881458190789,false,79083,100529240,0.9970881458190789
79083,113218482,0.996387657919509,false,79083,113218482,0.996387657919509
79083,647024,0.9466870278975936,false,79083,647024,0.9466870278975936
79083,255928,0.9897680803514783,false,79083,255928,0.9897680803514783
79083,151531,0.9569512685978135,false,79083,151531,0.9569512685978135
79083,8537,0.9545406905675741,false,79083,8537,0.9545406905675741
79083,10018,0.9968924636560479,false,79083,10018,0.9968924636560479
79083,115019,0.9973749767468062,false,79083,115019,0.9973749767468062
79083,201625,0.8037319883395241,false,79083,201625,0.8037319883395241
79083,105180390,0.9933624152470028,false,79083,105180390,0.9933624152470028
79083,692058,0.9753087462985387,false,79083,692058,0.9753087462985387
79083,276,0.7700654818656563,false,79083,276,0.7700654818656563
79083,168374,0.9670625676349434,false,79083,168374,0.9670625676349434
79083,83481,0.9552287233486008,false,79083,83481,0.9552287233486008
79083,645843,0.9718829331789937,false,79083,645843,0.9718829331789937
79083,143884,0.9673684982735492,false,79083,143884,0.9673684982735492
79083,80004,0.8866591971563387,false,79083,80004,0.8866591971563387
79083,121512,0.9583727008728491,false,79083,121512,0.9583727008728491
79083,3993,0.9600064939161645,false,79083,3993,0.9600064939161645
79083,389852,0.9972744997965528,false,79083,389852,0.9972744997965528
79083,342892,0.9818249865165757,false,79083,342892,0.9818249865165757
79083,164312,0.9843504357531868,false,79083,164312,0.9843504357531868
79083,84239,0.9492360055048265,false,79083,84239,0.9492360055048265
79083,2065,0.9642157223812484,false,79083,2065,0.9642157223812484
79083,57402,0.9002937765801391,false,79083,57402,0.9002937765801391
79083,1513,0.7167581610278954,false,79083,1513,0.7167581610278954
79083,776,0.8555463425018797,false,79083,776,0.8555463425018797
79083,780,0.8892938118924135,false,79083,780,0.8892938118924135
79083,135656,0.997757857386594,false,79083,135656,0.997757857386594
79083,3880,0.8423599840764555,false,79083,3880,0.8423599840764555
79083,94059,0.9989091646795939,false,79083,94059,0.9989091646795939
79083,26769,0.9345569511559471,false,79083,26769,0.9345569511559471
79083,3960,0.9975103112511674,false,79083,3960,0.9975103112511674
79083,7433,0.8988642515090512,false,79083,7433,0.8988642515090512
79083,284323,0.9949858215578679,false,79083,284323,0.9949858215578679
79083,100129460,0.8028408580631202,false,79083,100129460,0.8028408580631202
79083,65217,0.8559633042107182,false,79083,65217,0.8559633042107182
79083,23584,0.9879200963874281,false,79083,23584,0.9879200963874281
79083,692213,0.9938254001712823,false,79083,692213,0.9938254001712823
79083,153643,0.932464293849018,false,79083,153643,0.932464293849018
79083,112268422,0.9969394919728636,false,79083,112268422,0.9969394919728636
79083,649946,0.7398223230048784,false,79083,649946,0.7398223230048784
79083,259294,0.9966281600802078,false,79083,259294,0.9966281600802078
79083,79740,0.9146665692391082,false,79083,79740,0.9146665692391082
79083,2266,0.9961015198128353,false,79083,2266,0.9961015198128353
79083,745,0.9946558035518821,false,79083,745,0.9946558035518821
79083,440352,0.9226700843196531,false,79083,440352,0.9226700843196531
66002,1556,0.9906024616300055,false,66002,1556,0.9906024616300055
66002,22996,0.9920945064981446,false,66002,22996,0.9920945064981446
66002,55930,0.9936412550685985,false,66002,55930,0.9936412550685985
66002,7620,0.8429710403494642,false,66002,7620,0.8429710403494642
66002,7113,0.9771193618936339,false,66002,7113,0.9771193618936339
66002,54861,0.9244443676819337,false,66002,54861,0.9244443676819337
66002,222256,0.9015659725949806,false,66002,222256,0.9015659725949806
66002,105180391,0.9797581055914337,false,66002,105180391,0.9797581055914337
66002,100529240,0.9904614155845407,false,66002,100529240,0.9904614155845407
66002,113218482,0.9991606008949112,false,66002,113218482,0.9991606008949112
66002,647024,0.9512617732721799,false,66002,647024,0.9512617732721799
66002,255928,0.9950649811955279,false,66002,255928,0.9950649811955279
66002,151531,0.960294637891587,false,66002,151531,0.960294637891587
66002,8537,0.9582546881683204,false,66002,8537,0.9582546881683204
66002,10018,0.997274972720514,false,66002,10018,0.997274972720514
66002,115019,0.9990687441867546,false,66002,115019,0.9990687441867546
66002,201625,0.7901768668132463,false,66002,201625,0.7901768668132463
66002,105180390,0.981591739272585,false,66002,105180390,0.981591739272585
66002,692058,0.9705366149496156,false,66002,692058,0.9705366149496156
66002,276,0.7590778338387802,false,66002,276,0.7590778338387802
66002,168374,0.9546721109637112,false,66002,168374,0.9546721109637112
66002,83481,0.9610390200290879,false,66002,83481,0.9610390200290879
66002,645843,0.9606958436781438,false,66002,645843,0.9606958436781438
66002,143884,0.9527021694084251,false,66002,143884,0.9527021694084251
66002,80004,0.890849775464874,false,66002,80004,0.890849775464874
66002,121512,0.9448145956602505,false,66002,121512,0.9448145956602505
66002,3993,0.973980525968177,false,66002,3993,0.973980525968177
66002,389852,0.9961660590609938,false,66002,389852,0.9961660590609938
66002,342892,0.9658242151352077,false,66002,342892,0.9658242151352077
66002,164312,0.9902974101201839,false,66002,164312,0.9902974101201839
66002,84239,0.9368427065951983,false,66002,84239,0.9368427065951983
66002,2065,0.960386627669759,false,66002,2065,0.960386627669759
66002,57402,0.9085055902224902,false,66002,57402,0.9085055902224902
66002,776,0.8236820141843142,false,66002,776,0.8236820141843142
66002,780,0.915747448399997,false,66002,780,0.915747448399997
66002,135656,0.9986262156946974,false,66002,135656,0.9986262156946974
66002,3880,0.8480577366441883,false,66002,3880,0.8480577366441883
66002,94059,0.9941220540569905,false,66002,94059,0.9941220540569905
66002,26769,0.9269928587466262,false,66002,26769,0.9269928587466262
66002,3960,0.9989507705765468,false,66002,3960,0.9989507705765468
66002,7433,0.894582511272298,false,66002,7433,0.894582511272298
66002,284323,0.9899160189856501,false,66002,284323,0.9899160189856501
66002,100129460,0.7792516187112224,false,66002,100129460,0.7792516187112224
66002,65217,0.8162160089216991,false,66002,65217,0.8162160089216991
66002,23584,0.9871661942277457,false,66002,23584,0.9871661942277457
66002,692213,0.9977460286804432,false,66002,692213,0.9977460286804432
66002,153643,0.9326561176436017,false,66002,153643,0.9326561176436017
66002,112268422,0.9978117880672644,false,66002,112268422,0.9978117880672644
66002,259294,0.9923451351145558,false,66002,259294,0.9923451351145558
66002,79740,0.9188776445788566,false,66002,79740,0.9188776445788566
66002,2266,0.9889052921939261,false,66002,2266,0.9889052921939261
66002,745,0.9970266497520313,false,66002,745,0.9970266497520313
66002,440352,0.9383932388778449,false,66002,440352,0.9383932388778449
11185,10586,0.8942050733070624,false,11185,10586,0.8942050733070624
11185,2125,0.9161925374407808,false,11185,2125,0.9161925374407808
11185,3780,0.7230552972604746,false,11185,3780,0.7230552972604746
11185,9476,0.7758306180982463,false,11185,9476,0.7758306180982463
11185,84867,0.7414806008140784,false,11185,84867,0.7414806008140784
11185,284680,0.7788900258983927,false,11185,284680,0.7788900258983927
11185,6097,0.7216164809036056,false,11185,6097,0.7216164809036056
11185,128218,0.784396909530055,false,11185,128218,0.784396909530055
11185,5349,0.8323247688205585,false,11185,5349,0.8323247688205585
11185,123624,0.7459796259381684,false,11185,123624,0.7459796259381684
11185,84525,0.7481968632282987,false,11185,84525,0.7481968632282987
11185,4861,0.7580701955609616,false,11185,4861,0.7580701955609616
11185,21,0.908426164433151,false,11185,21,0.908426164433151
11185,284434,0.8895256490416232,false,11185,284434,0.8895256490416232
11185,9052,0.9573779454664082,false,11185,9052,0.9573779454664082
11185,79784,0.7339677556148004,false,11185,79784,0.7339677556148004
11185,653509,0.8037292136073567,false,11185,653509,0.8037292136073567
11185,100423031,0.831259024461206,false,11185,100423031,0.831259024461206
11185,729238,0.7078573313307952,false,11185,729238,0.7078573313307952
11185,79098,0.9587100902176812,false,11185,79098,0.9587100902176812
11185,3855,0.7944699560363248,false,11185,3855,0.7944699560363248
11185,165186,0.7780760200432347,false,11185,165186,0.7780760200432347
1556,22996,0.9943331113592083,false,1556,22996,0.9943331113592083
1556,55930,0.9949805631201738,false,1556,55930,0.9949805631201738
1556,7620,0.8222627234450703,false,1556,7620,0.8222627234450703
1556,7113,0.9880203182239443,false,1556,7113,0.9880203182239443
1556,54861,0.9605975927505211,false,1556,54861,0.9605975927505211
1556,222256,0.9293156638580837,false,1556,222256,0.9293156638580837
1556,105180391,0.9899599274876111,false,1556,105180391,0.9899599274876111
1556,100529240,0.9933449823075469,false,1556,100529240,0.9933449823075469
1556,113218482,0.9897684894058568,false,1556,113218482,0.9897684894058568
1556,647024,0.9676478172817227,false,1556,647024,0.9676478172817227
1556,255928,0.9760626645367658,false,1556,255928,0.9760626645367658
1556,151531,0.9603576211945609,false,1556,151531,0.9603576211945609
1556,8537,0.9292754443014707,false,1556,8537,0.9292754443014707
1556,10018,0.9887574210363554,false,1556,10018,0.9887574210363554
1556,115019,0.9923183108186804,false,1556,115019,0.9923183108186804
1556,201625,0.8575697849778083,false,1556,201625,0.8575697849778083
1556,105180390,0.9920738265625845,false,1556,105180390,0.9920738265625845
1556,692058,0.9761875116607462,false,1556,692058,0.9761875116607462
1556,276,0.8062501401374901,false,1556,276,0.8062501401374901
1556,168374,0.971320859680484,false,1556,168374,0.971320859680484
1556,83481,0.9760494041928955,false,1556,83481,0.9760494041928955
1556,645843,0.9798611897660825,false,1556,645843,0.9798611897660825
1556,143884,0.9350009559871303,false,1556,143884,0.9350009559871303
1556,1579,0.7152296451852028,false,1556,1579,0.7152296451852028
1556,80004,0.9228701642974123,false,1556,80004,0.9228701642974123
1556,121512,0.9716674373344008,false,1556,121512,0.9716674373344008
1556,3993,0.977169684992983,false,1556,3993,0.977169684992983
1556,389852,0.9915987347752734,false,1556,389852,0.9915987347752734
1556,342892,0.9712865219547946,false,1556,342892,0.9712865219547946
1556,164312,0.9950537855068446,false,1556,164312,0.9950537855068446
1556,84239,0.9753760326345698,false,1556,84239,0.9753760326345698
1556,2065,0.9832530509558469,false,1556,2065,0.9832530509558469
1556,57402,0.9299141445112125,false,1556,57402,0.9299141445112125
1556,1513,0.7257994651224804,false,1556,1513,0.7257994651224804
1556,776,0.8428383722407122,false,1556,776,0.8428383722407122
1556,780,0.9193819258322523,false,1556,780,0.9193819258322523
1556,135656,0.9879177453103827,false,1556,135656,0.9879177453103827
1556,3880,0.8945577772316864,false,1556,3880,0.8945577772316864
1556,94059,0.9940442996674393,false,1556,94059,0.9940442996674393
1556,26769,0.9417511609749075,false,1556,26769,0.9417511609749075
1556,3960,0.987902512173518,false,1556,3960,0.987902512173518
1556,7433,0.9155746522118251,false,1556,7433,0.9155746522118251
1556,284323,0.9786687610869221,false,1556,284323,0.9786687610869221
1556,100129460,0.8327731967840325,false,1556,100129460,0.8327731967840325
1556,65217,0.8720526672694802,false,1556,65217,0.8720526672694802
1556,23584,0.9852544780375349,false,1556,23584,0.9852544780375349
1556,692213,0.9909338692099846,false,1556,692213,0.9909338692099846
1556,153643,0.9521472922447548,false,1556,153643,0.9521472922447548
1556,112268422,0.9844631830048218,false,1556,112268422,0.9844631830048218
1556,649946,0.7566416765943476,false,1556,649946,0.7566416765943476
1556,259294,0.9820991800756856,false,1556,259294,0.9820991800756856
1556,79740,0.9541914008538132,false,1556,79740,0.9541914008538132
1556,2266,0.987796243116935,false,1556,2266,0.987796243116935
1556,745,0.9975453658191683,false,1556,745,0.9975453658191683
1556,440352,0.9440283616692912,false,1556,440352,0.9440283616692912
10586,2125,0.9701666377139034,false,10586,2125,0.9701666377139034
10586,3780,0.8977048107563343,false,10586,3780,0.8977048107563343
10586,9476,0.7089333617512336,false,10586,9476,0.7089333617512336
10586,163479,0.8498222036841881,false,10586,163479,0.8498222036841881
10586,84867,0.8034452150588638,false,10586,84867,0.8034452150588638
10586,5349,0.9657026339833356,false,10586,5349,0.9657026339833356
10586,113219467,0.8124709695060149,false,10586,113219467,0.8124709695060149
10586,26797,0.8943889511397181,false,10586,26797,0.8943889511397181
10586,692209,0.8311547934331235,false,10586,692209,0.8311547934331235
10586,84525,0.8119496300563209,false,10586,84525,0.8119496300563209
10586,4861,0.9159379618640254,false,10586,4861,0.9159379618640254
10586,21,0.857251620811615,false,10586,21,0.857251620811615
10586,284434,0.8770577401654069,false,10586,284434,0.8770577401654069
10586,9052,0.7643946202858194,false,10586,9052,0.7643946202858194
10586,653509,0.7438011911483162,false,10586,653509,0.7438011911483162
10586,100423031,0.952998823991511,false,10586,100423031,0.952998823991511
10586,79098,0.8649728204496471,false,10586,79098,0.8649728204496471
10586,1515,0.7372993405899987,false,10586,1515,0.7372993405899987
10586,3855,0.8437298336185733,false,10586,3855,0.8437298336185733
10586,165186,0.8657030044271509,false,10586,165186,0.8657030044271509
54848,1767,0.7615019379270284,false,54848,1767,0.7615019379270284
54848,9476,0.820127240018636,false,54848,9476,0.820127240018636
54848,117156,0.9554529224570915,false,54848,117156,0.9554529224570915
54848,195814,0.9656427994939216,false,54848,195814,0.9656427994939216
54848,140766,0.9291444923500786,false,54848,140766,0.9291444923500786
54848,105,0.8820296191213186,false,54848,105,0.8820296191213186
54848,57477,0.7865381738821549,false,54848,57477,0.7865381738821549
54848,6097,0.9409126188727824,false,54848,6097,0.9409126188727824
54848,120892,0.7521570145026916,false,54848,120892,0.7521570145026916
54848,4057,0.8648929569710552,false,54848,4057,0.8648929569710552
54848,220136,0.8121396789391221,false,54848,220136,0.8121396789391221
54848,112577518,0.8235949297527648,false,54848,112577518,0.8235949297527648
54848,9370,0.8327569729402954,false,54848,9370,0.8327569729402954
54848,693188,0.9085530602682498,false,54848,693188,0.9085530602682498
54848,389376,0.9094201566925073,false,54848,389376,0.9094201566925073
54848,6799,0.9370542437539499,false,54848,6799,0.9370542437539499
54848,353189,0.7353807839874583,false,54848,353189,0.7353807839874583
54848,563,0.8340429280928449,false,54848,563,0.8340429280928449
54848,21,0.7441526462738519,false,54848,21,0.7441526462738519
54848,4069,0.7344176696883146,false,54848,4069,0.7344176696883146
54848,1080,0.7780095884902308,false,54848,1080,0.7780095884902308
54848,123872,0.9957921856070153,false,54848,123872,0.9957921856070153
54848,105372793,0.9014459553242355,false,54848,105372793,0.9014459553242355
54848,653509,0.8454503597674717,false,54848,653509,0.8454503597674717
54848,100874095,0.8327569729402954,false,54848,100874095,0.8327569729402954
54848,729238,0.8843460099011656,false,54848,729238,0.8843460099011656
54848,3855,0.7659753121795443,false,54848,3855,0.7659753121795443
54848,26298,0.8330328844292104,false,54848,26298,0.8330328844292104
54848,100033436,0.8583842634535388,false,54848,100033436,0.8583842634535388
79632,4585,0.9513105505181484,false,79632,4585,0.9513105505181484
79632,1767,0.927524372568655,false,79632,1767,0.927524372568655
79632,1604,0.7483963279877199,false,79632,1604,0.7483963279877199
79632,201625,0.826536077445696,false,79632,201625,0.826536077445696
79632,1043,0.9574426168183708,false,79632,1043,0.9574426168183708
79632,276,0.8394062043942484,false,79632,276,0.8394062043942484
79632,2122,0.8779669780880169,false,79632,2122,0.8779669780880169
79632,105,0.7760116498348286,false,79632,105,0.7760116498348286
79632,84059,0.9647608892504239,false,79632,84059,0.9647608892504239
79632,1579,0.9294856998754348,false,79632,1579,0.9294856998754348
79632,57477,0.9069385157552511,false,79632,57477,0.9069385157552511
79632,80004,0.7025705035707367,false,79632,80004,0.7025705035707367
79632,120892,0.974272493869827,false,79632,120892,0.974272493869827
79632,4057,0.7850631840831225,false,79632,4057,0.7850631840831225
79632,112577518,0.7702884428899476,false,79632,112577518,0.7702884428899476
79632,9370,0.7881497355353527,false,79632,9370,0.7881497355353527
79632,6799,0.7059521299763729,false,79632,6799,0.7059521299763729
79632,353189,0.9216187986303517,false,79632,353189,0.9216187986303517
79632,563,0.7679950055529551,false,79632,563,0.7679950055529551
79632,1513,0.7071783505592822,false,79632,1513,0.7071783505592822
79632,84851,0.9848614157210115,false,79632,84851,0.9848614157210115
79632,3880,0.7317881410139685,false,79632,3880,0.7317881410139685
79632,100129460,0.8446128680217257,false,79632,100129460,0.8446128680217257
79632,4069,0.9318049584753838,false,79632,4069,0.9318049584753838
79632,1080,0.9660725504312225,false,79632,1080,0.9660725504312225
79632,1286,0.963103230692406,false,79632,1286,0.963103230692406
79632,105372793,0.7588936016175658,false,79632,105372793,0.7588936016175658
79632,100874095,0.7881497355353527,false,79632,100874095,0.7881497355353527
79632,144535,0.9289725404374832,false,79632,144535,0.9289725404374832
79632,649946,0.7591990322669562,false,79632,649946,0.7591990322669562
79632,26298,0.8519596944842028,false,79632,26298,0.8519596944842028
79632,100033436,0.7261352270536117,false,79632,100033436,0.7261352270536117
4585,1767,0.9435114712392934,false,4585,1767,0.9435114712392934
4585,222256,0.7497174978361325,false,4585,222256,0.7497174978361325
4585,1604,0.8623250785724192,false,4585,1604,0.8623250785724192
4585,201625,0.8046384943975267,false,4585,201625,0.8046384943975267
4585,1043,0.9680070906887488,false,4585,1043,0.9680070906887488
4585,276,0.8862642314814309,false,4585,276,0.8862642314814309
4585,2122,0.7074755215648512,false,4585,2122,0.7074755215648512
4585,105,0.7725570444162467,false,4585,105,0.7725570444162467
4585,84059,0.8649830655317045,false,4585,84059,0.8649830655317045
4585,1579,0.8543036458105441,false,4585,1579,0.8543036458105441
4585,57477,0.7609766334135848,false,4585,57477,0.7609766334135848
4585,80004,0.7428854364774322,false,4585,80004,0.7428854364774322
4585,120892,0.9077119742174992,false,4585,120892,0.9077119742174992
4585,4057,0.7938497166443098,false,4585,4057,0.7938497166443098
4585,112577518,0.8001476153392861,false,4585,112577518,0.8001476153392861
4585,9370,0.8118201164376737,false,4585,9370,0.8118201164376737
4585,353189,0.9508789372546235,false,4585,353189,0.9508789372546235
4585,563,0.7953328969007079,false,4585,563,0.7953328969007079
4585,84851,0.9617726193811295,false,4585,84851,0.9617726193811295
4585,3880,0.7613022065250495,false,4585,3880,0.7613022065250495
4585,100129460,0.8471014540734844,false,4585,100129460,0.8471014540734844
4585,4069,0.9525612403384105,false,4585,4069,0.9525612403384105
4585,1080,0.8713015028647478,false,4585,1080,0.8713015028647478
4585,1286,0.8642745659499383,false,4585,1286,0.8642745659499383
4585,105372793,0.7133193467719293,false,4585,105372793,0.7133193467719293
4585,153643,0.7086898380361725,false,4585,153643,0.7086898380361725
4585,100874095,0.8118201164376737,false,4585,100874095,0.8118201164376737
4585,144535,0.8222239063326631,false,4585,144535,0.8222239063326631
4585,26298,0.8736213234639767,false,4585,26298,0.8736213234639767
4585,100033436,0.7479798891171363,false,4585,100033436,0.7479798891171363
2125,3780,0.8148030197907373,false,2125,3780,0.8148030197907373
2125,9476,0.7122983998819988,false,2125,9476,0.7122983998819988
2125,163479,0.8328175070046807,false,2125,163479,0.8328175070046807
2125,84867,0.8565310344302918,false,2125,84867,0.8565310344302918
2125,284680,0.7187444658249873,false,2125,284680,0.7187444658249873
2125,6097,0.7062184132015301,false,2125,6097,0.7062184132015301
2125,128218,0.7321307347669181,false,2125,128218,0.7321307347669181
2125,5349,0.9127682607355798,false,2125,5349,0.9127682607355798
2125,113219467,0.7566925698550674,false,2125,113219467,0.7566925698550674
2125,26797,0.8467934189439152,false,2125,26797,0.8467934189439152
2125,692209,0.8151238832173989,false,2125,692209,0.8151238832173989
2125,84525,0.8999418750643245,false,2125,84525,0.8999418750643245
2125,4861,0.8771307928173874,false,2125,4861,0.8771307928173874
2125,21,0.9311596163384923,false,2125,21,0.9311596163384923
2125,498,0.782322203885283,false,2125,498,0.782322203885283
2125,284434,0.8908163482526286,false,2125,284434,0.8908163482526286
2125,9052,0.781329604544764,false,2125,9052,0.781329604544764
2125,56955,0.7298295340126749,false,2125,56955,0.7298295340126749
2125,653509,0.757564655694275,false,2125,653509,0.757564655694275
2125,100423031,0.8872284698594355,false,2125,100423031,0.8872284698594355
2125,79098,0.8262976190044299,false,2125,79098,0.8262976190044299
2125,1515,0.7874117183742463,false,2125,1515,0.7874117183742463
2125,3855,0.8577885798565913,false,2125,3855,0.8577885798565913
2125,165186,0.9109176310307742,false,2125,165186,0.9109176310307742
100505495,57524,0.931763744775975,false,100505495,57524,0.931763744775975
100505495,256076,0.8346359549528717,false,100505495,256076,0.8346359549528717
100505495,284680,0.8419239077050601,false,100505495,284680,0.8419239077050601
100505495,128218,0.819053074806343,false,100505495,128218,0.819053074806343
100505495,100820829,0.8678474759809558,false,100505495,100820829,0.8678474759809558
100505495,105373265,0.8165671368269896,false,100505495,105373265,0.8165671368269896
100505495,9211,0.8860466935293158,false,100505495,9211,0.8860466935293158
100505495,440590,0.921820313335957,false,100505495,440590,0.921820313335957
100505495,55282,0.946742426909345,false,100505495,55282,0.946742426909345
22996,55930,0.9994346508821063,false,22996,55930,0.9994346508821063
22996,7620,0.8166245071850232,false,22996,7620,0.8166245071850232
22996,7113,0.9888033791514765,false,22996,7113,0.9888033791514765
22996,54861,0.9295067847303096,false,22996,54861,0.9295067847303096
22996,222256,0.9298681547993312,false,22996,222256,0.9298681547993312
22996,105180391,0.9715800704092931,false,22996,105180391,0.9715800704092931
22996,26084,0.7158150976801695,false,22996,26084,0.7158150976801695
22996,100529240,0.9848559073295083,false,22996,100529240,0.9848559073295083
22996,113218482,0.9900684581728585,false,22996,113218482,0.9900684581728585
22996,647024,0.974918082561673,false,22996,647024,0.974918082561673
22996,255928,0.9782175427682648,false,22996,255928,0.9782175427682648
22996,151531,0.9612700585083729,false,22996,151531,0.9612700585083729
22996,8537,0.9395894815271566,false,22996,8537,0.9395894815271566
22996,10018,0.9884105201048361,false,22996,10018,0.9884105201048361
22996,115019,0.991694552777432,false,22996,115019,0.991694552777432
22996,201625,0.8469227257554992,false,22996,201625,0.8469227257554992
22996,105180390,0.9758412799920188,false,22996,105180390,0.9758412799920188
22996,692058,0.9744114241548827,false,22996,692058,0.9744114241548827
22996,276,0.8070102425821565,false,22996,276,0.8070102425821565
22996,168374,0.9607850875775327,false,22996,168374,0.9607850875775327
22996,83481,0.984962793144827,false,22996,83481,0.984962793144827
22996,645843,0.9696431698341811,false,22996,645843,0.9696431698341811
22996,143884,0.9181413119341054,false,22996,143884,0.9181413119341054
22996,80004,0.9278815130788576,false,22996,80004,0.9278815130788576
22996,121512,0.9501791438045024,false,22996,121512,0.9501791438045024
22996,3993,0.9872095215791744,false,22996,3993,0.9872095215791744
22996,389852,0.9886409309794345,false,22996,389852,0.9886409309794345
22996,342892,0.9517796668078463,false,22996,342892,0.9517796668078463
22996,164312,0.9980177509947669,false,22996,164312,0.9980177509947669
22996,84239,0.9594316725067891,false,22996,84239,0.9594316725067891
22996,2065,0.9796023060679299,false,22996,2065,0.9796023060679299
22996,57402,0.9292114415880138,false,22996,57402,0.9292114415880138
22996,776,0.8039168927967177,false,22996,776,0.8039168927967177
22996,780,0.9521751550969327,false,22996,780,0.9521751550969327
22996,135656,0.9865115473676073,false,22996,135656,0.9865115473676073
22996,3880,0.9045397004742235,false,22996,3880,0.9045397004742235
22996,94059,0.9865785908865401,false,22996,94059,0.9865785908865401
22996,26769,0.9405807062605829,false,22996,26769,0.9405807062605829
22996,3960,0.9870415806526033,false,22996,3960,0.9870415806526033
22996,7433,0.8978776151529366,false,22996,7433,0.8978776151529366
22996,284323,0.9701902735165657,false,22996,284323,0.9701902735165657
22996,100129460,0.8148011401025519,false,22996,100129460,0.8148011401025519
22996,65217,0.8199678233773418,false,22996,65217,0.8199678233773418
22996,23584,0.9773361245835138,false,22996,23584,0.9773361245835138
22996,692213,0.9946947011327578,false,22996,692213,0.9946947011327578
22996,153643,0.9561670308508055,false,22996,153643,0.9561670308508055
22996,112268422,0.9832957728735456,false,22996,112268422,0.9832957728735456
22996,649946,0.7074854154622796,false,22996,649946,0.7074854154622796
22996,259294,0.9757024870275907,false,22996,259294,0.9757024870275907
22996,79740,0.9564488383391967,false,22996,79740,0.9564488383391967
22996,2266,0.974621323365262,false,22996,2266,0.974621323365262
22996,745,0.9968262137340014,false,22996,745,0.9968262137340014
22996,440352,0.9573115647053617,false,22996,440352,0.9573115647053617
55930,7620,0.8305868932717307,false,55930,7620,0.8305868932717307
55930,7113,0.9848194660412938,false,55930,7113,0.9848194660412938
55930,54861,0.9320838705047079,false,55930,54861,0.9320838705047079
55930,222256,0.9228251231545958,false,55930,222256,0.9228251231545958
55930,105180391,0.973830757091311,false,55930,105180391,0.973830757091311
55930,26084,0.7078089141647337,false,55930,26084,0.7078089141647337
55930,100529240,0.9861606692185177,false,55930,100529240,0.9861606692185177
55930,113218482,0.990763693322516,false,55930,113218482,0.990763693322516
55930,647024,0.9680616038584574,false,55930,647024,0.9680616038584574
55930,255928,0.9790470626652129,false,55930,255928,0.9790470626652129
55930,151531,0.954161201154813,false,55930,151531,0.954161201154813
55930,8537,0.9426916373671546,false,55930,8537,0.9426916373671546
55930,10018,0.989755693247713,false,55930,10018,0.989755693247713
55930,115019,0.9924251586938179,false,55930,115019,0.9924251586938179
55930,201625,0.838224907010933,false,55930,201625,0.838224907010933
55930,105180390,0.9774527846151126,false,55930,105180390,0.9774527846151126
55930,692058,0.9721268768927592,false,55930,692058,0.9721268768927592
55930,276,0.7953294335097427,false,55930,276,0.7953294335097427
55930,168374,0.9588688322120142,false,55930,168374,0.9588688322120142
55930,83481,0.98036838817235,false,55930,83481,0.98036838817235
55930,645843,0.9681461085078494,false,55930,645843,0.9681461085078494
55930,143884,0.9267139151793409,false,55930,143884,0.9267139151793409
55930,80004,0.9161206936475418,false,55930,80004,0.9161206936475418
55930,121512,0.9468448109597648,false,55930,121512,0.9468448109597648
55930,3993,0.9869764231322344,false,55930,3993,0.9869764231322344
55930,389852,0.988915752414414,false,55930,389852,0.988915752414414
55930,342892,0.9591476160409175,false,55930,342892,0.9591476160409175
55930,164312,0.9982784583844477,false,55930,164312,0.9982784583844477
55930,84239,0.9577603746301336,false,55930,84239,0.9577603746301336
55930,2065,0.9756096909574844,false,55930,2065,0.9756096909574844
55930,57402,0.9336456295290685,false,55930,57402,0.9336456295290685
55930,776,0.8210420338195723,false,55930,776,0.8210420338195723
55930,780,0.9453001110649772,false,55930,780,0.9453001110649772
55930,135656,0.988197794095066,false,55930,135656,0.988197794095066
55930,3880,0.8945077811985418,false,55930,3880,0.8945077811985418
55930,94059,0.9878736751200916,false,55930,94059,0.9878736751200916
55930,26769,0.9355024468362518,false,55930,26769,0.9355024468362518
55930,3960,0.9887500614775702,false,55930,3960,0.9887500614775702
55930,7433,0.9067606642889972,false,55930,7433,0.9067606642889972
55930,284323,0.9756776331233319,false,55930,284323,0.9756776331233319
55930,100129460,0.804950836567596,false,55930,100129460,0.804950836567596
55930,65217,0.8274964167905104,false,55930,65217,0.8274964167905104
55930,23584,0.9822036870935325,false,55930,23584,0.9822036870935325
55930,692213,0.995178120873064,false,55930,692213,0.995178120873064
55930,153643,0.9481337258650375,false,55930,153643,0.9481337258650375
55930,112268422,0.985669039384728,false,55930,112268422,0.985669039384728
55930,649946,0.7079141747613562,false,55930,649946,0.7079141747613562
55930,259294,0.9801582526824428,false,55930,259294,0.9801582526824428
55930,79740,0.9556972334828089,false,55930,79740,0.9556972334828089
55930,2266,0.9762818343629308,false,55930,2266,0.9762818343629308
55930,745,0.997279300301501,false,55930,745,0.997279300301501
55930,440352,0.961432694721926,false,55930,440352,0.961432694721926
1767,1604,0.8474960508970082,false,1767,1604,0.8474960508970082
1767,9476,0.7654838226652831,false,1767,9476,0.7654838226652831
1767,117156,0.8373998724309116,false,1767,117156,0.8373998724309116
1767,195814,0.8563433561911425,false,1767,195814,0.8563433561911425
1767,1043,0.8821706826833602,false,1767,1043,0.8821706826833602
1767,276,0.7278956189284437,false,1767,276,0.7278956189284437
1767,2122,0.7133522919114652,false,1767,2122,0.7133522919114652
1767,105,0.9058895320445448,false,1767,105,0.9058895320445448
1767,84059,0.8767672807437187,false,1767,84059,0.8767672807437187
1767,1579,0.7718937278988548,false,1767,1579,0.7718937278988548
1767,57477,0.8390653908656058,false,1767,57477,0.8390653908656058
1767,120892,0.9480700381198242,false,1767,120892,0.9480700381198242
1767,123624,0.7727202593980605,false,1767,123624,0.7727202593980605
1767,4057,0.9188284687687501,false,1767,4057,0.9188284687687501
1767,220136,0.831868416838818,false,1767,220136,0.831868416838818
1767,112577518,0.9103191679393752,false,1767,112577518,0.9103191679393752
1767,9370,0.920923016298731,false,1767,9370,0.920923016298731
1767,693188,0.7532436108765468,false,1767,693188,0.7532436108765468
1767,389376,0.7937204631662306,false,1767,389376,0.7937204631662306
1767,6799,0.8743791497886816,false,1767,6799,0.8743791497886816
1767,353189,0.9890481029128222,false,1767,353189,0.9890481029128222
1767,563,0.9110585617551614,false,1767,563,0.9110585617551614
1767,84851,0.9471185128850905,false,1767,84851,0.9471185128850905
1767,4069,0.9840104651541342,false,1767,4069,0.9840104651541342
1767,1080,0.9240497159650326,false,1767,1080,0.9240497159650326
1767,123872,0.7674493876344974,false,1767,123872,0.7674493876344974
1767,1286,0.8717570784458167,false,1767,1286,0.8717570784458167
1767,105372793,0.8525952570120543,false,1767,105372793,0.8525952570120543
1767,79784,0.7098373955594288,false,1767,79784,0.7098373955594288
1767,653509,0.7144097760736139,false,1767,653509,0.7144097760736139
1767,100874095,0.920923016298731,false,1767,100874095,0.920923016298731
1767,729238,0.7823290479680319,false,1767,729238,0.7823290479680319
1767,144535,0.8405063611939686,false,1767,144535,0.8405063611939686
1767,26298,0.9774095357632466,false,1767,26298,0.9774095357632466
1767,100033436,0.8862897868641805,false,1767,100033436,0.8862897868641805
3780,23562,0.740145800581989,false,3780,23562,0.740145800581989
3780,163479,0.8184932446472791,false,3780,163479,0.8184932446472791
3780,84867,0.7744905801768711,false,3780,84867,0.7744905801768711
3780,5349,0.9777508942283841,false,3780,5349,0.9777508942283841
3780,113219467,0.867724337327112,false,3780,113219467,0.867724337327112
3780,26797,0.933347911185563,false,3780,26797,0.933347911185563
3780,692209,0.8488697184746429,false,3780,692209,0.8488697184746429
3780,4861,0.9629921361831061,false,3780,4861,0.9629921361831061
3780,284434,0.8809739409474425,false,3780,284434,0.8809739409474425
3780,1028,0.7041431001483174,false,3780,1028,0.7041431001483174
3780,100423031,0.9757529716374699,false,3780,100423031,0.9757529716374699
3780,79098,0.713036489535257,false,3780,79098,0.713036489535257
3780,165186,0.8020787973274829,false,3780,165186,0.8020787973274829
7620,7113,0.7855928469803578,false,7620,7113,0.7855928469803578
7620,54861,0.8139496110389064,false,7620,54861,0.8139496110389064
7620,222256,0.765876441657412,false,7620,222256,0.765876441657412
7620,105180391,0.8372261678142053,false,7620,105180391,0.8372261678142053
7620,100529240,0.8585968309399105,false,7620,100529240,0.8585968309399105
7620,113218482,0.8346339243964789,false,7620,113218482,0.8346339243964789
7620,647024,0.7469217763411405,false,7620,647024,0.7469217763411405
7620,255928,0.8234212348322197,false,7620,255928,0.8234212348322197
7620,151531,0.7099347761382531,false,7620,151531,0.7099347761382531
7620,8537,0.922618956639554,false,7620,8537,0.922618956639554
7620,10018,0.8633003912220703,false,7620,10018,0.8633003912220703
7620,115019,0.8381487439808266,false,7620,115019,0.8381487439808266
7620,105180390,0.8381619077406517,false,7620,105180390,0.8381619077406517
7620,692058,0.8446377685454672,false,7620,692058,0.8446377685454672
7620,168374,0.8383179247057178,false,7620,168374,0.8383179247057178
7620,83481,0.7819884128963742,false,7620,83481,0.7819884128963742
7620,645843,0.8352884082953016,false,7620,645843,0.8352884082953016
7620,143884,0.9317690546786106,false,7620,143884,0.9317690546786106
7620,121512,0.714996520656495,false,7620,121512,0.714996520656495
7620,3993,0.7554159293507376,false,7620,3993,0.7554159293507376
7620,389852,0.8413861529124925,false,7620,389852,0.8413861529124925
7620,342892,0.9106943320163688,false,7620,342892,0.9106943320163688
7620,164312,0.8036958676753432,false,7620,164312,0.8036958676753432
7620,84239,0.7630682948795197,false,7620,84239,0.7630682948795197
7620,2065,0.7796580434010679,false,7620,2065,0.7796580434010679
7620,57402,0.7085445555840816,false,7620,57402,0.7085445555840816
7620,1513,0.7834058035654939,false,7620,1513,0.7834058035654939
7620,776,0.8959563553439306,false,7620,776,0.8959563553439306
7620,780,0.7035485001988875,false,7620,780,0.7035485001988875
7620,135656,0.8524210448411771,false,7620,135656,0.8524210448411771
7620,94059,0.8500396249915306,false,7620,94059,0.8500396249915306
7620,26769,0.813724972446508,false,7620,26769,0.813724972446508
7620,3960,0.8513907500842361,false,7620,3960,0.8513907500842361
7620,7433,0.7321547847002182,false,7620,7433,0.7321547847002182
7620,284323,0.8908026723210906,false,7620,284323,0.8908026723210906
7620,65217,0.7351894439384654,false,7620,65217,0.7351894439384654
7620,23584,0.8295716585327315,false,7620,23584,0.8295716585327315
7620,692213,0.8503849926617513,false,7620,692213,0.8503849926617513
7620,153643,0.7389236990802712,false,7620,153643,0.7389236990802712
7620,112268422,0.8627378234023085,false,7620,112268422,0.8627378234023085
7620,649946,0.7054981175783072,false,7620,649946,0.7054981175783072
7620,259294,0.8920434859779259,false,7620,259294,0.8920434859779259
7620,79740,0.7339895150600153,false,7620,79740,0.7339895150600153
7620,2266,0.8229584574325151,false,7620,2266,0.8229584574325151
7620,745,0.8210516870481837,false,7620,745,0.8210516870481837
7620,440352,0.7830403596860147,false,7620,440352,0.7830403596860147
7113,54861,0.9438074560152974,false,7113,54861,0.9438074560152974
7113,222256,0.9666649686155998,false,7113,222256,0.9666649686155998
7113,105180391,0.9731496644170351,false,7113,105180391,0.9731496644170351
7113,26084,0.702111898906809,false,7113,26084,0.702111898906809
7113,100529240,0.9848590486216262,false,7113,100529240,0.9848590486216262
7113,113218482,0.9803614090979305,false,7113,113218482,0.9803614090979305
7113,647024,0.9935814270124949,false,7113,647024,0.9935814270124949
7113,255928,0.9655383073114144,false,7113,255928,0.9655383073114144
7113,151531,0.9823968381677199,false,7113,151531,0.9823968381677199
7113,8537,0.9287769752858311,false,7113,8537,0.9287769752858311
7113,10018,0.980658678757847,false,7113,10018,0.980658678757847
7113,115019,0.9830638246526198,false,7113,115019,0.9830638246526198
7113,201625,0.8914461855085721,false,7113,201625,0.8914461855085721
7113,105180390,0.9789669927867799,false,7113,105180390,0.9789669927867799
7113,1043,0.7351844295270373,false,7113,1043,0.7351844295270373
7113,692058,0.9900237719538799,false,7113,692058,0.9900237719538799
7113,276,0.8709956539178326,false,7113,276,0.8709956539178326
7113,168374,0.9834254050571477,false,7113,168374,0.9834254050571477
7113,83481,0.9925919828060344,false,7113,83481,0.9925919828060344
7113,645843,0.9874874597434753,false,7113,645843,0.9874874597434753
7113,143884,0.903201469756099,false,7113,143884,0.903201469756099
7113,1579,0.7602173262953875,false,7113,1579,0.7602173262953875
7113,80004,0.9638170824006685,false,7113,80004,0.9638170824006685
7113,121512,0.971520825772098,false,7113,121512,0.971520825772098
7113,3993,0.9609037909102821,false,7113,3993,0.9609037909102821
7113,389852,0.9861439984498104,false,7113,389852,0.9861439984498104
7113,342892,0.9384062913338074,false,7113,342892,0.9384062913338074
7113,164312,0.9821569550748014,false,7113,164312,0.9821569550748014
7113,84239,0.9727440704401833,false,7113,84239,0.9727440704401833
7113,2065,0.9956249334942654,false,7113,2065,0.9956249334942654
7113,57402,0.8845526101801893,false,7113,57402,0.8845526101801893
7113,1513,0.7436616724876509,false,7113,1513,0.7436616724876509
7113,776,0.767894623216779,false,7113,776,0.767894623216779
7113,780,0.9429032299960804,false,7113,780,0.9429032299960804
7113,135656,0.9758651959661442,false,7113,135656,0.9758651959661442
7113,3880,0.9305032112140809,false,7113,3880,0.9305032112140809
7113,94059,0.9838098139033588,false,7113,94059,0.9838098139033588
7113,26769,0.97319206689785,false,7113,26769,0.97319206689785
7113,3960,0.9754762701774378,false,7113,3960,0.9754762701774378
7113,7433,0.8500032616096506,false,7113,7433,0.8500032616096506
7113,284323,0.9515902400463857,false,7113,284323,0.9515902400463857
7113,100129460,0.8843311725191232,false,7113,100129460,0.8843311725191232
7113,65217,0.8259216371926239,false,7113,65217,0.8259216371926239
7113,23584,0.950217952641415,false,7113,23584,0.950217952641415
7113,692213,0.9853227627083447,false,7113,692213,0.9853227627083447
7113,153643,0.9868039249506242,false,7113,153643,0.9868039249506242
7113,112268422,0.9703996490669332,false,7113,112268422,0.9703996490669332
7113,649946,0.7680068030733358,false,7113,649946,0.7680068030733358
7113,259294,0.9610659751217422,false,7113,259294,0.9610659751217422
7113,79740,0.9423872186291529,false,7113,79740,0.9423872186291529
7113,2266,0.9717665998144894,false,7113,2266,0.9717665998144894
7113,745,0.9863399920459661,false,7113,745,0.9863399920459661
7113,440352,0.9103624868172228,false,7113,440352,0.9103624868172228
54861,222256,0.9217657271398155,false,54861,222256,0.9217657271398155
54861,105180391,0.9780403895861837,false,54861,105180391,0.9780403895861837
54861,100529240,0.962593718429655,false,54861,100529240,0.962593718429655
54861,54,0.7247301757208903,false,54861,54,0.7247301757208903
54861,113218482,0.9261651821295691,false,54861,113218482,0.9261651821295691
54861,647024,0.9196335009698561,false,54861,647024,0.9196335009698561
54861,255928,0.8997153480764565,false,54861,255928,0.8997153480764565
54861,151531,0.9007979260267841,false,54861,151531,0.9007979260267841
54861,8537,0.8609245748537299,false,54861,8537,0.8609245748537299
54861,10018,0.9334909272171468,false,54861,10018,0.9334909272171468
54861,115019,0.9332659479712765,false,54861,115019,0.9332659479712765
54861,201625,0.8953331410842462,false,54861,201625,0.8953331410842462
54861,105180390,0.9777332946657836,false,54861,105180390,0.9777332946657836
54861,1043,0.7016540050293576,false,54861,1043,0.7016540050293576
54861,692058,0.946133254327821,false,54861,692058,0.946133254327821
54861,276,0.8324380164433146,false,54861,276,0.8324380164433146
54861,168374,0.9676517299332701,false,54861,168374,0.9676517299332701
54861,83481,0.9245194239121836,false,54861,83481,0.9245194239121836
54861,645843,0.9738011831494462,false,54861,645843,0.9738011831494462
54861,143884,0.9158186154462749,false,54861,143884,0.9158186154462749
54861,1579,0.8114523481778347,false,54861,1579,0.8114523481778347
54861,80004,0.8855986952679039,false,54861,80004,0.8855986952679039
54861,121512,0.9697069116177038,false,54861,121512,0.9697069116177038
54861,3993,0.8924494110240873,false,54861,3993,0.8924494110240873
54861,389852,0.9414731521439171,false,54861,389852,0.9414731521439171
54861,342892,0.9679088705647607,false,54861,342892,0.9679088705647607
54861,164312,0.9320093112055857,false,54861,164312,0.9320093112055857
54861,84239,0.9820209300541561,false,54861,84239,0.9820209300541561
54861,2065,0.9592626370444285,false,54861,2065,0.9592626370444285
54861,57402,0.8719870326562118,false,54861,57402,0.8719870326562118
54861,1513,0.8464425439488894,false,54861,1513,0.8464425439488894
54861,776,0.8957512058154713,false,54861,776,0.8957512058154713
54861,780,0.8118734476745112,false,54861,780,0.8118734476745112
54861,135656,0.9288599768550359,false,54861,135656,0.9288599768550359
54861,3880,0.8677575038729917,false,54861,3880,0.8677575038729917
54861,94059,0.9559041824642417,false,54861,94059,0.9559041824642417
54861,26769,0.9285076093272189,false,54861,26769,0.9285076093272189
54861,3960,0.9271343961463587,false,54861,3960,0.9271343961463587
54861,7433,0.8879147824060728,false,54861,7433,0.8879147824060728
54861,284323,0.9351774168691376,false,54861,284323,0.9351774168691376
54861,100129460,0.8899885895941455,false,54861,100129460,0.8899885895941455
54861,65217,0.9613906353419147,false,54861,65217,0.9613906353419147
54861,23584,0.933488392552065,false,54861,23584,0.933488392552065
54861,692213,0.927816473287466,false,54861,692213,0.927816473287466
54861,153643,0.9187687529220737,false,54861,153643,0.9187687529220737
54861,112268422,0.924180769557534,false,54861,112268422,0.924180769557534
54861,649946,0.8950843449989179,false,54861,649946,0.8950843449989179
54861,259294,0.9378060435861538,false,54861,259294,0.9378060435861538
54861,79740,0.9186199028121776,false,54861,79740,0.9186199028121776
54861,2266,0.9529650936772432,false,54861,2266,0.9529650936772432
54861,745,0.940687426753422,false,54861,745,0.940687426753422
54861,440352,0.8605463918009512,false,54861,440352,0.8605463918009512
222256,105180391,0.9159285928924307,false,222256,105180391,0.9159285928924307
222256,26084,0.7070421830563672,false,222256,26084,0.7070421830563672
222256,100529240,0.935004343569746,false,222256,100529240,0.935004343569746
222256,113218482,0.9075485180753871,false,222256,113218482,0.9075485180753871
222256,647024,0.9801927621803401,false,222256,647024,0.9801927621803401
222256,255928,0.8794974048430731,false,222256,255928,0.8794974048430731
222256,151531,0.9325703170450937,false,222256,151531,0.9325703170450937
222256,8537,0.8882828810391727,false,222256,8537,0.8882828810391727
222256,10018,0.9198117521315843,false,222256,10018,0.9198117521315843
222256,115019,0.9141637569379168,false,222256,115019,0.9141637569379168
222256,201625,0.9476750919503203,false,222256,201625,0.9476750919503203
222256,105180390,0.9266576004759176,false,222256,105180390,0.9266576004759176
222256,1043,0.8590334114521584,false,222256,1043,0.8590334114521584
222256,692058,0.9738160753809119,false,222256,692058,0.9738160753809119
222256,276,0.9659816987841917,false,222256,276,0.9659816987841917
222256,168374,0.978342834918113,false,222256,168374,0.978342834918113
222256,83481,0.9738803570685503,false,222256,83481,0.9738803570685503
222256,645843,0.9765019790403547,false,222256,645843,0.9765019790403547
222256,143884,0.8364261492099243,false,222256,143884,0.8364261492099243
222256,1579,0.8510353741723453,false,222256,1579,0.8510353741723453
222256,80004,0.963568251624104,false,222256,80004,0.963568251624104
222256,121512,0.9250388334338998,false,222256,121512,0.9250388334338998
222256,3993,0.8763639524781633,false,222256,3993,0.8763639524781633
222256,389852,0.9259718121238403,false,222256,389852,0.9259718121238403
222256,342892,0.8829697366024255,false,222256,342892,0.8829697366024255
222256,164312,0.9127231041448925,false,222256,164312,0.9127231041448925
222256,84239,0.9529082689573417,false,222256,84239,0.9529082689573417
222256,2065,0.9778969454459592,false,222256,2065,0.9778969454459592
222256,57402,0.7863895157293065,false,222256,57402,0.7863895157293065
222256,1513,0.8509422239573148,false,222256,1513,0.8509422239573148
222256,776,0.7107126329928606,false,222256,776,0.7107126329928606
222256,780,0.9134807357311332,false,222256,780,0.9134807357311332
222256,135656,0.9038749554449788,false,222256,135656,0.9038749554449788
222256,3880,0.9548494687647258,false,222256,3880,0.9548494687647258
222256,94059,0.9250286547910257,false,222256,94059,0.9250286547910257
222256,26769,0.9925882762564943,false,222256,26769,0.9925882762564943
222256,3960,0.9022975101713325,false,222256,3960,0.9022975101713325
222256,7433,0.7357897913938158,false,222256,7433,0.7357897913938158
222256,284323,0.8739137571154151,false,222256,284323,0.8739137571154151
222256,100129460,0.9625324032615683,false,222256,100129460,0.9625324032615683
222256,65217,0.7938416295703794,false,222256,65217,0.7938416295703794
222256,23584,0.853856205344069,false,222256,23584,0.853856205344069
222256,692213,0.9256083147235988,false,222256,692213,0.9256083147235988
222256,153643,0.9906340201504927,false,222256,153643,0.9906340201504927
222256,112268422,0.8966454478320466,false,222256,112268422,0.8966454478320466
222256,649946,0.8508923786488796,false,222256,649946,0.8508923786488796
222256,259294,0.8919111185464713,false,222256,259294,0.8919111185464713
222256,79740,0.9059251147669354,false,222256,79740,0.9059251147669354
222256,2266,0.8972558579584147,false,222256,2266,0.8972558579584147
222256,745,0.9176834373297217,false,222256,745,0.9176834373297217
222256,440352,0.826151787997122,false,222256,440352,0.826151787997122
1604,1043,0.7426038178210097,false,1604,1043,0.7426038178210097
1604,276,0.7001894500030568,false,1604,276,0.7001894500030568
1604,105,0.7885793935291071,false,1604,105,0.7885793935291071
1604,4057,0.8159268241456787,false,1604,4057,0.8159268241456787
1604,220136,0.829552124085924,false,1604,220136,0.829552124085924
1604,112577518,0.8514881698738554,false,1604,112577518,0.8514881698738554
1604,9370,0.8395170587506238,false,1604,9370,0.8395170587506238
1604,6799,0.7114449766573342,false,1604,6799,0.7114449766573342
1604,353189,0.8498807566358235,false,1604,353189,0.8498807566358235
1604,563,0.8382141851243319,false,1604,563,0.8382141851243319
1604,84851,0.8351097843690858,false,1604,84851,0.8351097843690858
1604,4069,0.8653276820469872,false,1604,4069,0.8653276820469872
1604,105372793,0.7228686475150172,false,1604,105372793,0.7228686475150172
1604,100874095,0.8395170587506238,false,1604,100874095,0.8395170587506238
1604,26298,0.8156747406986797,false,1604,26298,0.8156747406986797
1604,100033436,0.7455925655610285,false,1604,100033436,0.7455925655610285
105180391,100529240,0.9945420555548203,false,105180391,100529240,0.9945420555548203
105180391,113218482,0.9818378905747734,false,105180391,113218482,0.9818378905747734
105180391,647024,0.9428733535724548,false,105180391,647024,0.9428733535724548
105180391,255928,0.9699930873731304,false,105180391,255928,0.9699930873731304
105180391,151531,0.952100340887438,false,105180391,151531,0.952100340887438
105180391,8537,0.9252335686967083,false,105180391,8537,0.9252335686967083
105180391,10018,0.9832253641889346,false,105180391,10018,0.9832253641889346
105180391,115019,0.984585528695529,false,105180391,115019,0.984585528695529
105180391,201625,0.8368584267498607,false,105180391,201625,0.8368584267498607
105180391,105180390,0.999567053460483,false,105180391,105180390,0.999567053460483
105180391,692058,0.972233115782751,false,105180391,692058,0.972233115782751
105180391,276,0.7913891684404168,false,105180391,276,0.7913891684404168
105180391,168374,0.9752788165001735,false,105180391,168374,0.9752788165001735
105180391,83481,0.9475209851376918,false,105180391,83481,0.9475209851376918
105180391,645843,0.9799642759285047,false,105180391,645843,0.9799642759285047
105180391,143884,0.9596770918905455,false,105180391,143884,0.9596770918905455
105180391,1579,0.712294190369549,false,105180391,1579,0.712294190369549
105180391,80004,0.894419389960098,false,105180391,80004,0.894419389960098
105180391,121512,0.9784910744377333,false,105180391,121512,0.9784910744377333
105180391,3993,0.9412784935422746,false,105180391,3993,0.9412784935422746
105180391,389852,0.987939104852698,false,105180391,389852,0.987939104852698
105180391,342892,0.9848770674251519,false,105180391,342892,0.9848770674251519
105180391,164312,0.9723990236036169,false,105180391,164312,0.9723990236036169
105180391,84239,0.9681361049778954,false,105180391,84239,0.9681361049778954
105180391,2065,0.9693713899357232,false,105180391,2065,0.9693713899357232
105180391,57402,0.8927521503117329,false,105180391,57402,0.8927521503117329
105180391,1513,0.7607240880101257,false,105180391,1513,0.7607240880101257
105180391,776,0.8731011292499349,false,105180391,776,0.8731011292499349
105180391,780,0.859057837603101,false,105180391,780,0.859057837603101
105180391,135656,0.9835588502781013,false,105180391,135656,0.9835588502781013
105180391,3880,0.850379273978274,false,105180391,3880,0.850379273978274
105180391,94059,0.9941455830195584,false,105180391,94059,0.9941455830195584
105180391,26769,0.9378368772007536,false,105180391,26769,0.9378368772007536
105180391,3960,0.98266239070228,false,105180391,3960,0.98266239070228
105180391,7433,0.9018532179302812,false,105180391,7433,0.9018532179302812
105180391,284323,0.9836269553169369,false,105180391,284323,0.9836269553169369
105180391,100129460,0.8399948538511073,false,105180391,100129460,0.8399948538511073
105180391,65217,0.904726179269481,false,105180391,65217,0.904726179269481
105180391,23584,0.9786005892913774,false,105180391,23584,0.9786005892913774
105180391,692213,0.9778403004259474,false,105180391,692213,0.9778403004259474
105180391,153643,0.9342358463274549,false,105180391,153643,0.9342358463274549
105180391,112268422,0.9811219167973342,false,105180391,112268422,0.9811219167973342
105180391,649946,0.8011380343585226,false,105180391,649946,0.8011380343585226
105180391,259294,0.9849348980802081,false,105180391,259294,0.9849348980802081
105180391,79740,0.915522676412647,false,105180391,79740,0.915522676412647
105180391,2266,0.9950067671819796,false,105180391,2266,0.9950067671819796
105180391,745,0.9844223591841521,false,105180391,745,0.9844223591841521
105180391,440352,0.8988321864068389,false,105180391,440352,0.8988321864068389
26084,647024,0.7451997689430553,false,26084,647024,0.7451997689430553
26084,201625,0.8265310888701662,false,26084,201625,0.8265310888701662
26084,1043,0.7052920172550874,false,26084,1043,0.7052920172550874
26084,83481,0.7642570317851901,false,26084,83481,0.7642570317851901
26084,1579,0.7437310093529697,false,26084,1579,0.7437310093529697
26084,80004,0.7810045694088723,false,26084,80004,0.7810045694088723
26084,123624,0.9091742745632893,false,26084,123624,0.9091742745632893
26084,3993,0.767572157076472,false,26084,3993,0.767572157076472
26084,164312,0.726606670186501,false,26084,164312,0.726606670186501
26084,84239,0.758031635698353,false,26084,84239,0.758031635698353
26084,2065,0.734355844979487,false,26084,2065,0.734355844979487
26084,57402,0.813155287781713,false,26084,57402,0.813155287781713
26084,780,0.8238772652332395,false,26084,780,0.8238772652332395
26084,3880,0.8787203189495563,false,26084,3880,0.8787203189495563
26084,7433,0.7103074542014418,false,26084,7433,0.7103074542014418
26084,9052,0.7927774395827296,false,26084,9052,0.7927774395827296
26084,79784,0.9391946783403651,false,26084,79784,0.9391946783403651
26084,153643,0.7142432421765386,false,26084,153643,0.7142432421765386
26084,79098,0.8076188956744667,false,26084,79098,0.8076188956744667
26084,79740,0.8696389136384463,false,26084,79740,0.8696389136384463
26084,440352,0.7992696535230832,false,26084,440352,0.7992696535230832
100529240,113218482,0.9920436468081397,false,100529240,113218482,0.9920436468081397
100529240,647024,0.9607403086117747,false,100529240,647024,0.9607403086117747
100529240,255928,0.9812942536923717,false,100529240,255928,0.9812942536923717
100529240,151531,0.9620631584653889,false,100529240,151531,0.9620631584653889
100529240,8537,0.9554366756930366,false,100529240,8537,0.9554366756930366
100529240,10018,0.9955629562054399,false,100529240,10018,0.9955629562054399
100529240,115019,0.9942470984398336,false,100529240,115019,0.9942470984398336
100529240,201625,0.8383443323065369,false,100529240,201625,0.8383443323065369
100529240,105180390,0.9965475498813724,false,100529240,105180390,0.9965475498813724
100529240,692058,0.9878538944781433,false,100529240,692058,0.9878538944781433
100529240,276,0.8142281508390428,false,100529240,276,0.8142281508390428
100529240,168374,0.9836266277036912,false,100529240,168374,0.9836266277036912
100529240,83481,0.966635633009509,false,100529240,83481,0.966635633009509
100529240,645843,0.9867233033116571,false,100529240,645843,0.9867233033116571
100529240,143884,0.9624847138720823,false,100529240,143884,0.9624847138720823
100529240,80004,0.9062430947573024,false,100529240,80004,0.9062430947573024
100529240,121512,0.9659439950380914,false,100529240,121512,0.9659439950380914
100529240,3993,0.9512782535264179,false,100529240,3993,0.9512782535264179
100529240,389852,0.9970642015398655,false,100529240,389852,0.9970642015398655
100529240,342892,0.9815228454263606,false,100529240,342892,0.9815228454263606
100529240,164312,0.9808019123340416,false,100529240,164312,0.9808019123340416
100529240,84239,0.9624733060844199,false,100529240,84239,0.9624733060844199
100529240,2065,0.9775238724068568,false,100529240,2065,0.9775238724068568
100529240,57402,0.8863651213972469,false,100529240,57402,0.8863651213972469
100529240,1513,0.7613537310514521,false,100529240,1513,0.7613537310514521
100529240,776,0.8507788515971598,false,100529240,776,0.8507788515971598
100529240,780,0.8945400085552198,false,100529240,780,0.8945400085552198
100529240,135656,0.9933783692645816,false,100529240,135656,0.9933783692645816
100529240,3880,0.8665858420606587,false,100529240,3880,0.8665858420606587
100529240,94059,0.9992672665383582,false,100529240,94059,0.9992672665383582
100529240,26769,0.9574800919509993,false,100529240,26769,0.9574800919509993
100529240,3960,0.9927180408581684,false,100529240,3960,0.9927180408581684
100529240,7433,0.8806574180979171,false,100529240,7433,0.8806574180979171
100529240,284323,0.9880986930374771,false,100529240,284323,0.9880986930374771
100529240,100129460,0.844686580918314,false,100529240,100129460,0.844686580918314
100529240,65217,0.86497755898405,false,100529240,65217,0.86497755898405
100529240,23584,0.9762560964935876,false,100529240,23584,0.9762560964935876
100529240,692213,0.9926552848325941,false,100529240,692213,0.9926552848325941
100529240,153643,0.9519888114902012,false,100529240,153643,0.9519888114902012
100529240,112268422,0.991662968703842,false,100529240,112268422,0.991662968703842
100529240,649946,0.7812461045452809,false,100529240,649946,0.7812461045452809
100529240,259294,0.9923083242093178,false,100529240,259294,0.9923083242093178
100529240,79740,0.9199574790788757,false,100529240,79740,0.9199574790788757
100529240,2266,0.9927382453617443,false,100529240,2266,0.9927382453617443
100529240,745,0.9918102243500384,false,100529240,745,0.9918102243500384
100529240,440352,0.9109126068111213,false,100529240,440352,0.9109126068111213
54,201625,0.7613368700811008,false,54,201625,0.7613368700811008
54,256076,0.7449327012270825,false,54,256076,0.7449327012270825
54,2122,0.8502991768443827,false,54,2122,0.8502991768443827
54,84059,0.7518575001401663,false,54,84059,0.7518575001401663
54,1579,0.8319880575946118,false,54,1579,0.8319880575946118
54,57477,0.8398791273611691,false,54,57477,0.8398791273611691
54,9771,0.7986806886128209,false,54,9771,0.7986806886128209
54,120892,0.7006722101265924,false,54,120892,0.7006722101265924
54,84239,0.7088224127568792,false,54,84239,0.7088224127568792
54,10203,0.8580159774721192,false,54,10203,0.8580159774721192
54,1080,0.7464427642202817,false,54,1080,0.7464427642202817
54,65217,0.8460067548729246,false,54,65217,0.8460067548729246
54,1286,0.8263923781922311,false,54,1286,0.8263923781922311
54,144535,0.7566342326991098,false,54,144535,0.7566342326991098
54,649946,0.7889206976464804,false,54,649946,0.7889206976464804
113218482,647024,0.9550300839259089,false,113218482,647024,0.9550300839259089
113218482,255928,0.9967728185423649,false,113218482,255928,0.9967728185423649
113218482,151531,0.9692929138774138,false,113218482,151531,0.9692929138774138
113218482,8537,0.9585764964344792,false,113218482,8537,0.9585764964344792
113218482,10018,0.9979310120488032,false,113218482,10018,0.9979310120488032
113218482,115019,0.999754592233199,false,113218482,115019,0.999754592233199
113218482,201625,0.7933863692494999,false,113218482,201625,0.7933863692494999
113218482,105180390,0.9837946639397088,false,113218482,105180390,0.9837946639397088
113218482,692058,0.9748563169190323,false,113218482,692058,0.9748563169190323
113218482,276,0.7684869319167071,false,113218482,276,0.7684869319167071
113218482,168374,0.959734496420867,false,113218482,168374,0.959734496420867
113218482,83481,0.9614274093587682,false,113218482,83481,0.9614274093587682
113218482,645843,0.9641834295343092,false,113218482,645843,0.9641834295343092
113218482,143884,0.9528175297265571,false,113218482,143884,0.9528175297265571
113218482,80004,0.8981478254734752,false,113218482,80004,0.8981478254734752
113218482,121512,0.9513157093628403,false,113218482,121512,0.9513157093628403
113218482,3993,0.9681998080392136,false,113218482,3993,0.9681998080392136
113218482,389852,0.9982296102839858,false,113218482,389852,0.9982296102839858
113218482,342892,0.9631972565822422,false,113218482,342892,0.9631972565822422
113218482,164312,0.9871397038331633,false,113218482,164312,0.9871397038331633
113218482,84239,0.9373686010704436,false,113218482,84239,0.9373686010704436
113218482,2065,0.9630879456021122,false,113218482,2065,0.9630879456021122
113218482,57402,0.8956248921718375,false,113218482,57402,0.8956248921718375
113218482,776,0.8125616591048209,false,113218482,776,0.8125616591048209
113218482,780,0.9116670429781312,false,113218482,780,0.9116670429781312
113218482,135656,0.9992822935886764,false,113218482,135656,0.9992822935886764
113218482,3880,0.8486006118295119,false,113218482,3880,0.8486006118295119
113218482,94059,0.9956262262172505,false,113218482,94059,0.9956262262172505
113218482,26769,0.9339010204992138,false,113218482,26769,0.9339010204992138
113218482,3960,0.9993888030113116,false,113218482,3960,0.9993888030113116
113218482,7433,0.8821814111539102,false,113218482,7433,0.8821814111539102
113218482,284323,0.9884613750502201,false,113218482,284323,0.9884613750502201
113218482,100129460,0.791457489029651,false,113218482,100129460,0.791457489029651
113218482,65217,0.81425749070489,false,113218482,65217,0.81425749070489
113218482,23584,0.9829282810997522,false,113218482,23584,0.9829282810997522
113218482,692213,0.9974607330055769,false,113218482,692213,0.9974607330055769
113218482,153643,0.9392159726753903,false,113218482,153643,0.9392159726753903
113218482,112268422,0.998094707728654,false,113218482,112268422,0.998094707728654
113218482,259294,0.9915310180716996,false,113218482,259294,0.9915310180716996
113218482,79740,0.9108956737852385,false,113218482,79740,0.9108956737852385
113218482,2266,0.9916925156527563,false,113218482,2266,0.9916925156527563
113218482,745,0.9962456329950764,false,113218482,745,0.9962456329950764
113218482,440352,0.9251353623991235,false,113218482,440352,0.9251353623991235
9476,117156,0.9153832431485309,false,9476,117156,0.9153832431485309
9476,195814,0.8485611040507086,false,9476,195814,0.8485611040507086
9476,105,0.7210400201701571,false,9476,105,0.7210400201701571
9476,6097,0.9309254254564776,false,9476,6097,0.9309254254564776
9476,120892,0.7348191589866497,false,9476,120892,0.7348191589866497
9476,123624,0.90520997938287,false,9476,123624,0.90520997938287
9476,4057,0.7203045238306004,false,9476,4057,0.7203045238306004
9476,389376,0.9466382116290032,false,9476,389376,0.9466382116290032
9476,6799,0.8085701285472047,false,9476,6799,0.8085701285472047
9476,353189,0.720706806688453,false,9476,353189,0.720706806688453
9476,84525,0.708973116476028,false,9476,84525,0.708973116476028
9476,21,0.8520913820210019,false,9476,21,0.8520913820210019
9476,1080,0.7130960966405978,false,9476,1080,0.7130960966405978
9476,123872,0.8599849147729255,false,9476,123872,0.8599849147729255
9476,9052,0.842656715127693,false,9476,9052,0.842656715127693
9476,79784,0.8613339598343115,false,9476,79784,0.8613339598343115
9476,653509,0.9900876211653484,false,9476,653509,0.9900876211653484
9476,729238,0.9846786267241242,false,9476,729238,0.9846786267241242
9476,79098,0.8127429563933986,false,9476,79098,0.8127429563933986
9476,3855,0.9400754678648151,false,9476,3855,0.9400754678648151
9476,26298,0.8122226709547374,false,9476,26298,0.8122226709547374
9476,100033436,0.7600453894772067,false,9476,100033436,0.7600453894772067
647024,255928,0.9359320777988908,false,647024,255928,0.9359320777988908
647024,151531,0.9733014172700556,false,647024,151531,0.9733014172700556
647024,8537,0.9057399395891356,false,647024,8537,0.9057399395891356
647024,10018,0.95626339436544,false,647024,10018,0.95626339436544
647024,115019,0.9585963189159769,false,647024,115019,0.9585963189159769
647024,201625,0.9180882308372087,false,647024,201625,0.9180882308372087
647024,105180390,0.9516779437024541,false,647024,105180390,0.9516779437024541
647024,1043,0.7923861937744971,false,647024,1043,0.7923861937744971
647024,692058,0.9806411767724155,false,647024,692058,0.9806411767724155
647024,276,0.9074227849896278,false,647024,276,0.9074227849896278
647024,168374,0.9734132510054426,false,647024,168374,0.9734132510054426
647024,83481,0.9962713264648713,false,647024,83481,0.9962713264648713
647024,645843,0.9772219622032119,false,647024,645843,0.9772219622032119
647024,143884,0.8557284007437583,false,647024,143884,0.8557284007437583
647024,1579,0.7940060371553892,false,647024,1579,0.7940060371553892
647024,80004,0.9823457648825368,false,647024,80004,0.9823457648825368
647024,121512,0.9532633705784374,false,647024,121512,0.9532633705784374
647024,3993,0.9464512453891772,false,647024,3993,0.9464512453891772
647024,389852,0.9626763970873677,false,647024,389852,0.9626763970873677
647024,342892,0.9004118480284864,false,647024,342892,0.9004118480284864
647024,164312,0.9648967488706593,false,647024,164312,0.9648967488706593
647024,84239,0.9647458171073217,false,647024,84239,0.9647458171073217
647024,2065,0.9929955904932158,false,647024,2065,0.9929955904932158
647024,57402,0.8629127055192152,false,647024,57402,0.8629127055192152
647024,1513,0.7455180705527051,false,647024,1513,0.7455180705527051
647024,776,0.7120489194572798,false,647024,776,0.7120489194572798
647024,780,0.9603181421864726,false,647024,780,0.9603181421864726
647024,135656,0.947914228072525,false,647024,135656,0.947914228072525
647024,3880,0.9599153837143417,false,647024,3880,0.9599153837143417
647024,94059,0.9579769343352765,false,647024,94059,0.9579769343352765
647024,26769,0.9763125254690805,false,647024,26769,0.9763125254690805
647024,3960,0.9475750178437764,false,647024,3960,0.9475750178437764
647024,7433,0.8093933217381819,false,647024,7433,0.8093933217381819
647024,284323,0.9136466698794099,false,647024,284323,0.9136466698794099
647024,100129460,0.9054641537514602,false,647024,100129460,0.9054641537514602
647024,65217,0.7886930467081573,false,647024,65217,0.7886930467081573
647024,23584,0.9140359593418381,false,647024,23584,0.9140359593418381
647024,692213,0.9654915796759104,false,647024,692213,0.9654915796759104
647024,153643,0.9961328627917885,false,647024,153643,0.9961328627917885
647024,112268422,0.9406445874212817,false,647024,112268422,0.9406445874212817
647024,649946,0.7629731033942879,false,647024,649946,0.7629731033942879
647024,259294,0.9272823932476704,false,647024,259294,0.9272823932476704
647024,79740,0.9425101938424082,false,647024,79740,0.9425101938424082
647024,2266,0.9389636850578763,false,647024,2266,0.9389636850578763
647024,745,0.964822944012387,false,647024,745,0.964822944012387
647024,440352,0.8946853898700592,false,647024,440352,0.8946853898700592
117156,195814,0.9796653886044648,false,117156,195814,0.9796653886044648
117156,140766,0.8601750042028582,false,117156,140766,0.8601750042028582
117156,105,0.9052357079201374,false,117156,105,0.9052357079201374
117156,57477,0.7334494379948086,false,117156,57477,0.7334494379948086
117156,6097,0.9617912824891093,false,117156,6097,0.9617912824891093
117156,120892,0.7649547005339904,false,117156,120892,0.7649547005339904
117156,123624,0.7352658345280834,false,117156,123624,0.7352658345280834
117156,4057,0.9004374118726086,false,117156,4057,0.9004374118726086
117156,220136,0.8745633638530624,false,117156,220136,0.8745633638530624
117156,112577518,0.8704641296578959,false,117156,112577518,0.8704641296578959
117156,9370,0.877164382189101,false,117156,9370,0.877164382189101
117156,693188,0.8347603880073692,false,117156,693188,0.8347603880073692
117156,389376,0.9841655264224913,false,117156,389376,0.9841655264224913
117156,6799,0.965472400587535,false,117156,6799,0.965472400587535
117156,353189,0.8069181037233654,false,117156,353189,0.8069181037233654
117156,563,0.8808962691872902,false,117156,563,0.8808962691872902
117156,21,0.7553556354269594,false,117156,21,0.7553556354269594
117156,4069,0.79070825565384,false,117156,4069,0.79070825565384
117156,1080,0.7638243191689821,false,117156,1080,0.7638243191689821
117156,123872,0.9752309736432943,false,117156,123872,0.9752309736432943
117156,105372793,0.8747178374556034,false,117156,105372793,0.8747178374556034
117156,653509,0.9268435663170004,false,117156,653509,0.9268435663170004
117156,100874095,0.877164382189101,false,117156,100874095,0.877164382189101
117156,729238,0.9669739734515276,false,117156,729238,0.9669739734515276
117156,3855,0.8643599741022083,false,117156,3855,0.8643599741022083
117156,26298,0.9067105244934761,false,117156,26298,0.9067105244934761
117156,100033436,0.9065961320828032,false,117156,100033436,0.9065961320828032
255928,151531,0.9658616643331386,false,255928,151531,0.9658616643331386
255928,8537,0.9582179236463552,false,255928,8537,0.9582179236463552
255928,10018,0.9924141677522955,false,255928,10018,0.9924141677522955
255928,115019,0.9947972778756587,false,255928,115019,0.9947972778756587
255928,201625,0.7466183029512976,false,255928,201625,0.7466183029512976
255928,105180390,0.971148272613959,false,255928,105180390,0.971148272613959
255928,692058,0.960327525489678,false,255928,692058,0.960327525489678
255928,276,0.7287799019061653,false,255928,276,0.7287799019061653
255928,168374,0.9401343924962096,false,255928,168374,0.9401343924962096
255928,83481,0.9409182564631093,false,255928,83481,0.9409182564631093
255928,645843,0.9432221172306844,false,255928,645843,0.9432221172306844
255928,143884,0.9521034050970747,false,255928,143884,0.9521034050970747
255928,80004,0.8748749236019682,false,255928,80004,0.8748749236019682
255928,121512,0.935481010306801,false,255928,121512,0.935481010306801
255928,3993,0.9574286287078263,false,255928,3993,0.9574286287078263
255928,389852,0.9921906463003953,false,255928,389852,0.9921906463003953
255928,342892,0.9495503797665918,false,255928,342892,0.9495503797665918
255928,164312,0.9751152225692447,false,255928,164312,0.9751152225692447
255928,84239,0.9085611619352773,false,255928,84239,0.9085611619352773
255928,2065,0.9411784109654504,false,255928,2065,0.9411784109654504
255928,57402,0.8757928374753848,false,255928,57402,0.8757928374753848
255928,776,0.7900954184690843,false,255928,776,0.7900954184690843
255928,780,0.8946459298185708,false,255928,780,0.8946459298185708
255928,135656,0.9962961254650149,false,255928,135656,0.9962961254650149
255928,3880,0.8116597755019432,false,255928,3880,0.8116597755019432
255928,94059,0.987260642280861,false,255928,94059,0.987260642280861
255928,26769,0.913186329568221,false,255928,26769,0.913186329568221
255928,3960,0.9965447655466049,false,255928,3960,0.9965447655466049
255928,7433,0.8655766418172814,false,255928,7433,0.8655766418172814
255928,284323,0.9850954880360235,false,255928,284323,0.9850954880360235
255928,100129460,0.7536367365782007,false,255928,100129460,0.7536367365782007
255928,65217,0.7810213344226115,false,255928,65217,0.7810213344226115
255928,23584,0.9768190174206621,false,255928,23584,0.9768190174206621
255928,692213,0.9904006809333803,false,255928,692213,0.9904006809333803
255928,153643,0.9187428630391306,false,255928,153643,0.9187428630391306
255928,112268422,0.9961192547265321,false,255928,112268422,0.9961192547265321
255928,259294,0.9869139931588151,false,255928,259294,0.9869139931588151
255928,79740,0.8797723255702461,false,255928,79740,0.8797723255702461
255928,2266,0.9872156658295814,false,255928,2266,0.9872156658295814
255928,745,0.9873965946691452,false,255928,745,0.9873965946691452
255928,440352,0.9083476936558079,false,255928,440352,0.9083476936558079
23562,100130701,0.8502513128489396,false,23562,100130701,0.8502513128489396
23562,441151,0.9115429910875716,false,23562,441151,0.9115429910875716
23562,222183,0.9751346115611956,false,23562,222183,0.9751346115611956
23562,113219467,0.8665095152522001,false,23562,113219467,0.8665095152522001
23562,26797,0.7702653614013217,false,23562,26797,0.7702653614013217
23562,692209,0.71321433962059,false,23562,692209,0.71321433962059
23562,4861,0.705032225631116,false,23562,4861,0.705032225631116
23562,1028,0.9747211092857548,false,23562,1028,0.9747211092857548
23562,102465485,0.8094823019113787,false,23562,102465485,0.8094823019113787
1746,399726,0.9083109539426516,false,1746,399726,0.9083109539426516
1746,57710,0.7795366397035073,false,1746,57710,0.7795366397035073
1746,9699,0.9787878591888765,false,1746,9699,0.9787878591888765
1746,83643,0.8021136423633344,false,1746,83643,0.8021136423633344
1746,100874002,0.9964203183382325,false,1746,100874002,0.9964203183382325
1746,219793,0.9896942162155623,false,1746,219793,0.9896942162155623
1746,56955,0.8455500007690367,false,1746,56955,0.8455500007690367
1746,1515,0.7728976802065947,false,1746,1515,0.7728976802065947
57524,256076,0.8189083261869944,false,57524,256076,0.8189083261869944
57524,284680,0.9533832381592008,false,57524,284680,0.9533832381592008
57524,128218,0.9532961006528309,false,57524,128218,0.9532961006528309
57524,100820829,0.7801832080729488,false,57524,100820829,0.7801832080729488
57524,284434,0.7984923966797342,false,57524,284434,0.7984923966797342
57524,105373265,0.7885787525086866,false,57524,105373265,0.7885787525086866
57524,9211,0.746866275213205,false,57524,9211,0.746866275213205
57524,440590,0.9960393093121782,false,57524,440590,0.9960393093121782
57524,55282,0.9397733861081091,false,57524,55282,0.9397733861081091
57524,102465485,0.7149425545988596,false,57524,102465485,0.7149425545988596
151531,8537,0.9054101858231633,false,151531,8537,0.9054101858231633
151531,10018,0.9625078691227519,false,151531,10018,0.9625078691227519
151531,115019,0.9689626188261019,false,151531,115019,0.9689626188261019
151531,201625,0.83481745558457,false,151531,201625,0.83481745558457
151531,105180390,0.9570429378510865,false,151531,105180390,0.9570429378510865
151531,1043,0.706937641281819,false,151531,1043,0.706937641281819
151531,692058,0.9674837655669748,false,151531,692058,0.9674837655669748
151531,276,0.829890771263593,false,151531,276,0.829890771263593
151531,168374,0.9554540355244387,false,151531,168374,0.9554540355244387
151531,83481,0.9597493709967606,false,151531,83481,0.9597493709967606
151531,645843,0.9552315182921165,false,151531,645843,0.9552315182921165
151531,143884,0.8788044806389824,false,151531,143884,0.8788044806389824
151531,1579,0.7126373565325437,false,151531,1579,0.7126373565325437
151531,80004,0.9558025368911494,false,151531,80004,0.9558025368911494
151531,121512,0.9663429722777208,false,151531,121512,0.9663429722777208
151531,3993,0.9322919803892363,false,151531,3993,0.9322919803892363
151531,389852,0.9730063417215162,false,151531,389852,0.9730063417215162
151531,342892,0.8947223160414767,false,151531,342892,0.8947223160414767
151531,164312,0.95352354579008,false,151531,164312,0.95352354579008
151531,84239,0.9305006104553388,false,151531,84239,0.9305006104553388
151531,2065,0.966773951618583,false,151531,2065,0.966773951618583
151531,57402,0.8288089353496524,false,151531,57402,0.8288089353496524
151531,780,0.9091649460641277,false,151531,780,0.9091649460641277
151531,135656,0.9626140216232708,false,151531,135656,0.9626140216232708
151531,3880,0.8844978164043704,false,151531,3880,0.8844978164043704
151531,94059,0.9653660289250688,false,151531,94059,0.9653660289250688
151531,26769,0.9475663155205623,false,151531,26769,0.9475663155205623
151531,3960,0.9620741674164208,false,151531,3960,0.9620741674164208
151531,7433,0.7964019646026815,false,151531,7433,0.7964019646026815
151531,284323,0.9282408796148506,false,151531,284323,0.9282408796148506
151531,100129460,0.8540530605190555,false,151531,100129460,0.8540530605190555
151531,65217,0.7666192242682355,false,151531,65217,0.7666192242682355
151531,23584,0.9243824122512175,false,151531,23584,0.9243824122512175
151531,692213,0.9644713209473254,false,151531,692213,0.9644713209473254
151531,153643,0.9700745180597456,false,151531,153643,0.9700745180597456
151531,112268422,0.9563645565409332,false,151531,112268422,0.9563645565409332
151531,649946,0.7062361841921345,false,151531,649946,0.7062361841921345
151531,259294,0.937367508485132,false,151531,259294,0.937367508485132
151531,79740,0.8796865472796191,false,151531,79740,0.8796865472796191
151531,2266,0.9644042489861204,false,151531,2266,0.9644042489861204
151531,745,0.9657726396034935,false,151531,745,0.9657726396034935
151531,440352,0.8508481478310436,false,151531,440352,0.8508481478310436
163479,84867,0.9240871360299742,false,163479,84867,0.9240871360299742
163479,441151,0.7764561964160988,false,163479,441151,0.7764561964160988
163479,5349,0.8312933488189328,false,163479,5349,0.8312933488189328
163479,113219467,0.8498622408731098,false,163479,113219467,0.8498622408731098
163479,26797,0.957240599922324,false,163479,26797,0.957240599922324
163479,57710,0.7038162661352376,false,163479,57710,0.7038162661352376
163479,692209,0.9896049206567155,false,163479,692209,0.9896049206567155
163479,84525,0.7533539047462919,false,163479,84525,0.7533539047462919
163479,4861,0.9322766438533951,false,163479,4861,0.9322766438533951
163479,284434,0.7088695276380339,false,163479,284434,0.7088695276380339
163479,100874002,0.7326012790120534,false,163479,100874002,0.7326012790120534
163479,56955,0.9431367113821828,false,163479,56955,0.9431367113821828
163479,100423031,0.8740111935053556,false,163479,100423031,0.8740111935053556
163479,1515,0.9534398066850631,false,163479,1515,0.9534398066850631
163479,165186,0.9452985888363185,false,163479,165186,0.9452985888363185
8537,10018,0.9710846806004679,false,8537,10018,0.9710846806004679
8537,115019,0.9580387407323729,false,8537,115019,0.9580387407323729
8537,201625,0.7179898071318609,false,8537,201625,0.7179898071318609
8537,105180390,0.9302391137204294,false,8537,105180390,0.9302391137204294
8537,692058,0.958448641939576,false,8537,692058,0.958448641939576
8537,276,0.7634593056603183,false,8537,276,0.7634593056603183
8537,168374,0.9357458781406061,false,8537,168374,0.9357458781406061
8537,83481,0.9180645265398519,false,8537,83481,0.9180645265398519
8537,645843,0.9307830798510885,false,8537,645843,0.9307830798510885
8537,143884,0.9601828170351869,false,8537,143884,0.9601828170351869
8537,80004,0.8145388239676952,false,8537,80004,0.8145388239676952
8537,121512,0.8535049821067993,false,8537,121512,0.8535049821067993
8537,3993,0.8884366600686793,false,8537,3993,0.8884366600686793
8537,389852,0.96026448185725,false,8537,389852,0.96026448185725
8537,342892,0.9370069108945064,false,8537,342892,0.9370069108945064
8537,164312,0.9228240906266175,false,8537,164312,0.9228240906266175
8537,84239,0.8567310898642209,false,8537,84239,0.8567310898642209
8537,2065,0.906663207522583,false,8537,2065,0.906663207522583
8537,57402,0.7825882822845636,false,8537,57402,0.7825882822845636
8537,1513,0.7230373647201219,false,8537,1513,0.7230373647201219
8537,776,0.7916910897048229,false,8537,776,0.7916910897048229
8537,780,0.8710382550168052,false,8537,780,0.8710382550168052
8537,135656,0.9647637972628067,false,8537,135656,0.9647637972628067
8537,3880,0.7741620923219517,false,8537,3880,0.7741620923219517
8537,94059,0.954336793162636,false,8537,94059,0.954336793162636
8537,26769,0.9300027596349484,false,8537,26769,0.9300027596349484
8537,3960,0.9643204169030967,false,8537,3960,0.9643204169030967
8537,7433,0.7655420249741988,false,8537,7433,0.7655420249741988
8537,284323,0.9619475547490255,false,8537,284323,0.9619475547490255
8537,100129460,0.7598345875405781,false,8537,100129460,0.7598345875405781
8537,65217,0.7153717160783132,false,8537,65217,0.7153717160783132
8537,23584,0.915826178821599,false,8537,23584,0.915826178821599
8537,692213,0.966244597474725,false,8537,692213,0.966244597474725
8537,153643,0.8983523601526534,false,8537,153643,0.8983523601526534
8537,112268422,0.9690549358196261,false,8537,112268422,0.9690549358196261
8537,259294,0.9693490886249706,false,8537,259294,0.9693490886249706
8537,79740,0.8238353856472177,false,8537,79740,0.8238353856472177
8537,2266,0.9344197066745759,false,8537,2266,0.9344197066745759
8537,745,0.9406061476859944,false,8537,745,0.9406061476859944
8537,440352,0.858573567805519,false,8537,440352,0.858573567805519
10018,115019,0.9984736958330824,false,10018,115019,0.9984736958330824
10018,201625,0.8023842186508722,false,10018,201625,0.8023842186508722
10018,105180390,0.9857917853833807,false,10018,105180390,0.9857917853833807
10018,692058,0.9830331293681087,false,10018,692058,0.9830331293681087
10018,276,0.7877922506920814,false,10018,276,0.7877922506920814
10018,168374,0.9698156179441657,false,10018,168374,0.9698156179441657
10018,83481,0.9641199909765495,false,10018,83481,0.9641199909765495
10018,645843,0.9727061509913475,false,10018,645843,0.9727061509913475
10018,143884,0.9629449229494376,false,10018,143884,0.9629449229494376
10018,80004,0.8939149603978752,false,10018,80004,0.8939149603978752
10018,121512,0.9460154721304148,false,10018,121512,0.9460154721304148
10018,3993,0.9588050259338257,false,10018,3993,0.9588050259338257
10018,389852,0.9986403882551775,false,10018,389852,0.9986403882551775
10018,342892,0.9717513450497703,false,10018,342892,0.9717513450497703
10018,164312,0.9830089921788336,false,10018,164312,0.9830089921788336
10018,84239,0.9396781756623872,false,10018,84239,0.9396781756623872
10018,2065,0.9658610019990067,false,10018,2065,0.9658610019990067
10018,57402,0.883982743677842,false,10018,57402,0.883982743677842
10018,1513,0.7158786452023589,false,10018,1513,0.7158786452023589
10018,776,0.8280936349807896,false,10018,776,0.8280936349807896
10018,780,0.908881737059268,false,10018,780,0.908881737059268
10018,135656,0.9988875820716105,false,10018,135656,0.9988875820716105
10018,3880,0.8504185106356433,false,10018,3880,0.8504185106356433
10018,94059,0.9970219710765276,false,10018,94059,0.9970219710765276
10018,26769,0.9469978950795545,false,10018,26769,0.9469978950795545
10018,3960,0.9987154872565518,false,10018,3960,0.9987154872565518
10018,7433,0.871425358686457,false,10018,7433,0.871425358686457
10018,284323,0.9910509342450424,false,10018,284323,0.9910509342450424
10018,100129460,0.807853167894127,false,10018,100129460,0.807853167894127
10018,65217,0.8200642231344988,false,10018,65217,0.8200642231344988
10018,23584,0.9776931674588877,false,10018,23584,0.9776931674588877
10018,692213,0.9984487559818589,false,10018,692213,0.9984487559818589
10018,153643,0.9433942661106123,false,10018,153643,0.9433942661106123
10018,112268422,0.9984061152563013,false,10018,112268422,0.9984061152563013
10018,649946,0.7248403243007563,false,10018,649946,0.7248403243007563
10018,259294,0.995221730245146,false,10018,259294,0.995221730245146
10018,79740,0.9090835003067673,false,10018,79740,0.9090835003067673
10018,2266,0.989139424002443,false,10018,2266,0.989139424002443
10018,745,0.9934877383837941,false,10018,745,0.9934877383837941
10018,440352,0.9199016942693785,false,10018,440352,0.9199016942693785
115019,201625,0.8048416517826196,false,115019,201625,0.8048416517826196
115019,105180390,0.9866855019157943,false,115019,105180390,0.9866855019157943
115019,692058,0.9780063025482326,false,115019,692058,0.9780063025482326
115019,276,0.7784365753274938,false,115019,276,0.7784365753274938
115019,168374,0.9645590888693967,false,115019,168374,0.9645590888693967
115019,83481,0.9652984098296754,false,115019,83481,0.9652984098296754
115019,645843,0.9692207355608622,false,115019,645843,0.9692207355608622
115019,143884,0.9532725424891884,false,115019,143884,0.9532725424891884
115019,80004,0.9026229051639418,false,115019,80004,0.9026229051639418
115019,121512,0.9548841265870589,false,115019,121512,0.9548841265870589
115019,3993,0.9689772803845703,false,115019,3993,0.9689772803845703
115019,389852,0.9989293091206963,false,115019,389852,0.9989293091206963
115019,342892,0.9667470454949748,false,115019,342892,0.9667470454949748
115019,164312,0.9887716530957656,false,115019,164312,0.9887716530957656
115019,84239,0.9441839717997734,false,115019,84239,0.9441839717997734
115019,2065,0.9678027682926226,false,115019,2065,0.9678027682926226
115019,57402,0.8988559418207874,false,115019,57402,0.8988559418207874
115019,776,0.819360627392494,false,115019,776,0.819360627392494
115019,780,0.9135041641213911,false,115019,780,0.9135041641213911
115019,135656,0.9991272541336231,false,115019,135656,0.9991272541336231
115019,3880,0.856455033189926,false,115019,3880,0.856455033189926
115019,94059,0.9971031134602008,false,115019,94059,0.9971031134602008
115019,26769,0.9388419702804592,false,115019,26769,0.9388419702804592
115019,3960,0.9991617988924454,false,115019,3960,0.9991617988924454
115019,7433,0.8853395516580527,false,115019,7433,0.8853395516580527
115019,284323,0.9888012273473508,false,115019,284323,0.9888012273473508
115019,100129460,0.8015246380521366,false,115019,100129460,0.8015246380521366
115019,65217,0.8237666107002061,false,115019,65217,0.8237666107002061
115019,23584,0.9834782929470358,false,115019,23584,0.9834782929470358
115019,692213,0.9981537930079174,false,115019,692213,0.9981537930079174
115019,153643,0.9434368708791157,false,115019,153643,0.9434368708791157
115019,112268422,0.9977194345468046,false,115019,112268422,0.9977194345468046
115019,649946,0.711312496134363,false,115019,649946,0.711312496134363
115019,259294,0.9921555962461118,false,115019,259294,0.9921555962461118
115019,79740,0.9172888734432151,false,115019,79740,0.9172888734432151
115019,2266,0.9922646372518132,false,115019,2266,0.9922646372518132
115019,745,0.9973425071289556,false,115019,745,0.9973425071289556
115019,440352,0.9274002311011441,false,115019,440352,0.9274002311011441
201625,105180390,0.8472814195426084,false,201625,105180390,0.8472814195426084
201625,1043,0.925005897974981,false,201625,1043,0.925005897974981
201625,692058,0.8749169611362521,false,201625,692058,0.8749169611362521
201625,276,0.9540221482088945,false,201625,276,0.9540221482088945
201625,168374,0.8998187532804345,false,201625,168374,0.8998187532804345
201625,83481,0.9120424568204162,false,201625,83481,0.9120424568204162
201625,645843,0.9077956032222417,false,201625,645843,0.9077956032222417
201625,2122,0.7430019374095633,false,201625,2122,0.7430019374095633
201625,84059,0.7966168161988108,false,201625,84059,0.7966168161988108
201625,1579,0.9610189422530683,false,201625,1579,0.9610189422530683
201625,57477,0.7376822691155858,false,201625,57477,0.7376822691155858
201625,80004,0.9421209366550517,false,201625,80004,0.9421209366550517
201625,121512,0.8863815163365052,false,201625,121512,0.8863815163365052
201625,120892,0.7921848338265252,false,201625,120892,0.7921848338265252
201625,3993,0.8148442535191428,false,201625,3993,0.8148442535191428
201625,389852,0.8166565999188282,false,201625,389852,0.8166565999188282
201625,342892,0.7933452588119293,false,201625,342892,0.7933452588119293
201625,164312,0.8403801092183039,false,201625,164312,0.8403801092183039
201625,84239,0.9414358453873918,false,201625,84239,0.9414358453873918
201625,2065,0.9273229023499547,false,201625,2065,0.9273229023499547
201625,57402,0.7847856461516322,false,201625,57402,0.7847856461516322
201625,1513,0.8373514368911197,false,201625,1513,0.8373514368911197
201625,84851,0.8117170615061219,false,201625,84851,0.8117170615061219
201625,780,0.8497147992336926,false,201625,780,0.8497147992336926
201625,135656,0.7847248524744874,false,201625,135656,0.7847248524744874
201625,3880,0.9733886044028403,false,201625,3880,0.9733886044028403
201625,94059,0.8247148087677416,false,201625,94059,0.8247148087677416
201625,26769,0.9065668506328172,false,201625,26769,0.9065668506328172
201625,3960,0.7832105761929622,false,201625,3960,0.7832105761929622
201625,7433,0.7302184835967618,false,201625,7433,0.7302184835967618
201625,284323,0.7531221133795492,false,201625,284323,0.7531221133795492
201625,100129460,0.9589057150859314,false,201625,100129460,0.9589057150859314
201625,1080,0.7710950566456319,false,201625,1080,0.7710950566456319
201625,65217,0.8261764773105662,false,201625,65217,0.8261764773105662
201625,1286,0.8658024959285783,false,201625,1286,0.8658024959285783
201625,23584,0.7691734729875526,false,201625,23584,0.7691734729875526
201625,692213,0.8155278994572897,false,201625,692213,0.8155278994572897
201625,79784,0.7016264583268468,false,201625,79784,0.7016264583268468
201625,153643,0.9277388477873497,false,201625,153643,0.9277388477873497
201625,144535,0.7862577328160067,false,201625,144535,0.7862577328160067
201625,112268422,0.7715594102872475,false,201625,112268422,0.7715594102872475
201625,649946,0.8737155578012861,false,201625,649946,0.8737155578012861
201625,259294,0.7707465177812161,false,201625,259294,0.7707465177812161
201625,79740,0.9121627632826125,false,201625,79740,0.9121627632826125
201625,2266,0.7974778505552921,false,201625,2266,0.7974778505552921
201625,745,0.8289390910575322,false,201625,745,0.8289390910575322
201625,440352,0.781306740317601,false,201625,440352,0.781306740317601
195814,140766,0.8916215190847485,false,195814,140766,0.8916215190847485
195814,105,0.9610523994825939,false,195814,105,0.9610523994825939
195814,84059,0.7146264197543083,false,195814,84059,0.7146264197543083
195814,57477,0.7415527342887013,false,195814,57477,0.7415527342887013
195814,6097,0.9108178469916512,false,195814,6097,0.9108178469916512
195814,120892,0.785925487930927,false,195814,120892,0.785925487930927
195814,4057,0.9527791508483816,false,195814,4057,0.9527791508483816
195814,220136,0.913576561962452,false,195814,220136,0.913576561962452
195814,112577518,0.9268954851499702,false,195814,112577518,0.9268954851499702
195814,9370,0.9340061274464369,false,195814,9370,0.9340061274464369
195814,693188,0.8837665692945385,false,195814,693188,0.8837665692945385
195814,389376,0.9539896301268278,false,195814,389376,0.9539896301268278
195814,6799,0.9929304637381959,false,195814,6799,0.9929304637381959
195814,353189,0.8505011766125721,false,195814,353189,0.8505011766125721
195814,563,0.9357546962077079,false,195814,563,0.9357546962077079
195814,84851,0.7064498978525668,false,195814,84851,0.7064498978525668
195814,4069,0.8440683082836483,false,195814,4069,0.8440683082836483
195814,1080,0.7866709833715348,false,195814,1080,0.7866709833715348
195814,123872,0.9738277352705285,false,195814,123872,0.9738277352705285
195814,105372793,0.9497280795735643,false,195814,105372793,0.9497280795735643
195814,653509,0.8496222096381715,false,195814,653509,0.8496222096381715
195814,100874095,0.9340061274464369,false,195814,100874095,0.9340061274464369
195814,729238,0.9115697828535392,false,195814,729238,0.9115697828535392
195814,3855,0.7867152737485893,false,195814,3855,0.7867152737485893
195814,26298,0.9322533480405536,false,195814,26298,0.9322533480405536
195814,100033436,0.9586257355557818,false,195814,100033436,0.9586257355557818
256076,284680,0.8214100322075595,false,256076,284680,0.8214100322075595
256076,9411,0.8034459773957069,false,256076,9411,0.8034459773957069
256076,9771,0.7444562475186607,false,256076,9771,0.7444562475186607
256076,128218,0.7479176742245506,false,256076,128218,0.7479176742245506
256076,100820829,0.9598300330388925,false,256076,100820829,0.9598300330388925
256076,10203,0.8193255654295443,false,256076,10203,0.8193255654295443
256076,105373265,0.8312576833746174,false,256076,105373265,0.8312576833746174
256076,9211,0.9118071757758447,false,256076,9211,0.9118071757758447
256076,440590,0.7890055910050572,false,256076,440590,0.7890055910050572
256076,84765,0.7156757352900329,false,256076,84765,0.7156757352900329
256076,55282,0.8179178585496919,false,256076,55282,0.8179178585496919
105180390,692058,0.9783594864615593,false,105180390,692058,0.9783594864615593
105180390,276,0.8065887284445137,false,105180390,276,0.8065887284445137
105180390,168374,0.9805965756802015,false,105180390,168374,0.9805965756802015
105180390,83481,0.9558943655266902,false,105180390,83481,0.9558943655266902
105180390,645843,0.9849329464132407,false,105180390,645843,0.9849329464132407
105180390,143884,0.9570807294482329,false,105180390,143884,0.9570807294482329
105180390,1579,0.721681506086158,false,105180390,1579,0.721681506086158
105180390,80004,0.9044205251240782,false,105180390,80004,0.9044205251240782
105180390,121512,0.979255551907361,false,105180390,121512,0.979255551907361
105180390,3993,0.9443512143432936,false,105180390,3993,0.9443512143432936
105180390,389852,0.9903260275094484,false,105180390,389852,0.9903260275094484
105180390,342892,0.9832769316815525,false,105180390,342892,0.9832769316815525
105180390,164312,0.9753116780269636,false,105180390,164312,0.9753116780269636
105180390,84239,0.9716089234357004,false,105180390,84239,0.9716089234357004
105180390,2065,0.9755540727995498,false,105180390,2065,0.9755540727995498
105180390,57402,0.8919004272792161,false,105180390,57402,0.8919004272792161
105180390,1513,0.7674444965998035,false,105180390,1513,0.7674444965998035
105180390,776,0.865305417238582,false,105180390,776,0.865305417238582
105180390,780,0.8708913023016105,false,105180390,780,0.8708913023016105
105180390,135656,0.9850636257557231,false,105180390,135656,0.9850636257557231
105180390,3880,0.862618699989016,false,105180390,3880,0.862618699989016
105180390,94059,0.995689360670097,false,105180390,94059,0.995689360670097
105180390,26769,0.9469032205985513,false,105180390,26769,0.9469032205985513
105180390,3960,0.9841751305325107,false,105180390,3960,0.9841751305325107
105180390,7433,0.8958968512240604,false,105180390,7433,0.8958968512240604
105180390,284323,0.9827026483081743,false,105180390,284323,0.9827026483081743
105180390,100129460,0.8505466693141946,false,105180390,100129460,0.8505466693141946
105180390,65217,0.8985532707842804,false,105180390,65217,0.8985532707842804
105180390,23584,0.9766999482405065,false,105180390,23584,0.9766999482405065
105180390,692213,0.9814132918950705,false,105180390,692213,0.9814132918950705
105180390,153643,0.9437878225864015,false,105180390,153643,0.9437878225864015
105180390,112268422,0.9823755334010632,false,105180390,112268422,0.9823755334010632
105180390,649946,0.8041076751127602,false,105180390,649946,0.8041076751127602
105180390,259294,0.9852044976398451,false,105180390,259294,0.9852044976398451
105180390,79740,0.9207703084066672,false,105180390,79740,0.9207703084066672
105180390,2266,0.9942911301577868,false,105180390,2266,0.9942911301577868
105180390,745,0.9866716302214987,false,105180390,745,0.9866716302214987
105180390,440352,0.9015168951037028,false,105180390,440352,0.9015168951037028
84867,284680,0.7210583351598359,false,84867,284680,0.7210583351598359
84867,128218,0.7747019450085701,false,84867,128218,0.7747019450085701
84867,5349,0.805886718269625,false,84867,5349,0.805886718269625
84867,113219467,0.7309181722143017,false,84867,113219467,0.7309181722143017
84867,26797,0.8792109062266257,false,84867,26797,0.8792109062266257
84867,57710,0.7209360518637383,false,84867,57710,0.7209360518637383
84867,692209,0.9334983521418071,false,84867,692209,0.9334983521418071
84867,84525,0.7535837742775475,false,84867,84525,0.7535837742775475
84867,4861,0.9101039165082931,false,84867,4861,0.9101039165082931
84867,284434,0.8313704649316193,false,84867,284434,0.8313704649316193
84867,56955,0.9288083900738137,false,84867,56955,0.9288083900738137
84867,55282,0.7048803934530089,false,84867,55282,0.7048803934530089
84867,100423031,0.8303751905569595,false,84867,100423031,0.8303751905569595
84867,1515,0.9689860743583438,false,84867,1515,0.9689860743583438
84867,165186,0.9901319556406359,false,84867,165186,0.9901319556406359
1043,692058,0.7263957457786782,false,1043,692058,0.7263957457786782
1043,276,0.9495165988999104,false,1043,276,0.9495165988999104
1043,168374,0.7545028784778959,false,1043,168374,0.7545028784778959
1043,83481,0.7621943161244525,false,1043,83481,0.7621943161244525
1043,645843,0.7506122726791743,false,1043,645843,0.7506122726791743
1043,2122,0.7867581544077518,false,1043,2122,0.7867581544077518
1043,84059,0.9000407472334477,false,1043,84059,0.9000407472334477
1043,1579,0.950286208322326,false,1043,1579,0.950286208322326
1043,57477,0.8057106777326134,false,1043,57477,0.8057106777326134
1043,80004,0.8607082084698374,false,1043,80004,0.8607082084698374
1043,121512,0.7222905117117862,false,1043,121512,0.7222905117117862
1043,120892,0.9171479054433934,false,1043,120892,0.9171479054433934
1043,123624,0.718567028372109,false,1043,123624,0.718567028372109
1043,84239,0.7663683103880047,false,1043,84239,0.7663683103880047
1043,353189,0.8721327676004657,false,1043,353189,0.8721327676004657
1043,2065,0.7758489299227872,false,1043,2065,0.7758489299227872
1043,1513,0.765768505100919,false,1043,1513,0.765768505100919
1043,84851,0.9505236350763812,false,1043,84851,0.9505236350763812
1043,780,0.7091170557989199,false,1043,780,0.7091170557989199
1043,3880,0.8817355515338798,false,1043,3880,0.8817355515338798
1043,26769,0.8034941538605915,false,1043,26769,0.8034941538605915
1043,100129460,0.9334953881722244,false,1043,100129460,0.9334953881722244
1043,4069,0.871867283436356,false,1043,4069,0.871867283436356
1043,1080,0.8872803458223798,false,1043,1080,0.8872803458223798
1043,1286,0.9191535099222077,false,1043,1286,0.9191535099222077
1043,153643,0.8268395320768525,false,1043,153643,0.8268395320768525
1043,144535,0.8711988703326387,false,1043,144535,0.8711988703326387
1043,649946,0.7932878010312113,false,1043,649946,0.7932878010312113
1043,79740,0.7071898935541581,false,1043,79740,0.7071898935541581
1043,26298,0.7729060181442656,false,1043,26298,0.7729060181442656
692058,276,0.8848846796720399,false,692058,276,0.8848846796720399
692058,168374,0.9953149881191061,false,692058,168374,0.9953149881191061
692058,83481,0.9805782119452701,false,692058,83481,0.9805782119452701
692058,645843,0.9939030778935811,false,692058,645843,0.9939030778935811
692058,143884,0.9324979783496341,false,692058,143884,0.9324979783496341
692058,1579,0.7422410753627346,false,692058,1579,0.7422410753627346
692058,80004,0.9352866410213216,false,692058,80004,0.9352866410213216
692058,121512,0.9527460103499634,false,692058,121512,0.9527460103499634
692058,3993,0.9269776293857757,false,692058,3993,0.9269776293857757
692058,389852,0.9850110483731963,false,692058,389852,0.9850110483731963
692058,342892,0.9518742688658028,false,692058,342892,0.9518742688658028
692058,164312,0.9619362260473547,false,692058,164312,0.9619362260473547
692058,84239,0.9574049980192803,false,692058,84239,0.9574049980192803
692058,2065,0.9858067826977738,false,692058,2065,0.9858067826977738
692058,57402,0.837051385741171,false,692058,57402,0.837051385741171
692058,1513,0.8027356771061017,false,692058,1513,0.8027356771061017
692058,776,0.7913503660657496,false,692058,776,0.7913503660657496
692058,780,0.9146077990703241,false,692058,780,0.9146077990703241
692058,135656,0.9748949529667661,false,692058,135656,0.9748949529667661
692058,3880,0.9008632297835062,false,692058,3880,0.9008632297835062
692058,94059,0.9836840041633157,false,692058,94059,0.9836840041633157
692058,26769,0.9897576366905416,false,692058,26769,0.9897576366905416
692058,3960,0.9737948714547962,false,692058,3960,0.9737948714547962
692058,7433,0.8112676474159144,false,692058,7433,0.8112676474159144
692058,284323,0.9582915528157525,false,692058,284323,0.9582915528157525
692058,100129460,0.8977601646865901,false,692058,100129460,0.8977601646865901
692058,65217,0.8215237717716062,false,692058,65217,0.8215237717716062
692058,23584,0.9347706533695319,false,692058,23584,0.9347706533695319
692058,692213,0.9825656126519553,false,692058,692213,0.9825656126519553
692058,153643,0.9810710283016114,false,692058,153643,0.9810710283016114
692058,112268422,0.9718914819338719,false,692058,112268422,0.9718914819338719
692058,649946,0.8056363400439986,false,692058,649946,0.8056363400439986
692058,259294,0.9689993213701743,false,692058,259294,0.9689993213701743
692058,79740,0.9088057929878048,false,692058,79740,0.9088057929878048
692058,2266,0.9673125521038288,false,692058,2266,0.9673125521038288
692058,745,0.973777242287933,false,692058,745,0.973777242287933
692058,440352,0.8780127878245699,false,692058,440352,0.8780127878245699
276,168374,0.9005922765323995,false,276,168374,0.9005922765323995
276,83481,0.8921123258669769,false,276,83481,0.8921123258669769
276,645843,0.8944062088842964,false,276,645843,0.8944062088842964
276,84059,0.7386908782463633,false,276,84059,0.7386908782463633
276,1579,0.9076704322855758,false,276,1579,0.9076704322855758
276,80004,0.9190015294577072,false,276,80004,0.9190015294577072
276,121512,0.8264948260278141,false,276,121512,0.8264948260278141
276,120892,0.7633084918197469,false,276,120892,0.7633084918197469
276,3993,0.738178642332873,false,276,3993,0.738178642332873
276,389852,0.7976925033651099,false,276,389852,0.7976925033651099
276,342892,0.7495088799276687,false,276,342892,0.7495088799276687
276,164312,0.7822672850288594,false,276,164312,0.7822672850288594
276,84239,0.8735159546668586,false,276,84239,0.8735159546668586
276,353189,0.7075736662496281,false,276,353189,0.7075736662496281
276,2065,0.8976687411731596,false,276,2065,0.8976687411731596
276,1513,0.8744994256301013,false,276,1513,0.8744994256301013
276,84851,0.854368203322771,false,276,84851,0.854368203322771
276,780,0.830355390622858,false,276,780,0.830355390622858
276,135656,0.7630064127296657,false,276,135656,0.7630064127296657
276,3880,0.9318868409469497,false,276,3880,0.9318868409469497
276,94059,0.7971688175180559,false,276,94059,0.7971688175180559
276,26769,0.9391259145955936,false,276,26769,0.9391259145955936
276,3960,0.7604933924126777,false,276,3960,0.7604933924126777
276,284323,0.7223535622186882,false,276,284323,0.7223535622186882
276,100129460,0.9814967211866905,false,276,100129460,0.9814967211866905
276,4069,0.7110861969502724,false,276,4069,0.7110861969502724
276,1080,0.7293618274392438,false,276,1080,0.7293618274392438
276,65217,0.7034311858028793,false,276,65217,0.7034311858028793
276,1286,0.8124154293444078,false,276,1286,0.8124154293444078
276,692213,0.7966850544466304,false,276,692213,0.7966850544466304
276,153643,0.9338728876886434,false,276,153643,0.9338728876886434
276,144535,0.7009599290780593,false,276,144535,0.7009599290780593
276,112268422,0.7525309831079662,false,276,112268422,0.7525309831079662
276,649946,0.8642670349365744,false,276,649946,0.8642670349365744
276,259294,0.748115719003489,false,276,259294,0.748115719003489
276,79740,0.8152720739234242,false,276,79740,0.8152720739234242
276,2266,0.7582179804058261,false,276,2266,0.7582179804058261
276,745,0.7852111477112294,false,276,745,0.7852111477112294
100130701,222183,0.8422991036905849,false,100130701,222183,0.8422991036905849
100130701,101928580,0.8181657970803569,false,100130701,101928580,0.8181657970803569
100130701,1028,0.8791082286052614,false,100130701,1028,0.8791082286052614
100130701,646480,0.7424621806023064,false,100130701,646480,0.7424621806023064
100130701,4606,0.7001508472971959,false,100130701,4606,0.7001508472971959
100130701,102465485,0.8644982029979825,false,100130701,102465485,0.8644982029979825
168374,83481,0.9719720251825851,false,168374,83481,0.9719720251825851
168374,645843,0.9986565401698716,false,168374,645843,0.9986565401698716
168374,143884,0.9271093981277111,false,168374,143884,0.9271093981277111
168374,1579,0.7878598527558822,false,168374,1579,0.7878598527558822
168374,80004,0.9344172869976473,false,168374,80004,0.9344172869976473
168374,121512,0.9624087284373747,false,168374,121512,0.9624087284373747
168374,3993,0.9089406945380794,false,168374,3993,0.9089406945380794
168374,389852,0.9742530894135242,false,168374,389852,0.9742530894135242
168374,342892,0.9555357396670252,false,168374,342892,0.9555357396670252
168374,164312,0.9497699253031512,false,168374,164312,0.9497699253031512
168374,84239,0.9703392233253452,false,168374,84239,0.9703392233253452
168374,2065,0.9867854411093584,false,168374,2065,0.9867854411093584
168374,57402,0.8305202745022917,false,168374,57402,0.8305202745022917
168374,1513,0.8444670710425181,false,168374,1513,0.8444670710425181
168374,776,0.812710945321309,false,168374,776,0.812710945321309
168374,780,0.8880013039194812,false,168374,780,0.8880013039194812
168374,135656,0.960641075894098,false,168374,135656,0.960641075894098
168374,3880,0.9044244304098298,false,168374,3880,0.9044244304098298
168374,94059,0.9771451694192881,false,168374,94059,0.9771451694192881
168374,26769,0.990397314326002,false,168374,26769,0.990397314326002
168374,3960,0.9590264076192442,false,168374,3960,0.9590264076192442
168374,7433,0.8136820558977161,false,168374,7433,0.8136820558977161
168374,284323,0.9481962184720912,false,168374,284323,0.9481962184720912
168374,100129460,0.9245448933468929,false,168374,100129460,0.9245448933468929
168374,65217,0.8613560573051542,false,168374,65217,0.8613560573051542
168374,23584,0.9252317973850015,false,168374,23584,0.9252317973850015
168374,692213,0.9674638060487248,false,168374,692213,0.9674638060487248
168374,153643,0.9780441797046724,false,168374,153643,0.9780441797046724
168374,112268422,0.9567155011640543,false,168374,112268422,0.9567155011640543
168374,649946,0.8571398603157897,false,168374,649946,0.8571398603157897
168374,259294,0.9585948699010189,false,168374,259294,0.9585948699010189
168374,79740,0.9093318379630613,false,168374,79740,0.9093318379630613
168374,2266,0.962292099679418,false,168374,2266,0.962292099679418
168374,745,0.9625016940426607,false,168374,745,0.9625016940426607
168374,440352,0.8600768906006404,false,168374,440352,0.8600768906006404
399726,441151,0.7702893387360222,false,399726,441151,0.7702893387360222
399726,9454,0.7903978746066559,false,399726,9454,0.7903978746066559
399726,57710,0.7403755768611296,false,399726,57710,0.7403755768611296
399726,9699,0.8803187113966549,false,399726,9699,0.8803187113966549
399726,83643,0.9295388711649706,false,399726,83643,0.9295388711649706
399726,100874002,0.8994687399089382,false,399726,100874002,0.8994687399089382
399726,219793,0.9086251916966606,false,399726,219793,0.9086251916966606
83481,645843,0.9782947263938063,false,83481,645843,0.9782947263938063
83481,143884,0.8702305862162802,false,83481,143884,0.8702305862162802
83481,1579,0.7741892066002112,false,83481,1579,0.7741892066002112
83481,80004,0.9675224891771572,false,83481,80004,0.9675224891771572
83481,121512,0.9448041303391941,false,83481,121512,0.9448041303391941
83481,3993,0.9613256919213033,false,83481,3993,0.9613256919213033
83481,389852,0.9669849333664967,false,83481,389852,0.9669849333664967
83481,342892,0.9175114207765263,false,83481,342892,0.9175114207765263
83481,164312,0.9766690811547103,false,83481,164312,0.9766690811547103
83481,84239,0.9683164762925358,false,83481,84239,0.9683164762925358
83481,2065,0.9926836619502187,false,83481,2065,0.9926836619502187
83481,57402,0.8905589360748055,false,83481,57402,0.8905589360748055
83481,1513,0.7481755343601123,false,83481,1513,0.7481755343601123
83481,776,0.7486309093455566,false,83481,776,0.7486309093455566
83481,780,0.9696061157863185,false,83481,780,0.9696061157863185
83481,135656,0.955571681801219,false,83481,135656,0.955571681801219
83481,3880,0.9577664241541582,false,83481,3880,0.9577664241541582
83481,94059,0.9637456294692441,false,83481,94059,0.9637456294692441
83481,26769,0.9705206869158173,false,83481,26769,0.9705206869158173
83481,3960,0.9555808207128145,false,83481,3960,0.9555808207128145
83481,7433,0.8387206189907233,false,83481,7433,0.8387206189907233
83481,284323,0.9275516140877447,false,83481,284323,0.9275516140877447
83481,100129460,0.88556335495884,false,83481,100129460,0.88556335495884
83481,65217,0.8004008366153715,false,83481,65217,0.8004008366153715
83481,23584,0.9302456130971538,false,83481,23584,0.9302456130971538
83481,692213,0.9741860418514371,false,83481,692213,0.9741860418514371
83481,153643,0.9872933779996077,false,83481,153643,0.9872933779996077
83481,112268422,0.9495912224987163,false,83481,112268422,0.9495912224987163
83481,649946,0.7562079956016036,false,83481,649946,0.7562079956016036
83481,259294,0.9397258456178641,false,83481,259294,0.9397258456178641
83481,79740,0.9603383925267092,false,83481,79740,0.9603383925267092
83481,2266,0.9419318648318145,false,83481,2266,0.9419318648318145
83481,745,0.9731844098948608,false,83481,745,0.9731844098948608
83481,440352,0.92518603507723,false,83481,440352,0.92518603507723
140766,105,0.8284679402725089,false,140766,105,0.8284679402725089
140766,6097,0.8401744616903081,false,140766,6097,0.8401744616903081
140766,4057,0.8067372214988914,false,140766,4057,0.8067372214988914
140766,220136,0.8291317051118188,false,140766,220136,0.8291317051118188
140766,112577518,0.7816536858178729,false,140766,112577518,0.7816536858178729
140766,9370,0.7769647078652352,false,140766,9370,0.7769647078652352
140766,693188,0.913699355414613,false,140766,693188,0.913699355414613
140766,389376,0.8105479696236134,false,140766,389376,0.8105479696236134
140766,6799,0.8825290675789238,false,140766,6799,0.8825290675789238
140766,563,0.7881618833976548,false,140766,563,0.7881618833976548
140766,123872,0.9209202537283148,false,140766,123872,0.9209202537283148
140766,105373265,0.7000317778467172,false,140766,105373265,0.7000317778467172
140766,105372793,0.8708598967448478,false,140766,105372793,0.8708598967448478
140766,100874095,0.7769647078652352,false,140766,100874095,0.7769647078652352
140766,729238,0.7382714413090476,false,140766,729238,0.7382714413090476
140766,144571,0.7981728941451441,false,140766,144571,0.7981728941451441
140766,100033436,0.8001729424229368,false,140766,100033436,0.8001729424229368
645843,143884,0.9252501079199321,false,645843,143884,0.9252501079199321
645843,1579,0.7931771701520232,false,645843,1579,0.7931771701520232
645843,80004,0.9393164009780507,false,645843,80004,0.9393164009780507
645843,121512,0.9681662544583289,false,645843,121512,0.9681662544583289
645843,3993,0.9250271186259794,false,645843,3993,0.9250271186259794
645843,389852,0.9771241580219714,false,645843,389852,0.9771241580219714
645843,342892,0.9608123203314687,false,645843,342892,0.9608123203314687
645843,164312,0.9612546172788936,false,645843,164312,0.9612546172788936
645843,84239,0.9803287410289565,false,645843,84239,0.9803287410289565
645843,2065,0.9920577089648107,false,645843,2065,0.9920577089648107
645843,57402,0.8571420942127408,false,645843,57402,0.8571420942127408
645843,1513,0.834731618701106,false,645843,1513,0.834731618701106
645843,776,0.8246065995643618,false,645843,776,0.8246065995643618
645843,780,0.8990825731155657,false,645843,780,0.8990825731155657
645843,135656,0.9643112463023782,false,645843,135656,0.9643112463023782
645843,3880,0.9152674279791099,false,645843,3880,0.9152674279791099
645843,94059,0.9808308906660317,false,645843,94059,0.9808308906660317
645843,26769,0.9853822397825707,false,645843,26769,0.9853822397825707
645843,3960,0.9629844143312215,false,645843,3960,0.9629844143312215
645843,7433,0.8393393278605835,false,645843,7433,0.8393393278605835
645843,284323,0.9524909952939827,false,645843,284323,0.9524909952939827
645843,100129460,0.9180853253199571,false,645843,100129460,0.9180853253199571
645843,65217,0.874349144794879,false,645843,65217,0.874349144794879
645843,23584,0.9372526449103723,false,645843,23584,0.9372526449103723
645843,692213,0.9720284680430661,false,645843,692213,0.9720284680430661
645843,153643,0.9781569641498709,false,645843,153643,0.9781569641498709
645843,112268422,0.9600157164841305,false,645843,112268422,0.9600157164841305
645843,649946,0.8514530169326828,false,645843,649946,0.8514530169326828
645843,259294,0.9619246977450461,false,645843,259294,0.9619246977450461
645843,79740,0.9289123696784746,false,645843,79740,0.9289123696784746
645843,2266,0.9663199077296589,false,645843,2266,0.9663199077296589
645843,745,0.9704068066979695,false,645843,745,0.9704068066979695
645843,440352,0.8818329039807323,false,645843,440352,0.8818329039807323
2122,84059,0.9598004936485202,false,2122,84059,0.9598004936485202
2122,1579,0.8866935175939055,false,2122,1579,0.8866935175939055
2122,57477,0.9157572927878759,false,2122,57477,0.9157572927878759
2122,120892,0.8896846143486089,false,2122,120892,0.8896846143486089
2122,353189,0.7031751189237964,false,2122,353189,0.7031751189237964
2122,84851,0.7971613076819651,false,2122,84851,0.7971613076819651
2122,10203,0.8075130800043399,false,2122,10203,0.8075130800043399
2122,4069,0.711491563620124,false,2122,4069,0.711491563620124
2122,1080,0.9086349233468581,false,2122,1080,0.9086349233468581
2122,1286,0.9122029243968833,false,2122,1286,0.9122029243968833
2122,144535,0.9652730885307578,false,2122,144535,0.9652730885307578
105,84059,0.7354700217043771,false,105,84059,0.7354700217043771
105,57477,0.7169616729812904,false,105,57477,0.7169616729812904
105,6097,0.7661696016433635,false,105,6097,0.7661696016433635
105,120892,0.8054176066665603,false,105,120892,0.8054176066665603
105,4057,0.9987010270302885,false,105,4057,0.9987010270302885
105,220136,0.9635744228420581,false,105,220136,0.9635744228420581
105,112577518,0.9921390147166276,false,105,112577518,0.9921390147166276
105,9370,0.9947175554054429,false,105,9370,0.9947175554054429
105,693188,0.89262155682447,false,105,693188,0.89262155682447
105,389376,0.8643391064425061,false,105,389376,0.8643391064425061
105,6799,0.9822048812044379,false,105,6799,0.9822048812044379
105,353189,0.9226635762544282,false,105,353189,0.9226635762544282
105,563,0.9944279296255214,false,105,563,0.9944279296255214
105,84851,0.7947378430464966,false,105,84851,0.7947378430464966
105,4069,0.9281442793203021,false,105,4069,0.9281442793203021
105,1080,0.7973027444505945,false,105,1080,0.7973027444505945
105,123872,0.8823711949268687,false,105,123872,0.8823711949268687
105,105372793,0.985641239113215,false,105,105372793,0.985641239113215
105,653509,0.701821968456771,false,105,653509,0.701821968456771
105,100874095,0.9947175554054429,false,105,100874095,0.9947175554054429
105,729238,0.7957275732187624,false,105,729238,0.7957275732187624
105,26298,0.9633729996574291,false,105,26298,0.9633729996574291
105,100033436,0.9870982687089023,false,105,100033436,0.9870982687089023
441151,222183,0.9585183966292015,false,441151,222183,0.9585183966292015
441151,113219467,0.8748588034783852,false,441151,113219467,0.8748588034783852
441151,26797,0.8141916032850245,false,441151,26797,0.8141916032850245
441151,57710,0.7457078754656711,false,441151,57710,0.7457078754656711
441151,692209,0.8297482195630579,false,441151,692209,0.8297482195630579
441151,4861,0.709844203919918,false,441151,4861,0.709844203919918
441151,83643,0.8549021580945717,false,441151,83643,0.8549021580945717
441151,100874002,0.7108558645871159,false,441151,100874002,0.7108558645871159
441151,56955,0.7512925093046219,false,441151,56955,0.7512925093046219
441151,1028,0.8012875521080521,false,441151,1028,0.8012875521080521
441151,1515,0.7235475938021165,false,441151,1515,0.7235475938021165
284680,128218,0.9875941376438544,false,284680,128218,0.9875941376438544
284680,100820829,0.7850330535046351,false,284680,100820829,0.7850330535046351
284680,21,0.7347645826865824,false,284680,21,0.7347645826865824
284680,284434,0.8868639623241317,false,284680,284434,0.8868639623241317
284680,105373265,0.765827492797588,false,284680,105373265,0.765827492797588
284680,440590,0.9640197977461252,false,284680,440590,0.9640197977461252
284680,55282,0.9413252512545184,false,284680,55282,0.9413252512545184
84059,1579,0.92023398766385,false,84059,1579,0.92023398766385
84059,57477,0.9394624589309408,false,84059,57477,0.9394624589309408
84059,120892,0.9768177800520295,false,84059,120892,0.9768177800520295
84059,123624,0.7544373737887111,false,84059,123624,0.7544373737887111
84059,4057,0.7347201972510435,false,84059,4057,0.7347201972510435
84059,9370,0.7264681188291872,false,84059,9370,0.7264681188291872
84059,353189,0.8679851384905186,false,84059,353189,0.8679851384905186
84059,563,0.7041584184409967,false,84059,563,0.7041584184409967
84059,84851,0.9143600234767892,false,84059,84851,0.9143600234767892
84059,3880,0.7051019249840106,false,84059,3880,0.7051019249840106
84059,10203,0.7207022276033477,false,84059,10203,0.7207022276033477
84059,100129460,0.7635848433406065,false,84059,100129460,0.7635848433406065
84059,4069,0.8693806843925856,false,84059,4069,0.8693806843925856
84059,1080,0.9751541711303447,false,84059,1080,0.9751541711303447
84059,1286,0.9621286172428717,false,84059,1286,0.9621286172428717
84059,105372793,0.7336992937529259,false,84059,105372793,0.7336992937529259
84059,100874095,0.7264681188291872,false,84059,100874095,0.7264681188291872
84059,144535,0.992427708245013,false,84059,144535,0.992427708245013
84059,26298,0.8157318311337715,false,84059,26298,0.8157318311337715
84059,100033436,0.7004243924479334,false,84059,100033436,0.7004243924479334
9411,9771,0.9015800706049933,false,9411,9771,0.9015800706049933
9411,100820829,0.8134582707377294,false,9411,100820829,0.8134582707377294
9411,693188,0.7233099179843869,false,9411,693188,0.7233099179843869
9411,10203,0.889376805891944,false,9411,10203,0.889376805891944
9411,105373265,0.8476425989720361,false,9411,105373265,0.8476425989720361
9411,9211,0.8484731430670712,false,9411,9211,0.8484731430670712
9454,83643,0.8632609463759725,false,9454,83643,0.8632609463759725
143884,80004,0.7613080930690174,false,143884,80004,0.7613080930690174
143884,121512,0.8856873749242901,false,143884,121512,0.8856873749242901
143884,3993,0.8705542218137764,false,143884,3993,0.8705542218137764
143884,389852,0.9564110795930404,false,143884,389852,0.9564110795930404
143884,342892,0.9811367092108765,false,143884,342892,0.9811367092108765
143884,164312,0.9136084556444041,false,143884,164312,0.9136084556444041
143884,84239,0.8725393928179683,false,143884,84239,0.8725393928179683
143884,2065,0.8872815019340535,false,143884,2065,0.8872815019340535
143884,57402,0.8079659213434793,false,143884,57402,0.8079659213434793
143884,1513,0.7415378000726965,false,143884,1513,0.7415378000726965
143884,776,0.9020398987413768,false,143884,776,0.9020398987413768
143884,780,0.7735479549317823,false,143884,780,0.7735479549317823
143884,135656,0.9635267709857249,false,143884,135656,0.9635267709857249
143884,3880,0.708716349719602,false,143884,3880,0.708716349719602
143884,94059,0.9621767011783205,false,143884,94059,0.9621767011783205
143884,26769,0.8866398473931126,false,143884,26769,0.8866398473931126
143884,3960,0.9624159749215415,false,143884,3960,0.9624159749215415
143884,7433,0.8406741589096532,false,143884,7433,0.8406741589096532
143884,284323,0.9844068279389178,false,143884,284323,0.9844068279389178
143884,100129460,0.7329419408877486,false,143884,100129460,0.7329419408877486
143884,65217,0.835307821592317,false,143884,65217,0.835307821592317
143884,23584,0.9467507946965145,false,143884,23584,0.9467507946965145
143884,692213,0.9481762588710706,false,143884,692213,0.9481762588710706
143884,153643,0.8470140935005915,false,143884,153643,0.8470140935005915
143884,112268422,0.9685967356760334,false,143884,112268422,0.9685967356760334
143884,649946,0.7393980083829573,false,143884,649946,0.7393980083829573
143884,259294,0.9822772426276397,false,143884,259294,0.9822772426276397
143884,79740,0.8110047522594462,false,143884,79740,0.8110047522594462
143884,2266,0.9612162059801858,false,143884,2266,0.9612162059801858
143884,745,0.9375105835078911,false,143884,745,0.9375105835078911
143884,440352,0.8434799595884648,false,143884,440352,0.8434799595884648
1579,57477,0.872881477567243,false,1579,57477,0.872881477567243
1579,80004,0.8559919825499371,false,1579,80004,0.8559919825499371
1579,121512,0.8001554360418454,false,1579,121512,0.8001554360418454
1579,120892,0.9014870017135238,false,1579,120892,0.9014870017135238
1579,123624,0.7042959346584774,false,1579,123624,0.7042959346584774
1579,84239,0.8467939366245603,false,1579,84239,0.8467939366245603
1579,353189,0.7411372570573628,false,1579,353189,0.7411372570573628
1579,2065,0.8116438645887031,false,1579,2065,0.8116438645887031
1579,1513,0.8145986429451564,false,1579,1513,0.8145986429451564
1579,84851,0.8995815852314141,false,1579,84851,0.8995815852314141
1579,3880,0.8855718138145704,false,1579,3880,0.8855718138145704
1579,26769,0.7960235469357313,false,1579,26769,0.7960235469357313
1579,100129460,0.9355630784856437,false,1579,100129460,0.9355630784856437
1579,4069,0.7465579247385417,false,1579,4069,0.7465579247385417
1579,1080,0.8966686876340816,false,1579,1080,0.8966686876340816
1579,65217,0.7816780321003995,false,1579,65217,0.7816780321003995
1579,1286,0.957842975431871,false,1579,1286,0.957842975431871
1579,153643,0.8189728954193226,false,1579,153643,0.8189728954193226
1579,144535,0.9035652033165262,false,1579,144535,0.9035652033165262
1579,649946,0.8834631583079748,false,1579,649946,0.8834631583079748
1579,79740,0.7829737613802453,false,1579,79740,0.7829737613802453
57477,120892,0.9529013138458975,false,57477,120892,0.9529013138458975
57477,123624,0.7595751856458618,false,57477,123624,0.7595751856458618
57477,4057,0.7135187175093779,false,57477,4057,0.7135187175093779
57477,693188,0.7636778185431045,false,57477,693188,0.7636778185431045
57477,6799,0.712124019329737,false,57477,6799,0.712124019329737
57477,353189,0.7887160738430031,false,57477,353189,0.7887160738430031
57477,84851,0.8897770844409244,false,57477,84851,0.8897770844409244
57477,10203,0.8693861793424758,false,57477,10203,0.8693861793424758
57477,4069,0.7963628381467265,false,57477,4069,0.7963628381467265
57477,1080,0.9779831192535042,false,57477,1080,0.9779831192535042
57477,123872,0.7597273949950828,false,57477,123872,0.7597273949950828
57477,1286,0.9711376717880885,false,57477,1286,0.9711376717880885
57477,105372793,0.7281639682187745,false,57477,105372793,0.7281639682187745
57477,144535,0.9200045097313272,false,57477,144535,0.9200045097313272
57477,26298,0.7751682220228473,false,57477,26298,0.7751682220228473
80004,121512,0.9431999492819637,false,80004,121512,0.9431999492819637
80004,3993,0.9059795440389231,false,80004,3993,0.9059795440389231
80004,389852,0.9087184199700356,false,80004,389852,0.9087184199700356
80004,342892,0.8252937045839501,false,80004,342892,0.8252937045839501
80004,164312,0.9195564775554665,false,80004,164312,0.9195564775554665
80004,84239,0.9473782670598841,false,80004,84239,0.9473782670598841
80004,2065,0.9698807058741762,false,80004,2065,0.9698807058741762
80004,57402,0.8248406777031657,false,80004,57402,0.8248406777031657
80004,1513,0.7071406310978394,false,80004,1513,0.7071406310978394
80004,780,0.934395829756299,false,80004,780,0.934395829756299
80004,135656,0.8856319163025581,false,80004,135656,0.8856319163025581
80004,3880,0.9750739970515079,false,80004,3880,0.9750739970515079
80004,94059,0.9033595757527951,false,80004,94059,0.9033595757527951
80004,26769,0.943510761148624,false,80004,26769,0.943510761148624
80004,3960,0.8851254837908787,false,80004,3960,0.8851254837908787
80004,7433,0.75958175877857,false,80004,7433,0.75958175877857
80004,284323,0.8370400973271451,false,80004,284323,0.8370400973271451
80004,100129460,0.92082619582781,false,80004,100129460,0.92082619582781
80004,65217,0.7610090326747014,false,80004,65217,0.7610090326747014
80004,23584,0.8525316979328547,false,80004,23584,0.8525316979328547
80004,692213,0.9071389531813879,false,80004,692213,0.9071389531813879
80004,153643,0.9834154305660731,false,80004,153643,0.9834154305660731
80004,112268422,0.8737016553599164,false,80004,112268422,0.8737016553599164
80004,649946,0.7523535093311972,false,80004,649946,0.7523535093311972
80004,259294,0.8531964456556357,false,80004,259294,0.8531964456556357
80004,79740,0.9202115524419874,false,80004,79740,0.9202115524419874
80004,2266,0.8879417978714121,false,80004,2266,0.8879417978714121
80004,745,0.9156153131747168,false,80004,745,0.9156153131747168
80004,440352,0.8372944648457997,false,80004,440352,0.8372944648457997
128674,7780,0.9986668580669691,false,128674,7780,0.9986668580669691
128674,101928580,0.9591390100088379,false,128674,101928580,0.9591390100088379
128674,57110,0.9992180153290052,false,128674,57110,0.9992180153290052
128674,646480,0.9914332812965841,false,128674,646480,0.9914332812965841
128674,4606,0.9997724891059534,false,128674,4606,0.9997724891059534
9771,1513,0.7143620458400348,false,9771,1513,0.7143620458400348
9771,10203,0.905484912523591,false,9771,10203,0.905484912523591
9771,9211,0.7874933864774187,false,9771,9211,0.7874933864774187
9771,649946,0.7599317323256285,false,9771,649946,0.7599317323256285
121512,3993,0.9262800377437816,false,121512,3993,0.9262800377437816
121512,389852,0.960584920175356,false,121512,389852,0.960584920175356
121512,342892,0.9314715163054542,false,121512,342892,0.9314715163054542
121512,164312,0.952910442824949,false,121512,164312,0.952910442824949
121512,84239,0.9779834362431375,false,121512,84239,0.9779834362431375
121512,2065,0.9739451614558161,false,121512,2065,0.9739451614558161
121512,57402,0.8767331737800377,false,121512,57402,0.8767331737800377
121512,1513,0.736107057698903,false,121512,1513,0.736107057698903
121512,776,0.7895881982987168,false,121512,776,0.7895881982987168
121512,780,0.8565356823394924,false,121512,780,0.8565356823394924
121512,135656,0.9469263047147384,false,121512,135656,0.9469263047147384
121512,3880,0.8916473023635775,false,121512,3880,0.8916473023635775
121512,94059,0.965829780374397,false,121512,94059,0.965829780374397
121512,26769,0.9305526726134262,false,121512,26769,0.9305526726134262
121512,3960,0.945812727025523,false,121512,3960,0.945812727025523
121512,7433,0.8734452037860874,false,121512,7433,0.8734452037860874
121512,284323,0.9303592162471584,false,121512,284323,0.9303592162471584
121512,100129460,0.8819417178359544,false,121512,100129460,0.8819417178359544
121512,65217,0.8997681951701311,false,121512,65217,0.8997681951701311
121512,23584,0.9418688389438259,false,121512,23584,0.9418688389438259
121512,692213,0.9446509469708695,false,121512,692213,0.9446509469708695
121512,153643,0.9499445225652999,false,121512,153643,0.9499445225652999
121512,112268422,0.9391945721439561,false,121512,112268422,0.9391945721439561
121512,649946,0.8104234188239636,false,121512,649946,0.8104234188239636
121512,259294,0.9344008159689963,false,121512,259294,0.9344008159689963
121512,79740,0.9166422858521077,false,121512,79740,0.9166422858521077
121512,2266,0.9717373122123798,false,121512,2266,0.9717373122123798
121512,745,0.961692110290731,false,121512,745,0.961692110290731
121512,440352,0.8611722694985525,false,121512,440352,0.8611722694985525
6097,123624,0.7388188734139192,false,6097,123624,0.7388188734139192
6097,4057,0.7537758426000806,false,6097,4057,0.7537758426000806
6097,220136,0.7255575591500305,false,6097,220136,0.7255575591500305
6097,112577518,0.7069190446550262,false,6097,112577518,0.7069190446550262
6097,9370,0.7172366215901331,false,6097,9370,0.7172366215901331
6097,693188,0.7476369178624022,false,6097,693188,0.7476369178624022
6097,389376,0.9582058130607722,false,6097,389376,0.9582058130607722
6097,6799,0.8690819831501895,false,6097,6799,0.8690819831501895
6097,563,0.7225321954314937,false,6097,563,0.7225321954314937
6097,84525,0.7232641571906673,false,6097,84525,0.7232641571906673
6097,21,0.8987683652897392,false,6097,21,0.8987683652897392
6097,123872,0.9635893706849359,false,6097,123872,0.9635893706849359
6097,9052,0.7672018191326211,false,6097,9052,0.7672018191326211
6097,105372793,0.7474447020533264,false,6097,105372793,0.7474447020533264
6097,653509,0.9640332308502629,false,6097,653509,0.9640332308502629
6097,100874095,0.7172366215901331,false,6097,100874095,0.7172366215901331
6097,729238,0.9679914911642482,false,6097,729238,0.9679914911642482
6097,3855,0.9228897138431111,false,6097,3855,0.9228897138431111
6097,26298,0.7689348726478737,false,6097,26298,0.7689348726478737
6097,100033436,0.7736879090280665,false,6097,100033436,0.7736879090280665
120892,123624,0.8124501096957338,false,120892,123624,0.8124501096957338
120892,4057,0.8108168250043645,false,120892,4057,0.8108168250043645
120892,112577518,0.7824497155777506,false,120892,112577518,0.7824497155777506
120892,9370,0.8031578201336148,false,120892,9370,0.8031578201336148
120892,693188,0.7186609741068964,false,120892,693188,0.7186609741068964
120892,389376,0.7012323909229328,false,120892,389376,0.7012323909229328
120892,6799,0.7761311478711895,false,120892,6799,0.7761311478711895
120892,353189,0.9239239250153167,false,120892,353189,0.9239239250153167
120892,563,0.785476881669743,false,120892,563,0.785476881669743
120892,84851,0.9583175840312513,false,120892,84851,0.9583175840312513
120892,3880,0.7071462801496117,false,120892,3880,0.7071462801496117
120892,100129460,0.7524494594596075,false,120892,100129460,0.7524494594596075
120892,4069,0.9224772705700233,false,120892,4069,0.9224772705700233
120892,1080,0.9943085809383728,false,120892,1080,0.9943085809383728
120892,123872,0.7405840706703694,false,120892,123872,0.7405840706703694
120892,1286,0.9736651929851659,false,120892,1286,0.9736651929851659
120892,105372793,0.7816482143286612,false,120892,105372793,0.7816482143286612
120892,79784,0.7426104284642214,false,120892,79784,0.7426104284642214
120892,100874095,0.8031578201336148,false,120892,100874095,0.8031578201336148
120892,729238,0.7225223258503651,false,120892,729238,0.7225223258503651
120892,144535,0.9568024473559966,false,120892,144535,0.9568024473559966
120892,26298,0.8918387994960658,false,120892,26298,0.8918387994960658
120892,100033436,0.7672273240179971,false,120892,100033436,0.7672273240179971
128218,5349,0.7126519236183274,false,128218,5349,0.7126519236183274
128218,4861,0.7042312825701214,false,128218,4861,0.7042312825701214
128218,284434,0.9241367961396814,false,128218,284434,0.9241367961396814
128218,440590,0.9701519463576153,false,128218,440590,0.9701519463576153
128218,55282,0.921167629402588,false,128218,55282,0.921167629402588
128218,165186,0.743173847905936,false,128218,165186,0.743173847905936
5349,113219467,0.8522456791223374,false,5349,113219467,0.8522456791223374
5349,26797,0.9254755686190295,false,5349,26797,0.9254755686190295
5349,692209,0.8443193799533489,false,5349,692209,0.8443193799533489
5349,4861,0.9603713519442914,false,5349,4861,0.9603713519442914
5349,21,0.7520406571472508,false,5349,21,0.7520406571472508
5349,284434,0.9239075398275856,false,5349,284434,0.9239075398275856
5349,100423031,0.9855305462768716,false,5349,100423031,0.9855305462768716
5349,79098,0.8047927982382272,false,5349,79098,0.8047927982382272
5349,1515,0.7129376221514714,false,5349,1515,0.7129376221514714
5349,3855,0.7105907542406721,false,5349,3855,0.7105907542406721
5349,165186,0.8486241258990301,false,5349,165186,0.8486241258990301
100820829,10203,0.7702234982044673,false,100820829,10203,0.7702234982044673
100820829,105373265,0.8880213752937641,false,100820829,105373265,0.8880213752937641
100820829,9211,0.9267834016625398,false,100820829,9211,0.9267834016625398
100820829,440590,0.7582047634653287,false,100820829,440590,0.7582047634653287
100820829,55282,0.8554076330701523,false,100820829,55282,0.8554076330701523
222183,113219467,0.83770499840754,false,222183,113219467,0.83770499840754
222183,26797,0.7424728978898707,false,222183,26797,0.7424728978898707
222183,692209,0.7305594541252814,false,222183,692209,0.7305594541252814
222183,83643,0.8355372069402763,false,222183,83643,0.8355372069402763
222183,1028,0.9144144641554738,false,222183,1028,0.9144144641554738
222183,102465485,0.8138436211892683,false,222183,102465485,0.8138436211892683
113219467,26797,0.9451189863798962,false,113219467,26797,0.9451189863798962
113219467,57710,0.7270517430134648,false,113219467,57710,0.7270517430134648
113219467,692209,0.8884860128991082,false,113219467,692209,0.8884860128991082
113219467,4861,0.8805897746233439,false,113219467,4861,0.8805897746233439
113219467,56955,0.724862056904064,false,113219467,56955,0.724862056904064
113219467,1028,0.7863559805311869,false,113219467,1028,0.7863559805311869
113219467,100423031,0.8242612394417967,false,113219467,100423031,0.8242612394417967
113219467,1515,0.7411630646841547,false,113219467,1515,0.7411630646841547
113219467,165186,0.7848821743744194,false,113219467,165186,0.7848821743744194
123624,389376,0.7486593065022102,false,123624,389376,0.7486593065022102
123624,353189,0.7072979159048052,false,123624,353189,0.7072979159048052
123624,3880,0.7207948479928883,false,123624,3880,0.7207948479928883
123624,1080,0.7841162943741053,false,123624,1080,0.7841162943741053
123624,1286,0.7687667420646768,false,123624,1286,0.7687667420646768
123624,9052,0.8808568470324049,false,123624,9052,0.8808568470324049
123624,79784,0.9860563759185477,false,123624,79784,0.9860563759185477
123624,653509,0.8653390659102408,false,123624,653509,0.8653390659102408
123624,729238,0.836898071829296,false,123624,729238,0.836898071829296
123624,79098,0.8603906249163211,false,123624,79098,0.8603906249163211
123624,144535,0.7858345885319282,false,123624,144535,0.7858345885319282
123624,3855,0.7330319836004595,false,123624,3855,0.7330319836004595
123624,26298,0.7301018239799831,false,123624,26298,0.7301018239799831
7546,9211,0.7087517361290361,false,7546,9211,0.7087517361290361
7780,101928580,0.951898201705146,false,7780,101928580,0.951898201705146
7780,57110,0.9999268904847192,false,7780,57110,0.9999268904847192
7780,646480,0.9884260220369322,false,7780,646480,0.9884260220369322
7780,4606,0.998138630818658,false,7780,4606,0.998138630818658
3993,389852,0.9594182515863916,false,3993,389852,0.9594182515863916
3993,342892,0.9175133892931208,false,3993,342892,0.9175133892931208
3993,164312,0.9929755054513288,false,3993,164312,0.9929755054513288
3993,84239,0.9376070184462162,false,3993,84239,0.9376070184462162
3993,2065,0.9500106776376982,false,3993,2065,0.9500106776376982
3993,57402,0.9666233283907361,false,3993,57402,0.9666233283907361
3993,776,0.7787006763538097,false,3993,776,0.7787006763538097
3993,780,0.9523954909087661,false,3993,780,0.9523954909087661
3993,135656,0.961241346844779,false,3993,135656,0.961241346844779
3993,3880,0.8908984747855129,false,3993,3880,0.8908984747855129
3993,94059,0.9569450236133855,false,3993,94059,0.9569450236133855
3993,26769,0.8799543483366916,false,3993,26769,0.8799543483366916
3993,3960,0.9628522986255837,false,3993,3960,0.9628522986255837
3993,7433,0.9301517941530671,false,3993,7433,0.9301517941530671
3993,284323,0.9430040844819824,false,3993,284323,0.9430040844819824
3993,100129460,0.7432143968953372,false,3993,100129460,0.7432143968953372
3993,65217,0.7977319414216932,false,3993,65217,0.7977319414216932
3993,23584,0.974294938798197,false,3993,23584,0.974294938798197
3993,692213,0.9703844889073904,false,3993,692213,0.9703844889073904
3993,153643,0.9157349224884355,false,3993,153643,0.9157349224884355
3993,112268422,0.9570494969240262,false,3993,112268422,0.9570494969240262
3993,259294,0.9452338651988875,false,3993,259294,0.9452338651988875
3993,79740,0.9654197552559278,false,3993,79740,0.9654197552559278
3993,2266,0.9489542753838807,false,3993,2266,0.9489542753838807
3993,745,0.9819348685817354,false,3993,745,0.9819348685817354
3993,440352,0.981173693440122,false,3993,440352,0.981173693440122
26797,692209,0.9750214901192378,false,26797,692209,0.9750214901192378
26797,4861,0.9798568103653063,false,26797,4861,0.9798568103653063
26797,284434,0.7883294978002231,false,26797,284434,0.7883294978002231
26797,56955,0.8384321803507447,false,26797,56955,0.8384321803507447
26797,100423031,0.9370204006056049,false,26797,100423031,0.9370204006056049
26797,1515,0.8685168032975336,false,26797,1515,0.8685168032975336
26797,165186,0.910367844628489,false,26797,165186,0.910367844628489
4057,220136,0.9679185345383818,false,4057,220136,0.9679185345383818
4057,112577518,0.996281399384145,false,4057,112577518,0.996281399384145
4057,9370,0.9981426813550253,false,4057,9370,0.9981426813550253
4057,693188,0.8814071795034337,false,4057,693188,0.8814071795034337
4057,389376,0.8602534649996739,false,4057,389376,0.8602534649996739
4057,6799,0.9778573589902191,false,4057,6799,0.9778573589902191
4057,353189,0.9342612968909579,false,4057,353189,0.9342612968909579
4057,563,0.9977903187162209,false,4057,563,0.9977903187162209
4057,84851,0.809121318519527,false,4057,84851,0.809121318519527
4057,4069,0.9389500402832786,false,4057,4069,0.9389500402832786
4057,1080,0.7992370684653474,false,4057,1080,0.7992370684653474
4057,123872,0.8673255155929429,false,4057,123872,0.8673255155929429
4057,105372793,0.9772060309023415,false,4057,105372793,0.9772060309023415
4057,100874095,0.9981426813550253,false,4057,100874095,0.9981426813550253
4057,729238,0.7932088162810168,false,4057,729238,0.7932088162810168
4057,26298,0.9707252302374295,false,4057,26298,0.9707252302374295
4057,100033436,0.9859631186331331,false,4057,100033436,0.9859631186331331
389852,342892,0.9688763085232408,false,389852,342892,0.9688763085232408
389852,164312,0.9840489860860512,false,389852,164312,0.9840489860860512
389852,84239,0.9487935233899055,false,389852,84239,0.9487935233899055
389852,2065,0.9726290369741291,false,389852,2065,0.9726290369741291
389852,57402,0.8843746637274209,false,389852,57402,0.8843746637274209
389852,1513,0.7170669453920705,false,389852,1513,0.7170669453920705
389852,776,0.8193640723807879,false,389852,776,0.8193640723807879
389852,780,0.9072252122255293,false,389852,780,0.9072252122255293
389852,135656,0.9981264739291668,false,389852,135656,0.9981264739291668
389852,3880,0.860418000106138,false,389852,3880,0.860418000106138
389852,94059,0.9986772104343843,false,389852,94059,0.9986772104343843
389852,26769,0.9508053464610766,false,389852,26769,0.9508053464610766
389852,3960,0.9978103395583525,false,389852,3960,0.9978103395583525
389852,7433,0.8723536551259738,false,389852,7433,0.8723536551259738
389852,284323,0.9875699472695543,false,389852,284323,0.9875699472695543
389852,100129460,0.8232015222365715,false,389852,100129460,0.8232015222365715
389852,65217,0.830806564897018,false,389852,65217,0.830806564897018
389852,23584,0.9773384963283872,false,389852,23584,0.9773384963283872
389852,692213,0.9970330020648324,false,389852,692213,0.9970330020648324
389852,153643,0.9514903854403833,false,389852,153643,0.9514903854403833
389852,112268422,0.9964857274741146,false,389852,112268422,0.9964857274741146
389852,649946,0.7367295424175194,false,389852,649946,0.7367295424175194
389852,259294,0.9919103504401976,false,389852,259294,0.9919103504401976
389852,79740,0.9120118611657949,false,389852,79740,0.9120118611657949
389852,2266,0.9934158528516669,false,389852,2266,0.9934158528516669
389852,745,0.9950053661100922,false,389852,745,0.9950053661100922
389852,440352,0.9134261087090674,false,389852,440352,0.9134261087090674
220136,112577518,0.9773492099658587,false,220136,112577518,0.9773492099658587
220136,9370,0.9687238830069074,false,220136,9370,0.9687238830069074
220136,693188,0.8587777715820369,false,220136,693188,0.8587777715820369
220136,389376,0.8427983916788554,false,220136,389376,0.8427983916788554
220136,6799,0.9546048443172017,false,220136,6799,0.9546048443172017
220136,353189,0.8458151621869429,false,220136,353189,0.8458151621869429
220136,563,0.9764913456961501,false,220136,563,0.9764913456961501
220136,4069,0.8511825902097656,false,220136,4069,0.8511825902097656
220136,123872,0.8241922354920751,false,220136,123872,0.8241922354920751
220136,105372793,0.9320512679528731,false,220136,105372793,0.9320512679528731
220136,100874095,0.9687238830069074,false,220136,100874095,0.9687238830069074
220136,729238,0.7575229494590864,false,220136,729238,0.7575229494590864
220136,26298,0.908772327886107,false,220136,26298,0.908772327886107
220136,100033436,0.9547488220149613,false,220136,100033436,0.9547488220149613
112577518,9370,0.998953392207116,false,112577518,9370,0.998953392207116
112577518,693188,0.8649135576511516,false,112577518,693188,0.8649135576511516
112577518,389376,0.8303891730274574,false,112577518,389376,0.8303891730274574
112577518,6799,0.961817884797176,false,112577518,6799,0.961817884797176
112577518,353189,0.9306576768737965,false,112577518,353189,0.9306576768737965
112577518,563,0.9995586155541099,false,112577518,563,0.9995586155541099
112577518,84851,0.8029520227683481,false,112577518,84851,0.8029520227683481
112577518,4069,0.9373242819871217,false,112577518,4069,0.9373242819871217
112577518,1080,0.7669537797857673,false,112577518,1080,0.7669537797857673
112577518,123872,0.8270951218422674,false,112577518,123872,0.8270951218422674
112577518,105372793,0.9656428013946092,false,112577518,105372793,0.9656428013946092
112577518,100874095,0.998953392207116,false,112577518,100874095,0.998953392207116
112577518,729238,0.7553100264048692,false,112577518,729238,0.7553100264048692
112577518,26298,0.9612318098765106,false,112577518,26298,0.9612318098765106
112577518,100033436,0.9793067060190084,false,112577518,100033436,0.9793067060190084
57710,9699,0.7714126468371104,false,57710,9699,0.7714126468371104
57710,692209,0.7377133611370853,false,57710,692209,0.7377133611370853
57710,84525,0.7489470115692319,false,57710,84525,0.7489470115692319
57710,80381,0.7929424667385329,false,57710,80381,0.7929424667385329
57710,83643,0.8126903755143788,false,57710,83643,0.8126903755143788
57710,498,0.8808439467213115,false,57710,498,0.8808439467213115
57710,100874002,0.7981516452910276,false,57710,100874002,0.7981516452910276
57710,219793,0.8163224344672476,false,57710,219793,0.8163224344672476
57710,56955,0.8187639388901418,false,57710,56955,0.8187639388901418
57710,1515,0.7971809338398549,false,57710,1515,0.7971809338398549
57710,165186,0.7448445926851106,false,57710,165186,0.7448445926851106
9370,693188,0.8612878068955743,false,9370,693188,0.8612878068955743
9370,389376,0.8387486645358827,false,9370,389376,0.8387486645358827
9370,6799,0.964974104273939,false,9370,6799,0.964974104273939
9370,353189,0.9414729753903794,false,9370,353189,0.9414729753903794
9370,563,0.999414592067575,false,9370,563,0.999414592067575
9370,84851,0.8141727551377126,false,9370,84851,0.8141727551377126
9370,4069,0.9466835035313056,false,9370,4069,0.9466835035313056
9370,1080,0.7871401885899284,false,9370,1080,0.7871401885899284
9370,123872,0.8359517701640669,false,9370,123872,0.8359517701640669
9370,105372793,0.9687765951983518,false,9370,105372793,0.9687765951983518
9370,100874095,1.0,false,9370,100874095,1.0
9370,729238,0.7677397656299579,false,9370,729238,0.7677397656299579
9370,26298,0.9697645451590501,false,9370,26298,0.9697645451590501
9370,100033436,0.9838942889283611,false,9370,100033436,0.9838942889283611
693188,389376,0.7343239186256442,false,693188,389376,0.7343239186256442
693188,6799,0.8929520586372499,false,693188,6799,0.8929520586372499
693188,353189,0.7358114421366498,false,693188,353189,0.7358114421366498
693188,563,0.863171791739178,false,693188,563,0.863171791739178
693188,84851,0.720123018605886,false,693188,84851,0.720123018605886
693188,10203,0.7485441675286718,false,693188,10203,0.7485441675286718
693188,4069,0.76387048626762,false,693188,4069,0.76387048626762
693188,1080,0.7577668224086758,false,693188,1080,0.7577668224086758
693188,123872,0.8816760635536498,false,693188,123872,0.8816760635536498
693188,105372793,0.931791128335582,false,693188,105372793,0.931791128335582
693188,100874095,0.8612878068955743,false,693188,100874095,0.8612878068955743
693188,26298,0.7953757306432886,false,693188,26298,0.7953757306432886
693188,100033436,0.820321514727769,false,693188,100033436,0.820321514727769
342892,164312,0.952654332287448,false,342892,164312,0.952654332287448
342892,84239,0.9411257805800022,false,342892,84239,0.9411257805800022
342892,2065,0.9365012568093817,false,342892,2065,0.9365012568093817
342892,57402,0.8855857314822515,false,342892,57402,0.8855857314822515
342892,1513,0.7860594661510626,false,342892,1513,0.7860594661510626
342892,776,0.9343901868855803,false,342892,776,0.9343901868855803
342892,780,0.8248729355455809,false,342892,780,0.8248729355455809
342892,135656,0.970219064702028,false,342892,135656,0.970219064702028
342892,3880,0.8005651995320668,false,342892,3880,0.8005651995320668
342892,94059,0.9789746125806323,false,342892,94059,0.9789746125806323
342892,26769,0.9120015261166009,false,342892,26769,0.9120015261166009
342892,3960,0.9693709535751168,false,342892,3960,0.9693709535751168
342892,7433,0.9073740446731889,false,342892,7433,0.9073740446731889
342892,284323,0.9873027766680754,false,342892,284323,0.9873027766680754
342892,100129460,0.7939396986044249,false,342892,100129460,0.7939396986044249
342892,65217,0.908876601156724,false,342892,65217,0.908876601156724
342892,23584,0.9724721655426881,false,342892,23584,0.9724721655426881
342892,692213,0.9635857421986955,false,342892,692213,0.9635857421986955
342892,153643,0.8884890825638451,false,342892,153643,0.8884890825638451
342892,112268422,0.9715395261182289,false,342892,112268422,0.9715395261182289
342892,649946,0.8004963326386298,false,342892,649946,0.8004963326386298
342892,259294,0.9861975749198758,false,342892,259294,0.9861975749198758
342892,79740,0.8978532899175697,false,342892,79740,0.8978532899175697
342892,2266,0.9743239658234792,false,342892,2266,0.9743239658234792
342892,745,0.9645121850783885,false,342892,745,0.9645121850783885
342892,440352,0.9020834817123664,false,342892,440352,0.9020834817123664
389376,6799,0.9363251297974248,false,389376,6799,0.9363251297974248
389376,353189,0.7710190175300434,false,389376,353189,0.7710190175300434
389376,563,0.8440633726156428,false,389376,563,0.8440633726156428
389376,21,0.8003044408178962,false,389376,21,0.8003044408178962
389376,4069,0.7433006108348877,false,389376,4069,0.7433006108348877
389376,123872,0.9423770361133987,false,389376,123872,0.9423770361133987
389376,105372793,0.8181522257967747,false,389376,105372793,0.8181522257967747
389376,653509,0.9516883622121872,false,389376,653509,0.9516883622121872
389376,100874095,0.8387486645358827,false,389376,100874095,0.8387486645358827
389376,729238,0.9852111368501618,false,389376,729238,0.9852111368501618
389376,3855,0.9285580349626478,false,389376,3855,0.9285580349626478
389376,26298,0.880617754185377,false,389376,26298,0.880617754185377
389376,100033436,0.8936980585492187,false,389376,100033436,0.8936980585492187
6799,353189,0.8745138200067599,false,6799,353189,0.8745138200067599
6799,563,0.9678363473914507,false,6799,563,0.9678363473914507
6799,84851,0.7281881202560028,false,6799,84851,0.7281881202560028
6799,4069,0.8716494758366716,false,6799,4069,0.8716494758366716
6799,1080,0.7722691380547404,false,6799,1080,0.7722691380547404
6799,123872,0.9458213646514301,false,6799,123872,0.9458213646514301
6799,105372793,0.9644001840838049,false,6799,105372793,0.9644001840838049
6799,653509,0.806415437304071,false,6799,653509,0.806415437304071
6799,100874095,0.9649741042739391,false,6799,100874095,0.9649741042739391
6799,729238,0.881630728298462,false,6799,729238,0.881630728298462
6799,3855,0.743948319972359,false,6799,3855,0.743948319972359
6799,26298,0.9484287398602393,false,6799,26298,0.9484287398602393
6799,100033436,0.9770101073270877,false,6799,100033436,0.9770101073270877
164312,84239,0.9611160392526102,false,164312,84239,0.9611160392526102
164312,2065,0.9737431463757781,false,164312,2065,0.9737431463757781
164312,57402,0.9484068293109329,false,164312,57402,0.9484068293109329
164312,776,0.8164510505029416,false,164312,776,0.8164510505029416
164312,780,0.9433300475894141,false,164312,780,0.9433300475894141
164312,135656,0.9831847565223613,false,164312,135656,0.9831847565223613
164312,3880,0.8974546635437137,false,164312,3880,0.8974546635437137
164312,94059,0.983641995180234,false,164312,94059,0.983641995180234
164312,26769,0.9221397035927734,false,164312,26769,0.9221397035927734
164312,3960,0.9839222105975787,false,164312,3960,0.9839222105975787
164312,7433,0.9222741007151634,false,164312,7433,0.9222741007151634
164312,284323,0.969524834028198,false,164312,284323,0.969524834028198
164312,100129460,0.7962910549027081,false,164312,100129460,0.7962910549027081
164312,65217,0.8358729818785118,false,164312,65217,0.8358729818785118
164312,23584,0.9850624340475045,false,164312,23584,0.9850624340475045
164312,692213,0.9895360253000715,false,164312,692213,0.9895360253000715
164312,153643,0.9425666594178274,false,164312,153643,0.9425666594178274
164312,112268422,0.9796975416039999,false,164312,112268422,0.9796975416039999
164312,259294,0.9728558016821869,false,164312,259294,0.9728558016821869
164312,79740,0.9629374208575695,false,164312,79740,0.9629374208575695
164312,2266,0.9752749064529533,false,164312,2266,0.9752749064529533
164312,745,0.9966590674741466,false,164312,745,0.9966590674741466
164312,440352,0.96670365621015,false,164312,440352,0.96670365621015
9699,83643,0.7959798448962916,false,9699,83643,0.7959798448962916
9699,100874002,0.9631938500830276,false,9699,100874002,0.9631938500830276
9699,219793,0.974430948768056,false,9699,219793,0.974430948768056
9699,56955,0.7975154733640044,false,9699,56955,0.7975154733640044
9699,1515,0.7290677451429446,false,9699,1515,0.7290677451429446
84239,2065,0.9874204372955708,false,84239,2065,0.9874204372955708
84239,57402,0.9108700246335074,false,84239,57402,0.9108700246335074
84239,1513,0.8021666386685782,false,84239,1513,0.8021666386685782
84239,776,0.8301477160681914,false,84239,776,0.8301477160681914
84239,780,0.8935522975633504,false,84239,780,0.8935522975633504
84239,135656,0.9337124239396168,false,84239,135656,0.9337124239396168
84239,3880,0.9413860477294774,false,84239,3880,0.9413860477294774
84239,94059,0.9573420272792146,false,84239,94059,0.9573420272792146
84239,26769,0.9445660524962827,false,84239,26769,0.9445660524962827
84239,3960,0.9329055382287833,false,84239,3960,0.9329055382287833
84239,7433,0.893151869994215,false,84239,7433,0.893151869994215
84239,284323,0.9216148462056724,false,84239,284323,0.9216148462056724
84239,100129460,0.9061372506131457,false,84239,100129460,0.9061372506131457
84239,65217,0.9192753311967959,false,84239,65217,0.9192753311967959
84239,23584,0.93639075216797,false,84239,23584,0.93639075216797
84239,692213,0.9440458213879104,false,84239,692213,0.9440458213879104
84239,153643,0.9585153431505993,false,84239,153643,0.9585153431505993
84239,112268422,0.9261161525902241,false,84239,112268422,0.9261161525902241
84239,649946,0.8492166899894288,false,84239,649946,0.8492166899894288
84239,259294,0.9283082046491561,false,84239,259294,0.9283082046491561
84239,79740,0.9679584545898355,false,84239,79740,0.9679584545898355
84239,2266,0.9474411656474531,false,84239,2266,0.9474411656474531
84239,745,0.9588182236885822,false,84239,745,0.9588182236885822
84239,440352,0.9050929342382694,false,84239,440352,0.9050929342382694
353189,563,0.9312652339759431,false,353189,563,0.9312652339759431
353189,84851,0.9297831527758124,false,353189,84851,0.9297831527758124
353189,4069,0.9970057021588964,false,353189,4069,0.9970057021588964
353189,1080,0.8940571904516692,false,353189,1080,0.8940571904516692
353189,123872,0.7396384218850744,false,353189,123872,0.7396384218850744
353189,1286,0.8307357486051852,false,353189,1286,0.8307357486051852
353189,105372793,0.8742247965725395,false,353189,105372793,0.8742247965725395
353189,100874095,0.9414729753903794,false,353189,100874095,0.9414729753903794
353189,729238,0.7410757214412423,false,353189,729238,0.7410757214412423
353189,144535,0.8314949879082956,false,353189,144535,0.8314949879082956
353189,26298,0.978966299224389,false,353189,26298,0.978966299224389
353189,100033436,0.9132490498271179,false,353189,100033436,0.9132490498271179
692209,84525,0.7117282322922414,false,692209,84525,0.7117282322922414
692209,4861,0.9507583193272137,false,692209,4861,0.9507583193272137
692209,284434,0.7326626489041437,false,692209,284434,0.7326626489041437
692209,100874002,0.7120470598319382,false,692209,100874002,0.7120470598319382
692209,56955,0.9358481491009251,false,692209,56955,0.9358481491009251
692209,100423031,0.8759132917929686,false,692209,100423031,0.8759132917929686
692209,1515,0.95172931182427,false,692209,1515,0.95172931182427
692209,165186,0.9474695667720443,false,692209,165186,0.9474695667720443
563,84851,0.7976530433519533,false,563,84851,0.7976530433519533
563,4069,0.9362745798315626,false,563,4069,0.9362745798315626
563,1080,0.7696230159081185,false,563,1080,0.7696230159081185
563,123872,0.8386355736050959,false,563,123872,0.8386355736050959
563,105372793,0.9677859270793225,false,563,105372793,0.9677859270793225
563,100874095,0.9994145920675751,false,563,100874095,0.9994145920675751
563,729238,0.7706245488731926,false,563,729238,0.7706245488731926
563,26298,0.9649474328391417,false,563,26298,0.9649474328391417
563,100033436,0.9846502090679651,false,563,100033436,0.9846502090679651
2065,57402,0.8865415749164203,false,2065,57402,0.8865415749164203
2065,1513,0.7847906481151343,false,2065,1513,0.7847906481151343
2065,776,0.781588293151551,false,2065,776,0.781588293151551
2065,780,0.935113356805572,false,2065,780,0.935113356805572
2065,135656,0.9586268791335784,false,2065,135656,0.9586268791335784
2065,3880,0.9504065013696927,false,2065,3880,0.9504065013696927
2065,94059,0.9736947942180187,false,2065,94059,0.9736947942180187
2065,26769,0.9764139499549387,false,2065,26769,0.9764139499549387
2065,3960,0.9579595460682518,false,2065,3960,0.9579595460682518
2065,7433,0.8523425008054422,false,2065,7433,0.8523425008054422
2065,284323,0.9361516825421317,false,2065,284323,0.9361516825421317
2065,100129460,0.9127411836877886,false,2065,100129460,0.9127411836877886
2065,65217,0.8550523880349716,false,2065,65217,0.8550523880349716
2065,23584,0.9377342203940856,false,2065,23584,0.9377342203940856
2065,692213,0.971290304532108,false,2065,692213,0.971290304532108
2065,153643,0.9888547187716474,false,2065,153643,0.9888547187716474
2065,112268422,0.9519927335612968,false,2065,112268422,0.9519927335612968
2065,649946,0.8119741339638142,false,2065,649946,0.8119741339638142
2065,259294,0.9464968569243193,false,2065,259294,0.9464968569243193
2065,79740,0.955682499037872,false,2065,79740,0.955682499037872
2065,2266,0.9589965279482301,false,2065,2266,0.9589965279482301
2065,745,0.9752641226984855,false,2065,745,0.9752641226984855
2065,440352,0.9053161804886616,false,2065,440352,0.9053161804886616
57402,776,0.8238793439437434,false,57402,776,0.8238793439437434
57402,780,0.8789353985653349,false,57402,780,0.8789353985653349
57402,135656,0.8892099793257857,false,57402,135656,0.8892099793257857
57402,3880,0.8428327111961251,false,57402,3880,0.8428327111961251
57402,94059,0.8917523602133394,false,57402,94059,0.8917523602133394
57402,26769,0.7778444072678399,false,57402,26769,0.7778444072678399
57402,3960,0.89140845780619,false,57402,3960,0.89140845780619
57402,7433,0.9815260994781277,false,57402,7433,0.9815260994781277
57402,284323,0.8877025141347216,false,57402,284323,0.8877025141347216
57402,65217,0.8413517101470879,false,57402,65217,0.8413517101470879
57402,23584,0.9466637588330414,false,57402,23584,0.9466637588330414
57402,692213,0.8975375058390871,false,57402,692213,0.8975375058390871
57402,153643,0.8210866931374834,false,57402,153643,0.8210866931374834
57402,112268422,0.8845753430826222,false,57402,112268422,0.8845753430826222
57402,259294,0.8831638874844726,false,57402,259294,0.8831638874844726
57402,79740,0.9651476129013747,false,57402,79740,0.9651476129013747
57402,2266,0.8881856914076659,false,57402,2266,0.8881856914076659
57402,745,0.9252112954585227,false,57402,745,0.9252112954585227
57402,440352,0.9821026560781319,false,57402,440352,0.9821026560781319
1513,776,0.7604702907869269,false,1513,776,0.7604702907869269
1513,84851,0.74831157339386,false,1513,84851,0.74831157339386
1513,3880,0.7384728482223211,false,1513,3880,0.7384728482223211
1513,94059,0.7363805204892565,false,1513,94059,0.7363805204892565
1513,26769,0.8486276315537858,false,1513,26769,0.8486276315537858
1513,284323,0.7051528298084636,false,1513,284323,0.7051528298084636
1513,100129460,0.9008087143700961,false,1513,100129460,0.9008087143700961
1513,65217,0.8030220413156073,false,1513,65217,0.8030220413156073
1513,1286,0.7354994616489849,false,1513,1286,0.7354994616489849
1513,692213,0.7046014867899133,false,1513,692213,0.7046014867899133
1513,153643,0.7794270782278473,false,1513,153643,0.7794270782278473
1513,649946,0.9714604657805478,false,1513,649946,0.9714604657805478
1513,259294,0.720611701314548,false,1513,259294,0.720611701314548
1513,2266,0.7027250811376197,false,1513,2266,0.7027250811376197
776,135656,0.827507847503868,false,776,135656,0.827507847503868
776,94059,0.8445928854108095,false,776,94059,0.8445928854108095
776,26769,0.7398956069105078,false,776,26769,0.7398956069105078
776,3960,0.8265459350391493,false,776,3960,0.8265459350391493
776,7433,0.88959663653444,false,776,7433,0.88959663653444
776,284323,0.8818904702373525,false,776,284323,0.8818904702373525
776,65217,0.9233680351929904,false,776,65217,0.9233680351929904
776,23584,0.8738502329204667,false,776,23584,0.8738502329204667
776,692213,0.8139363199566683,false,776,692213,0.8139363199566683
776,84765,0.7822180997222061,false,776,84765,0.7822180997222061
776,112268422,0.8325860108936883,false,776,112268422,0.8325860108936883
776,649946,0.7724632757311181,false,776,649946,0.7724632757311181
776,259294,0.8713334059371087,false,776,259294,0.8713334059371087
776,79740,0.7977667189851727,false,776,79740,0.7977667189851727
776,2266,0.8432093902575927,false,776,2266,0.8432093902575927
776,745,0.8235361907538538,false,776,745,0.8235361907538538
776,440352,0.8145729504964275,false,776,440352,0.8145729504964275
84851,3880,0.7170803722781052,false,84851,3880,0.7170803722781052
84851,100129460,0.8370927392304105,false,84851,100129460,0.8370927392304105
84851,4069,0.9417780787255243,false,84851,4069,0.9417780787255243
84851,1080,0.9497265199223052,false,84851,1080,0.9497265199223052
84851,1286,0.9486187496373217,false,84851,1286,0.9486187496373217
84851,105372793,0.7648290347143204,false,84851,105372793,0.7648290347143204
84851,100874095,0.8141727551377127,false,84851,100874095,0.8141727551377127
84851,144535,0.8641339324314791,false,84851,144535,0.8641339324314791
84851,649946,0.7603000330568569,false,84851,649946,0.7603000330568569
84851,26298,0.8692621779119175,false,84851,26298,0.8692621779119175
84851,100033436,0.7357453346017445,false,84851,100033436,0.7357453346017445
780,135656,0.9004771105008041,false,780,135656,0.9004771105008041
780,3880,0.942094232189772,false,780,3880,0.942094232189772
780,94059,0.8954744532173653,false,780,94059,0.8954744532173653
780,26769,0.9006102081824141,false,780,26769,0.9006102081824141
780,3960,0.9021237352457386,false,780,3960,0.9021237352457386
780,7433,0.7915807054872381,false,780,7433,0.7915807054872381
780,284323,0.8579580150522695,false,780,284323,0.8579580150522695
780,100129460,0.7855091199094021,false,780,100129460,0.7855091199094021
780,23584,0.87641815348694,false,780,23584,0.87641815348694
780,692213,0.9301024055307865,false,780,692213,0.9301024055307865
780,153643,0.9391213601689099,false,780,153643,0.9391213601689099
780,112268422,0.8942181048936154,false,780,112268422,0.8942181048936154
780,259294,0.8723053588711271,false,780,259294,0.8723053588711271
780,79740,0.9390822804014264,false,780,79740,0.9390822804014264
780,2266,0.8648485331184588,false,780,2266,0.8648485331184588
780,745,0.9264009182255455,false,780,745,0.9264009182255455
780,440352,0.9306246934007638,false,780,440352,0.9306246934007638
135656,3880,0.8360807654984873,false,135656,3880,0.8360807654984873
135656,94059,0.9964408060994504,false,135656,94059,0.9964408060994504
135656,26769,0.9332874584883366,false,135656,26769,0.9332874584883366
135656,3960,0.9999692731045055,false,135656,3960,0.9999692731045055
135656,7433,0.8808320443368646,false,135656,7433,0.8808320443368646
135656,284323,0.9929944878765304,false,135656,284323,0.9929944878765304
135656,100129460,0.78806446656553,false,135656,100129460,0.78806446656553
135656,65217,0.8195119010560529,false,135656,65217,0.8195119010560529
135656,23584,0.9831741845259885,false,135656,23584,0.9831741845259885
135656,692213,0.9967646988655913,false,135656,692213,0.9967646988655913
135656,153643,0.9328367638879165,false,135656,153643,0.9328367638879165
135656,112268422,0.9996363708566819,false,135656,112268422,0.9996363708566819
135656,649946,0.7057174526681027,false,135656,649946,0.7057174526681027
135656,259294,0.9955433142814897,false,135656,259294,0.9955433142814897
135656,79740,0.9034586377517408,false,135656,79740,0.9034586377517408
135656,2266,0.9924309618567252,false,135656,2266,0.9924309618567252
135656,745,0.9940419998813235,false,135656,745,0.9940419998813235
135656,440352,0.9204485151961145,false,135656,440352,0.9204485151961145
84525,21,0.8927022831683563,false,84525,21,0.8927022831683563
84525,80381,0.8322891750732168,false,84525,80381,0.8322891750732168
84525,498,0.951393432159504,false,84525,498,0.951393432159504
84525,56955,0.7517294492353965,false,84525,56955,0.7517294492353965
84525,653509,0.7297904843788284,false,84525,653509,0.7297904843788284
84525,1515,0.7651320969928677,false,84525,1515,0.7651320969928677
84525,3855,0.8597047361202665,false,84525,3855,0.8597047361202665
84525,165186,0.8235517205966515,false,84525,165186,0.8235517205966515
3880,94059,0.8591170537508729,false,3880,94059,0.8591170537508729
3880,26769,0.9174707268844681,false,3880,26769,0.9174707268844681
3880,3960,0.8360481800165069,false,3880,3960,0.8360481800165069
3880,7433,0.7636769336797317,false,3880,7433,0.7636769336797317
3880,284323,0.7923505926913913,false,3880,284323,0.7923505926913913
3880,100129460,0.911640764834972,false,3880,100129460,0.911640764834972
3880,65217,0.7605185784344355,false,3880,65217,0.7605185784344355
3880,1286,0.7622295755839771,false,3880,1286,0.7622295755839771
3880,23584,0.8175609238009571,false,3880,23584,0.8175609238009571
3880,692213,0.8704226238147184,false,3880,692213,0.8704226238147184
3880,79784,0.7583994329842355,false,3880,79784,0.7583994329842355
3880,153643,0.9563791715651354,false,3880,153643,0.9563791715651354
3880,144535,0.7100115355568484,false,3880,144535,0.7100115355568484
3880,112268422,0.8238364918888343,false,3880,112268422,0.8238364918888343
3880,649946,0.7615289140374701,false,3880,649946,0.7615289140374701
3880,259294,0.8102536364988805,false,3880,259294,0.8102536364988805
3880,79740,0.949546706555381,false,3880,79740,0.949546706555381
3880,2266,0.8292602697695116,false,3880,2266,0.8292602697695116
3880,745,0.8798307406217155,false,3880,745,0.8798307406217155
3880,440352,0.8585622894931352,false,3880,440352,0.8585622894931352
4861,284434,0.8840879422309285,false,4861,284434,0.8840879422309285
4861,56955,0.8048064643764087,false,4861,56955,0.8048064643764087
4861,100423031,0.9743653229921202,false,4861,100423031,0.9743653229921202
4861,1515,0.8566684179477394,false,4861,1515,0.8566684179477394
4861,165186,0.9282052974984317,false,4861,165186,0.9282052974984317
94059,26769,0.9490630227888478,false,94059,26769,0.9490630227888478
94059,3960,0.995973031556867,false,94059,3960,0.995973031556867
94059,7433,0.8864101202560019,false,94059,7433,0.8864101202560019
94059,284323,0.9903821578805334,false,94059,284323,0.9903821578805334
94059,100129460,0.828654116415791,false,94059,100129460,0.828654116415791
94059,65217,0.8574102856322137,false,94059,65217,0.8574102856322137
94059,23584,0.981323628853894,false,94059,23584,0.981323628853894
94059,692213,0.9943163036382235,false,94059,692213,0.9943163036382235
94059,153643,0.9470585814239596,false,94059,153643,0.9470585814239596
94059,112268422,0.9948160920236424,false,94059,112268422,0.9948160920236424
94059,649946,0.7597516107327998,false,94059,649946,0.7597516107327998
94059,259294,0.9937122657627574,false,94059,259294,0.9937122657627574
94059,79740,0.9175870462524376,false,94059,79740,0.9175870462524376
94059,2266,0.9956762788073469,false,94059,2266,0.9956762788073469
94059,745,0.9944865852552887,false,94059,745,0.9944865852552887
94059,440352,0.9149493509306685,false,94059,440352,0.9149493509306685
101928580,1028,0.7884532263477774,false,101928580,1028,0.7884532263477774
101928580,57110,0.9538220626917305,false,101928580,57110,0.9538220626917305
101928580,646480,0.9738154855427995,false,101928580,646480,0.9738154855427995
101928580,4606,0.963002635912716,false,101928580,4606,0.963002635912716
26769,3960,0.9315420298912521,false,26769,3960,0.9315420298912521
26769,7433,0.7404646765480463,false,26769,7433,0.7404646765480463
26769,284323,0.9097799425037753,false,26769,284323,0.9097799425037753
26769,100129460,0.9431646910642598,false,26769,100129460,0.9431646910642598
26769,65217,0.7943783375464056,false,26769,65217,0.7943783375464056
26769,23584,0.8775368008964033,false,26769,23584,0.8775368008964033
26769,692213,0.9476560217203074,false,26769,692213,0.9476560217203074
26769,153643,0.9868787353228711,false,26769,153643,0.9868787353228711
26769,112268422,0.9286477367713047,false,26769,112268422,0.9286477367713047
26769,649946,0.8429018968772739,false,26769,649946,0.8429018968772739
26769,259294,0.9256477133255717,false,26769,259294,0.9256477133255717
26769,79740,0.884968339807434,false,26769,79740,0.884968339807434
26769,2266,0.9253832086517696,false,26769,2266,0.9253832086517696
26769,745,0.9347156442324478,false,26769,745,0.9347156442324478
26769,440352,0.8250512710024588,false,26769,440352,0.8250512710024588
21,498,0.7697277702368662,false,21,498,0.7697277702368662
21,123872,0.7786245756800667,false,21,123872,0.7786245756800667
21,284434,0.7980135960770828,false,21,284434,0.7980135960770828
21,9052,0.8543279469659019,false,21,9052,0.8543279469659019
21,653509,0.8971106291242437,false,21,653509,0.8971106291242437
21,729238,0.8470037374124926,false,21,729238,0.8470037374124926
21,79098,0.8109976048249503,false,21,79098,0.8109976048249503
21,3855,0.9255820903307174,false,21,3855,0.9255820903307174
21,165186,0.7378426962042816,false,21,165186,0.7378426962042816
80381,498,0.908242255061188,false,80381,498,0.908242255061188
80381,219793,0.7339469348789986,false,80381,219793,0.7339469348789986
3960,7433,0.8824095532706625,false,3960,7433,0.8824095532706625
3960,284323,0.992799198924456,false,3960,284323,0.992799198924456
3960,100129460,0.7848410963795648,false,3960,100129460,0.7848410963795648
3960,65217,0.8176161752999813,false,3960,65217,0.8176161752999813
3960,23584,0.9838098534458564,false,3960,23584,0.9838098534458564
3960,692213,0.9968907936212765,false,3960,692213,0.9968907936212765
3960,153643,0.9318678735645771,false,3960,153643,0.9318678735645771
3960,112268422,0.9996180624410402,false,3960,112268422,0.9996180624410402
3960,649946,0.7012510026353925,false,3960,649946,0.7012510026353925
3960,259294,0.9952585239090705,false,3960,259294,0.9952585239090705
3960,79740,0.9044690803860465,false,3960,79740,0.9044690803860465
3960,2266,0.9919122892788043,false,3960,2266,0.9919122892788043
3960,745,0.9943170264633097,false,3960,745,0.9943170264633097
3960,440352,0.9227350777110601,false,3960,440352,0.9227350777110601
7433,284323,0.8979721446144165,false,7433,284323,0.8979721446144165
7433,65217,0.8928087511591084,false,7433,65217,0.8928087511591084
7433,23584,0.951345348016803,false,7433,23584,0.951345348016803
7433,692213,0.8757808161714192,false,7433,692213,0.8757808161714192
7433,84765,0.7483926859986596,false,7433,84765,0.7483926859986596
7433,153643,0.7687730486495252,false,7433,153643,0.7687730486495252
7433,112268422,0.878428243148967,false,7433,112268422,0.878428243148967
7433,259294,0.8871808580495252,false,7433,259294,0.8871808580495252
7433,79740,0.9218024905609712,false,7433,79740,0.9218024905609712
7433,2266,0.8946513698808477,false,7433,2266,0.8946513698808477
7433,745,0.9075684610660076,false,7433,745,0.9075684610660076
7433,440352,0.9466121158438077,false,7433,440352,0.9466121158438077
10203,1080,0.7689476689386735,false,10203,1080,0.7689476689386735
10203,9211,0.7264803218589355,false,10203,9211,0.7264803218589355
10203,1286,0.7779793638701087,false,10203,1286,0.7779793638701087
83643,100874002,0.8060425475093702,false,83643,100874002,0.8060425475093702
83643,219793,0.7941788228368616,false,83643,219793,0.7941788228368616
284323,100129460,0.7576011421723243,false,284323,100129460,0.7576011421723243
284323,65217,0.8472991982520992,false,284323,65217,0.8472991982520992
284323,23584,0.986278896029014,false,284323,23584,0.986278896029014
284323,692213,0.9848405149950201,false,284323,692213,0.9848405149950201
284323,153643,0.8969909883680014,false,284323,153643,0.8969909883680014
284323,112268422,0.9947783544233025,false,284323,112268422,0.9947783544233025
284323,649946,0.7179698955745913,false,284323,649946,0.7179698955745913
284323,259294,0.9990858614985677,false,284323,259294,0.9990858614985677
284323,79740,0.8876416275364478,false,284323,79740,0.8876416275364478
284323,2266,0.9884810342655114,false,284323,2266,0.9884810342655114
284323,745,0.9824442385490023,false,284323,745,0.9824442385490023
284323,440352,0.9150458876575357,false,284323,440352,0.9150458876575357
100129460,1080,0.730770039212119,false,100129460,1080,0.730770039212119
100129460,65217,0.7927145199856965,false,100129460,65217,0.7927145199856965
100129460,1286,0.8244330869782424,false,100129460,1286,0.8244330869782424
100129460,23584,0.7320698835107529,false,100129460,23584,0.7320698835107529
100129460,692213,0.8091824624757129,false,100129460,692213,0.8091824624757129
100129460,153643,0.9346645252539473,false,100129460,153643,0.9346645252539473
100129460,144535,0.7281412413902971,false,100129460,144535,0.7281412413902971
100129460,112268422,0.777267268835592,false,100129460,112268422,0.777267268835592
100129460,649946,0.9248987146170395,false,100129460,649946,0.9248987146170395
100129460,259294,0.7782849554848977,false,100129460,259294,0.7782849554848977
100129460,79740,0.8159605142783327,false,100129460,79740,0.8159605142783327
100129460,2266,0.804643799976302,false,100129460,2266,0.804643799976302
100129460,745,0.8070357105673007,false,100129460,745,0.8070357105673007
4069,1080,0.8977904672400888,false,4069,1080,0.8977904672400888
4069,123872,0.7325169616380949,false,4069,123872,0.7325169616380949
4069,1286,0.8370881487033492,false,4069,1286,0.8370881487033492
4069,105372793,0.8887437577453564,false,4069,105372793,0.8887437577453564
4069,100874095,0.9466835035313055,false,4069,100874095,0.9466835035313055
4069,729238,0.7067437404128636,false,4069,729238,0.7067437404128636
4069,144535,0.8258212585953243,false,4069,144535,0.8258212585953243
4069,26298,0.9708317368110061,false,4069,26298,0.9708317368110061
4069,100033436,0.9088729633354768,false,4069,100033436,0.9088729633354768
498,56955,0.7268197743710585,false,498,56955,0.7268197743710585
498,1515,0.7199444704342124,false,498,1515,0.7199444704342124
498,3855,0.7581994051493514,false,498,3855,0.7581994051493514
498,165186,0.7444915153848941,false,498,165186,0.7444915153848941
1080,123872,0.7593523608154348,false,1080,123872,0.7593523608154348
1080,1286,0.9810858502135272,false,1080,1286,0.9810858502135272
1080,105372793,0.7884229226904407,false,1080,105372793,0.7884229226904407
1080,79784,0.7007553688404934,false,1080,79784,0.7007553688404934
1080,100874095,0.7871401885899285,false,1080,100874095,0.7871401885899285
1080,729238,0.7083396390669396,false,1080,729238,0.7083396390669396
1080,144535,0.9523170768934328,false,1080,144535,0.9523170768934328
1080,26298,0.8672299421720464,false,1080,26298,0.8672299421720464
1080,100033436,0.7464919383695231,false,1080,100033436,0.7464919383695231
123872,105372793,0.8886113720785894,false,123872,105372793,0.8886113720785894
123872,653509,0.8842922194203384,false,123872,653509,0.8842922194203384
123872,100874095,0.8359517701640669,false,123872,100874095,0.8359517701640669
123872,729238,0.9203300687977254,false,123872,729238,0.9203300687977254
123872,3855,0.8183387475058271,false,123872,3855,0.8183387475058271
123872,26298,0.8451830602319171,false,123872,26298,0.8451830602319171
123872,100033436,0.8697498623985234,false,123872,100033436,0.8697498623985234
284434,9052,0.7608069070174982,false,284434,9052,0.7608069070174982
284434,440590,0.8315150483307184,false,284434,440590,0.8315150483307184
284434,55282,0.7368359671270549,false,284434,55282,0.7368359671270549
284434,100423031,0.8995164514014174,false,284434,100423031,0.8995164514014174
284434,79098,0.8005792609787057,false,284434,79098,0.8005792609787057
284434,165186,0.8410951776791022,false,284434,165186,0.8410951776791022
105373265,9211,0.8027019261534407,false,105373265,9211,0.8027019261534407
105373265,440590,0.7607128929893888,false,105373265,440590,0.7607128929893888
105373265,55282,0.7923638921058509,false,105373265,55282,0.7923638921058509
9211,440590,0.7054858037579169,false,9211,440590,0.7054858037579169
9211,84765,0.7130021294404382,false,9211,84765,0.7130021294404382
9211,55282,0.7591422093809946,false,9211,55282,0.7591422093809946
65217,23584,0.8651349190915735,false,65217,23584,0.8651349190915735
65217,692213,0.8105137797060358,false,65217,692213,0.8105137797060358
65217,84765,0.7480582314153207,false,65217,84765,0.7480582314153207
65217,153643,0.7838202963755647,false,65217,153643,0.7838202963755647
65217,112268422,0.8146037500208811,false,65217,112268422,0.8146037500208811
65217,649946,0.8829556713302467,false,65217,649946,0.8829556713302467
65217,259294,0.8418020198078104,false,65217,259294,0.8418020198078104
65217,79740,0.8547905431259172,false,65217,79740,0.8547905431259172
65217,2266,0.8660397137533914,false,65217,2266,0.8660397137533914
65217,745,0.8403163484966455,false,65217,745,0.8403163484966455
65217,440352,0.7882201040093867,false,65217,440352,0.7882201040093867
1286,144535,0.9380689879385354,false,1286,144535,0.9380689879385354
1286,649946,0.7947066577184418,false,1286,649946,0.7947066577184418
1286,26298,0.7765860873314583,false,1286,26298,0.7765860873314583
9052,79784,0.8529498418145589,false,9052,79784,0.8529498418145589
9052,653509,0.8521920387605095,false,9052,653509,0.8521920387605095
9052,729238,0.772066490617922,false,9052,729238,0.772066490617922
9052,79098,0.9610608014666262,false,9052,79098,0.9610608014666262
9052,3855,0.7655936946655382,false,9052,3855,0.7655936946655382
100874002,219793,0.9819157041305551,false,100874002,219793,0.9819157041305551
100874002,56955,0.8814994168254221,false,100874002,56955,0.8814994168254221
100874002,1515,0.8146549960107448,false,100874002,1515,0.8146549960107448
219793,56955,0.807797164477072,false,219793,56955,0.807797164477072
219793,1515,0.7310625628317962,false,219793,1515,0.7310625628317962
105372793,100874095,0.9687765951983518,false,105372793,100874095,0.9687765951983518
105372793,729238,0.7412636295076733,false,105372793,729238,0.7412636295076733
105372793,26298,0.9154395767715455,false,105372793,26298,0.9154395767715455
105372793,100033436,0.9599386423488806,false,105372793,100033436,0.9599386423488806
23584,692213,0.9771613179964765,false,23584,692213,0.9771613179964765
23584,153643,0.8878399286099887,false,23584,153643,0.8878399286099887
23584,112268422,0.9824663996773539,false,23584,112268422,0.9824663996773539
23584,259294,0.9829028533280535,false,23584,259294,0.9829028533280535
23584,79740,0.9269134474074611,false,23584,79740,0.9269134474074611
23584,2266,0.9838209383118762,false,23584,2266,0.9838209383118762
23584,745,0.9875404069062403,false,23584,745,0.9875404069062403
23584,440352,0.9531412768094596,false,23584,440352,0.9531412768094596
56955,1515,0.9915567631380627,false,56955,1515,0.9915567631380627
56955,165186,0.9262932630081844,false,56955,165186,0.9262932630081844
440590,55282,0.9523374825381665,false,440590,55282,0.9523374825381665
440590,102465485,0.7456477960159044,false,440590,102465485,0.7456477960159044
692213,153643,0.9504769645112213,false,692213,153643,0.9504769645112213
692213,112268422,0.9955199010775085,false,692213,112268422,0.9955199010775085
692213,649946,0.7122592369978088,false,692213,649946,0.7122592369978088
692213,259294,0.9899603871411231,false,692213,259294,0.9899603871411231
692213,79740,0.9247436435997214,false,692213,79740,0.9247436435997214
692213,2266,0.983899978323488,false,692213,2266,0.983899978323488
692213,745,0.995990799012395,false,692213,745,0.995990799012395
692213,440352,0.9344324315858944,false,692213,440352,0.9344324315858944
79784,653509,0.8085149281395118,false,79784,653509,0.8085149281395118
79784,729238,0.7727699444709465,false,79784,729238,0.7727699444709465
79784,79098,0.8700827540261994,false,79784,79098,0.8700827540261994
79784,144535,0.732127027482962,false,79784,144535,0.732127027482962
153643,112268422,0.9251162776135593,false,153643,112268422,0.9251162776135593
153643,649946,0.7956637856708167,false,153643,649946,0.7956637856708167
153643,259294,0.9127414001372416,false,153643,259294,0.9127414001372416
153643,79740,0.9185242084418814,false,153643,79740,0.9185242084418814
153643,2266,0.927087758230834,false,153643,2266,0.927087758230834
153643,745,0.9469538854264882,false,153643,745,0.9469538854264882
153643,440352,0.8549164101381149,false,153643,440352,0.8549164101381149
653509,729238,0.9888612446395888,false,653509,729238,0.9888612446395888
653509,79098,0.8164022574037926,false,653509,79098,0.8164022574037926
653509,3855,0.958151881282124,false,653509,3855,0.958151881282124
653509,26298,0.7721127245453562,false,653509,26298,0.7721127245453562
653509,100033436,0.7327768231959405,false,653509,100033436,0.7327768231959405
1028,646480,0.7694459161916598,false,1028,646480,0.7694459161916598
1028,102465485,0.7830550793313924,false,1028,102465485,0.7830550793313924
100874095,729238,0.7677397656299579,false,100874095,729238,0.7677397656299579
100874095,26298,0.9697645451590501,false,100874095,26298,0.9697645451590501
100874095,100033436,0.9838942889283611,false,100874095,100033436,0.9838942889283611
57110,646480,0.9893668972750169,false,57110,646480,0.9893668972750169
57110,4606,0.9987601055187897,false,57110,4606,0.9987601055187897
100423031,79098,0.8210246444698944,false,100423031,79098,0.8210246444698944
100423031,1515,0.7529488742467274,false,100423031,1515,0.7529488742467274
100423031,165186,0.8621554298638792,false,100423031,165186,0.8621554298638792
729238,79098,0.7281159678613066,false,729238,79098,0.7281159678613066
729238,3855,0.9465287183779231,false,729238,3855,0.9465287183779231
729238,26298,0.8477405064060508,false,729238,26298,0.8477405064060508
729238,100033436,0.824119890915117,false,729238,100033436,0.824119890915117
646480,4606,0.993985947062797,false,646480,4606,0.993985947062797
79098,3855,0.7740643026549044,false,79098,3855,0.7740643026549044
144535,26298,0.7838555501986875,false,144535,26298,0.7838555501986875
112268422,259294,0.9968781906625194,false,112268422,259294,0.9968781906625194
112268422,79740,0.8960307334416913,false,112268422,79740,0.8960307334416913
112268422,2266,0.9906460365130373,false,112268422,2266,0.9906460365130373
112268422,745,0.991381859750882,false,112268422,745,0.991381859750882
112268422,440352,0.918379700764675,false,112268422,440352,0.918379700764675
649946,259294,0.7291777611365827,false,649946,259294,0.7291777611365827
649946,79740,0.7296833121845369,false,649946,79740,0.7296833121845369
649946,2266,0.7439786182113716,false,649946,2266,0.7439786182113716
649946,745,0.7157310237641011,false,649946,745,0.7157310237641011
1515,165186,0.9642635170129573,false,1515,165186,0.9642635170129573
259294,79740,0.893563428082792,false,259294,79740,0.893563428082792
259294,2266,0.988960095754561,false,259294,2266,0.988960095754561
259294,745,0.9856419688686592,false,259294,745,0.9856419688686592
259294,440352,0.9149605754870929,false,259294,440352,0.9149605754870929
79740,2266,0.8985102079025593,false,79740,2266,0.8985102079025593
79740,745,0.942395608849603,false,79740,745,0.942395608849603
79740,440352,0.9662679214821132,false,79740,440352,0.9662679214821132
2266,745,0.9889143802465392,false,2266,745,0.9889143802465392
2266,440352,0.8990124104580385,false,2266,440352,0.8990124104580385
26298,100033436,0.9615212576155355,false,26298,100033436,0.9615212576155355
745,440352,0.9461159637928722,false,745,440352,0.9461159637928722
