388555
112268422
767566
692072
33
886
406969
60494
1285
4057
200879
