3240
3983
9370
563
1048
730
5346
63924
1579
66002
100874095
