4318
10331
105374373
363
649946
109729127
144571
6097
54769
503640
503645
