163131
89
33
8153
2277
4062
255928
10529
284323
3207
