112268422
105180390
105180391
33
1577
2277
105372793
146177
102723849
284323
200879
