388743
105180390
649946
79818
102725051
1577
1767
6337
143884
102723849
5349
503645
