Interaction,name,Pearson,selected,shared interaction,shared name,Weight
54854,718,0.7645818149691473,false,54854,718,0.7645818149691473
100652781,2277,0.7889173230147589,false,100652781,2277,0.7889173230147589
100652781,388743,0.7575307010973881,false,100652781,388743,0.7575307010973881
100652781,105180390,0.8587716228076059,false,100652781,105180390,0.8587716228076059
100652781,1577,0.8323573568459365,false,100652781,1577,0.8323573568459365
100652781,503640,0.8506580456515513,false,100652781,503640,0.8506580456515513
100652781,200879,0.8537574024134111,false,100652781,200879,0.8537574024134111
100652781,645843,0.8288761686978092,false,100652781,645843,0.8288761686978092
100652781,102723849,0.9053680705610997,false,100652781,102723849,0.9053680705610997
100652781,28824,0.7818978978497897,false,100652781,28824,0.7818978978497897
100652781,131873,0.7357486152386267,false,100652781,131873,0.7357486152386267
100652781,94025,0.7932221254824193,false,100652781,94025,0.7932221254824193
100652781,120892,0.8177471383313412,false,100652781,120892,0.8177471383313412
100652781,11148,0.8702568696954646,false,100652781,11148,0.8702568696954646
100652781,4057,0.8151435649652008,false,100652781,4057,0.8151435649652008
100652781,641776,0.8156640745255811,false,100652781,641776,0.8156640745255811
100652781,112268252,0.8213152707839785,false,100652781,112268252,0.8213152707839785
100652781,102466759,0.7313389880364354,false,100652781,102466759,0.7313389880364354
100652781,6523,0.8129463656466807,false,100652781,6523,0.8129463656466807
100652781,341676,0.8248595509709665,false,100652781,341676,0.8248595509709665
100652781,3240,0.7211087654373779,false,100652781,3240,0.7211087654373779
100652781,105373265,0.8365046214766569,false,100652781,105373265,0.8365046214766569
100652781,284434,0.803270458428792,false,100652781,284434,0.803270458428792
100652781,65217,0.722738868104376,false,100652781,65217,0.722738868104376
100652781,55892,0.7774330328828992,false,100652781,55892,0.7774330328828992
100652781,306,0.7669614726915996,false,100652781,306,0.7669614726915996
100652781,105372793,0.8612913841009798,false,100652781,105372793,0.8612913841009798
100652781,6332,0.8212806719450348,false,100652781,6332,0.8212806719450348
100652781,105180391,0.8454014772767224,false,100652781,105180391,0.8454014772767224
100652781,100529240,0.7314500196380957,false,100652781,100529240,0.7314500196380957
100652781,113218482,0.8425894045618791,false,100652781,113218482,0.8425894045618791
100652781,79098,0.7867734346172298,false,100652781,79098,0.7867734346172298
100652781,112268422,0.8415851589505197,false,100652781,112268422,0.8415851589505197
100652781,3856,0.7618415914628266,false,100652781,3856,0.7618415914628266
100652781,649946,0.7932990017822275,false,100652781,649946,0.7932990017822275
100652781,33,0.8126250690108461,false,100652781,33,0.8126250690108461
100652781,201625,0.8663169226103994,false,100652781,201625,0.8663169226103994
100652781,26226,0.8573529574066816,false,100652781,26226,0.8573529574066816
195814,22941,0.8584960014282532,false,195814,22941,0.8584960014282532
195814,50964,0.8307508854053355,false,195814,50964,0.8307508854053355
195814,10071,0.8532224871637613,false,195814,10071,0.8532224871637613
195814,83481,0.7384992488681913,false,195814,83481,0.7384992488681913
195814,5346,0.7281457372597476,false,195814,5346,0.7281457372597476
195814,28984,0.8103645977405037,false,195814,28984,0.8103645977405037
195814,387882,0.7319084348211434,false,195814,387882,0.7319084348211434
195814,114569,0.8341106130558622,false,195814,114569,0.8341106130558622
195814,7080,0.8525907066679063,false,195814,7080,0.8525907066679063
195814,284111,0.8455524516081904,false,195814,284111,0.8455524516081904
195814,3229,0.8356392062120576,false,195814,3229,0.8356392062120576
195814,22943,0.8610150742223723,false,195814,22943,0.8610150742223723
195814,9228,0.7320851805164938,false,195814,9228,0.7320851805164938
195814,277,0.7167022250585128,false,195814,277,0.7167022250585128
195814,58524,0.7636149265822532,false,195814,58524,0.7636149265822532
195814,64073,0.8385289667507794,false,195814,64073,0.8385289667507794
195814,63924,0.705266031126703,false,195814,63924,0.705266031126703
195814,999,0.8399031726757253,false,195814,999,0.8399031726757253
64332,1043,0.7488005473833984,false,64332,1043,0.7488005473833984
64332,131873,0.7183359284975137,false,64332,131873,0.7183359284975137
64332,2327,0.7405866073997046,false,64332,2327,0.7405866073997046
64332,9173,0.7612798061580099,false,64332,9173,0.7612798061580099
64332,102466759,0.7487694025390631,false,64332,102466759,0.7487694025390631
64332,201625,0.7536235732872962,false,64332,201625,0.7536235732872962
2277,388743,0.7339258634137589,false,2277,388743,0.7339258634137589
2277,285989,0.7027799930975371,false,2277,285989,0.7027799930975371
2277,1043,0.7776091524373719,false,2277,1043,0.7776091524373719
2277,503640,0.8619046914089397,false,2277,503640,0.8619046914089397
2277,200879,0.8798354839694563,false,2277,200879,0.8798354839694563
2277,645843,0.7799929071449252,false,2277,645843,0.7799929071449252
2277,102723849,0.8249813380311086,false,2277,102723849,0.8249813380311086
2277,28824,0.8581401108416528,false,2277,28824,0.8581401108416528
2277,60494,0.7967822722798443,false,2277,60494,0.7967822722798443
2277,131873,0.8022663042236859,false,2277,131873,0.8022663042236859
2277,94025,0.7207710117191488,false,2277,94025,0.7207710117191488
2277,120892,0.8645920929614489,false,2277,120892,0.8645920929614489
2277,11148,0.8710823552061135,false,2277,11148,0.8710823552061135
2277,541473,0.7263825179950282,false,2277,541473,0.7263825179950282
2277,102723508,0.8092438479810564,false,2277,102723508,0.8092438479810564
2277,4057,0.8876519556397358,false,2277,4057,0.8876519556397358
2277,9173,0.7940682497866557,false,2277,9173,0.7940682497866557
2277,641776,0.7181111598898384,false,2277,641776,0.7181111598898384
2277,406969,0.7199861277078493,false,2277,406969,0.7199861277078493
2277,146177,0.8324452591506578,false,2277,146177,0.8324452591506578
2277,112268252,0.8741384423720977,false,2277,112268252,0.8741384423720977
2277,102466759,0.7798654764962818,false,2277,102466759,0.7798654764962818
2277,6523,0.9055671409194155,false,2277,6523,0.9055671409194155
2277,341676,0.7087757477129104,false,2277,341676,0.7087757477129104
2277,3240,0.7228384645256284,false,2277,3240,0.7228384645256284
2277,105373265,0.7889237120868285,false,2277,105373265,0.7889237120868285
2277,284434,0.7254478127860078,false,2277,284434,0.7254478127860078
2277,65217,0.7605071634049364,false,2277,65217,0.7605071634049364
2277,388555,0.7061978767907177,false,2277,388555,0.7061978767907177
2277,306,0.8555033063749973,false,2277,306,0.8555033063749973
2277,728643,0.77886340327465,false,2277,728643,0.77886340327465
2277,105372793,0.9135181751636832,false,2277,105372793,0.9135181751636832
2277,6332,0.7862640013033994,false,2277,6332,0.7862640013033994
2277,105180391,0.711568301421749,false,2277,105180391,0.711568301421749
2277,113218482,0.9022161253382385,false,2277,113218482,0.9022161253382385
2277,79098,0.8337915591926459,false,2277,79098,0.8337915591926459
2277,112268422,0.8828121170997923,false,2277,112268422,0.8828121170997923
2277,3856,0.8658202923995388,false,2277,3856,0.8658202923995388
2277,649946,0.7395476462829463,false,2277,649946,0.7395476462829463
2277,33,0.819877341894537,false,2277,33,0.819877341894537
2277,201625,0.7691254717436453,false,2277,201625,0.7691254717436453
2277,26226,0.892415745383426,false,2277,26226,0.892415745383426
388743,105180390,0.8137495953531391,false,388743,105180390,0.8137495953531391
388743,200879,0.8185760445315621,false,388743,200879,0.8185760445315621
388743,4680,0.9031614402741659,false,388743,4680,0.9031614402741659
388743,645843,0.8896286648300015,false,388743,645843,0.8896286648300015
388743,102723849,0.8409453175292867,false,388743,102723849,0.8409453175292867
388743,28824,0.7919223492479522,false,388743,28824,0.7919223492479522
388743,6337,0.8857692017058761,false,388743,6337,0.8857692017058761
388743,131873,0.7280511705917536,false,388743,131873,0.7280511705917536
388743,94025,0.7552665815442701,false,388743,94025,0.7552665815442701
388743,120892,0.7184947022669962,false,388743,120892,0.7184947022669962
388743,11148,0.8817451543012701,false,388743,11148,0.8817451543012701
388743,5349,0.8913348547906844,false,388743,5349,0.8913348547906844
388743,51185,0.7293422710428881,false,388743,51185,0.7293422710428881
388743,4057,0.8332611217701269,false,388743,4057,0.8332611217701269
388743,641776,0.818033245791749,false,388743,641776,0.818033245791749
388743,406969,0.8579585290770939,false,388743,406969,0.8579585290770939
388743,112268252,0.9067218507223953,false,388743,112268252,0.9067218507223953
388743,6523,0.8348463250767147,false,388743,6523,0.8348463250767147
388743,341676,0.7098286687950575,false,388743,341676,0.7098286687950575
388743,3240,0.8373130004331695,false,388743,3240,0.8373130004331695
388743,105373265,0.7673104641975426,false,388743,105373265,0.7673104641975426
388743,1767,0.8480619162590849,false,388743,1767,0.8480619162590849
388743,65217,0.7793606814653032,false,388743,65217,0.7793606814653032
388743,306,0.7616102440118004,false,388743,306,0.7616102440118004
388743,728643,0.7795893835119395,false,388743,728643,0.7795893835119395
388743,105372793,0.7854117573669795,false,388743,105372793,0.7854117573669795
388743,6332,0.8152972419139575,false,388743,6332,0.8152972419139575
388743,105180391,0.8171793953984501,false,388743,105180391,0.8171793953984501
388743,113218482,0.846139590207405,false,388743,113218482,0.846139590207405
388743,79098,0.8669741879076436,false,388743,79098,0.8669741879076436
388743,112268422,0.7848636380825454,false,388743,112268422,0.7848636380825454
388743,3856,0.869737412042265,false,388743,3856,0.869737412042265
388743,33,0.7881302099474291,false,388743,33,0.7881302099474291
388743,201625,0.8286586884274422,false,388743,201625,0.8286586884274422
388743,26226,0.7959538912605695,false,388743,26226,0.7959538912605695
6505,563,0.7746758639622517,false,6505,563,0.7746758639622517
6505,3880,0.7310728936196264,false,6505,3880,0.7310728936196264
6505,1556,0.702326413771398,false,6505,1556,0.702326413771398
6505,6440,0.7893985546105472,false,6505,6440,0.7893985546105472
6505,56955,0.7212421236262828,false,6505,56955,0.7212421236262828
6505,100130449,0.8425141967228988,false,6505,100130449,0.8425141967228988
6505,57575,0.7453342153024709,false,6505,57575,0.7453342153024709
3206,107984498,0.7213554636469243,false,3206,107984498,0.7213554636469243
3206,102723552,0.7150286675630124,false,3206,102723552,0.7150286675630124
3206,26084,0.7519138958612036,false,3206,26084,0.7519138958612036
3875,730,0.7343748946419089,false,3875,730,0.7343748946419089
3875,7080,0.7096708831900328,false,3875,7080,0.7096708831900328
3875,3229,0.807039369525306,false,3875,3229,0.807039369525306
3875,1746,0.8425977799917571,false,3875,1746,0.8425977799917571
105180390,1577,0.9135080283237771,false,105180390,1577,0.9135080283237771
105180390,200879,0.7711497687274125,false,105180390,200879,0.7711497687274125
105180390,645843,0.8369169370946514,false,105180390,645843,0.8369169370946514
105180390,102723849,0.9529073803442338,false,105180390,102723849,0.9529073803442338
105180390,28824,0.7303456352294169,false,105180390,28824,0.7303456352294169
105180390,6337,0.7160546942803274,false,105180390,6337,0.7160546942803274
105180390,131873,0.7234389043172784,false,105180390,131873,0.7234389043172784
105180390,94025,0.7985392289868529,false,105180390,94025,0.7985392289868529
105180390,120892,0.7713603062565637,false,105180390,120892,0.7713603062565637
105180390,11148,0.8519730475120391,false,105180390,11148,0.8519730475120391
105180390,5349,0.7253106828746405,false,105180390,5349,0.7253106828746405
105180390,4057,0.7764020247497389,false,105180390,4057,0.7764020247497389
105180390,641776,0.9863093655865337,false,105180390,641776,0.9863093655865337
105180390,112268252,0.7979722027647012,false,105180390,112268252,0.7979722027647012
105180390,6523,0.7539455884484069,false,105180390,6523,0.7539455884484069
105180390,341676,0.8375807830157104,false,105180390,341676,0.8375807830157104
105180390,3240,0.793607744272805,false,105180390,3240,0.793607744272805
105180390,105373265,0.7300762808917597,false,105180390,105373265,0.7300762808917597
105180390,284434,0.7880011257721412,false,105180390,284434,0.7880011257721412
105180390,65217,0.7461119047565785,false,105180390,65217,0.7461119047565785
105180390,55892,0.7232723200326584,false,105180390,55892,0.7232723200326584
105180390,306,0.7413550495039305,false,105180390,306,0.7413550495039305
105180390,105372793,0.7838088670104054,false,105180390,105372793,0.7838088670104054
105180390,6332,0.8542441301125001,false,105180390,6332,0.8542441301125001
105180390,105180391,0.9928842026442868,false,105180390,105180391,0.9928842026442868
105180390,113218482,0.7788587934936138,false,105180390,113218482,0.7788587934936138
105180390,79098,0.7663959273948134,false,105180390,79098,0.7663959273948134
105180390,112268422,0.7635081864096782,false,105180390,112268422,0.7635081864096782
105180390,3856,0.724587397376601,false,105180390,3856,0.724587397376601
105180390,649946,0.7440821416867645,false,105180390,649946,0.7440821416867645
105180390,33,0.8307537879651171,false,105180390,33,0.8307537879651171
105180390,201625,0.8705227208806616,false,105180390,201625,0.8705227208806616
105180390,26226,0.7680811003847833,false,105180390,26226,0.7680811003847833
22941,50964,0.8977013894381791,false,22941,50964,0.8977013894381791
22941,276,0.7532888718273284,false,22941,276,0.7532888718273284
22941,10071,0.9534630475123284,false,22941,10071,0.9534630475123284
22941,83481,0.8808315013409308,false,22941,83481,0.8808315013409308
22941,5346,0.9106814142820191,false,22941,5346,0.9106814142820191
22941,3909,0.7598095093397398,false,22941,3909,0.7598095093397398
22941,6473,0.7943108603836615,false,22941,6473,0.7943108603836615
22941,28984,0.9163443683091615,false,22941,28984,0.9163443683091615
22941,278,0.7197996240684246,false,22941,278,0.7197996240684246
22941,387882,0.8639647311554306,false,22941,387882,0.8639647311554306
22941,114569,0.9737325419637013,false,22941,114569,0.9737325419637013
22941,7080,0.94925913959893,false,22941,7080,0.94925913959893
22941,284111,0.9980644095337213,false,22941,284111,0.9980644095337213
22941,116228,0.7630618925870417,false,22941,116228,0.7630618925870417
22941,54897,0.8154477858689202,false,22941,54897,0.8154477858689202
22941,3229,0.8657698622951737,false,22941,3229,0.8657698622951737
22941,22943,0.9943095310328287,false,22941,22943,0.9943095310328287
22941,9228,0.8936773230813051,false,22941,9228,0.8936773230813051
22941,277,0.8558819858196599,false,22941,277,0.8558819858196599
22941,3960,0.8110471496353326,false,22941,3960,0.8110471496353326
22941,58524,0.8924496050203959,false,22941,58524,0.8924496050203959
22941,64073,0.9952418045077653,false,22941,64073,0.9952418045077653
22941,63924,0.8674152343817659,false,22941,63924,0.8674152343817659
22941,999,0.8428606753596464,false,22941,999,0.8428606753596464
285989,1043,0.7267284843352989,false,285989,1043,0.7267284843352989
285989,503640,0.7070453468405067,false,285989,503640,0.7070453468405067
285989,200879,0.7811466938395015,false,285989,200879,0.7811466938395015
285989,102723849,0.7181345183305664,false,285989,102723849,0.7181345183305664
285989,28824,0.8138875274952003,false,285989,28824,0.8138875274952003
285989,131873,0.8055707370122714,false,285989,131873,0.8055707370122714
285989,2327,0.7536905559158181,false,285989,2327,0.7536905559158181
285989,11148,0.7651669948404981,false,285989,11148,0.7651669948404981
285989,102723508,0.80272067042402,false,285989,102723508,0.80272067042402
285989,51185,0.727564627264637,false,285989,51185,0.727564627264637
285989,4057,0.7806445116405117,false,285989,4057,0.7806445116405117
285989,9173,0.723597453323479,false,285989,9173,0.723597453323479
285989,406969,0.7042792021402118,false,285989,406969,0.7042792021402118
285989,112268252,0.738618782836591,false,285989,112268252,0.738618782836591
285989,780,0.713158216689344,false,285989,780,0.713158216689344
285989,102466759,0.7059723900879361,false,285989,102466759,0.7059723900879361
285989,6523,0.7389219148623455,false,285989,6523,0.7389219148623455
285989,306,0.7604708461506567,false,285989,306,0.7604708461506567
285989,105372793,0.7626118176779614,false,285989,105372793,0.7626118176779614
285989,692213,0.7677404460685641,false,285989,692213,0.7677404460685641
285989,113218482,0.7149597290537769,false,285989,113218482,0.7149597290537769
285989,79098,0.7150402284734768,false,285989,79098,0.7150402284734768
285989,112268422,0.7814238787891297,false,285989,112268422,0.7814238787891297
285989,33,0.7045768743633287,false,285989,33,0.7045768743633287
285989,201625,0.8076032767717299,false,285989,201625,0.8076032767717299
100033430,246,0.7693608817608616,false,100033430,246,0.7693608817608616
100033430,563,0.8209525887890377,false,100033430,563,0.8209525887890377
100033430,728226,0.7442301274632765,false,100033430,728226,0.7442301274632765
100033430,5225,0.8685153463976572,false,100033430,5225,0.8685153463976572
100033430,253982,0.8084011669848873,false,100033430,253982,0.8084011669848873
100033430,11081,0.7862577312316981,false,100033430,11081,0.7862577312316981
100033430,79740,0.8285523815807375,false,100033430,79740,0.8285523815807375
1577,200879,0.7452926560280712,false,1577,200879,0.7452926560280712
1577,645843,0.7209353902276284,false,1577,645843,0.7209353902276284
1577,102723849,0.8838626952356855,false,1577,102723849,0.8838626952356855
1577,94025,0.7590427828370635,false,1577,94025,0.7590427828370635
1577,120892,0.7166460340019871,false,1577,120892,0.7166460340019871
1577,11148,0.7913736421755346,false,1577,11148,0.7913736421755346
1577,4057,0.7303046189942415,false,1577,4057,0.7303046189942415
1577,641776,0.8679122341462588,false,1577,641776,0.8679122341462588
1577,112268252,0.714628803565805,false,1577,112268252,0.714628803565805
1577,341676,0.8777120536031726,false,1577,341676,0.8777120536031726
1577,3240,0.7392782350818705,false,1577,3240,0.7392782350818705
1577,284434,0.7595572670894133,false,1577,284434,0.7595572670894133
1577,55892,0.7794365137579519,false,1577,55892,0.7794365137579519
1577,306,0.739985811852475,false,1577,306,0.739985811852475
1577,105372793,0.7548116952483375,false,1577,105372793,0.7548116952483375
1577,6332,0.7277086824875848,false,1577,6332,0.7277086824875848
1577,105180391,0.8892505971947163,false,1577,105180391,0.8892505971947163
1577,100529240,0.7638428590388292,false,1577,100529240,0.7638428590388292
1577,112268422,0.752658997790065,false,1577,112268422,0.752658997790065
1577,649946,0.7792201283693653,false,1577,649946,0.7792201283693653
1577,33,0.828997727786354,false,1577,33,0.828997727786354
1577,201625,0.793218506216292,false,1577,201625,0.793218506216292
1577,26226,0.7004796579233276,false,1577,26226,0.7004796579233276
50964,10071,0.8588481266552634,false,50964,10071,0.8588481266552634
50964,83481,0.7688744243297689,false,50964,83481,0.7688744243297689
50964,5346,0.7715453850549426,false,50964,5346,0.7715453850549426
50964,3909,0.7494689863996175,false,50964,3909,0.7494689863996175
50964,28984,0.7943582485002564,false,50964,28984,0.7943582485002564
50964,387882,0.7784862765783681,false,50964,387882,0.7784862765783681
50964,114569,0.9060974659311082,false,50964,114569,0.9060974659311082
50964,7080,0.8626399810804716,false,50964,7080,0.8626399810804716
50964,284111,0.9007978147802671,false,50964,284111,0.9007978147802671
50964,54897,0.778221506378797,false,50964,54897,0.778221506378797
50964,3229,0.7952071060500648,false,50964,3229,0.7952071060500648
50964,22943,0.8990728284471569,false,50964,22943,0.8990728284471569
50964,9228,0.788526309046842,false,50964,9228,0.788526309046842
50964,277,0.7380664981169605,false,50964,277,0.7380664981169605
50964,58524,0.7835690806961735,false,50964,58524,0.7835690806961735
50964,64073,0.8800879747739225,false,50964,64073,0.8800879747739225
50964,63924,0.7588063839858994,false,50964,63924,0.7588063839858994
50964,999,0.7625292755028396,false,50964,999,0.7625292755028396
2627,105,0.8185232467415232,false,2627,105,0.8185232467415232
2627,6751,0.7989899887828549,false,2627,6751,0.7989899887828549
2627,730,0.7709774357631297,false,2627,730,0.7709774357631297
2627,57111,0.7828239668458581,false,2627,57111,0.7828239668458581
2627,7060,0.8458704534276429,false,2627,7060,0.8458704534276429
2627,4222,0.8707396113474192,false,2627,4222,0.8707396113474192
2627,441581,0.7966724369753931,false,2627,441581,0.7966724369753931
2627,1028,0.7248444318349425,false,2627,1028,0.7248444318349425
2627,1746,0.7270864951688794,false,2627,1746,0.7270864951688794
2627,57524,0.7254820748409357,false,2627,57524,0.7254820748409357
2627,1381,0.8070541865962402,false,2627,1381,0.8070541865962402
2627,6441,0.7637876372842545,false,2627,6441,0.7637876372842545
276,10071,0.7757774799593756,false,276,10071,0.7757774799593756
276,4680,0.7692042576179171,false,276,4680,0.7692042576179171
276,5346,0.8226337788230874,false,276,5346,0.8226337788230874
276,6337,0.7862917603427084,false,276,6337,0.7862917603427084
276,3909,0.7121706263076462,false,276,3909,0.7121706263076462
276,5349,0.7918026124130433,false,276,5349,0.7918026124130433
276,278,0.995871874952746,false,276,278,0.995871874952746
276,51185,0.7220309710538743,false,276,51185,0.7220309710538743
276,284111,0.7350447258372632,false,276,284111,0.7350447258372632
276,116228,0.8140673252975391,false,276,116228,0.8140673252975391
276,22943,0.7286592860616267,false,276,22943,0.7286592860616267
276,9228,0.7895745011291595,false,276,9228,0.7895745011291595
276,277,0.9104624373158149,false,276,277,0.9104624373158149
276,64073,0.7466347366891213,false,276,64073,0.7466347366891213
276,63924,0.7211112401201328,false,276,63924,0.7211112401201328
276,999,0.7626885170691742,false,276,999,0.7626885170691742
1043,503640,0.8251108795558285,false,1043,503640,0.8251108795558285
1043,200879,0.7165244744709421,false,1043,200879,0.7165244744709421
1043,645843,0.710876259039546,false,1043,645843,0.710876259039546
1043,102723849,0.7084686630015757,false,1043,102723849,0.7084686630015757
1043,28824,0.7647955051352905,false,1043,28824,0.7647955051352905
1043,131873,0.7371987157515247,false,1043,131873,0.7371987157515247
1043,2327,0.793506156659031,false,1043,2327,0.793506156659031
1043,120892,0.8416067662658596,false,1043,120892,0.8416067662658596
1043,11148,0.7729221760740179,false,1043,11148,0.7729221760740179
1043,541473,0.776363559638233,false,1043,541473,0.776363559638233
1043,102723508,0.7105869864854703,false,1043,102723508,0.7105869864854703
1043,4057,0.7744049728094783,false,1043,4057,0.7744049728094783
1043,9173,0.8709477891762983,false,1043,9173,0.8709477891762983
1043,112268252,0.763396197360613,false,1043,112268252,0.763396197360613
1043,780,0.7211070999394313,false,1043,780,0.7211070999394313
1043,102466759,0.7724233203364567,false,1043,102466759,0.7724233203364567
1043,6523,0.7488630546304382,false,1043,6523,0.7488630546304382
1043,105372793,0.7438725886171043,false,1043,105372793,0.7438725886171043
1043,113218482,0.7900506237681327,false,1043,113218482,0.7900506237681327
1043,79098,0.7471797404950247,false,1043,79098,0.7471797404950247
1043,112268422,0.7287526891573124,false,1043,112268422,0.7287526891573124
1043,3856,0.7083254577173828,false,1043,3856,0.7083254577173828
1043,201625,0.75678730614457,false,1043,201625,0.75678730614457
1043,26226,0.825291445149239,false,1043,26226,0.825291445149239
340267,1999,0.8114055225011995,false,340267,1999,0.8114055225011995
340267,10129,0.8289578710041698,false,340267,10129,0.8289578710041698
340267,7780,0.7522393658274366,false,340267,7780,0.7522393658274366
340267,93035,0.8920276101052433,false,340267,93035,0.8920276101052433
340267,100996506,0.7627383293530304,false,340267,100996506,0.7627383293530304
340267,3880,0.8291916078246002,false,340267,3880,0.8291916078246002
340267,1556,0.8100024190946378,false,340267,1556,0.8100024190946378
340267,155465,0.7190228645503672,false,340267,155465,0.7190228645503672
340267,4585,0.8070356088694718,false,340267,4585,0.8070356088694718
340267,6440,0.7790002957872967,false,340267,6440,0.7790002957872967
340267,56955,0.9241390598636264,false,340267,56955,0.9241390598636264
503640,200879,0.8293249596002332,false,503640,200879,0.8293249596002332
503640,645843,0.7222894235082032,false,503640,645843,0.7222894235082032
503640,102723849,0.7907456466072709,false,503640,102723849,0.7907456466072709
503640,28824,0.7830653337941589,false,503640,28824,0.7830653337941589
503640,60494,0.7043079771140667,false,503640,60494,0.7043079771140667
503640,131873,0.757503352584062,false,503640,131873,0.757503352584062
503640,2327,0.731944594244965,false,503640,2327,0.731944594244965
503640,120892,0.8153363541966019,false,503640,120892,0.8153363541966019
503640,11148,0.7842895055536261,false,503640,11148,0.7842895055536261
503640,102723508,0.7428298456885288,false,503640,102723508,0.7428298456885288
503640,4057,0.8010607994338594,false,503640,4057,0.8010607994338594
503640,9173,0.7689727008431284,false,503640,9173,0.7689727008431284
503640,112268252,0.7758933656915896,false,503640,112268252,0.7758933656915896
503640,102466759,0.7941997579576139,false,503640,102466759,0.7941997579576139
503640,6523,0.7779028735464939,false,503640,6523,0.7779028735464939
503640,105373265,0.7711338847264994,false,503640,105373265,0.7711338847264994
503640,284434,0.7451449186510594,false,503640,284434,0.7451449186510594
503640,306,0.7711676814942294,false,503640,306,0.7711676814942294
503640,728643,0.7058863032373783,false,503640,728643,0.7058863032373783
503640,105372793,0.8518785914797915,false,503640,105372793,0.8518785914797915
503640,105180391,0.7059660926529665,false,503640,105180391,0.7059660926529665
503640,113218482,0.8059302612671425,false,503640,113218482,0.8059302612671425
503640,79098,0.7205017217499595,false,503640,79098,0.7205017217499595
503640,112268422,0.837270212289707,false,503640,112268422,0.837270212289707
503640,3856,0.7318242103307315,false,503640,3856,0.7318242103307315
503640,649946,0.8360416131540135,false,503640,649946,0.8360416131540135
503640,33,0.7325194557358627,false,503640,33,0.7325194557358627
503640,201625,0.7516605765595282,false,503640,201625,0.7516605765595282
503640,26226,0.8815557195937063,false,503640,26226,0.8815557195937063
10071,83481,0.8999975744424281,false,10071,83481,0.8999975744424281
10071,5346,0.9032679640219927,false,10071,5346,0.9032679640219927
10071,6473,0.8227809410591397,false,10071,6473,0.8227809410591397
10071,5349,0.7606446471940386,false,10071,5349,0.7606446471940386
10071,28984,0.8918538951194153,false,10071,28984,0.8918538951194153
10071,278,0.7479620680749614,false,10071,278,0.7479620680749614
10071,387882,0.7815988768048714,false,10071,387882,0.7815988768048714
10071,114569,0.896988920307359,false,10071,114569,0.896988920307359
10071,7080,0.8711936705211134,false,10071,7080,0.8711936705211134
10071,284111,0.9409780037859238,false,10071,284111,0.9409780037859238
10071,116228,0.784824966140294,false,10071,116228,0.784824966140294
10071,54897,0.7725688307288934,false,10071,54897,0.7725688307288934
10071,3229,0.7709943873263216,false,10071,3229,0.7709943873263216
10071,22943,0.9474731912826704,false,10071,22943,0.9474731912826704
10071,9228,0.9136110510691771,false,10071,9228,0.9136110510691771
10071,277,0.8499508925612588,false,10071,277,0.8499508925612588
10071,3960,0.774945526351606,false,10071,3960,0.774945526351606
10071,58524,0.7987688299633188,false,10071,58524,0.7987688299633188
10071,64073,0.9363796620743291,false,10071,64073,0.9363796620743291
10071,63924,0.8321451761657396,false,10071,63924,0.8321451761657396
10071,999,0.8615824288848686,false,10071,999,0.8615824288848686
200879,4680,0.7219073948975745,false,200879,4680,0.7219073948975745
200879,645843,0.8659925885535743,false,200879,645843,0.8659925885535743
200879,102723849,0.8977357865964276,false,200879,102723849,0.8977357865964276
200879,28824,0.884948471790517,false,200879,28824,0.884948471790517
200879,60494,0.7863486469015311,false,200879,60494,0.7863486469015311
200879,131873,0.8522786278566988,false,200879,131873,0.8522786278566988
200879,2327,0.737949019722523,false,200879,2327,0.737949019722523
200879,94025,0.8097494299638555,false,200879,94025,0.8097494299638555
200879,120892,0.8653954047383925,false,200879,120892,0.8653954047383925
200879,11148,0.9240783878289118,false,200879,11148,0.9240783878289118
200879,541473,0.700521773113075,false,200879,541473,0.700521773113075
200879,102723508,0.7878626273190986,false,200879,102723508,0.7878626273190986
200879,51185,0.7030741528310742,false,200879,51185,0.7030741528310742
200879,4057,0.9381368372201664,false,200879,4057,0.9381368372201664
200879,51554,0.812342787838484,false,200879,51554,0.812342787838484
200879,641776,0.7833633770434811,false,200879,641776,0.7833633770434811
200879,406969,0.8597046120816981,false,200879,406969,0.8597046120816981
200879,146177,0.774731969508811,false,200879,146177,0.774731969508811
200879,112268252,0.9309189250053083,false,200879,112268252,0.9309189250053083
200879,102466759,0.7260181976362649,false,200879,102466759,0.7260181976362649
200879,6523,0.9181108499602827,false,200879,6523,0.9181108499602827
200879,341676,0.8788080452765537,false,200879,341676,0.8788080452765537
200879,3240,0.7094982131942538,false,200879,3240,0.7094982131942538
200879,105373265,0.8870583889559603,false,200879,105373265,0.8870583889559603
200879,284434,0.8436054615110853,false,200879,284434,0.8436054615110853
200879,65217,0.7726674046868358,false,200879,65217,0.7726674046868358
200879,55892,0.7587296035424668,false,200879,55892,0.7587296035424668
200879,388555,0.7831107062955596,false,200879,388555,0.7831107062955596
200879,306,0.881177524265676,false,200879,306,0.881177524265676
200879,728643,0.8521515060678756,false,200879,728643,0.8521515060678756
200879,105372793,0.9627768532219908,false,200879,105372793,0.9627768532219908
200879,6332,0.8576898544302375,false,200879,6332,0.8576898544302375
200879,105180391,0.7779031936235881,false,200879,105180391,0.7779031936235881
200879,100529240,0.7339314740875097,false,200879,100529240,0.7339314740875097
200879,113218482,0.9237425862125924,false,200879,113218482,0.9237425862125924
200879,79098,0.8867474631859258,false,200879,79098,0.8867474631859258
200879,112268422,0.9850083669978759,false,200879,112268422,0.9850083669978759
200879,3856,0.8636501464227493,false,200879,3856,0.8636501464227493
200879,649946,0.7485069752777074,false,200879,649946,0.7485069752777074
200879,33,0.8710193397921708,false,200879,33,0.8710193397921708
200879,767566,0.7933345543833075,false,200879,767566,0.7933345543833075
200879,201625,0.8794919720047497,false,200879,201625,0.8794919720047497
200879,26226,0.8727347260811511,false,200879,26226,0.8727347260811511
4680,645843,0.7276781483974617,false,4680,645843,0.7276781483974617
4680,5346,0.8418797977969732,false,4680,5346,0.8418797977969732
4680,6337,0.8928223950081027,false,4680,6337,0.8928223950081027
4680,6473,0.7887684875570704,false,4680,6473,0.7887684875570704
4680,11148,0.7199676054277111,false,4680,11148,0.7199676054277111
4680,5349,0.8792194038200514,false,4680,5349,0.8792194038200514
4680,278,0.7264565127014677,false,4680,278,0.7264565127014677
4680,51185,0.7492133123379868,false,4680,51185,0.7492133123379868
4680,4057,0.7296517822813725,false,4680,4057,0.7296517822813725
4680,116228,0.7186033375493506,false,4680,116228,0.7186033375493506
4680,406969,0.8471828338803021,false,4680,406969,0.8471828338803021
4680,112268252,0.8351019158879225,false,4680,112268252,0.8351019158879225
4680,9228,0.8544229915716458,false,4680,9228,0.8544229915716458
4680,277,0.7769230720803751,false,4680,277,0.7769230720803751
4680,6523,0.7486120722604562,false,4680,6523,0.7486120722604562
4680,3240,0.7948283066242587,false,4680,3240,0.7948283066242587
4680,1767,0.8473492992404374,false,4680,1767,0.8473492992404374
4680,728643,0.7019436456844239,false,4680,728643,0.7019436456844239
4680,113218482,0.7256432730299817,false,4680,113218482,0.7256432730299817
4680,79098,0.7418242096100784,false,4680,79098,0.7418242096100784
4680,3856,0.7983155494007538,false,4680,3856,0.7983155494007538
4680,999,0.8001480563362028,false,4680,999,0.8001480563362028
1999,9914,0.7092700962851636,false,1999,9914,0.7092700962851636
1999,10129,0.7840530494110438,false,1999,10129,0.7840530494110438
1999,7780,0.8070210385443931,false,1999,7780,0.8070210385443931
1999,93035,0.7022040861789454,false,1999,93035,0.7022040861789454
1999,100996506,0.7527695699318729,false,1999,100996506,0.7527695699318729
1999,3880,0.8965231257066659,false,1999,3880,0.8965231257066659
1999,1556,0.8602284307580161,false,1999,1556,0.8602284307580161
1999,155465,0.806419973029601,false,1999,155465,0.806419973029601
1999,4585,0.7954072207140006,false,1999,4585,0.7954072207140006
1999,6440,0.846257275697774,false,1999,6440,0.846257275697774
1999,56955,0.8307896684360241,false,1999,56955,0.8307896684360241
1999,100130449,0.7160479954722595,false,1999,100130449,0.7160479954722595
83481,5346,0.80315512840895,false,83481,5346,0.80315512840895
83481,6473,0.7128087074078691,false,83481,6473,0.7128087074078691
83481,28984,0.8757353785534588,false,83481,28984,0.8757353785534588
83481,387882,0.7309358157377354,false,83481,387882,0.7309358157377354
83481,114569,0.8719746227470146,false,83481,114569,0.8719746227470146
83481,7080,0.8292187542698943,false,83481,7080,0.8292187542698943
83481,284111,0.8654831971746005,false,83481,284111,0.8654831971746005
83481,116228,0.8390992869181597,false,83481,116228,0.8390992869181597
83481,4629,0.7519219499910875,false,83481,4629,0.7519219499910875
83481,54897,0.7798551649526303,false,83481,54897,0.7798551649526303
83481,3229,0.7466177584056198,false,83481,3229,0.7466177584056198
83481,22943,0.8685879910038703,false,83481,22943,0.8685879910038703
83481,9228,0.8444295821418086,false,83481,9228,0.8444295821418086
83481,277,0.7436407937966741,false,83481,277,0.7436407937966741
83481,3960,0.7237520014979478,false,83481,3960,0.7237520014979478
83481,64073,0.852881876100356,false,83481,64073,0.852881876100356
83481,63924,0.8969751247295294,false,83481,63924,0.8969751247295294
83481,999,0.7383772674870671,false,83481,999,0.7383772674870671
9914,7780,0.7487874726692612,false,9914,7780,0.7487874726692612
9914,100996506,0.7422876505570556,false,9914,100996506,0.7422876505570556
9914,1556,0.7160313749693534,false,9914,1556,0.7160313749693534
9914,4585,0.712669086901828,false,9914,4585,0.712669086901828
9914,163479,0.7518763014157983,false,9914,163479,0.7518763014157983
441251,107984498,0.8145344087641737,false,441251,107984498,0.8145344087641737
441251,4179,0.7732273697023613,false,441251,4179,0.7732273697023613
441251,100529240,0.7409670345382631,false,441251,100529240,0.7409670345382631
441251,259294,0.7342297384992663,false,441251,259294,0.7342297384992663
645843,102723849,0.868735038969023,false,645843,102723849,0.868735038969023
645843,28824,0.8372773248264387,false,645843,28824,0.8372773248264387
645843,6337,0.7242461623935229,false,645843,6337,0.7242461623935229
645843,60494,0.7089063575083338,false,645843,60494,0.7089063575083338
645843,131873,0.7349620762606349,false,645843,131873,0.7349620762606349
645843,2327,0.7018645323864885,false,645843,2327,0.7018645323864885
645843,94025,0.7144000080247332,false,645843,94025,0.7144000080247332
645843,120892,0.7724403534372651,false,645843,120892,0.7724403534372651
645843,11148,0.8991987210507699,false,645843,11148,0.8991987210507699
645843,5349,0.7094262446601415,false,645843,5349,0.7094262446601415
645843,4057,0.8658335883667884,false,645843,4057,0.8658335883667884
645843,51554,0.7532070587339549,false,645843,51554,0.7532070587339549
645843,641776,0.8384612124731791,false,645843,641776,0.8384612124731791
645843,406969,0.8088741402629693,false,645843,406969,0.8088741402629693
645843,112268252,0.8880527647480732,false,645843,112268252,0.8880527647480732
645843,6523,0.8446091458843332,false,645843,6523,0.8446091458843332
645843,341676,0.7559928122866382,false,645843,341676,0.7559928122866382
645843,3240,0.700628573890009,false,645843,3240,0.700628573890009
645843,105373265,0.8081154471300811,false,645843,105373265,0.8081154471300811
645843,284434,0.7970705845668138,false,645843,284434,0.7970705845668138
645843,1767,0.7129263129559403,false,645843,1767,0.7129263129559403
645843,65217,0.7417433129219092,false,645843,65217,0.7417433129219092
645843,306,0.7787807296066698,false,645843,306,0.7787807296066698
645843,728643,0.8140110038737152,false,645843,728643,0.8140110038737152
645843,105372793,0.818650263994114,false,645843,105372793,0.818650263994114
645843,6332,0.9004647321132245,false,645843,6332,0.9004647321132245
645843,105180391,0.844986603271382,false,645843,105180391,0.844986603271382
645843,113218482,0.8600803971631295,false,645843,113218482,0.8600803971631295
645843,79098,0.8829191110901131,false,645843,79098,0.8829191110901131
645843,112268422,0.8544062225555507,false,645843,112268422,0.8544062225555507
645843,3856,0.8151517054767468,false,645843,3856,0.8151517054767468
645843,33,0.78939543337102,false,645843,33,0.78939543337102
645843,201625,0.8844568966266266,false,645843,201625,0.8844568966266266
645843,26226,0.8655004964817447,false,645843,26226,0.8655004964817447
5346,6337,0.7745926797200525,false,5346,6337,0.7745926797200525
5346,3909,0.7429795366167659,false,5346,3909,0.7429795366167659
5346,6473,0.8636182702546166,false,5346,6473,0.8636182702546166
5346,5349,0.8083090713558144,false,5346,5349,0.8083090713558144
5346,28984,0.8235446976136617,false,5346,28984,0.8235446976136617
5346,278,0.7829417777673329,false,5346,278,0.7829417777673329
5346,387882,0.742093549126131,false,5346,387882,0.742093549126131
5346,114569,0.8629414467523574,false,5346,114569,0.8629414467523574
5346,7080,0.845180707014195,false,5346,7080,0.845180707014195
5346,284111,0.9006149310505179,false,5346,284111,0.9006149310505179
5346,116228,0.8294828042392551,false,5346,116228,0.8294828042392551
5346,3229,0.7707007888759954,false,5346,3229,0.7707007888759954
5346,22943,0.8976389628338647,false,5346,22943,0.8976389628338647
5346,9228,0.934829118630487,false,5346,9228,0.934829118630487
5346,277,0.8967313360399025,false,5346,277,0.8967313360399025
5346,3960,0.8700479805324015,false,5346,3960,0.8700479805324015
5346,58524,0.7865376108539255,false,5346,58524,0.7865376108539255
5346,64073,0.9065316990672417,false,5346,64073,0.9065316990672417
5346,63924,0.8332779010238511,false,5346,63924,0.8332779010238511
5346,999,0.8902402365018556,false,5346,999,0.8902402365018556
105,57526,0.8976855313722866,false,105,57526,0.8976855313722866
105,6751,0.9928218849713876,false,105,6751,0.9928218849713876
105,730,0.8341106076033333,false,105,730,0.8341106076033333
105,57111,0.8891529338375409,false,105,57111,0.8891529338375409
105,7060,0.9877914182837815,false,105,7060,0.9877914182837815
105,10586,0.8345159283958161,false,105,10586,0.8345159283958161
105,4222,0.9544061573296656,false,105,4222,0.9544061573296656
105,448831,0.9365529337222811,false,105,448831,0.9365529337222811
105,441581,0.9922129580538422,false,105,441581,0.9922129580538422
105,1028,0.9003127523698993,false,105,1028,0.9003127523698993
105,1746,0.7685944177817248,false,105,1746,0.7685944177817248
105,57524,0.8531673658428655,false,105,57524,0.8531673658428655
105,1381,0.9809947244617099,false,105,1381,0.9809947244617099
105,6441,0.9448814587943616,false,105,6441,0.9448814587943616
102723849,28824,0.8667441490007064,false,102723849,28824,0.8667441490007064
102723849,60494,0.732846096350922,false,102723849,60494,0.732846096350922
102723849,131873,0.8611200760528084,false,102723849,131873,0.8611200760528084
102723849,2327,0.7680294416245564,false,102723849,2327,0.7680294416245564
102723849,94025,0.8999054044291681,false,102723849,94025,0.8999054044291681
102723849,120892,0.874297309393276,false,102723849,120892,0.874297309393276
102723849,11148,0.9529482894887443,false,102723849,11148,0.9529482894887443
102723849,541473,0.7309219928367995,false,102723849,541473,0.7309219928367995
102723849,102723508,0.7007041168017621,false,102723849,102723508,0.7007041168017621
102723849,4057,0.9119720440320281,false,102723849,4057,0.9119720440320281
102723849,51554,0.7297640577042475,false,102723849,51554,0.7297640577042475
102723849,641776,0.9490510266442072,false,102723849,641776,0.9490510266442072
102723849,406969,0.7912591063048736,false,102723849,406969,0.7912591063048736
102723849,146177,0.7472835947939787,false,102723849,146177,0.7472835947939787
102723849,112268252,0.9179751998347081,false,102723849,112268252,0.9179751998347081
102723849,102466759,0.8014770578144244,false,102723849,102466759,0.8014770578144244
102723849,6523,0.8908179150788917,false,102723849,6523,0.8908179150788917
102723849,341676,0.8904074201618591,false,102723849,341676,0.8904074201618591
102723849,3240,0.8128291237454077,false,102723849,3240,0.8128291237454077
102723849,105373265,0.8585177790740707,false,102723849,105373265,0.8585177790740707
102723849,284434,0.823987484425927,false,102723849,284434,0.823987484425927
102723849,65217,0.8283673126951815,false,102723849,65217,0.8283673126951815
102723849,55892,0.7827493865512218,false,102723849,55892,0.7827493865512218
102723849,388555,0.8020838972472674,false,102723849,388555,0.8020838972472674
102723849,306,0.8788176973177747,false,102723849,306,0.8788176973177747
102723849,728643,0.7952360620993869,false,102723849,728643,0.7952360620993869
102723849,105372793,0.8928130227048007,false,102723849,105372793,0.8928130227048007
102723849,6332,0.9192584191976451,false,102723849,6332,0.9192584191976451
102723849,105180391,0.9432650857941063,false,102723849,105180391,0.9432650857941063
102723849,100529240,0.7737210728106799,false,102723849,100529240,0.7737210728106799
102723849,113218482,0.9167898661259533,false,102723849,113218482,0.9167898661259533
102723849,79098,0.8724725398020751,false,102723849,79098,0.8724725398020751
102723849,112268422,0.8937274190648337,false,102723849,112268422,0.8937274190648337
102723849,3856,0.8475025111474103,false,102723849,3856,0.8475025111474103
102723849,649946,0.7854401198551924,false,102723849,649946,0.7854401198551924
102723849,33,0.8996001748269238,false,102723849,33,0.8996001748269238
102723849,767566,0.7371129087645086,false,102723849,767566,0.7371129087645086
102723849,201625,0.9262202598149643,false,102723849,201625,0.9262202598149643
102723849,26226,0.873250688283475,false,102723849,26226,0.873250688283475
56241,80381,0.808564228960319,false,56241,80381,0.808564228960319
28824,60494,0.788806514058531,false,28824,60494,0.788806514058531
28824,131873,0.9209056873860869,false,28824,131873,0.9209056873860869
28824,2327,0.8510596729972433,false,28824,2327,0.8510596729972433
28824,94025,0.8211559127691429,false,28824,94025,0.8211559127691429
28824,120892,0.7751146444882765,false,28824,120892,0.7751146444882765
28824,11148,0.939328846414559,false,28824,11148,0.939328846414559
28824,102723508,0.8672725603777012,false,28824,102723508,0.8672725603777012
28824,4057,0.9466921250866438,false,28824,4057,0.9466921250866438
28824,9173,0.728251676415872,false,28824,9173,0.728251676415872
28824,641776,0.7537398448294609,false,28824,641776,0.7537398448294609
28824,406969,0.8045643494168546,false,28824,406969,0.8045643494168546
28824,146177,0.7589435786011158,false,28824,146177,0.7589435786011158
28824,112268252,0.9356898433653715,false,28824,112268252,0.9356898433653715
28824,780,0.7511011267100948,false,28824,780,0.7511011267100948
28824,102466759,0.878263215366765,false,28824,102466759,0.878263215366765
28824,6523,0.9257717138666263,false,28824,6523,0.9257717138666263
28824,341676,0.7117241383834517,false,28824,341676,0.7117241383834517
28824,3240,0.712798662600417,false,28824,3240,0.712798662600417
28824,105373265,0.8681952169335075,false,28824,105373265,0.8681952169335075
28824,65217,0.8163438175803864,false,28824,65217,0.8163438175803864
28824,55892,0.7283522140495609,false,28824,55892,0.7283522140495609
28824,388555,0.7841249650638398,false,28824,388555,0.7841249650638398
28824,306,0.9343826100419412,false,28824,306,0.9343826100419412
28824,728643,0.8995125773554858,false,28824,728643,0.8995125773554858
28824,105372793,0.8324074873980029,false,28824,105372793,0.8324074873980029
28824,6332,0.8514803471806831,false,28824,6332,0.8514803471806831
28824,105180391,0.7284850308077618,false,28824,105180391,0.7284850308077618
28824,113218482,0.9402730057666808,false,28824,113218482,0.9402730057666808
28824,79098,0.8899701875985155,false,28824,79098,0.8899701875985155
28824,112268422,0.8930770892891681,false,28824,112268422,0.8930770892891681
28824,3856,0.8919205688773983,false,28824,3856,0.8919205688773983
28824,33,0.8334054817585701,false,28824,33,0.8334054817585701
28824,767566,0.767094315545224,false,28824,767566,0.767094315545224
28824,201625,0.8662161557913169,false,28824,201625,0.8662161557913169
28824,26226,0.8678031718959288,false,28824,26226,0.8678031718959288
6337,5349,0.9547692231260734,false,6337,5349,0.9547692231260734
6337,278,0.7624024148445928,false,6337,278,0.7624024148445928
6337,51185,0.7128712322754311,false,6337,51185,0.7128712322754311
6337,641776,0.7076978015990107,false,6337,641776,0.7076978015990107
6337,406969,0.7082257658246166,false,6337,406969,0.7082257658246166
6337,112268252,0.7533174966585996,false,6337,112268252,0.7533174966585996
6337,9228,0.7677629700764594,false,6337,9228,0.7677629700764594
6337,277,0.7702182493848954,false,6337,277,0.7702182493848954
6337,3240,0.8432060870364049,false,6337,3240,0.8432060870364049
6337,1767,0.7734693247083287,false,6337,1767,0.7734693247083287
6337,105180391,0.7154747608423996,false,6337,105180391,0.7154747608423996
6337,3856,0.7274880252203788,false,6337,3856,0.7274880252203788
6337,999,0.7723654788000593,false,6337,999,0.7723654788000593
60494,131873,0.7521731193154676,false,60494,131873,0.7521731193154676
60494,120892,0.73428421418719,false,60494,120892,0.73428421418719
60494,11148,0.7935887589518301,false,60494,11148,0.7935887589518301
60494,102723508,0.7668522202129248,false,60494,102723508,0.7668522202129248
60494,4057,0.8467720594404368,false,60494,4057,0.8467720594404368
60494,406969,0.801343623310919,false,60494,406969,0.801343623310919
60494,146177,0.8426507537261828,false,60494,146177,0.8426507537261828
60494,112268252,0.8027441112767121,false,60494,112268252,0.8027441112767121
60494,6523,0.8100821009920024,false,60494,6523,0.8100821009920024
60494,105373265,0.7616473610283763,false,60494,105373265,0.7616473610283763
60494,65217,0.7266113698708375,false,60494,65217,0.7266113698708375
60494,388555,0.7132940668715819,false,60494,388555,0.7132940668715819
60494,306,0.8216445119601303,false,60494,306,0.8216445119601303
60494,728643,0.8087821686691578,false,60494,728643,0.8087821686691578
60494,105372793,0.7498362224810203,false,60494,105372793,0.7498362224810203
60494,6332,0.7775530073960413,false,60494,6332,0.7775530073960413
60494,113218482,0.8395716828050733,false,60494,113218482,0.8395716828050733
60494,79098,0.7616303458746471,false,60494,79098,0.7616303458746471
60494,112268422,0.7799523084376305,false,60494,112268422,0.7799523084376305
60494,3856,0.8467094400461805,false,60494,3856,0.8467094400461805
60494,33,0.7489065386648812,false,60494,33,0.7489065386648812
60494,767566,0.7392984998699973,false,60494,767566,0.7392984998699973
60494,201625,0.7122851842637673,false,60494,201625,0.7122851842637673
60494,26226,0.8138752022369836,false,60494,26226,0.8138752022369836
3909,114569,0.7386482446788993,false,3909,114569,0.7386482446788993
3909,7080,0.711878320581007,false,3909,7080,0.711878320581007
3909,284111,0.7615515973787674,false,3909,284111,0.7615515973787674
3909,22943,0.7462863803117482,false,3909,22943,0.7462863803117482
3909,277,0.7139550180737136,false,3909,277,0.7139550180737136
3909,58524,0.7473331104958645,false,3909,58524,0.7473331104958645
3909,64073,0.7711268793079161,false,3909,64073,0.7711268793079161
3909,63924,0.7258350005593555,false,3909,63924,0.7258350005593555
3909,999,0.7599895347305616,false,3909,999,0.7599895347305616
131873,2327,0.8946183545204528,false,131873,2327,0.8946183545204528
131873,94025,0.7878251085428325,false,131873,94025,0.7878251085428325
131873,120892,0.7528888744204771,false,131873,120892,0.7528888744204771
131873,11148,0.9096564772273773,false,131873,11148,0.9096564772273773
131873,102723508,0.836576618236128,false,131873,102723508,0.836576618236128
131873,4057,0.9046577753660185,false,131873,4057,0.9046577753660185
131873,693188,0.7248180387433765,false,131873,693188,0.7248180387433765
131873,9173,0.7331185001790752,false,131873,9173,0.7331185001790752
131873,641776,0.7732994847162274,false,131873,641776,0.7732994847162274
131873,406969,0.7798102387526672,false,131873,406969,0.7798102387526672
131873,146177,0.7849377622807481,false,131873,146177,0.7849377622807481
131873,112268252,0.8995803173694138,false,131873,112268252,0.8995803173694138
131873,780,0.7975393016031463,false,131873,780,0.7975393016031463
131873,102466759,0.8505398174263684,false,131873,102466759,0.8505398174263684
131873,6523,0.8975849438305413,false,131873,6523,0.8975849438305413
131873,341676,0.70137354415466,false,131873,341676,0.70137354415466
131873,3240,0.7483453450787714,false,131873,3240,0.7483453450787714
131873,105373265,0.9131824478315147,false,131873,105373265,0.9131824478315147
131873,65217,0.8459973427694579,false,131873,65217,0.8459973427694579
131873,388555,0.8850381382353947,false,131873,388555,0.8850381382353947
131873,306,0.913150831714185,false,131873,306,0.913150831714185
131873,728643,0.8980671046983316,false,131873,728643,0.8980671046983316
131873,105372793,0.8215372697440259,false,131873,105372793,0.8215372697440259
131873,6332,0.8540341398194176,false,131873,6332,0.8540341398194176
131873,105180391,0.7362944619407619,false,131873,105180391,0.7362944619407619
131873,692213,0.7274004692039646,false,131873,692213,0.7274004692039646
131873,113218482,0.9083389110693613,false,131873,113218482,0.9083389110693613
131873,79098,0.8968270523102257,false,131873,79098,0.8968270523102257
131873,112268422,0.8562215545733198,false,131873,112268422,0.8562215545733198
131873,3856,0.881267742901217,false,131873,3856,0.881267742901217
131873,33,0.8561855872471316,false,131873,33,0.8561855872471316
131873,767566,0.85879232923099,false,131873,767566,0.85879232923099
131873,201625,0.8510052330076294,false,131873,201625,0.8510052330076294
131873,26226,0.8282142980637016,false,131873,26226,0.8282142980637016
57526,6751,0.89162983569638,false,57526,6751,0.89162983569638
57526,730,0.7768017957518948,false,57526,730,0.7768017957518948
57526,57111,0.8735280808712149,false,57526,57111,0.8735280808712149
57526,7060,0.8888111950689904,false,57526,7060,0.8888111950689904
57526,10586,0.8222488533707705,false,57526,10586,0.8222488533707705
57526,4222,0.8111776868565895,false,57526,4222,0.8111776868565895
57526,448831,0.8826493763555535,false,57526,448831,0.8826493763555535
57526,441581,0.8904296460722508,false,57526,441581,0.8904296460722508
57526,1028,0.8383383360933729,false,57526,1028,0.8383383360933729
57526,57524,0.7412001427956078,false,57526,57524,0.7412001427956078
57526,1381,0.8888762900645895,false,57526,1381,0.8888762900645895
57526,6441,0.9488122396298122,false,57526,6441,0.9488122396298122
2327,94025,0.7165556106902997,false,2327,94025,0.7165556106902997
2327,11148,0.8039778886239435,false,2327,11148,0.8039778886239435
2327,4057,0.8024317435513596,false,2327,4057,0.8024317435513596
2327,693188,0.7210316142565648,false,2327,693188,0.7210316142565648
2327,9173,0.7033497238372574,false,2327,9173,0.7033497238372574
2327,641776,0.7279089239348452,false,2327,641776,0.7279089239348452
2327,112268252,0.8124858824741091,false,2327,112268252,0.8124858824741091
2327,780,0.7532225216476869,false,2327,780,0.7532225216476869
2327,102466759,0.844950224788617,false,2327,102466759,0.844950224788617
2327,6523,0.7876963036452737,false,2327,6523,0.7876963036452737
2327,105373265,0.7616551304207686,false,2327,105373265,0.7616551304207686
2327,306,0.8063841212131506,false,2327,306,0.8063841212131506
2327,728643,0.851809988884206,false,2327,728643,0.851809988884206
2327,6332,0.7260795635438941,false,2327,6332,0.7260795635438941
2327,692213,0.757220239797977,false,2327,692213,0.757220239797977
2327,113218482,0.8142343356073196,false,2327,113218482,0.8142343356073196
2327,79098,0.8149311874210762,false,2327,79098,0.8149311874210762
2327,112268422,0.7126116165334712,false,2327,112268422,0.7126116165334712
2327,3856,0.8041408445960292,false,2327,3856,0.8041408445960292
2327,201625,0.7701152785441636,false,2327,201625,0.7701152785441636
2327,26226,0.7754271572670828,false,2327,26226,0.7754271572670828
6751,730,0.8215847434053948,false,6751,730,0.8215847434053948
6751,57111,0.8774875906196699,false,6751,57111,0.8774875906196699
6751,7060,0.9750712990517834,false,6751,7060,0.9750712990517834
6751,10586,0.8034293746618298,false,6751,10586,0.8034293746618298
6751,4222,0.9331607827652797,false,6751,4222,0.9331607827652797
6751,448831,0.9263670269202916,false,6751,448831,0.9263670269202916
6751,441581,0.9855875806538739,false,6751,441581,0.9855875806538739
6751,1028,0.8700843998382838,false,6751,1028,0.8700843998382838
6751,1746,0.7644538482129213,false,6751,1746,0.7644538482129213
6751,57524,0.8511295045152507,false,6751,57524,0.8511295045152507
6751,1381,0.9830078921241933,false,6751,1381,0.9830078921241933
6751,6441,0.94085547873485,false,6751,6441,0.94085547873485
6473,5349,0.708268266857914,false,6473,5349,0.708268266857914
6473,28984,0.7716582555734954,false,6473,28984,0.7716582555734954
6473,387882,0.7679138612647276,false,6473,387882,0.7679138612647276
6473,114569,0.7442692432543261,false,6473,114569,0.7442692432543261
6473,7080,0.7583496190360979,false,6473,7080,0.7583496190360979
6473,284111,0.7908079457945053,false,6473,284111,0.7908079457945053
6473,22943,0.7836628301986486,false,6473,22943,0.7836628301986486
6473,9228,0.8783437670453165,false,6473,9228,0.8783437670453165
6473,277,0.7793441991034554,false,6473,277,0.7793441991034554
6473,3960,0.7977573662232851,false,6473,3960,0.7977573662232851
6473,58524,0.7233398631414387,false,6473,58524,0.7233398631414387
6473,64073,0.8022734244475243,false,6473,64073,0.8022734244475243
6473,63924,0.7541669377202306,false,6473,63924,0.7541669377202306
6473,999,0.7916299517723032,false,6473,999,0.7916299517723032
388327,246,0.82407077510445,false,388327,246,0.82407077510445
388327,563,0.7163980498831254,false,388327,563,0.7163980498831254
388327,5225,0.7397980202971026,false,388327,5225,0.7397980202971026
388327,11081,0.8177494455158949,false,388327,11081,0.8177494455158949
246,563,0.7403935757835759,false,246,563,0.7403935757835759
246,728226,0.7355976542613867,false,246,728226,0.7355976542613867
246,5225,0.9505525307601951,false,246,5225,0.9505525307601951
246,11081,0.9680923677719537,false,246,11081,0.9680923677719537
94025,120892,0.8132053574956283,false,94025,120892,0.8132053574956283
94025,11148,0.8855026183502513,false,94025,11148,0.8855026183502513
94025,4057,0.8640708419082538,false,94025,4057,0.8640708419082538
94025,107984498,0.8106751267961094,false,94025,107984498,0.8106751267961094
94025,641776,0.7798811608390355,false,94025,641776,0.7798811608390355
94025,406969,0.7009485204996766,false,94025,406969,0.7009485204996766
94025,112268252,0.8663220553989297,false,94025,112268252,0.8663220553989297
94025,102466759,0.8305412040317078,false,94025,102466759,0.8305412040317078
94025,6523,0.8144952128475326,false,94025,6523,0.8144952128475326
94025,341676,0.8140143475640056,false,94025,341676,0.8140143475640056
94025,3240,0.7313117623969625,false,94025,3240,0.7313117623969625
94025,105373265,0.7736187859189548,false,94025,105373265,0.7736187859189548
94025,65217,0.7294118081737249,false,94025,65217,0.7294118081737249
94025,7620,0.7647078526391781,false,94025,7620,0.7647078526391781
94025,55892,0.7600344186454214,false,94025,55892,0.7600344186454214
94025,388555,0.7065095584123751,false,94025,388555,0.7065095584123751
94025,306,0.8611311805987268,false,94025,306,0.8611311805987268
94025,728643,0.7306239503254571,false,94025,728643,0.7306239503254571
94025,105372793,0.7657415563686003,false,94025,105372793,0.7657415563686003
94025,6332,0.7955773566584801,false,94025,6332,0.7955773566584801
94025,105180391,0.7527427430225035,false,94025,105180391,0.7527427430225035
94025,26084,0.736242372096509,false,94025,26084,0.736242372096509
94025,100529240,0.8611819915995854,false,94025,100529240,0.8611819915995854
94025,113218482,0.8633346069259812,false,94025,113218482,0.8633346069259812
94025,79098,0.8055913533435108,false,94025,79098,0.8055913533435108
94025,112268422,0.7898235924738966,false,94025,112268422,0.7898235924738966
94025,3856,0.7825235337291243,false,94025,3856,0.7825235337291243
94025,649946,0.738378539051308,false,94025,649946,0.738378539051308
94025,33,0.7620323555540085,false,94025,33,0.7620323555540085
94025,201625,0.792529448035998,false,94025,201625,0.792529448035998
94025,26226,0.7802511611267263,false,94025,26226,0.7802511611267263
730,57111,0.8024101577852669,false,730,57111,0.8024101577852669
730,3229,0.7027987977703403,false,730,3229,0.7027987977703403
730,7060,0.8443783118078867,false,730,7060,0.8443783118078867
730,10586,0.7396848760952364,false,730,10586,0.7396848760952364
730,79632,0.7046891532738022,false,730,79632,0.7046891532738022
730,4222,0.8666736997288672,false,730,4222,0.8666736997288672
730,448831,0.8028645297978285,false,730,448831,0.8028645297978285
730,441581,0.8419026881599111,false,730,441581,0.8419026881599111
730,1028,0.7216182643215421,false,730,1028,0.7216182643215421
730,1746,0.8718477662050668,false,730,1746,0.8718477662050668
730,57524,0.7051944745680161,false,730,57524,0.7051944745680161
730,1381,0.8325961533257366,false,730,1381,0.8325961533257366
730,6441,0.8881079338711519,false,730,6441,0.8881079338711519
120892,11148,0.8737358839634908,false,120892,11148,0.8737358839634908
120892,541473,0.8238556866100916,false,120892,541473,0.8238556866100916
120892,4057,0.851188201983515,false,120892,4057,0.851188201983515
120892,51554,0.7594977347634445,false,120892,51554,0.7594977347634445
120892,9173,0.8357169132491645,false,120892,9173,0.8357169132491645
120892,641776,0.7596438429778077,false,120892,641776,0.7596438429778077
120892,146177,0.7379894505259964,false,120892,146177,0.7379894505259964
120892,112268252,0.8401987355477366,false,120892,112268252,0.8401987355477366
120892,102466759,0.7463344691329244,false,120892,102466759,0.7463344691329244
120892,6523,0.8247031698651475,false,120892,6523,0.8247031698651475
120892,341676,0.7834625633139939,false,120892,341676,0.7834625633139939
120892,105373265,0.7624482952607345,false,120892,105373265,0.7624482952607345
120892,284434,0.8420130434877563,false,120892,284434,0.8420130434877563
120892,65217,0.7306031602838022,false,120892,65217,0.7306031602838022
120892,306,0.7718793698310534,false,120892,306,0.7718793698310534
120892,728643,0.7283133859527825,false,120892,728643,0.7283133859527825
120892,105372793,0.8955341480601813,false,120892,105372793,0.8955341480601813
120892,6332,0.8171482452367417,false,120892,6332,0.8171482452367417
120892,105180391,0.7657067799295396,false,120892,105180391,0.7657067799295396
120892,100529240,0.7244170475052315,false,120892,100529240,0.7244170475052315
120892,113218482,0.8768054031175242,false,120892,113218482,0.8768054031175242
120892,79098,0.8208334261035627,false,120892,79098,0.8208334261035627
120892,112268422,0.8635527748335068,false,120892,112268422,0.8635527748335068
120892,3856,0.7882407034688607,false,120892,3856,0.7882407034688607
120892,649946,0.7542868557196999,false,120892,649946,0.7542868557196999
120892,33,0.7372942383019994,false,120892,33,0.7372942383019994
120892,201625,0.829414535118616,false,120892,201625,0.829414535118616
120892,26226,0.8684720775403265,false,120892,26226,0.8684720775403265
11148,541473,0.707400882021815,false,11148,541473,0.707400882021815
11148,102723508,0.8250544866171159,false,11148,102723508,0.8250544866171159
11148,4057,0.976443685663947,false,11148,4057,0.976443685663947
11148,9173,0.7567294749956217,false,11148,9173,0.7567294749956217
11148,641776,0.8568859491821327,false,11148,641776,0.8568859491821327
11148,406969,0.8490072207715831,false,11148,406969,0.8490072207715831
11148,146177,0.7698459110406846,false,11148,146177,0.7698459110406846
11148,112268252,0.9718831416229626,false,11148,112268252,0.9718831416229626
11148,102466759,0.8332562977440552,false,11148,102466759,0.8332562977440552
11148,6523,0.938242994183408,false,11148,6523,0.938242994183408
11148,341676,0.8246282372895407,false,11148,341676,0.8246282372895407
11148,3240,0.8046797682121656,false,11148,3240,0.8046797682121656
11148,105373265,0.9119238830743186,false,11148,105373265,0.9119238830743186
11148,284434,0.7581485697609791,false,11148,284434,0.7581485697609791
11148,1767,0.7034088668783599,false,11148,1767,0.7034088668783599
11148,65217,0.8733446195662862,false,11148,65217,0.8733446195662862
11148,55892,0.7150241170609964,false,11148,55892,0.7150241170609964
11148,388555,0.8402466652291956,false,11148,388555,0.8402466652291956
11148,306,0.9383064119741616,false,11148,306,0.9383064119741616
11148,728643,0.882909794497372,false,11148,728643,0.882909794497372
11148,105372793,0.8938342428165184,false,11148,105372793,0.8938342428165184
11148,6332,0.9289324046711652,false,11148,6332,0.9289324046711652
11148,105180391,0.8451000322954947,false,11148,105180391,0.8451000322954947
11148,113218482,0.9723201764766831,false,11148,113218482,0.9723201764766831
11148,79098,0.9502420690970156,false,11148,79098,0.9502420690970156
11148,112268422,0.9178093911722149,false,11148,112268422,0.9178093911722149
11148,3856,0.9118887897549968,false,11148,3856,0.9118887897549968
11148,649946,0.7081741896348288,false,11148,649946,0.7081741896348288
11148,33,0.9037059204104924,false,11148,33,0.9037059204104924
11148,767566,0.8064138668423837,false,11148,767566,0.8064138668423837
11148,201625,0.9345352186794443,false,11148,201625,0.9345352186794443
11148,26226,0.9283974608057215,false,11148,26226,0.9283974608057215
541473,51554,0.7299520600905314,false,541473,51554,0.7299520600905314
541473,641776,0.7331631245924592,false,541473,641776,0.7331631245924592
541473,6523,0.7083956775861451,false,541473,6523,0.7083956775861451
541473,284434,0.7014130402888757,false,541473,284434,0.7014130402888757
541473,105372793,0.7899055893679662,false,541473,105372793,0.7899055893679662
541473,105180391,0.729136775579342,false,541473,105180391,0.729136775579342
541473,112268422,0.7050321524252587,false,541473,112268422,0.7050321524252587
541473,201625,0.7669260672720746,false,541473,201625,0.7669260672720746
5349,278,0.7691653512347707,false,5349,278,0.7691653512347707
5349,51185,0.7057403265013021,false,5349,51185,0.7057403265013021
5349,116228,0.7164861555106012,false,5349,116228,0.7164861555106012
5349,641776,0.7325601307643977,false,5349,641776,0.7325601307643977
5349,406969,0.7057340712222268,false,5349,406969,0.7057340712222268
5349,112268252,0.7194228670590073,false,5349,112268252,0.7194228670590073
5349,9228,0.8002194146398135,false,5349,9228,0.8002194146398135
5349,277,0.7787080336679575,false,5349,277,0.7787080336679575
5349,3240,0.8284872080322879,false,5349,3240,0.8284872080322879
5349,1767,0.7433774235778635,false,5349,1767,0.7433774235778635
5349,105180391,0.7350907040887366,false,5349,105180391,0.7350907040887366
5349,999,0.8653818630834552,false,5349,999,0.8653818630834552
102723508,4057,0.872620157455498,false,102723508,4057,0.872620157455498
102723508,9173,0.7073920748715918,false,102723508,9173,0.7073920748715918
102723508,112268252,0.8139371177493274,false,102723508,112268252,0.8139371177493274
102723508,102466759,0.7891282478317652,false,102723508,102466759,0.7891282478317652
102723508,6523,0.819816092219601,false,102723508,6523,0.819816092219601
102723508,105373265,0.8133905808217593,false,102723508,105373265,0.8133905808217593
102723508,65217,0.7053222757860357,false,102723508,65217,0.7053222757860357
102723508,388555,0.7446991205661613,false,102723508,388555,0.7446991205661613
102723508,306,0.8643261546723797,false,102723508,306,0.8643261546723797
102723508,728643,0.7958655019538994,false,102723508,728643,0.7958655019538994
102723508,105372793,0.7534254259011056,false,102723508,105372793,0.7534254259011056
102723508,113218482,0.827642733574537,false,102723508,113218482,0.827642733574537
102723508,79098,0.8071248038174414,false,102723508,79098,0.8071248038174414
102723508,112268422,0.8072188563474114,false,102723508,112268422,0.8072188563474114
102723508,3856,0.7658990010989939,false,102723508,3856,0.7658990010989939
102723508,33,0.7673603033171835,false,102723508,33,0.7673603033171835
102723508,767566,0.7667777629681353,false,102723508,767566,0.7667777629681353
102723508,201625,0.7260868713408967,false,102723508,201625,0.7260868713408967
102723508,26226,0.7965808372342406,false,102723508,26226,0.7965808372342406
28984,387882,0.8208530828506254,false,28984,387882,0.8208530828506254
28984,114569,0.9183390033977646,false,28984,114569,0.9183390033977646
28984,7080,0.9121794429711919,false,28984,7080,0.9121794429711919
28984,284111,0.9083618348034919,false,28984,284111,0.9083618348034919
28984,116228,0.809544447807755,false,28984,116228,0.809544447807755
28984,54897,0.7011906231254729,false,28984,54897,0.7011906231254729
28984,3229,0.8044994564597792,false,28984,3229,0.8044994564597792
28984,22943,0.9182606681703136,false,28984,22943,0.9182606681703136
28984,9228,0.8180339451300678,false,28984,9228,0.8180339451300678
28984,277,0.7638896902231197,false,28984,277,0.7638896902231197
28984,3960,0.8092280839136529,false,28984,3960,0.8092280839136529
28984,58524,0.8581917244803269,false,28984,58524,0.8581917244803269
28984,64073,0.9024100299023332,false,28984,64073,0.9024100299023332
28984,63924,0.8445912073185214,false,28984,63924,0.8445912073185214
28984,999,0.7698990587964675,false,28984,999,0.7698990587964675
57111,7060,0.9080989445386015,false,57111,7060,0.9080989445386015
57111,10586,0.732489576843972,false,57111,10586,0.732489576843972
57111,4222,0.9159489558730873,false,57111,4222,0.9159489558730873
57111,448831,0.8353977900038968,false,57111,448831,0.8353977900038968
57111,441581,0.8794354453616877,false,57111,441581,0.8794354453616877
57111,1028,0.804916809981026,false,57111,1028,0.804916809981026
57111,57524,0.7482021136479665,false,57111,57524,0.7482021136479665
57111,1381,0.8556171705715969,false,57111,1381,0.8556171705715969
57111,6441,0.9148465331893808,false,57111,6441,0.9148465331893808
278,51185,0.7056800778876939,false,278,51185,0.7056800778876939
278,284111,0.7001199054111567,false,278,284111,0.7001199054111567
278,116228,0.7979317320437607,false,278,116228,0.7979317320437607
278,9228,0.7515224316554533,false,278,9228,0.7515224316554533
278,277,0.8800272115907143,false,278,277,0.8800272115907143
278,64073,0.7108601407793935,false,278,64073,0.7108601407793935
278,999,0.7269060626373623,false,278,999,0.7269060626373623
10129,7780,0.7090005702359129,false,10129,7780,0.7090005702359129
10129,3880,0.8338834128242052,false,10129,3880,0.8338834128242052
10129,1556,0.7517470675489327,false,10129,1556,0.7517470675489327
10129,155465,0.7301471804698404,false,10129,155465,0.7301471804698404
10129,4585,0.9143553757542108,false,10129,4585,0.9143553757542108
10129,6440,0.7526439771383486,false,10129,6440,0.7526439771383486
10129,56955,0.8046013154229719,false,10129,56955,0.8046013154229719
387882,114569,0.8395779052945537,false,387882,114569,0.8395779052945537
387882,7080,0.8453564518611423,false,387882,7080,0.8453564518611423
387882,284111,0.8761589949609453,false,387882,284111,0.8761589949609453
387882,4629,0.7038962478887396,false,387882,4629,0.7038962478887396
387882,3229,0.752602595251951,false,387882,3229,0.752602595251951
387882,22943,0.8727483253081483,false,387882,22943,0.8727483253081483
387882,9228,0.7216440909231,false,387882,9228,0.7216440909231
387882,277,0.7666257898835179,false,387882,277,0.7666257898835179
387882,3960,0.7307281394572094,false,387882,3960,0.7307281394572094
387882,58524,0.8866272633183117,false,387882,58524,0.8866272633183117
387882,64073,0.883296157099989,false,387882,64073,0.883296157099989
387882,63924,0.7926485989355987,false,387882,63924,0.7926485989355987
51185,116228,0.7445052924404941,false,51185,116228,0.7445052924404941
51185,406969,0.7207110218932657,false,51185,406969,0.7207110218932657
130367,153643,0.7728372265354859,false,130367,153643,0.7728372265354859
130367,55808,0.7676941477636658,false,130367,55808,0.7676941477636658
114569,7080,0.9713541526944143,false,114569,7080,0.9713541526944143
114569,284111,0.9756868063949128,false,114569,284111,0.9756868063949128
114569,116228,0.7500974672146783,false,114569,116228,0.7500974672146783
114569,54897,0.8289174298554456,false,114569,54897,0.8289174298554456
114569,3229,0.8846250243822517,false,114569,3229,0.8846250243822517
114569,22943,0.9619793623717354,false,114569,22943,0.9619793623717354
114569,9228,0.8734827652052162,false,114569,9228,0.8734827652052162
114569,277,0.7808221508679669,false,114569,277,0.7808221508679669
114569,3960,0.7831417849688548,false,114569,3960,0.7831417849688548
114569,58524,0.8631428774583256,false,114569,58524,0.8631428774583256
114569,64073,0.9604033466033135,false,114569,64073,0.9604033466033135
114569,63924,0.8672713512398081,false,114569,63924,0.8672713512398081
114569,999,0.78538555327372,false,114569,999,0.78538555327372
7780,93035,0.7357787597669188,false,7780,93035,0.7357787597669188
7780,100996506,0.7553317573489402,false,7780,100996506,0.7553317573489402
7780,3880,0.8291255533757123,false,7780,3880,0.8291255533757123
7780,1556,0.8823790867837089,false,7780,1556,0.8823790867837089
7780,155465,0.7558274611837857,false,7780,155465,0.7558274611837857
7780,4585,0.7435235089426918,false,7780,4585,0.7435235089426918
7780,6440,0.8080266472787377,false,7780,6440,0.8080266472787377
7780,56955,0.7882723887495439,false,7780,56955,0.7882723887495439
7080,284111,0.9491909883693123,false,7080,284111,0.9491909883693123
7080,116228,0.7002801045869534,false,7080,116228,0.7002801045869534
7080,54897,0.7546551281403177,false,7080,54897,0.7546551281403177
7080,3229,0.9457314628653603,false,7080,3229,0.9457314628653603
7080,22943,0.9469958063736572,false,7080,22943,0.9469958063736572
7080,9228,0.8368046846571202,false,7080,9228,0.8368046846571202
7080,277,0.730902141855329,false,7080,277,0.730902141855329
7080,3960,0.7915883248358172,false,7080,3960,0.7915883248358172
7080,58524,0.8654848333859674,false,7080,58524,0.8654848333859674
7080,79632,0.7168036337121501,false,7080,79632,0.7168036337121501
7080,64073,0.9389921835345431,false,7080,64073,0.9389921835345431
7080,1746,0.7500986305548107,false,7080,1746,0.7500986305548107
7080,63924,0.8070215744010443,false,7080,63924,0.8070215744010443
7080,999,0.819884452212605,false,7080,999,0.819884452212605
4057,9173,0.7680236361493143,false,4057,9173,0.7680236361493143
4057,641776,0.7910657419186634,false,4057,641776,0.7910657419186634
4057,406969,0.878140493322054,false,4057,406969,0.878140493322054
4057,146177,0.772962219625645,false,4057,146177,0.772962219625645
4057,112268252,0.9725017039620631,false,4057,112268252,0.9725017039620631
4057,102466759,0.8511770046201471,false,4057,102466759,0.8511770046201471
4057,6523,0.9373327723987651,false,4057,6523,0.9373327723987651
4057,341676,0.8198306407301291,false,4057,341676,0.8198306407301291
4057,3240,0.7551014794713081,false,4057,3240,0.7551014794713081
4057,105373265,0.9021408089892115,false,4057,105373265,0.9021408089892115
4057,284434,0.7250951429312436,false,4057,284434,0.7250951429312436
4057,1767,0.7096166354335407,false,4057,1767,0.7096166354335407
4057,65217,0.8317485027887317,false,4057,65217,0.8317485027887317
4057,388555,0.8178944653045481,false,4057,388555,0.8178944653045481
4057,306,0.9660640747437343,false,4057,306,0.9660640747437343
4057,728643,0.9017609219218606,false,4057,728643,0.9017609219218606
4057,105372793,0.8895452251843687,false,4057,105372793,0.8895452251843687
4057,6332,0.8951008254683543,false,4057,6332,0.8951008254683543
4057,105180391,0.7682729527257525,false,4057,105180391,0.7682729527257525
4057,113218482,0.9720737174934183,false,4057,113218482,0.9720737174934183
4057,79098,0.9367806732377245,false,4057,79098,0.9367806732377245
4057,112268422,0.9357379010969034,false,4057,112268422,0.9357379010969034
4057,3856,0.9075742726859564,false,4057,3856,0.9075742726859564
4057,649946,0.7211452583823524,false,4057,649946,0.7211452583823524
4057,33,0.8919273614485733,false,4057,33,0.8919273614485733
4057,767566,0.8390356004152154,false,4057,767566,0.8390356004152154
4057,201625,0.8831661211459346,false,4057,201625,0.8831661211459346
4057,26226,0.9364822834564698,false,4057,26226,0.9364822834564698
107984498,148213,0.7597467061475782,false,107984498,148213,0.7597467061475782
107984498,7620,0.7795000403969463,false,107984498,7620,0.7795000403969463
107984498,4179,0.7236279598323283,false,107984498,4179,0.7236279598323283
107984498,26084,0.7822356325081287,false,107984498,26084,0.7822356325081287
107984498,100529240,0.8763937562974545,false,107984498,100529240,0.8763937562974545
107984498,259294,0.7419852088211125,false,107984498,259294,0.7419852088211125
284111,116228,0.7383928487449363,false,284111,116228,0.7383928487449363
284111,54897,0.8185560585591314,false,284111,54897,0.8185560585591314
284111,3229,0.8588645527189772,false,284111,3229,0.8588645527189772
284111,22943,0.9944588593770196,false,284111,22943,0.9944588593770196
284111,9228,0.8834489843299044,false,284111,9228,0.8834489843299044
284111,277,0.8455168578599536,false,284111,277,0.8455168578599536
284111,3960,0.8064603384055181,false,284111,3960,0.8064603384055181
284111,58524,0.9017036770296679,false,284111,58524,0.9017036770296679
284111,64073,0.9967205297918917,false,284111,64073,0.9967205297918917
284111,63924,0.8578376445513028,false,284111,63924,0.8578376445513028
284111,999,0.8189131572944788,false,284111,999,0.8189131572944788
51554,641776,0.7011703555453351,false,51554,641776,0.7011703555453351
51554,406969,0.719111221421073,false,51554,406969,0.719111221421073
51554,341676,0.777351786872052,false,51554,341676,0.777351786872052
51554,284434,0.8269744690943197,false,51554,284434,0.8269744690943197
51554,105372793,0.8220624184223315,false,51554,105372793,0.8220624184223315
51554,6332,0.720820755976662,false,51554,6332,0.720820755976662
51554,105180391,0.7166671174844376,false,51554,105180391,0.7166671174844376
51554,112268422,0.8064052369951151,false,51554,112268422,0.8064052369951151
51554,201625,0.7358158157658813,false,51554,201625,0.7358158157658813
693188,692213,0.8207594727495222,false,693188,692213,0.8207594727495222
9173,112268252,0.756122983702915,false,9173,112268252,0.756122983702915
9173,780,0.7152938836067194,false,9173,780,0.7152938836067194
9173,102466759,0.8258760267359634,false,9173,102466759,0.8258760267359634
9173,6523,0.7534311276874527,false,9173,6523,0.7534311276874527
9173,306,0.7114914122677772,false,9173,306,0.7114914122677772
9173,105372793,0.7362956379577078,false,9173,105372793,0.7362956379577078
9173,113218482,0.7776135756891664,false,9173,113218482,0.7776135756891664
9173,79098,0.7531798684714314,false,9173,79098,0.7531798684714314
9173,3856,0.7220571930025224,false,9173,3856,0.7220571930025224
9173,201625,0.717024861363604,false,9173,201625,0.717024861363604
9173,26226,0.7950779792303765,false,9173,26226,0.7950779792303765
116228,4629,0.739730325578641,false,116228,4629,0.739730325578641
116228,22943,0.7371639115390503,false,116228,22943,0.7371639115390503
116228,9228,0.8124756531007821,false,116228,9228,0.8124756531007821
116228,277,0.8495933975134489,false,116228,277,0.8495933975134489
116228,3960,0.7591713954981242,false,116228,3960,0.7591713954981242
116228,64073,0.7364658972091794,false,116228,64073,0.7364658972091794
116228,63924,0.863849699121718,false,116228,63924,0.863849699121718
116228,999,0.7619354880974413,false,116228,999,0.7619354880974413
116228,100033436,0.7504436456655027,false,116228,100033436,0.7504436456655027
93035,100996506,0.772397333144962,false,93035,100996506,0.772397333144962
93035,3880,0.7108429125392732,false,93035,3880,0.7108429125392732
93035,4585,0.7150793521068556,false,93035,4585,0.7150793521068556
93035,56955,0.7392738603565341,false,93035,56955,0.7392738603565341
4629,63924,0.8087452418052369,false,4629,63924,0.8087452418052369
54897,22943,0.7978361927259803,false,54897,22943,0.7978361927259803
54897,9228,0.7227456966096335,false,54897,9228,0.7227456966096335
54897,3960,0.7294637356175678,false,54897,3960,0.7294637356175678
54897,64073,0.8054919754566721,false,54897,64073,0.8054919754566721
54897,63924,0.7344880038270523,false,54897,63924,0.7344880038270523
3229,22943,0.862432611874299,false,3229,22943,0.862432611874299
3229,9228,0.7638691783238899,false,3229,9228,0.7638691783238899
3229,3960,0.7151126490842642,false,3229,3960,0.7151126490842642
3229,58524,0.7705712944465417,false,3229,58524,0.7705712944465417
3229,79632,0.7724143263466738,false,3229,79632,0.7724143263466738
3229,64073,0.8553225002965236,false,3229,64073,0.8553225002965236
3229,1746,0.889639828056451,false,3229,1746,0.889639828056451
3229,63924,0.7174351075917309,false,3229,63924,0.7174351075917309
3229,999,0.8542842544864603,false,3229,999,0.8542842544864603
563,728226,0.7255791667631051,false,563,728226,0.7255791667631051
563,5225,0.7623283227496455,false,563,5225,0.7623283227496455
563,253982,0.8263207586012231,false,563,253982,0.8263207586012231
563,11081,0.7201915862226603,false,563,11081,0.7201915862226603
563,100130449,0.7035983184054019,false,563,100130449,0.7035983184054019
563,57575,0.7185905755390158,false,563,57575,0.7185905755390158
563,79740,0.7101280515238563,false,563,79740,0.7101280515238563
563,100033436,0.7040192162620695,false,563,100033436,0.7040192162620695
7060,10586,0.8279945307846728,false,7060,10586,0.8279945307846728
7060,4222,0.9584599037277923,false,7060,4222,0.9584599037277923
7060,448831,0.9188396888042553,false,7060,448831,0.9188396888042553
7060,441581,0.9773935373723744,false,7060,441581,0.9773935373723744
7060,1028,0.8915293493687508,false,7060,1028,0.8915293493687508
7060,1746,0.7775038146639115,false,7060,1746,0.7775038146639115
7060,57524,0.8558049870929292,false,7060,57524,0.8558049870929292
7060,1381,0.9671239403082782,false,7060,1381,0.9671239403082782
7060,6441,0.9350061777977031,false,7060,6441,0.9350061777977031
641776,406969,0.7293207136283557,false,641776,406969,0.7293207136283557
641776,112268252,0.8156770184905132,false,641776,112268252,0.8156770184905132
641776,6523,0.782506475253927,false,641776,6523,0.782506475253927
641776,341676,0.8128517719934301,false,641776,341676,0.8128517719934301
641776,3240,0.8046345247842392,false,641776,3240,0.8046345247842392
641776,105373265,0.7459132068061216,false,641776,105373265,0.7459132068061216
641776,284434,0.7693489624081862,false,641776,284434,0.7693489624081862
641776,65217,0.7605587257156966,false,641776,65217,0.7605587257156966
641776,388555,0.7155469626641117,false,641776,388555,0.7155469626641117
641776,306,0.7558133942544343,false,641776,306,0.7558133942544343
641776,728643,0.7075256004902437,false,641776,728643,0.7075256004902437
641776,105372793,0.7973200702703234,false,641776,105372793,0.7973200702703234
641776,6332,0.8631047598201796,false,641776,6332,0.8631047598201796
641776,105180391,0.9928056763354325,false,641776,105180391,0.9928056763354325
641776,113218482,0.790752135433811,false,641776,113218482,0.790752135433811
641776,79098,0.8005845803837369,false,641776,79098,0.8005845803837369
641776,112268422,0.7774940328554686,false,641776,112268422,0.7774940328554686
641776,3856,0.75032291023886,false,641776,3856,0.75032291023886
641776,649946,0.7036043556701513,false,641776,649946,0.7036043556701513
641776,33,0.8396748806938121,false,641776,33,0.8396748806938121
641776,201625,0.8785629087608032,false,641776,201625,0.8785629087608032
641776,26226,0.7596189873939544,false,641776,26226,0.7596189873939544
406969,146177,0.7221415528315429,false,406969,146177,0.7221415528315429
406969,112268252,0.8892449395226989,false,406969,112268252,0.8892449395226989
406969,6523,0.8070935863927029,false,406969,6523,0.8070935863927029
406969,341676,0.7673614465384436,false,406969,341676,0.7673614465384436
406969,3240,0.7498672749594977,false,406969,3240,0.7498672749594977
406969,105373265,0.7454406823226216,false,406969,105373265,0.7454406823226216
406969,1767,0.8210353305854488,false,406969,1767,0.8210353305854488
406969,65217,0.7518380735058857,false,406969,65217,0.7518380735058857
406969,388555,0.7482086942082392,false,406969,388555,0.7482086942082392
406969,306,0.8375114514221114,false,406969,306,0.8375114514221114
406969,728643,0.8193388723797748,false,406969,728643,0.8193388723797748
406969,105372793,0.8154525548384937,false,406969,105372793,0.8154525548384937
406969,6332,0.7906643420052835,false,406969,6332,0.7906643420052835
406969,105180391,0.7066778442653259,false,406969,105180391,0.7066778442653259
406969,113218482,0.8349091744784187,false,406969,113218482,0.8349091744784187
406969,79098,0.8162312939716311,false,406969,79098,0.8162312939716311
406969,112268422,0.8569987404496959,false,406969,112268422,0.8569987404496959
406969,3856,0.8239597004286691,false,406969,3856,0.8239597004286691
406969,33,0.8277606262679877,false,406969,33,0.8277606262679877
406969,767566,0.8126236415355911,false,406969,767566,0.8126236415355911
406969,201625,0.7607323419754907,false,406969,201625,0.7607323419754907
406969,26226,0.7552303852763276,false,406969,26226,0.7552303852763276
146177,112268252,0.7682174432441004,false,146177,112268252,0.7682174432441004
146177,6523,0.7983951437342597,false,146177,6523,0.7983951437342597
146177,105373265,0.7589455014987585,false,146177,105373265,0.7589455014987585
146177,284434,0.7124854817286578,false,146177,284434,0.7124854817286578
146177,65217,0.8498655246369944,false,146177,65217,0.8498655246369944
146177,388555,0.8210809402410207,false,146177,388555,0.8210809402410207
146177,306,0.7615800484267389,false,146177,306,0.7615800484267389
146177,728643,0.7614923916303613,false,146177,728643,0.7614923916303613
146177,105372793,0.7986171777720411,false,146177,105372793,0.7986171777720411
146177,6332,0.8165270257257735,false,146177,6332,0.8165270257257735
146177,113218482,0.8084834477815097,false,146177,113218482,0.8084834477815097
146177,79098,0.749368504779747,false,146177,79098,0.749368504779747
146177,112268422,0.7980765755715556,false,146177,112268422,0.7980765755715556
146177,3856,0.8533100798046669,false,146177,3856,0.8533100798046669
146177,33,0.811071512672245,false,146177,33,0.811071512672245
146177,767566,0.7236580025197697,false,146177,767566,0.7236580025197697
146177,26226,0.7487503544096992,false,146177,26226,0.7487503544096992
112268252,102466759,0.8290687199330606,false,112268252,102466759,0.8290687199330606
112268252,6523,0.954850550906111,false,112268252,6523,0.954850550906111
112268252,341676,0.7817643164417069,false,112268252,341676,0.7817643164417069
112268252,3240,0.8354394108152605,false,112268252,3240,0.8354394108152605
112268252,105373265,0.9060333048993856,false,112268252,105373265,0.9060333048993856
112268252,284434,0.7236939010290558,false,112268252,284434,0.7236939010290558
112268252,1767,0.7751033319891711,false,112268252,1767,0.7751033319891711
112268252,65217,0.8405819243249528,false,112268252,65217,0.8405819243249528
112268252,55892,0.7216366678736801,false,112268252,55892,0.7216366678736801
112268252,388555,0.8092767666397805,false,112268252,388555,0.8092767666397805
112268252,306,0.9327258703404655,false,112268252,306,0.9327258703404655
112268252,728643,0.9064110949523404,false,112268252,728643,0.9064110949523404
112268252,105372793,0.8920125172835137,false,112268252,105372793,0.8920125172835137
112268252,6332,0.8939301149505947,false,112268252,6332,0.8939301149505947
112268252,105180391,0.7954437837103647,false,112268252,105180391,0.7954437837103647
112268252,113218482,0.9756314918362229,false,112268252,113218482,0.9756314918362229
112268252,79098,0.9458061291783962,false,112268252,79098,0.9458061291783962
112268252,112268422,0.9193590391684402,false,112268252,112268422,0.9193590391684402
112268252,3856,0.946899806959773,false,112268252,3856,0.946899806959773
112268252,649946,0.731863009156043,false,112268252,649946,0.731863009156043
112268252,33,0.8737364240470556,false,112268252,33,0.8737364240470556
112268252,767566,0.8224227773673543,false,112268252,767566,0.8224227773673543
112268252,201625,0.8828522391159496,false,112268252,201625,0.8828522391159496
112268252,26226,0.9176319282614961,false,112268252,26226,0.9176319282614961
728226,5225,0.7772727501483561,false,728226,5225,0.7772727501483561
728226,11081,0.7254061789437599,false,728226,11081,0.7254061789437599
780,102466759,0.7374315225386214,false,780,102466759,0.7374315225386214
81615,745,0.7285329591464553,false,81615,745,0.7285329591464553
84842,55282,0.759631194817461,false,84842,55282,0.759631194817461
22943,9228,0.8670994844956312,false,22943,9228,0.8670994844956312
22943,277,0.8392277375285149,false,22943,277,0.8392277375285149
22943,3960,0.8146381296954754,false,22943,3960,0.8146381296954754
22943,58524,0.8979535174615255,false,22943,58524,0.8979535174615255
22943,64073,0.993352809239788,false,22943,64073,0.993352809239788
22943,63924,0.8422826316711842,false,22943,63924,0.8422826316711842
22943,999,0.8301308395652902,false,22943,999,0.8301308395652902
27074,55808,0.7077355590516571,false,27074,55808,0.7077355590516571
9228,277,0.8512526824504809,false,9228,277,0.8512526824504809
9228,3960,0.7559968516099358,false,9228,3960,0.7559968516099358
9228,58524,0.7077963506990542,false,9228,58524,0.7077963506990542
9228,64073,0.8707811275741626,false,9228,64073,0.8707811275741626
9228,63924,0.8082381042339178,false,9228,63924,0.8082381042339178
9228,999,0.865318135961589,false,9228,999,0.865318135961589
9228,100033436,0.7075338833014686,false,9228,100033436,0.7075338833014686
100996506,3880,0.7070443740290311,false,100996506,3880,0.7070443740290311
100996506,1556,0.8274917035770835,false,100996506,1556,0.8274917035770835
100996506,4585,0.7851456740547744,false,100996506,4585,0.7851456740547744
100996506,6440,0.7214886079180024,false,100996506,6440,0.7214886079180024
100996506,56955,0.7035025847174344,false,100996506,56955,0.7035025847174344
277,3960,0.7666436762407066,false,277,3960,0.7666436762407066
277,58524,0.7480156525726209,false,277,58524,0.7480156525726209
277,64073,0.8560525345781324,false,277,64073,0.8560525345781324
277,63924,0.7896837153775025,false,277,63924,0.7896837153775025
277,999,0.8350753164865893,false,277,999,0.8350753164865893
3880,1556,0.8368193560689416,false,3880,1556,0.8368193560689416
3880,155465,0.8167111433811152,false,3880,155465,0.8167111433811152
3880,4585,0.7995859328594802,false,3880,4585,0.7995859328594802
3880,6440,0.8692371110413842,false,3880,6440,0.8692371110413842
3880,56955,0.8565236037374399,false,3880,56955,0.8565236037374399
3880,100130449,0.782676760515473,false,3880,100130449,0.782676760515473
102466759,6523,0.8045743680604261,false,102466759,6523,0.8045743680604261
102466759,105373265,0.7796472116806561,false,102466759,105373265,0.7796472116806561
102466759,306,0.8913207701903683,false,102466759,306,0.8913207701903683
102466759,728643,0.7369334143062655,false,102466759,728643,0.7369334143062655
102466759,105372793,0.7003741741757158,false,102466759,105372793,0.7003741741757158
102466759,6332,0.719815163595912,false,102466759,6332,0.719815163595912
102466759,100529240,0.7192272976801486,false,102466759,100529240,0.7192272976801486
102466759,113218482,0.8418468582740078,false,102466759,113218482,0.8418468582740078
102466759,79098,0.7720973108585257,false,102466759,79098,0.7720973108585257
102466759,112268422,0.7308843026070875,false,102466759,112268422,0.7308843026070875
102466759,3856,0.7771748539957117,false,102466759,3856,0.7771748539957117
102466759,649946,0.7482791825442996,false,102466759,649946,0.7482791825442996
102466759,201625,0.7288152978168486,false,102466759,201625,0.7288152978168486
102466759,26226,0.845226761263962,false,102466759,26226,0.845226761263962
1556,155465,0.7768328756358976,false,1556,155465,0.7768328756358976
1556,4585,0.7672435297417113,false,1556,4585,0.7672435297417113
1556,6440,0.8916156424993207,false,1556,6440,0.8916156424993207
1556,56955,0.8768651115117975,false,1556,56955,0.8768651115117975
6523,341676,0.7279307269854896,false,6523,341676,0.7279307269854896
6523,3240,0.7597553246561165,false,6523,3240,0.7597553246561165
6523,105373265,0.9012337136335541,false,6523,105373265,0.9012337136335541
6523,284434,0.703432036150455,false,6523,284434,0.703432036150455
6523,65217,0.8117249413418353,false,6523,65217,0.8117249413418353
6523,388555,0.7870373668742633,false,6523,388555,0.7870373668742633
6523,306,0.8930511124501316,false,6523,306,0.8930511124501316
6523,728643,0.8649614905564271,false,6523,728643,0.8649614905564271
6523,105372793,0.8858134656563612,false,6523,105372793,0.8858134656563612
6523,6332,0.8636696095730102,false,6523,6332,0.8636696095730102
6523,105180391,0.7615507125168526,false,6523,105180391,0.7615507125168526
6523,113218482,0.9667668509325708,false,6523,113218482,0.9667668509325708
6523,79098,0.9066400218364739,false,6523,79098,0.9066400218364739
6523,112268422,0.8953620150388584,false,6523,112268422,0.8953620150388584
6523,3856,0.9386238220304483,false,6523,3856,0.9386238220304483
6523,33,0.8385577931352074,false,6523,33,0.8385577931352074
6523,767566,0.8187087082877159,false,6523,767566,0.8187087082877159
6523,201625,0.8937006411241823,false,6523,201625,0.8937006411241823
6523,26226,0.873272425809507,false,6523,26226,0.873272425809507
155465,6440,0.8476033696005516,false,155465,6440,0.8476033696005516
155465,56955,0.755797580948006,false,155465,56955,0.755797580948006
10586,4222,0.7719878513651023,false,10586,4222,0.7719878513651023
10586,448831,0.8540006160809193,false,10586,448831,0.8540006160809193
10586,441581,0.848309155564331,false,10586,441581,0.848309155564331
10586,1028,0.8390174510738507,false,10586,1028,0.8390174510738507
10586,1381,0.7842741094405781,false,10586,1381,0.7842741094405781
10586,6441,0.8178948091951638,false,10586,6441,0.8178948091951638
3960,58524,0.7581377796341918,false,3960,58524,0.7581377796341918
3960,64073,0.8230417109412469,false,3960,64073,0.8230417109412469
3960,63924,0.7633652914669203,false,3960,63924,0.7633652914669203
3960,999,0.7268925407103726,false,3960,999,0.7268925407103726
58524,64073,0.9144345461096458,false,58524,64073,0.9144345461096458
58524,63924,0.7567656842115801,false,58524,63924,0.7567656842115801
58524,999,0.7182335221154362,false,58524,999,0.7182335221154362
341676,148213,0.7249691209278409,false,341676,148213,0.7249691209278409
341676,105373265,0.7415519871107404,false,341676,105373265,0.7415519871107404
341676,284434,0.8692129934955697,false,341676,284434,0.8692129934955697
341676,65217,0.7178579478419714,false,341676,65217,0.7178579478419714
341676,7620,0.7867885345109319,false,341676,7620,0.7867885345109319
341676,55892,0.8039356776679562,false,341676,55892,0.8039356776679562
341676,388555,0.7468271339624611,false,341676,388555,0.7468271339624611
341676,306,0.7819465581630654,false,341676,306,0.7819465581630654
341676,105372793,0.8578693735203538,false,341676,105372793,0.8578693735203538
341676,6332,0.8096895937231409,false,341676,6332,0.8096895937231409
341676,105180391,0.8186104025967811,false,341676,105180391,0.8186104025967811
341676,100529240,0.8245875961233085,false,341676,100529240,0.8245875961233085
341676,113218482,0.7667311319157776,false,341676,113218482,0.7667311319157776
341676,79098,0.722024243495106,false,341676,79098,0.722024243495106
341676,112268422,0.8883908611247961,false,341676,112268422,0.8883908611247961
341676,649946,0.7347343324865585,false,341676,649946,0.7347343324865585
341676,33,0.8717845680722185,false,341676,33,0.8717845680722185
341676,201625,0.7785231742148739,false,341676,201625,0.7785231742148739
341676,26226,0.7523407885542164,false,341676,26226,0.7523407885542164
148213,7620,0.9426005790039023,false,148213,7620,0.9426005790039023
148213,4179,0.8294234256534688,false,148213,4179,0.8294234256534688
148213,55892,0.7205568596093757,false,148213,55892,0.7205568596093757
148213,102723552,0.8545463478868525,false,148213,102723552,0.8545463478868525
148213,100529240,0.8750764295138039,false,148213,100529240,0.8750764295138039
79632,1746,0.7810308259170629,false,79632,1746,0.7810308259170629
5225,253982,0.7007705439191938,false,5225,253982,0.7007705439191938
5225,11081,0.9395733412035255,false,5225,11081,0.9395733412035255
3240,105373265,0.7319300321766334,false,3240,105373265,0.7319300321766334
3240,1767,0.7056385415734128,false,3240,1767,0.7056385415734128
3240,65217,0.7462505825706724,false,3240,65217,0.7462505825706724
3240,388555,0.7472408987823915,false,3240,388555,0.7472408987823915
3240,306,0.7921134045675816,false,3240,306,0.7921134045675816
3240,105372793,0.7405884232672656,false,3240,105372793,0.7405884232672656
3240,6332,0.7105542159977609,false,3240,6332,0.7105542159977609
3240,105180391,0.7934122156297602,false,3240,105180391,0.7934122156297602
3240,79784,0.7381271154539586,false,3240,79784,0.7381271154539586
3240,113218482,0.7707870124601858,false,3240,113218482,0.7707870124601858
3240,79098,0.7539496200540823,false,3240,79098,0.7539496200540823
3240,3856,0.7958476843682986,false,3240,3856,0.7958476843682986
3240,649946,0.7248782090323768,false,3240,649946,0.7248782090323768
3240,33,0.8251396549849745,false,3240,33,0.8251396549849745
3240,767566,0.7174578149817202,false,3240,767566,0.7174578149817202
3240,201625,0.7036738206981726,false,3240,201625,0.7036738206981726
3240,26226,0.7286324146414099,false,3240,26226,0.7286324146414099
4222,448831,0.8605710960307952,false,4222,448831,0.8605710960307952
4222,441581,0.9373776507852298,false,4222,441581,0.9373776507852298
4222,1028,0.8962939510164644,false,4222,1028,0.8962939510164644
4222,1746,0.8209792916400466,false,4222,1746,0.8209792916400466
4222,57524,0.8409288825370476,false,4222,57524,0.8409288825370476
4222,1381,0.9251907293233188,false,4222,1381,0.9251907293233188
4222,6441,0.9156885718310606,false,4222,6441,0.9156885718310606
253982,100130449,0.7412243476366686,false,253982,100130449,0.7412243476366686
253982,79740,0.8347134200303303,false,253982,79740,0.8347134200303303
4585,6440,0.7116332620183055,false,4585,6440,0.7116332620183055
4585,56955,0.7619540594503655,false,4585,56955,0.7619540594503655
4585,163479,0.7212788443719531,false,4585,163479,0.7212788443719531
448831,441581,0.9592066599179858,false,448831,441581,0.9592066599179858
448831,1028,0.8373303499492231,false,448831,1028,0.8373303499492231
448831,57524,0.7578575914761241,false,448831,57524,0.7578575914761241
448831,1381,0.9139407559318963,false,448831,1381,0.9139407559318963
448831,6441,0.8966420744896023,false,448831,6441,0.8966420744896023
105373265,284434,0.7176219363745721,false,105373265,284434,0.7176219363745721
105373265,65217,0.8500750125770407,false,105373265,65217,0.8500750125770407
105373265,388555,0.8912446642353291,false,105373265,388555,0.8912446642353291
105373265,306,0.8838852115404013,false,105373265,306,0.8838852115404013
105373265,728643,0.8880730275444049,false,105373265,728643,0.8880730275444049
105373265,105372793,0.8267749508540947,false,105373265,105372793,0.8267749508540947
105373265,6332,0.9016190400807448,false,105373265,6332,0.9016190400807448
105373265,105180391,0.7361890042119624,false,105373265,105180391,0.7361890042119624
105373265,113218482,0.9128159290403711,false,105373265,113218482,0.9128159290403711
105373265,79098,0.9222725957664534,false,105373265,79098,0.9222725957664534
105373265,112268422,0.8706453628146013,false,105373265,112268422,0.8706453628146013
105373265,3856,0.8925221531630616,false,105373265,3856,0.8925221531630616
105373265,33,0.8685124580916368,false,105373265,33,0.8685124580916368
105373265,767566,0.8767061144151957,false,105373265,767566,0.8767061144151957
105373265,201625,0.8609280295403126,false,105373265,201625,0.8609280295403126
105373265,26226,0.8798330878510912,false,105373265,26226,0.8798330878510912
284434,55892,0.73348997605302,false,284434,55892,0.73348997605302
284434,105372793,0.8452410115042209,false,284434,105372793,0.8452410115042209
284434,6332,0.8101715446132869,false,284434,6332,0.8101715446132869
284434,105180391,0.799949613812549,false,284434,105180391,0.799949613812549
284434,113218482,0.7355764817521776,false,284434,113218482,0.7355764817521776
284434,112268422,0.8605589520880236,false,284434,112268422,0.8605589520880236
284434,33,0.7569169140204394,false,284434,33,0.7569169140204394
284434,201625,0.7484283739558708,false,284434,201625,0.7484283739558708
284434,26226,0.7471956274435819,false,284434,26226,0.7471956274435819
1767,728643,0.7355898829194556,false,1767,728643,0.7355898829194556
1767,113218482,0.7223925846763048,false,1767,113218482,0.7223925846763048
1767,3856,0.7543905167600191,false,1767,3856,0.7543905167600191
65217,388555,0.8730384191401281,false,65217,388555,0.8730384191401281
65217,306,0.807510572396922,false,65217,306,0.807510572396922
65217,728643,0.8017147119023956,false,65217,728643,0.8017147119023956
65217,105372793,0.7772419354942551,false,65217,105372793,0.7772419354942551
65217,6332,0.9084694811702516,false,65217,6332,0.9084694811702516
65217,105180391,0.7532279444358032,false,65217,105180391,0.7532279444358032
65217,113218482,0.8467487903293494,false,65217,113218482,0.8467487903293494
65217,79098,0.8637772814404651,false,65217,79098,0.8637772814404651
65217,112268422,0.802150882267971,false,65217,112268422,0.802150882267971
65217,3856,0.8521577663514462,false,65217,3856,0.8521577663514462
65217,33,0.9123762244236348,false,65217,33,0.9123762244236348
65217,767566,0.7662009715270551,false,65217,767566,0.7662009715270551
65217,201625,0.7979616666966634,false,65217,201625,0.7979616666966634
65217,26226,0.7750946977854246,false,65217,26226,0.7750946977854246
7620,4179,0.7980617089117129,false,7620,4179,0.7980617089117129
7620,55892,0.7599470074206214,false,7620,55892,0.7599470074206214
7620,102723552,0.8310063786090979,false,7620,102723552,0.8310063786090979
7620,100529240,0.941101997689186,false,7620,100529240,0.941101997689186
7620,649946,0.7884985392286299,false,7620,649946,0.7884985392286299
4179,102723552,0.752669844536622,false,4179,102723552,0.752669844536622
4179,100529240,0.8139557163496972,false,4179,100529240,0.8139557163496972
4179,649946,0.7773977341784888,false,4179,649946,0.7773977341784888
4179,259294,0.73043001149364,false,4179,259294,0.73043001149364
55892,105372793,0.7307370086546233,false,55892,105372793,0.7307370086546233
55892,105180391,0.7010791252804075,false,55892,105180391,0.7010791252804075
55892,100529240,0.7323463707730321,false,55892,100529240,0.7323463707730321
55892,112268422,0.7813385773713885,false,55892,112268422,0.7813385773713885
388555,306,0.855848653227241,false,388555,306,0.855848653227241
388555,728643,0.8183325515283882,false,388555,728643,0.8183325515283882
388555,105372793,0.7450062257912449,false,388555,105372793,0.7450062257912449
388555,6332,0.8528622323210943,false,388555,6332,0.8528622323210943
388555,105180391,0.7040613060392945,false,388555,105180391,0.7040613060392945
388555,113218482,0.8188255205530609,false,388555,113218482,0.8188255205530609
388555,79098,0.79737148817851,false,388555,79098,0.79737148817851
388555,112268422,0.7967898598850615,false,388555,112268422,0.7967898598850615
388555,3856,0.8140730413997964,false,388555,3856,0.8140730413997964
388555,33,0.9083158044694626,false,388555,33,0.9083158044694626
388555,767566,0.9196392530553157,false,388555,767566,0.9196392530553157
388555,201625,0.7272238883537271,false,388555,201625,0.7272238883537271
388555,26226,0.7635200925046252,false,388555,26226,0.7635200925046252
441581,1028,0.8695341555654156,false,441581,1028,0.8695341555654156
441581,1746,0.7475265365350717,false,441581,1746,0.7475265365350717
441581,57524,0.8323696903512489,false,441581,57524,0.8323696903512489
441581,1381,0.9731302084471518,false,441581,1381,0.9731302084471518
441581,6441,0.9301429632844669,false,441581,6441,0.9301429632844669
306,728643,0.8642266343521072,false,306,728643,0.8642266343521072
306,105372793,0.8290374200295169,false,306,105372793,0.8290374200295169
306,6332,0.8436131586241054,false,306,6332,0.8436131586241054
306,105180391,0.7255380599583471,false,306,105180391,0.7255380599583471
306,100529240,0.7321241348486489,false,306,100529240,0.7321241348486489
306,113218482,0.9270740796643662,false,306,113218482,0.9270740796643662
306,79098,0.8755011478603898,false,306,79098,0.8755011478603898
306,112268422,0.8788360431796083,false,306,112268422,0.8788360431796083
306,3856,0.8738192146580406,false,306,3856,0.8738192146580406
306,649946,0.7387439491244903,false,306,649946,0.7387439491244903
306,33,0.8902194968369063,false,306,33,0.8902194968369063
306,767566,0.8692008367231666,false,306,767566,0.8692008367231666
306,201625,0.809568244678702,false,306,201625,0.809568244678702
306,26226,0.8956365373330166,false,306,26226,0.8956365373330166
728643,105372793,0.7792308653083767,false,728643,105372793,0.7792308653083767
728643,6332,0.8688267498399277,false,728643,6332,0.8688267498399277
728643,113218482,0.918603282370392,false,728643,113218482,0.918603282370392
728643,79098,0.9202690305158321,false,728643,79098,0.9202690305158321
728643,112268422,0.8480877949561302,false,728643,112268422,0.8480877949561302
728643,3856,0.924710721298019,false,728643,3856,0.924710721298019
728643,33,0.7932694876835071,false,728643,33,0.7932694876835071
728643,767566,0.8226270633653876,false,728643,767566,0.8226270633653876
728643,201625,0.7863578183570064,false,728643,201625,0.7863578183570064
728643,26226,0.8502401827828314,false,728643,26226,0.8502401827828314
6440,56955,0.8687758003035657,false,6440,56955,0.8687758003035657
6440,100130449,0.7039564546065533,false,6440,100130449,0.7039564546065533
105372793,6332,0.8246518854989736,false,105372793,6332,0.8246518854989736
105372793,105180391,0.8019515639925884,false,105372793,105180391,0.8019515639925884
105372793,100529240,0.7234280584452245,false,105372793,100529240,0.7234280584452245
105372793,113218482,0.8951303896224053,false,105372793,113218482,0.8951303896224053
105372793,79098,0.846274053381819,false,105372793,79098,0.846274053381819
105372793,112268422,0.9674531601840239,false,105372793,112268422,0.9674531601840239
105372793,3856,0.8334303348944925,false,105372793,3856,0.8334303348944925
105372793,649946,0.7603407136779172,false,105372793,649946,0.7603407136779172
105372793,33,0.8671233641215736,false,105372793,33,0.8671233641215736
105372793,767566,0.7252502187245082,false,105372793,767566,0.7252502187245082
105372793,201625,0.8502179183421702,false,105372793,201625,0.8502179183421702
105372793,26226,0.8457849187789431,false,105372793,26226,0.8457849187789431
102723552,26084,0.7111433608876709,false,102723552,26084,0.7111433608876709
102723552,100529240,0.8064419898385156,false,102723552,100529240,0.8064419898385156
102723552,259294,0.7347645569559523,false,102723552,259294,0.7347645569559523
6332,105180391,0.8574037310092448,false,6332,105180391,0.8574037310092448
6332,113218482,0.9060947287634141,false,6332,113218482,0.9060947287634141
6332,79098,0.9208679246088486,false,6332,79098,0.9208679246088486
6332,112268422,0.867900929081087,false,6332,112268422,0.867900929081087
6332,3856,0.8749067972436316,false,6332,3856,0.8749067972436316
6332,33,0.8864918579956231,false,6332,33,0.8864918579956231
6332,767566,0.7868323199634308,false,6332,767566,0.7868323199634308
6332,201625,0.877827339154109,false,6332,201625,0.877827339154109
6332,26226,0.8788226375512754,false,6332,26226,0.8788226375512754
56955,100130449,0.7283012621837854,false,56955,100130449,0.7283012621837854
105180391,113218482,0.776127191673623,false,105180391,113218482,0.776127191673623
105180391,79098,0.7763959035275058,false,105180391,79098,0.7763959035275058
105180391,112268422,0.7735181358068269,false,105180391,112268422,0.7735181358068269
105180391,3856,0.7343473572846738,false,105180391,3856,0.7343473572846738
105180391,649946,0.7131870359144057,false,105180391,649946,0.7131870359144057
105180391,33,0.834878780241376,false,105180391,33,0.834878780241376
105180391,201625,0.8744104543006388,false,105180391,201625,0.8744104543006388
105180391,26226,0.7600141163518151,false,105180391,26226,0.7600141163518151
26084,100529240,0.702988696357887,false,26084,100529240,0.702988696357887
26084,259294,0.7544591465823175,false,26084,259294,0.7544591465823175
100529240,112268422,0.7139100983689312,false,100529240,112268422,0.7139100983689312
100529240,649946,0.86684040694252,false,100529240,649946,0.86684040694252
100529240,259294,0.7448817642008957,false,100529240,259294,0.7448817642008957
11081,79740,0.7189690734237175,false,11081,79740,0.7189690734237175
113218482,79098,0.934630165340063,false,113218482,79098,0.934630165340063
113218482,112268422,0.9154562960700262,false,113218482,112268422,0.9154562960700262
113218482,3856,0.9608938188798947,false,113218482,3856,0.9608938188798947
113218482,649946,0.7148208704861754,false,113218482,649946,0.7148208704861754
113218482,33,0.8609495501294849,false,113218482,33,0.8609495501294849
113218482,767566,0.8160644856092051,false,113218482,767566,0.8160644856092051
113218482,201625,0.8845080522413408,false,113218482,201625,0.8845080522413408
113218482,26226,0.9343587462050491,false,113218482,26226,0.9343587462050491
153643,115677,0.7039074998913094,false,153643,115677,0.7039074998913094
153643,55808,0.7816248526556011,false,153643,55808,0.7816248526556011
1028,1746,0.7413704124904176,false,1028,1746,0.7413704124904176
1028,57524,0.8689244271888608,false,1028,57524,0.8689244271888608
1028,1381,0.8858142992738498,false,1028,1381,0.8858142992738498
1028,6441,0.8682737108315344,false,1028,6441,0.8682737108315344
115677,55808,0.7833347854042174,false,115677,55808,0.7833347854042174
64073,63924,0.8601565113847341,false,64073,63924,0.8601565113847341
64073,999,0.8266243816480304,false,64073,999,0.8266243816480304
1746,57524,0.7454744344336267,false,1746,57524,0.7454744344336267
1746,1381,0.786421521772999,false,1746,1381,0.786421521772999
1746,6441,0.7847294991950151,false,1746,6441,0.7847294991950151
57524,1381,0.9095599557562531,false,57524,1381,0.9095599557562531
57524,6441,0.7968497924317679,false,57524,6441,0.7968497924317679
79098,112268422,0.8718068226913943,false,79098,112268422,0.8718068226913943
79098,3856,0.9152955271475357,false,79098,3856,0.9152955271475357
79098,33,0.8415746030577236,false,79098,33,0.8415746030577236
79098,767566,0.7924652159030698,false,79098,767566,0.7924652159030698
79098,201625,0.8876369377792508,false,79098,201625,0.8876369377792508
79098,26226,0.9002532260123712,false,79098,26226,0.9002532260123712
112268422,3856,0.841639731281676,false,112268422,3856,0.841639731281676
112268422,649946,0.7202941013297566,false,112268422,649946,0.7202941013297566
112268422,33,0.893060376956521,false,112268422,33,0.893060376956521
112268422,767566,0.7880004512772848,false,112268422,767566,0.7880004512772848
112268422,201625,0.8582124744963288,false,112268422,201625,0.8582124744963288
112268422,26226,0.867465658447165,false,112268422,26226,0.867465658447165
3856,33,0.8218767389458851,false,3856,33,0.8218767389458851
3856,767566,0.7999076829682074,false,3856,767566,0.7999076829682074
3856,201625,0.805816798427595,false,3856,201625,0.805816798427595
3856,26226,0.8867784558902403,false,3856,26226,0.8867784558902403
57575,100033436,0.7530618159872924,false,57575,100033436,0.7530618159872924
649946,26226,0.7772677305155447,false,649946,26226,0.7772677305155447
33,767566,0.8518372812025319,false,33,767566,0.8518372812025319
33,201625,0.825925549387007,false,33,201625,0.825925549387007
33,26226,0.8272556992380208,false,33,26226,0.8272556992380208
767566,26226,0.7319970356079937,false,767566,26226,0.7319970356079937
63924,999,0.7405906089346764,false,63924,999,0.7405906089346764
1381,6441,0.9264996950049661,false,1381,6441,0.9264996950049661
201625,26226,0.8216615910062371,false,201625,26226,0.8216615910062371
