Interaction,name,Pearson,selected,shared interaction,shared name,Weight
54854,100652781,0.8803675204512345,false,54854,100652781,0.8803675204512345
54854,6505,0.9382452496091512,false,54854,6505,0.9382452496091512
54854,8395,0.8500574623775045,false,54854,8395,0.8500574623775045
54854,10071,0.8812768367805229,false,54854,10071,0.8812768367805229
54854,100302161,0.8700830531263001,false,54854,100302161,0.8700830531263001
54854,218,0.9448532286112613,false,54854,218,0.9448532286112613
54854,92086,0.9296462359587062,false,54854,92086,0.9296462359587062
54854,9365,0.789989826173074,false,54854,9365,0.789989826173074
54854,51554,0.832836447932477,false,54854,51554,0.832836447932477
54854,55329,0.7577774242010441,false,54854,55329,0.7577774242010441
54854,112268252,0.8676568554888235,false,54854,112268252,0.8676568554888235
54854,277,0.937462648971709,false,54854,277,0.937462648971709
54854,80736,0.8519009195013648,false,54854,80736,0.8519009195013648
54854,163131,0.82612545283231,false,54854,163131,0.82612545283231
54854,100302170,0.989847816301874,false,54854,100302170,0.989847816301874
54854,25901,0.9506644949809118,false,54854,25901,0.9506644949809118
54854,51365,0.9623868371834273,false,54854,51365,0.9623868371834273
54854,7225,0.7924862198687229,false,54854,7225,0.7924862198687229
54854,27134,0.9455505549990254,false,54854,27134,0.9455505549990254
54854,157310,0.7815817775733496,false,54854,157310,0.7815817775733496
54854,5340,0.8927698194473092,false,54854,5340,0.8927698194473092
54854,4582,0.8115085476723916,false,54854,4582,0.8115085476723916
54854,3248,0.861030483672672,false,54854,3248,0.861030483672672
54854,255189,0.790974208328375,false,54854,255189,0.790974208328375
54854,641384,0.9553847508049836,false,54854,641384,0.9553847508049836
54854,100130449,0.8873251038791891,false,54854,100130449,0.8873251038791891
54854,10103,0.9582929872428584,false,54854,10103,0.9582929872428584
54854,1048,0.967891136284699,false,54854,1048,0.967891136284699
54854,100419743,0.9679205314507527,false,54854,100419743,0.9679205314507527
54854,3983,0.9212419014878986,false,54854,3983,0.9212419014878986
54854,3694,0.8035478982020364,false,54854,3694,0.8035478982020364
54854,285989,0.9537749443192408,false,54854,285989,0.9537749443192408
54854,2627,0.8983434390556609,false,54854,2627,0.8983434390556609
54854,1555,0.9195373466151529,false,54854,1555,0.9195373466151529
54854,57528,0.8916957418247778,false,54854,57528,0.8916957418247778
54854,201456,0.9319276417548749,false,54854,201456,0.9319276417548749
54854,57186,0.905681889612789,false,54854,57186,0.905681889612789
54854,6473,0.9679205314507527,false,54854,6473,0.9679205314507527
54854,102723508,0.8776951927173254,false,54854,102723508,0.8776951927173254
54854,341676,0.9322007121158462,false,54854,341676,0.9322007121158462
54854,148213,0.9400019289707079,false,54854,148213,0.9400019289707079
54854,10595,0.8958850175790789,false,54854,10595,0.8958850175790789
54854,4583,0.870343095522182,false,54854,4583,0.870343095522182
54854,55567,0.9673543084636486,false,54854,55567,0.9673543084636486
54854,7851,0.8071133738310479,false,54854,7851,0.8071133738310479
54854,692072,0.866984927873596,false,54854,692072,0.866984927873596
54854,55808,0.9567800346031594,false,54854,55808,0.9567800346031594
54854,999,0.8937556782249979,false,54854,999,0.8937556782249979
54854,126353,0.8971846872499539,false,54854,126353,0.8971846872499539
54854,388743,0.9554067644931368,false,54854,388743,0.9554067644931368
54854,1577,0.8168365917118091,false,54854,1577,0.8168365917118091
54854,340267,0.837290691642644,false,54854,340267,0.837290691642644
54854,200879,0.9603464939414655,false,54854,200879,0.9603464939414655
54854,1510,0.9516675119901797,false,54854,1510,0.9516675119901797
54854,278,0.7944813744619997,false,54854,278,0.7944813744619997
54854,57111,0.9581962029950571,false,54854,57111,0.9581962029950571
54854,116844,0.815566955542712,false,54854,116844,0.815566955542712
54854,10129,0.9673058159435195,false,54854,10129,0.9673058159435195
54854,4586,0.9680849544166662,false,54854,4586,0.9680849544166662
54854,10551,0.9739507407876877,false,54854,10551,0.9739507407876877
54854,117155,0.920460651981749,false,54854,117155,0.920460651981749
54854,112268155,0.9084000767217691,false,54854,112268155,0.9084000767217691
54854,1152,0.8981516064263982,false,54854,1152,0.8981516064263982
54854,79083,0.9525734262319056,false,54854,79083,0.9525734262319056
54854,1556,0.8025932206024667,false,54854,1556,0.8025932206024667
54854,55930,0.9846475556096037,false,54854,55930,0.9846475556096037
54854,22996,0.9776953304286364,false,54854,22996,0.9776953304286364
54854,54861,0.8481482576852597,false,54854,54861,0.8481482576852597
54854,100529240,0.9827943798021666,false,54854,100529240,0.9827943798021666
54854,113218482,0.9316036311505042,false,54854,113218482,0.9316036311505042
54854,647024,0.911412715839473,false,54854,647024,0.911412715839473
54854,255928,0.9664024961218244,false,54854,255928,0.9664024961218244
54854,8537,0.9552089262555542,false,54854,8537,0.9552089262555542
54854,10018,0.8731393934370625,false,54854,10018,0.8731393934370625
54854,115019,0.845315038565581,false,54854,115019,0.845315038565581
54854,168374,0.8236057965119862,false,54854,168374,0.8236057965119862
54854,143884,0.8950034992584902,false,54854,143884,0.8950034992584902
54854,3993,0.8716010968219561,false,54854,3993,0.8716010968219561
54854,389852,0.8896406861670956,false,54854,389852,0.8896406861670956
54854,164312,0.9412517163507726,false,54854,164312,0.9412517163507726
54854,2065,0.8179215602841075,false,54854,2065,0.8179215602841075
54854,135656,0.9673920770188865,false,54854,135656,0.9673920770188865
54854,94059,0.9608365209539487,false,54854,94059,0.9608365209539487
54854,26769,0.8735236806243566,false,54854,26769,0.8735236806243566
54854,3960,0.8476612674557317,false,54854,3960,0.8476612674557317
54854,23584,0.7545856655077777,false,54854,23584,0.7545856655077777
54854,692213,0.810095305933391,false,54854,692213,0.810095305933391
54854,153643,0.8416367540847642,false,54854,153643,0.8416367540847642
54854,112268422,0.9669776940182894,false,54854,112268422,0.9669776940182894
54854,259294,0.9118543656772056,false,54854,259294,0.9118543656772056
54854,2266,0.9717709544249004,false,54854,2266,0.9717709544249004
54854,745,0.8925439855666848,false,54854,745,0.8925439855666848
100652781,6505,0.8272189088026421,false,100652781,6505,0.8272189088026421
100652781,8395,0.9380049167037666,false,100652781,8395,0.9380049167037666
100652781,8796,0.8353624741726012,false,100652781,8796,0.8353624741726012
100652781,10071,0.945705753997639,false,100652781,10071,0.945705753997639
100652781,100302161,0.9250634687103335,false,100652781,100302161,0.9250634687103335
100652781,218,0.9625778446542509,false,100652781,218,0.9625778446542509
100652781,92086,0.886472504037074,false,100652781,92086,0.886472504037074
100652781,51554,0.77152202737165,false,100652781,51554,0.77152202737165
100652781,9208,0.7807483747036272,false,100652781,9208,0.7807483747036272
100652781,112268252,0.9865128317931111,false,100652781,112268252,0.9865128317931111
100652781,277,0.9578852123063896,false,100652781,277,0.9578852123063896
100652781,80736,0.7624879204138756,false,100652781,80736,0.7624879204138756
100652781,163131,0.7731515867098123,false,100652781,163131,0.7731515867098123
100652781,100302170,0.9287609528551775,false,100652781,100302170,0.9287609528551775
100652781,25901,0.8587798205930736,false,100652781,25901,0.8587798205930736
100652781,51365,0.9356369374622298,false,100652781,51365,0.9356369374622298
100652781,7225,0.8522085868809123,false,100652781,7225,0.8522085868809123
100652781,27134,0.9606918094733505,false,100652781,27134,0.9606918094733505
100652781,654412,0.8053323007020468,false,100652781,654412,0.8053323007020468
100652781,157310,0.8754053905355004,false,100652781,157310,0.8754053905355004
100652781,5340,0.8839201055375735,false,100652781,5340,0.8839201055375735
100652781,4582,0.928361131778987,false,100652781,4582,0.928361131778987
100652781,3248,0.8527660368815299,false,100652781,3248,0.8527660368815299
100652781,255189,0.8112072919230701,false,100652781,255189,0.8112072919230701
100652781,641384,0.9108625523073982,false,100652781,641384,0.9108625523073982
100652781,100130449,0.9469922510252814,false,100652781,100130449,0.9469922510252814
100652781,10103,0.950849297841129,false,100652781,10103,0.950849297841129
100652781,3856,0.8178444291969086,false,100652781,3856,0.8178444291969086
100652781,1048,0.9464746758957795,false,100652781,1048,0.9464746758957795
100652781,100419743,0.946531915607552,false,100652781,100419743,0.946531915607552
100652781,3983,0.9030893875086363,false,100652781,3983,0.9030893875086363
100652781,3694,0.9696490953982811,false,100652781,3694,0.9696490953982811
100652781,285989,0.8915309406561845,false,100652781,285989,0.8915309406561845
100652781,2627,0.9228229117600896,false,100652781,2627,0.9228229117600896
100652781,1555,0.9619621316917882,false,100652781,1555,0.9619621316917882
100652781,57528,0.9397214194781088,false,100652781,57528,0.9397214194781088
100652781,201456,0.8952906029737002,false,100652781,201456,0.8952906029737002
100652781,57186,0.9165732224824633,false,100652781,57186,0.9165732224824633
100652781,6473,0.946531915607552,false,100652781,6473,0.946531915607552
100652781,102723508,0.8237618674393896,false,100652781,102723508,0.8237618674393896
100652781,9356,0.8296663130141935,false,100652781,9356,0.8296663130141935
100652781,641776,0.8445024623988681,false,100652781,641776,0.8445024623988681
100652781,100506658,0.751959459662839,false,100652781,100506658,0.751959459662839
100652781,341676,0.9280613745408699,false,100652781,341676,0.9280613745408699
100652781,148213,0.9310191906259417,false,100652781,148213,0.9310191906259417
100652781,10595,0.9030409817408981,false,100652781,10595,0.9030409817408981
100652781,4583,0.9890621470328612,false,100652781,4583,0.9890621470328612
100652781,55567,0.9195177607693739,false,100652781,55567,0.9195177607693739
100652781,7851,0.9388977545877629,false,100652781,7851,0.9388977545877629
100652781,692072,0.9413418579902904,false,100652781,692072,0.9413418579902904
100652781,55808,0.9492685434492316,false,100652781,55808,0.9492685434492316
100652781,999,0.9209082383476265,false,100652781,999,0.9209082383476265
100652781,126353,0.9959438376266231,false,100652781,126353,0.9959438376266231
100652781,388743,0.9609373200657327,false,100652781,388743,0.9609373200657327
100652781,1577,0.9371773327226538,false,100652781,1577,0.9371773327226538
100652781,340267,0.8324837024748831,false,100652781,340267,0.8324837024748831
100652781,200879,0.9456433763632287,false,100652781,200879,0.9456433763632287
100652781,1510,0.969162020081021,false,100652781,1510,0.969162020081021
100652781,102723849,0.8530333328139746,false,100652781,102723849,0.8530333328139746
100652781,57111,0.9512164823309525,false,100652781,57111,0.9512164823309525
100652781,10129,0.8184453943835771,false,100652781,10129,0.8184453943835771
100652781,4586,0.947923527834443,false,100652781,4586,0.947923527834443
100652781,10551,0.9499207192119316,false,100652781,10551,0.9499207192119316
100652781,117155,0.8812985518828693,false,100652781,117155,0.8812985518828693
100652781,112268155,0.9485264534917976,false,100652781,112268155,0.9485264534917976
100652781,1152,0.8490468757925136,false,100652781,1152,0.8490468757925136
100652781,79083,0.9316666520431887,false,100652781,79083,0.9316666520431887
100652781,1556,0.8403990646475163,false,100652781,1556,0.8403990646475163
100652781,55930,0.9164906752537078,false,100652781,55930,0.9164906752537078
100652781,22996,0.833658206970074,false,100652781,22996,0.833658206970074
100652781,7113,0.9086658704721956,false,100652781,7113,0.9086658704721956
100652781,105180391,0.7711913636620771,false,100652781,105180391,0.7711913636620771
100652781,100529240,0.9158020163925112,false,100652781,100529240,0.9158020163925112
100652781,113218482,0.904844003693735,false,100652781,113218482,0.904844003693735
100652781,647024,0.9119673582467734,false,100652781,647024,0.9119673582467734
100652781,255928,0.9499377442172414,false,100652781,255928,0.9499377442172414
100652781,8537,0.9627800650898284,false,100652781,8537,0.9627800650898284
100652781,10018,0.8751918211498417,false,100652781,10018,0.8751918211498417
100652781,115019,0.9066234673720199,false,100652781,115019,0.9066234673720199
100652781,105180390,0.8109422500539067,false,100652781,105180390,0.8109422500539067
100652781,1043,0.750446043322414,false,100652781,1043,0.750446043322414
100652781,168374,0.9647333805350667,false,100652781,168374,0.9647333805350667
100652781,143884,0.852209812830754,false,100652781,143884,0.852209812830754
100652781,3993,0.9188023550744002,false,100652781,3993,0.9188023550744002
100652781,389852,0.969471421857193,false,100652781,389852,0.969471421857193
100652781,164312,0.9458952506026012,false,100652781,164312,0.9458952506026012
100652781,84239,0.8091517364197534,false,100652781,84239,0.8091517364197534
100652781,2065,0.9721425442485575,false,100652781,2065,0.9721425442485575
100652781,135656,0.9469564034556426,false,100652781,135656,0.9469564034556426
100652781,94059,0.8360578861470978,false,100652781,94059,0.8360578861470978
100652781,3960,0.9274082805984093,false,100652781,3960,0.9274082805984093
100652781,23584,0.7858039667936942,false,100652781,23584,0.7858039667936942
100652781,692213,0.8519586296528731,false,100652781,692213,0.8519586296528731
100652781,153643,0.8875708564122854,false,100652781,153643,0.8875708564122854
100652781,112268422,0.7638139555722312,false,100652781,112268422,0.7638139555722312
100652781,259294,0.9279780442649842,false,100652781,259294,0.9279780442649842
100652781,2266,0.9186467408729106,false,100652781,2266,0.9186467408729106
100652781,745,0.8775216508070155,false,100652781,745,0.8775216508070155
107984406,55081,0.857293477427909,false,107984406,55081,0.857293477427909
107984406,55289,0.8061634454394319,false,107984406,55289,0.8061634454394319
107984406,2160,0.8560808772058284,false,107984406,2160,0.8560808772058284
107984406,361,0.8207803768898964,false,107984406,361,0.8207803768898964
107984406,131873,0.8108212983436619,false,107984406,131873,0.8108212983436619
107984406,1768,0.9136763391797879,false,107984406,1768,0.9136763391797879
107984406,1161,0.8302549585361167,false,107984406,1161,0.8302549585361167
107984406,11148,0.8689351487102406,false,107984406,11148,0.8689351487102406
107984406,79188,0.9406561753215755,false,107984406,79188,0.9406561753215755
107984406,4233,0.8692740898895024,false,107984406,4233,0.8692740898895024
107984406,93035,0.8346804558892076,false,107984406,93035,0.8346804558892076
107984406,1528,0.7900667344724025,false,107984406,1528,0.7900667344724025
107984406,222389,0.8717695906776839,false,107984406,222389,0.8717695906776839
107984406,138428,0.8973340859012261,false,107984406,138428,0.8973340859012261
107984406,6523,0.8315588251201242,false,107984406,6523,0.8315588251201242
107984406,155465,0.807034640553531,false,107984406,155465,0.807034640553531
107984406,55892,0.8045501709060553,false,107984406,55892,0.8045501709060553
107984406,3249,0.8410726869376327,false,107984406,3249,0.8410726869376327
107984406,306,0.8153163471374614,false,107984406,306,0.8153163471374614
107984406,6440,0.8055326957709409,false,107984406,6440,0.8055326957709409
107984406,33,0.8765036980749388,false,107984406,33,0.8765036980749388
107984406,375612,0.8076301581134998,false,107984406,375612,0.8076301581134998
107984406,10529,0.7677045124200481,false,107984406,10529,0.7677045124200481
107984406,9914,0.9324077246533921,false,107984406,9914,0.9324077246533921
107984406,56241,0.9145275364672247,false,107984406,56241,0.9145275364672247
107984406,163720,0.8691206945716238,false,107984406,163720,0.8691206945716238
107984406,722,0.8621820813276194,false,107984406,722,0.8621820813276194
107984406,2327,0.7994929953650544,false,107984406,2327,0.7994929953650544
107984406,79908,0.7874413583627063,false,107984406,79908,0.7874413583627063
107984406,388323,0.7924046740952145,false,107984406,388323,0.7924046740952145
107984406,146177,0.8285553335562145,false,107984406,146177,0.8285553335562145
107984406,728226,0.8004720764224351,false,107984406,728226,0.8004720764224351
107984406,81615,0.9254547698527688,false,107984406,81615,0.9254547698527688
107984406,102723382,0.8982873055803492,false,107984406,102723382,0.8982873055803492
107984406,474354,0.775137542651719,false,107984406,474354,0.775137542651719
107984406,1040,0.9209385364989231,false,107984406,1040,0.9209385364989231
107984406,54842,0.8192199614311038,false,107984406,54842,0.8192199614311038
107984406,107985317,0.8213814736765961,false,107984406,107985317,0.8213814736765961
107984406,128602,0.8897160477306993,false,107984406,128602,0.8897160477306993
107984406,2595,0.9223555645590935,false,107984406,2595,0.9223555645590935
107984406,9223,0.8285653387297462,false,107984406,9223,0.8285653387297462
107984406,253970,0.8434037010391074,false,107984406,253970,0.8434037010391074
107984406,503645,0.8439227134119494,false,107984406,503645,0.8439227134119494
107984406,4070,0.7836892032568099,false,107984406,4070,0.7836892032568099
107984406,346007,0.9031880727303508,false,107984406,346007,0.9031880727303508
107984406,116984,0.8750210477430037,false,107984406,116984,0.8750210477430037
107984406,825,0.9109703948102152,false,107984406,825,0.9109703948102152
107984406,93517,0.8181480180992535,false,107984406,93517,0.8181480180992535
107984406,101927516,0.8647758131347391,false,107984406,101927516,0.8647758131347391
107984406,285,0.7577021575687726,false,107984406,285,0.7577021575687726
107984406,27074,0.7591812761516015,false,107984406,27074,0.7591812761516015
107984406,100996506,0.8252719469013888,false,107984406,100996506,0.8252719469013888
107984406,79632,0.823131147355299,false,107984406,79632,0.823131147355299
107984406,100505495,0.8109026535592537,false,107984406,100505495,0.8109026535592537
107984406,4179,0.8210150937560337,false,107984406,4179,0.8210150937560337
107984406,2122,0.8432473798216934,false,107984406,2122,0.8432473798216934
107984406,84059,0.8994115941234394,false,107984406,84059,0.8994115941234394
107984406,6097,0.880851044060993,false,107984406,6097,0.880851044060993
107984406,120892,0.8839220819385574,false,107984406,120892,0.8839220819385574
107984406,123624,0.8424646254771768,false,107984406,123624,0.8424646254771768
107984406,391253,0.8102572297177615,false,107984406,391253,0.8102572297177615
107984406,693188,0.7882402740730412,false,107984406,693188,0.7882402740730412
107984406,84851,0.8409373572289264,false,107984406,84851,0.8409373572289264
107984406,84525,0.9306162420633621,false,107984406,84525,0.9306162420633621
107984406,4861,0.8179707218962761,false,107984406,4861,0.8179707218962761
107984406,10203,0.8224062353139655,false,107984406,10203,0.8224062353139655
107984406,1080,0.8543442692329669,false,107984406,1080,0.8543442692329669
107984406,105372793,0.8394237777085655,false,107984406,105372793,0.8394237777085655
107984406,56955,0.8522119558212778,false,107984406,56955,0.8522119558212778
107984406,653509,0.7992037904828316,false,107984406,653509,0.7992037904828316
107984406,55282,0.8799365922064669,false,107984406,55282,0.8799365922064669
107984406,79098,0.7670022546803346,false,107984406,79098,0.7670022546803346
107984406,144535,0.9191291167728991,false,107984406,144535,0.9191291167728991
107984406,649946,0.9206391914263217,false,107984406,649946,0.9206391914263217
107984406,144571,0.9298868617375101,false,107984406,144571,0.9298868617375101
107984406,165186,0.8574018947560981,false,107984406,165186,0.8574018947560981
107984406,102465485,0.968915644300429,false,107984406,102465485,0.968915644300429
107984406,100033436,0.8963809792558671,false,107984406,100033436,0.8963809792558671
595135,6505,0.752686208123893,false,595135,6505,0.752686208123893
595135,10071,0.7942599738729023,false,595135,10071,0.7942599738729023
595135,100302161,0.7718713528137503,false,595135,100302161,0.7718713528137503
595135,3909,0.8303564717276073,false,595135,3909,0.8303564717276073
595135,541473,0.9762837444528895,false,595135,541473,0.9762837444528895
595135,9365,0.9307623326546424,false,595135,9365,0.9307623326546424
595135,51554,0.9753275143097397,false,595135,51554,0.9753275143097397
595135,9208,0.8179307961105625,false,595135,9208,0.8179307961105625
595135,80736,0.9619427817784431,false,595135,80736,0.9619427817784431
595135,100302170,0.7590750720099786,false,595135,100302170,0.7590750720099786
595135,7225,0.8900457301278586,false,595135,7225,0.8900457301278586
595135,3248,0.8720785839194597,false,595135,3248,0.8720785839194597
595135,255189,0.9569152980237877,false,595135,255189,0.9569152980237877
595135,3856,0.7818153828818438,false,595135,3856,0.7818153828818438
595135,1048,0.7660771322880544,false,595135,1048,0.7660771322880544
595135,100419743,0.7661749252454471,false,595135,100419743,0.7661749252454471
595135,3983,0.8528243869877464,false,595135,3983,0.8528243869877464
595135,285989,0.8904841365490358,false,595135,285989,0.8904841365490358
595135,2627,0.807880492940138,false,595135,2627,0.807880492940138
595135,57528,0.8091753599884649,false,595135,57528,0.8091753599884649
595135,201456,0.8632410460103318,false,595135,201456,0.8632410460103318
595135,57186,0.829329274589715,false,595135,57186,0.829329274589715
595135,6473,0.7661749252454472,false,595135,6473,0.7661749252454472
595135,102723508,0.9071705223271086,false,595135,102723508,0.9071705223271086
595135,100506658,0.9831530822874724,false,595135,100506658,0.9831530822874724
595135,5961,0.946043965130337,false,595135,5961,0.946043965130337
595135,692072,0.8414785106668058,false,595135,692072,0.8414785106668058
595135,55808,0.762154978322325,false,595135,55808,0.762154978322325
595135,26226,0.9282714621301259,false,595135,26226,0.9282714621301259
595135,388743,0.7796101025572129,false,595135,388743,0.7796101025572129
595135,340267,0.9631374170984395,false,595135,340267,0.9631374170984395
595135,200879,0.768089810650376,false,595135,200879,0.768089810650376
595135,6337,0.7833230847169846,false,595135,6337,0.7833230847169846
595135,57669,0.953392973383136,false,595135,57669,0.953392973383136
595135,116844,0.9044053395896299,false,595135,116844,0.9044053395896299
595135,10129,0.8350345329707213,false,595135,10129,0.8350345329707213
595135,4586,0.7632823941361422,false,595135,4586,0.7632823941361422
595135,54897,0.8398065774997102,false,595135,54897,0.8398065774997102
595135,117155,0.9106679773849602,false,595135,117155,0.9106679773849602
595135,112268155,0.8447588822961086,false,595135,112268155,0.8447588822961086
595135,1152,0.8021464282340106,false,595135,1152,0.8021464282340106
595135,79083,0.7785329780670021,false,595135,79083,0.7785329780670021
595135,1556,0.9354287728944417,false,595135,1556,0.9354287728944417
595135,55930,0.7767352083524974,false,595135,55930,0.7767352083524974
595135,22996,0.7518459912074594,false,595135,22996,0.7518459912074594
595135,7113,0.8103506003217467,false,595135,7113,0.8103506003217467
595135,54861,0.930330322553208,false,595135,54861,0.930330322553208
595135,222256,0.7716729865573452,false,595135,222256,0.7716729865573452
595135,113218482,0.8712771806580949,false,595135,113218482,0.8712771806580949
595135,255928,0.7598625515228472,false,595135,255928,0.7598625515228472
595135,115019,0.8807616866949282,false,595135,115019,0.8807616866949282
595135,168374,0.7718060494133863,false,595135,168374,0.7718060494133863
595135,143884,0.7700448583620971,false,595135,143884,0.7700448583620971
595135,3993,0.8412091854128615,false,595135,3993,0.8412091854128615
595135,84239,0.8626052415316384,false,595135,84239,0.8626052415316384
595135,135656,0.7662346554722562,false,595135,135656,0.7662346554722562
595135,3880,0.7557016202557988,false,595135,3880,0.7557016202557988
595135,23584,0.9329109772151014,false,595135,23584,0.9329109772151014
595135,153643,0.7677802820062133,false,595135,153643,0.7677802820062133
595135,112268422,0.7846324715587907,false,595135,112268422,0.7846324715587907
595135,259294,0.761890082171033,false,595135,259294,0.761890082171033
595135,745,0.8643479012384457,false,595135,745,0.8643479012384457
595135,440352,0.8617931146003424,false,595135,440352,0.8617931146003424
27283,79818,0.9574059666763506,false,27283,79818,0.9574059666763506
27283,102725051,0.9793757517283138,false,27283,102725051,0.9793757517283138
27283,55289,0.7704542490715852,false,27283,55289,0.7704542490715852
27283,51208,0.9149505655997318,false,27283,51208,0.9149505655997318
27283,1161,0.7951447041700282,false,27283,1161,0.7951447041700282
27283,4233,0.8045769597148815,false,27283,4233,0.8045769597148815
27283,55329,0.8905999572398611,false,27283,55329,0.8905999572398611
27283,163131,0.7547794179601642,false,27283,163131,0.7547794179601642
27283,4128,0.8400149875952871,false,27283,4128,0.8400149875952871
27283,55892,0.8110501298144521,false,27283,55892,0.8110501298144521
27283,654412,0.9200206944919942,false,27283,654412,0.9200206944919942
27283,5340,0.7734768910823736,false,27283,5340,0.7734768910823736
27283,4582,0.7897677631014932,false,27283,4582,0.7897677631014932
27283,100130449,0.7567461548386494,false,27283,100130449,0.7567461548386494
27283,79838,0.931570629846055,false,27283,79838,0.931570629846055
27283,10529,0.826427451007831,false,27283,10529,0.826427451007831
27283,503640,0.9869090900787217,false,27283,503640,0.9869090900787217
27283,259290,0.9322577752964545,false,27283,259290,0.9322577752964545
27283,6751,0.9549901051475342,false,27283,6751,0.9549901051475342
27283,79908,0.7945509089333541,false,27283,79908,0.7945509089333541
27283,51185,0.8498543744164787,false,27283,51185,0.8498543744164787
27283,130367,0.8545544699304597,false,27283,130367,0.8545544699304597
27283,285335,0.8739347408625525,false,27283,285335,0.8739347408625525
27283,9356,0.8435637143637622,false,27283,9356,0.8435637143637622
27283,641776,0.8857486052953701,false,27283,641776,0.8857486052953701
27283,200373,0.8344270447180056,false,27283,200373,0.8344270447180056
27283,474354,0.7708081354918738,false,27283,474354,0.7708081354918738
27283,107985317,0.7516270388574094,false,27283,107985317,0.7516270388574094
27283,54997,0.9275606544545283,false,27283,54997,0.9275606544545283
27283,7851,0.7544301269434597,false,27283,7851,0.7544301269434597
27283,109136579,0.995296770754361,false,27283,109136579,0.995296770754361
27283,503645,0.7530764253341934,false,27283,503645,0.7530764253341934
27283,64332,0.9017526137205414,false,27283,64332,0.9017526137205414
27283,346007,0.7552206414419517,false,27283,346007,0.7552206414419517
27283,116984,0.7678447493190509,false,27283,116984,0.7678447493190509
27283,137872,0.948482406003795,false,27283,137872,0.948482406003795
27283,1577,0.7527532926777112,false,27283,1577,0.7527532926777112
27283,100033430,0.9304114666497926,false,27283,100033430,0.9304114666497926
27283,102723849,0.824072779253754,false,27283,102723849,0.824072779253754
27283,89765,0.8570665647683761,false,27283,89765,0.8570665647683761
27283,619383,0.9050197060546512,false,27283,619383,0.9050197060546512
27283,378938,0.9944788025756796,false,27283,378938,0.9944788025756796
27283,285,0.8436644619845742,false,27283,285,0.8436644619845742
27283,66002,0.8934349530629881,false,27283,66002,0.8934349530629881
27283,7620,0.9684620227542278,false,27283,7620,0.9684620227542278
27283,105180391,0.9190784203404785,false,27283,105180391,0.9190784203404785
27283,151531,0.8935398404511528,false,27283,151531,0.8935398404511528
27283,10018,0.805013718828356,false,27283,10018,0.805013718828356
27283,201625,0.8137227840234067,false,27283,201625,0.8137227840234067
27283,105180390,0.9082783356961917,false,27283,105180390,0.9082783356961917
27283,692058,0.9620419679493618,false,27283,692058,0.9620419679493618
27283,645843,0.9322077158323145,false,27283,645843,0.9322077158323145
27283,121512,0.9543617658187586,false,27283,121512,0.9543617658187586
27283,776,0.8741373854403539,false,27283,776,0.8741373854403539
27283,3960,0.7791755382934549,false,27283,3960,0.7791755382934549
27283,284323,0.9676426504599965,false,27283,284323,0.9676426504599965
27283,65217,0.9408837487839253,false,27283,65217,0.9408837487839253
27283,692213,0.8706881676948491,false,27283,692213,0.8706881676948491
55081,1768,0.7694062013997118,false,55081,1768,0.7694062013997118
55081,80122,0.7733880890456951,false,55081,80122,0.7733880890456951
55081,79188,0.7793511529290988,false,55081,79188,0.7793511529290988
55081,222389,0.9161771915469065,false,55081,222389,0.9161771915469065
55081,6440,0.7529698843169202,false,55081,6440,0.7529698843169202
55081,56241,0.8086069966900348,false,55081,56241,0.8086069966900348
55081,2327,0.8131406436113859,false,55081,2327,0.8131406436113859
55081,54848,0.7867649401879588,false,55081,54848,0.7867649401879588
55081,6799,0.7783253332459609,false,55081,6799,0.7783253332459609
55081,653509,0.770563043535564,false,55081,653509,0.770563043535564
6505,8395,0.885702056672628,false,6505,8395,0.885702056672628
6505,102725051,0.7890543544463694,false,6505,102725051,0.7890543544463694
6505,10071,0.9174397037438146,false,6505,10071,0.9174397037438146
6505,100302161,0.92028493118231,false,6505,100302161,0.92028493118231
6505,218,0.8401898569810184,false,6505,218,0.8401898569810184
6505,92086,0.8174538681181929,false,6505,92086,0.8174538681181929
6505,51554,0.7951632014173401,false,6505,51554,0.7951632014173401
6505,55329,0.9047490058116625,false,6505,55329,0.9047490058116625
6505,112268252,0.8541173971162249,false,6505,112268252,0.8541173971162249
6505,277,0.8723133617001879,false,6505,277,0.8723133617001879
6505,80736,0.8201870137565678,false,6505,80736,0.8201870137565678
6505,163131,0.9097511148842461,false,6505,163131,0.9097511148842461
6505,100302170,0.9432641980799323,false,6505,100302170,0.9432641980799323
6505,25901,0.991714049654861,false,6505,25901,0.991714049654861
6505,51365,0.8569237847737422,false,6505,51365,0.8569237847737422
6505,7225,0.7646899399951165,false,6505,7225,0.7646899399951165
6505,27134,0.8393623850303606,false,6505,27134,0.8393623850303606
6505,654412,0.7717009082581562,false,6505,654412,0.7717009082581562
6505,5340,0.9445562500795436,false,6505,5340,0.9445562500795436
6505,4582,0.8772314468162143,false,6505,4582,0.8772314468162143
6505,3248,0.779260215795769,false,6505,3248,0.779260215795769
6505,255189,0.7518412799879743,false,6505,255189,0.7518412799879743
6505,641384,0.9768660536994184,false,6505,641384,0.9768660536994184
6505,100130449,0.927536229556644,false,6505,100130449,0.927536229556644
6505,10103,0.8399337520368487,false,6505,10103,0.8399337520368487
6505,1048,0.8898730239048278,false,6505,1048,0.8898730239048278
6505,100419743,0.8899784400002789,false,6505,100419743,0.8899784400002789
6505,3983,0.8195245064569623,false,6505,3983,0.8195245064569623
6505,285989,0.9174091751958593,false,6505,285989,0.9174091751958593
6505,2627,0.7778061481690284,false,6505,2627,0.7778061481690284
6505,259290,0.8163759112136011,false,6505,259290,0.8163759112136011
6505,1555,0.7917912633886116,false,6505,1555,0.7917912633886116
6505,57528,0.9057176077773366,false,6505,57528,0.9057176077773366
6505,201456,0.8538209257127096,false,6505,201456,0.8538209257127096
6505,57186,0.8017660332611173,false,6505,57186,0.8017660332611173
6505,6473,0.8899784400002789,false,6505,6473,0.8899784400002789
6505,102723508,0.7957330856928212,false,6505,102723508,0.7957330856928212
6505,9356,0.8000815837742861,false,6505,9356,0.8000815837742861
6505,641776,0.8045440021020168,false,6505,641776,0.8045440021020168
6505,341676,0.7955109138495973,false,6505,341676,0.7955109138495973
6505,148213,0.961175853316201,false,6505,148213,0.961175853316201
6505,10595,0.7622288054582946,false,6505,10595,0.7622288054582946
6505,4583,0.8254262512490256,false,6505,4583,0.8254262512490256
6505,55567,0.8532539524185161,false,6505,55567,0.8532539524185161
6505,79848,0.7748176609847226,false,6505,79848,0.7748176609847226
6505,7851,0.8528024486444069,false,6505,7851,0.8528024486444069
6505,692072,0.8513397437446326,false,6505,692072,0.8513397437446326
6505,55808,0.8610835726233661,false,6505,55808,0.8610835726233661
6505,999,0.7505461102795037,false,6505,999,0.7505461102795037
6505,126353,0.8510623116733904,false,6505,126353,0.8510623116733904
6505,388743,0.9060755197521669,false,6505,388743,0.9060755197521669
6505,1577,0.8623654803097303,false,6505,1577,0.8623654803097303
6505,340267,0.835786586184914,false,6505,340267,0.835786586184914
6505,200879,0.8786290283120293,false,6505,200879,0.8786290283120293
6505,1510,0.8641855253110848,false,6505,1510,0.8641855253110848
6505,102723849,0.7892033066632587,false,6505,102723849,0.7892033066632587
6505,57669,0.7801343382510671,false,6505,57669,0.7801343382510671
6505,619383,0.8578887444232967,false,6505,619383,0.8578887444232967
6505,278,0.7681628488926241,false,6505,278,0.7681628488926241
6505,57111,0.8537018538111634,false,6505,57111,0.8537018538111634
6505,10129,0.9687526660493109,false,6505,10129,0.9687526660493109
6505,4586,0.888765158342978,false,6505,4586,0.888765158342978
6505,10551,0.8926922885752997,false,6505,10551,0.8926922885752997
6505,117155,0.9166224561402951,false,6505,117155,0.9166224561402951
6505,112268155,0.8639251843845678,false,6505,112268155,0.8639251843845678
6505,79083,0.8576792284198455,false,6505,79083,0.8576792284198455
6505,1556,0.756817646700842,false,6505,1556,0.756817646700842
6505,55930,0.9698578406318755,false,6505,55930,0.9698578406318755
6505,22996,0.876046909491032,false,6505,22996,0.876046909491032
6505,7113,0.7792377265039213,false,6505,7113,0.7792377265039213
6505,54861,0.760150109078344,false,6505,54861,0.760150109078344
6505,105180391,0.7548615634319039,false,6505,105180391,0.7548615634319039
6505,100529240,0.8761014834020369,false,6505,100529240,0.8761014834020369
6505,113218482,0.8493552489901689,false,6505,113218482,0.8493552489901689
6505,647024,0.7700145769374367,false,6505,647024,0.7700145769374367
6505,255928,0.8848109543290333,false,6505,255928,0.8848109543290333
6505,8537,0.8569278817798316,false,6505,8537,0.8569278817798316
6505,10018,0.9674065287099292,false,6505,10018,0.9674065287099292
6505,115019,0.8744305783052808,false,6505,115019,0.8744305783052808
6505,105180390,0.7891588967731001,false,6505,105180390,0.7891588967731001
6505,168374,0.8153578429299483,false,6505,168374,0.8153578429299483
6505,143884,0.9517721290096061,false,6505,143884,0.9517721290096061
6505,3993,0.918227445064928,false,6505,3993,0.918227445064928
6505,389852,0.8861597277444635,false,6505,389852,0.8861597277444635
6505,164312,0.8217130768577103,false,6505,164312,0.8217130768577103
6505,2065,0.8299179639315041,false,6505,2065,0.8299179639315041
6505,135656,0.8896541775014438,false,6505,135656,0.8896541775014438
6505,94059,0.9928825357475722,false,6505,94059,0.9928825357475722
6505,26769,0.8334604022027179,false,6505,26769,0.8334604022027179
6505,3960,0.9015979782201785,false,6505,3960,0.9015979782201785
6505,23584,0.7996782543030752,false,6505,23584,0.7996782543030752
6505,692213,0.9331088535285614,false,6505,692213,0.9331088535285614
6505,112268422,0.9229870003103134,false,6505,112268422,0.9229870003103134
6505,259294,0.9327778642031148,false,6505,259294,0.9327778642031148
6505,79740,0.7715208649015575,false,6505,79740,0.7715208649015575
6505,2266,0.866343405115384,false,6505,2266,0.866343405115384
6505,745,0.7793342909554584,false,6505,745,0.7793342909554584
6505,440352,0.7719697180713802,false,6505,440352,0.7719697180713802
3206,116228,0.7671642894753362,false,3206,116228,0.7671642894753362
3206,8999,0.8402776526077759,false,3206,8999,0.8402776526077759
3206,79848,0.9831727488546628,false,3206,79848,0.9831727488546628
3206,100158262,0.9546382533680359,false,3206,100158262,0.9546382533680359
3206,342892,0.9367380008149697,false,3206,342892,0.9367380008149697
3206,94059,0.7592897142929736,false,3206,94059,0.7592897142929736
3206,26769,0.835473801280593,false,3206,26769,0.835473801280593
3206,112268422,0.7651769229299902,false,3206,112268422,0.7651769229299902
3206,79740,0.8115554004012319,false,3206,79740,0.8115554004012319
8395,79818,0.8131042212388212,false,8395,79818,0.8131042212388212
8395,102725051,0.8513935102513697,false,8395,102725051,0.8513935102513697
8395,8796,0.8214529424823129,false,8395,8796,0.8214529424823129
8395,10071,0.9889497507624291,false,8395,10071,0.9889497507624291
8395,100302161,0.9950989973174975,false,8395,100302161,0.9950989973174975
8395,218,0.8917150982433676,false,8395,218,0.8917150982433676
8395,3909,0.8398464579965673,false,8395,3909,0.8398464579965673
8395,92086,0.8770479514198791,false,8395,92086,0.8770479514198791
8395,51554,0.7902352487044894,false,8395,51554,0.7902352487044894
8395,55329,0.8422468575632216,false,8395,55329,0.8422468575632216
8395,112268252,0.9753663999444744,false,8395,112268252,0.9753663999444744
8395,277,0.8641805177481213,false,8395,277,0.8641805177481213
8395,80736,0.7541452742349658,false,8395,80736,0.7541452742349658
8395,163131,0.9306168369291791,false,8395,163131,0.9306168369291791
8395,100302170,0.9137972773136199,false,8395,100302170,0.9137972773136199
8395,25901,0.9004493675223485,false,8395,25901,0.9004493675223485
8395,51365,0.8924228131377593,false,8395,51365,0.8924228131377593
8395,7225,0.9069568595826178,false,8395,7225,0.9069568595826178
8395,27134,0.9022925542552226,false,8395,27134,0.9022925542552226
8395,654412,0.9266001298782359,false,8395,654412,0.9266001298782359
8395,5340,0.9451291393606519,false,8395,5340,0.9451291393606519
8395,4582,0.9925599778001103,false,8395,4582,0.9925599778001103
8395,3248,0.8726155614036558,false,8395,3248,0.8726155614036558
8395,255189,0.8229151416557877,false,8395,255189,0.8229151416557877
8395,641384,0.9438620945377828,false,8395,641384,0.9438620945377828
8395,100130449,0.9681881480016175,false,8395,100130449,0.9681881480016175
8395,10103,0.8551819694119407,false,8395,10103,0.8551819694119407
8395,1048,0.9189138964393946,false,8395,1048,0.9189138964393946
8395,100419743,0.9189536616505544,false,8395,100419743,0.9189536616505544
8395,79838,0.757723733709851,false,8395,79838,0.757723733709851
8395,3983,0.861556500580752,false,8395,3983,0.861556500580752
8395,3694,0.8773654483750757,false,8395,3694,0.8773654483750757
8395,285989,0.8892027075505977,false,8395,285989,0.8892027075505977
8395,2627,0.8592885069462256,false,8395,2627,0.8592885069462256
8395,503640,0.754808016780243,false,8395,503640,0.754808016780243
8395,259290,0.7844709293635176,false,8395,259290,0.7844709293635176
8395,1555,0.8637845487233257,false,8395,1555,0.8637845487233257
8395,57528,0.9893615919457769,false,8395,57528,0.9893615919457769
8395,201456,0.8906482668673464,false,8395,201456,0.8906482668673464
8395,57186,0.8817755525141879,false,8395,57186,0.8817755525141879
8395,6473,0.9189536616505547,false,8395,6473,0.9189536616505547
8395,102723508,0.8365993211015748,false,8395,102723508,0.8365993211015748
8395,9356,0.95938575811176,false,8395,9356,0.95938575811176
8395,641776,0.9566064724756969,false,8395,641776,0.9566064724756969
8395,100506658,0.8002479678269199,false,8395,100506658,0.8002479678269199
8395,341676,0.8208251300741696,false,8395,341676,0.8208251300741696
8395,148213,0.9512752477829407,false,8395,148213,0.9512752477829407
8395,10595,0.7633586852989162,false,8395,10595,0.7633586852989162
8395,4583,0.8994767341577025,false,8395,4583,0.8994767341577025
8395,55567,0.8087870045918346,false,8395,55567,0.8087870045918346
8395,7851,0.9947963442334622,false,8395,7851,0.9947963442334622
8395,692072,0.9672712574147856,false,8395,692072,0.9672712574147856
8395,109136579,0.7743689157372977,false,8395,109136579,0.7743689157372977
8395,55808,0.9046928470491219,false,8395,55808,0.9046928470491219
8395,999,0.7873810371985035,false,8395,999,0.7873810371985035
8395,126353,0.9587801529903359,false,8395,126353,0.9587801529903359
8395,64332,0.8878234518062441,false,8395,64332,0.8878234518062441
8395,388743,0.9510101706763936,false,8395,388743,0.9510101706763936
8395,1577,0.9968417685146971,false,8395,1577,0.9968417685146971
8395,340267,0.8502493867177956,false,8395,340267,0.8502493867177956
8395,200879,0.9201439219019405,false,8395,200879,0.9201439219019405
8395,1510,0.9177696706435341,false,8395,1510,0.9177696706435341
8395,102723849,0.9647549720746782,false,8395,102723849,0.9647549720746782
8395,57669,0.828800087497694,false,8395,57669,0.828800087497694
8395,619383,0.7529115671084394,false,8395,619383,0.7529115671084394
8395,57111,0.8898219558414143,false,8395,57111,0.8898219558414143
8395,10129,0.8319794400563337,false,8395,10129,0.8319794400563337
8395,4586,0.917666338092509,false,8395,4586,0.917666338092509
8395,10551,0.9103377422339088,false,8395,10551,0.9103377422339088
8395,378938,0.7818770483757289,false,8395,378938,0.7818770483757289
8395,117155,0.9244080360543179,false,8395,117155,0.9244080360543179
8395,112268155,0.9471152673057811,false,8395,112268155,0.9471152673057811
8395,1152,0.7767345402172413,false,8395,1152,0.7767345402172413
8395,79083,0.9038900982504832,false,8395,79083,0.9038900982504832
8395,1556,0.853732571363099,false,8395,1556,0.853732571363099
8395,55930,0.9129725866822378,false,8395,55930,0.9129725866822378
8395,22996,0.7560243087542319,false,8395,22996,0.7560243087542319
8395,7113,0.9448158403080545,false,8395,7113,0.9448158403080545
8395,105180391,0.9196173980567345,false,8395,105180391,0.9196173980567345
8395,100529240,0.856478261815825,false,8395,100529240,0.856478261815825
8395,113218482,0.8753598266033975,false,8395,113218482,0.8753598266033975
8395,647024,0.7763669454977413,false,8395,647024,0.7763669454977413
8395,255928,0.9169724615748602,false,8395,255928,0.9169724615748602
8395,8537,0.9038249601461465,false,8395,8537,0.9038249601461465
8395,10018,0.9551561461640363,false,8395,10018,0.9551561461640363
8395,115019,0.9626550712781717,false,8395,115019,0.9626550712781717
8395,105180390,0.9397490182259873,false,8395,105180390,0.9397490182259873
8395,168374,0.9709208003883103,false,8395,168374,0.9709208003883103
8395,645843,0.8352572058090433,false,8395,645843,0.8352572058090433
8395,143884,0.960549476915179,false,8395,143884,0.960549476915179
8395,3993,0.9791304751536137,false,8395,3993,0.9791304751536137
8395,389852,0.9912505041395845,false,8395,389852,0.9912505041395845
8395,164312,0.8856238534756533,false,8395,164312,0.8856238534756533
8395,84239,0.8744501485592118,false,8395,84239,0.8744501485592118
8395,2065,0.9770081395184166,false,8395,2065,0.9770081395184166
8395,135656,0.9196565312275576,false,8395,135656,0.9196565312275576
8395,94059,0.8643794530984085,false,8395,94059,0.8643794530984085
8395,3960,0.9968950211755577,false,8395,3960,0.9968950211755577
8395,284323,0.81466452608912,false,8395,284323,0.81466452608912
8395,23584,0.8958132814215484,false,8395,23584,0.8958132814215484
8395,692213,0.9455738681511602,false,8395,692213,0.9455738681511602
8395,153643,0.7504897675486771,false,8395,153643,0.7504897675486771
8395,259294,0.9883540953513854,false,8395,259294,0.9883540953513854
8395,2266,0.878831103140064,false,8395,2266,0.878831103140064
8395,745,0.830838825335128,false,8395,745,0.830838825335128
8395,440352,0.8633730036352377,false,8395,440352,0.8633730036352377
79818,102725051,0.9660494440392815,false,79818,102725051,0.9660494440392815
79818,10071,0.7683992047472196,false,79818,10071,0.7683992047472196
79818,100302161,0.8041259812426058,false,79818,100302161,0.8041259812426058
79818,55289,0.8235779656895955,false,79818,55289,0.8235779656895955
79818,51208,0.9781801745685139,false,79818,51208,0.9781801745685139
79818,3909,0.8308971812896019,false,79818,3909,0.8308971812896019
79818,1161,0.7620161950182297,false,79818,1161,0.7620161950182297
79818,55329,0.811807226192564,false,79818,55329,0.811807226192564
79818,163131,0.7941922163192633,false,79818,163131,0.7941922163192633
79818,4128,0.8199863917336704,false,79818,4128,0.8199863917336704
79818,654412,0.9646394943960378,false,79818,654412,0.9646394943960378
79818,306,0.786607126885271,false,79818,306,0.786607126885271
79818,5340,0.7606014402480427,false,79818,5340,0.7606014402480427
79818,4582,0.8535649599051379,false,79818,4582,0.8535649599051379
79818,100130449,0.7674737075757259,false,79818,100130449,0.7674737075757259
79818,79838,0.9153813085163243,false,79818,79838,0.9153813085163243
79818,503640,0.9838601916724395,false,79818,503640,0.9838601916724395
79818,259290,0.8964435696069688,false,79818,259290,0.8964435696069688
79818,6751,0.9761148807210336,false,79818,6751,0.9761148807210336
79818,79908,0.7696784905618884,false,79818,79908,0.7696784905618884
79818,130367,0.8508176398105676,false,79818,130367,0.8508176398105676
79818,285335,0.81637271239644,false,79818,285335,0.81637271239644
79818,9356,0.9133652652790984,false,79818,9356,0.9133652652790984
79818,641776,0.9385156604808337,false,79818,641776,0.9385156604808337
79818,200373,0.7821329583487378,false,79818,200373,0.7821329583487378
79818,54997,0.9386802447774913,false,79818,54997,0.9386802447774913
79818,115677,0.8557418254775204,false,79818,115677,0.8557418254775204
79818,7851,0.8377930178651574,false,79818,7851,0.8377930178651574
79818,109136579,0.9590197941779153,false,79818,109136579,0.9590197941779153
79818,503645,0.7909292648029411,false,79818,503645,0.7909292648029411
79818,64332,0.9633417586562205,false,79818,64332,0.9633417586562205
79818,116984,0.7704567508045563,false,79818,116984,0.7704567508045563
79818,137872,0.931498379843356,false,79818,137872,0.931498379843356
79818,1577,0.8345852179520529,false,79818,1577,0.8345852179520529
79818,100033430,0.9587884639191122,false,79818,100033430,0.9587884639191122
79818,102723849,0.9187019602415106,false,79818,102723849,0.9187019602415106
79818,89765,0.9019938040499454,false,79818,89765,0.9019938040499454
79818,619383,0.7889200517104376,false,79818,619383,0.7889200517104376
79818,378938,0.9604531985861453,false,79818,378938,0.9604531985861453
79818,285,0.790475799127742,false,79818,285,0.790475799127742
79818,27074,0.7732698917467719,false,79818,27074,0.7732698917467719
79818,66002,0.8914287948001054,false,79818,66002,0.8914287948001054
79818,7620,0.9407563859794458,false,79818,7620,0.9407563859794458
79818,7113,0.7738279805020813,false,79818,7113,0.7738279805020813
79818,105180391,0.9738975604257745,false,79818,105180391,0.9738975604257745
79818,151531,0.8985287027459812,false,79818,151531,0.8985287027459812
79818,10018,0.8020684497669733,false,79818,10018,0.8020684497669733
79818,105180390,0.9552167334895613,false,79818,105180390,0.9552167334895613
79818,692058,0.8588605022917013,false,79818,692058,0.8588605022917013
79818,645843,0.9609135563137129,false,79818,645843,0.9609135563137129
79818,143884,0.7602410566539628,false,79818,143884,0.7602410566539628
79818,121512,0.957254944630977,false,79818,121512,0.957254944630977
79818,3993,0.76417839529379,false,79818,3993,0.76417839529379
79818,2065,0.7859693250375713,false,79818,2065,0.7859693250375713
79818,776,0.9071038609428225,false,79818,776,0.9071038609428225
79818,3960,0.8339007030851779,false,79818,3960,0.8339007030851779
79818,284323,0.9958883580919073,false,79818,284323,0.9958883580919073
79818,65217,0.9218418400986931,false,79818,65217,0.9218418400986931
79818,692213,0.8614546256182241,false,79818,692213,0.8614546256182241
79818,79098,0.7551214324041624,false,79818,79098,0.7551214324041624
79818,440352,0.8349419429264874,false,79818,440352,0.8349419429264874
102725051,10071,0.8262707613620031,false,102725051,10071,0.8262707613620031
102725051,100302161,0.8595067053952309,false,102725051,100302161,0.8595067053952309
102725051,51208,0.9070773153021808,false,102725051,51208,0.9070773153021808
102725051,3909,0.7886580595755572,false,102725051,3909,0.7886580595755572
102725051,55329,0.9296631606764908,false,102725051,55329,0.9296631606764908
102725051,112268252,0.751234480221334,false,102725051,112268252,0.751234480221334
102725051,163131,0.8640213708288631,false,102725051,163131,0.8640213708288631
102725051,25901,0.7893716935635724,false,102725051,25901,0.7893716935635724
102725051,654412,0.9647620432940957,false,102725051,654412,0.9647620432940957
102725051,5340,0.8641055426271288,false,102725051,5340,0.8641055426271288
102725051,4582,0.8875726637010856,false,102725051,4582,0.8875726637010856
102725051,641384,0.7955514448355046,false,102725051,641384,0.7955514448355046
102725051,100130449,0.8519732879134512,false,102725051,100130449,0.8519732879134512
102725051,79838,0.9277739484365712,false,102725051,79838,0.9277739484365712
102725051,503640,0.968784806406416,false,102725051,503640,0.968784806406416
102725051,259290,0.9623713140602571,false,102725051,259290,0.9623713140602571
102725051,57528,0.7933503413754559,false,102725051,57528,0.7933503413754559
102725051,6751,0.9204277047233971,false,102725051,6751,0.9204277047233971
102725051,130367,0.769429180655043,false,102725051,130367,0.769429180655043
102725051,285335,0.7822237211124639,false,102725051,285335,0.7822237211124639
102725051,9356,0.9190260301346111,false,102725051,9356,0.9190260301346111
102725051,641776,0.9473445906471782,false,102725051,641776,0.9473445906471782
102725051,148213,0.8085607267734981,false,102725051,148213,0.8085607267734981
102725051,54997,0.8690455212926586,false,102725051,54997,0.8690455212926586
102725051,7851,0.8591753831614976,false,102725051,7851,0.8591753831614976
102725051,109136579,0.9884464732068095,false,102725051,109136579,0.9884464732068095
102725051,64332,0.9480133705526392,false,102725051,64332,0.9480133705526392
102725051,137872,0.8864885445019642,false,102725051,137872,0.8864885445019642
102725051,1577,0.8598389260568646,false,102725051,1577,0.8598389260568646
102725051,100033430,0.8952572123028009,false,102725051,100033430,0.8952572123028009
102725051,102723849,0.9075280546160105,false,102725051,102723849,0.9075280546160105
102725051,89765,0.8330811994898648,false,102725051,89765,0.8330811994898648
102725051,619383,0.9165952018631879,false,102725051,619383,0.9165952018631879
102725051,378938,0.9898696951276369,false,102725051,378938,0.9898696951276369
102725051,66002,0.8126628972069957,false,102725051,66002,0.8126628972069957
102725051,7620,0.914988611768052,false,102725051,7620,0.914988611768052
102725051,7113,0.7684138688732772,false,102725051,7113,0.7684138688732772
102725051,105180391,0.9651237990087332,false,102725051,105180391,0.9651237990087332
102725051,151531,0.8155100299582234,false,102725051,151531,0.8155100299582234
102725051,10018,0.8994398396043213,false,102725051,10018,0.8994398396043213
102725051,115019,0.7679330229642944,false,102725051,115019,0.7679330229642944
102725051,105180390,0.9608932295621353,false,102725051,105180390,0.9608932295621353
102725051,692058,0.8922055194715897,false,102725051,692058,0.8922055194715897
102725051,645843,0.9601367012593581,false,102725051,645843,0.9601367012593581
102725051,143884,0.845737596080261,false,102725051,143884,0.845737596080261
102725051,121512,0.9053512577574231,false,102725051,121512,0.9053512577574231
102725051,3993,0.8210595941477369,false,102725051,3993,0.8210595941477369
102725051,389852,0.7949507878495019,false,102725051,389852,0.7949507878495019
102725051,2065,0.8149905619108705,false,102725051,2065,0.8149905619108705
102725051,776,0.8161326736786708,false,102725051,776,0.8161326736786708
102725051,3960,0.8822143769519817,false,102725051,3960,0.8822143769519817
102725051,284323,0.972273982232017,false,102725051,284323,0.972273982232017
102725051,65217,0.8889540866902036,false,102725051,65217,0.8889540866902036
102725051,692213,0.9432954404214895,false,102725051,692213,0.9432954404214895
102725051,259294,0.8180226494172664,false,102725051,259294,0.8180226494172664
102725051,440352,0.8363650804676213,false,102725051,440352,0.8363650804676213
8796,10071,0.8347778635281181,false,8796,10071,0.8347778635281181
8796,100302161,0.8041877569486886,false,8796,100302161,0.8041877569486886
8796,218,0.7780936339270993,false,8796,218,0.7780936339270993
8796,3909,0.8622005517182871,false,8796,3909,0.8622005517182871
8796,9365,0.7585456320169319,false,8796,9365,0.7585456320169319
8796,51554,0.7795979309142551,false,8796,51554,0.7795979309142551
8796,9208,0.7959719493576776,false,8796,9208,0.7959719493576776
8796,112268252,0.8769530375832556,false,8796,112268252,0.8769530375832556
8796,277,0.7549758138171596,false,8796,277,0.7549758138171596
8796,7225,0.8897031815756659,false,8796,7225,0.8897031815756659
8796,27134,0.7566894745609307,false,8796,27134,0.7566894745609307
8796,157310,0.7993354026540885,false,8796,157310,0.7993354026540885
8796,4582,0.8326515337401277,false,8796,4582,0.8326515337401277
8796,3248,0.8105418676306464,false,8796,3248,0.8105418676306464
8796,255189,0.8720732690528397,false,8796,255189,0.8720732690528397
8796,3856,0.8373953040485509,false,8796,3856,0.8373953040485509
8796,3983,0.7951345957537567,false,8796,3983,0.7951345957537567
8796,3694,0.8371646272310496,false,8796,3694,0.8371646272310496
8796,285989,0.7510143524751545,false,8796,285989,0.7510143524751545
8796,2627,0.8229041641835998,false,8796,2627,0.8229041641835998
8796,1555,0.7802658225221346,false,8796,1555,0.7802658225221346
8796,57528,0.8322401264229566,false,8796,57528,0.8322401264229566
8796,201456,0.7773907476468703,false,8796,201456,0.7773907476468703
8796,57186,0.8191881345086651,false,8796,57186,0.8191881345086651
8796,102723508,0.7713162580202237,false,8796,102723508,0.7713162580202237
8796,641776,0.7516413262337838,false,8796,641776,0.7516413262337838
8796,100506658,0.8484389444024735,false,8796,100506658,0.8484389444024735
8796,4583,0.8088198989015919,false,8796,4583,0.8088198989015919
8796,7851,0.8593287026599644,false,8796,7851,0.8593287026599644
8796,692072,0.8895256841413984,false,8796,692072,0.8895256841413984
8796,55808,0.7584821977189085,false,8796,55808,0.7584821977189085
8796,999,0.7695513878960792,false,8796,999,0.7695513878960792
8796,126353,0.820654249356037,false,8796,126353,0.820654249356037
8796,26226,0.8099701896080205,false,8796,26226,0.8099701896080205
8796,64332,0.7911006337177326,false,8796,64332,0.7911006337177326
8796,388743,0.7791748165854693,false,8796,388743,0.7791748165854693
8796,1577,0.8523607924098765,false,8796,1577,0.8523607924098765
8796,340267,0.8414048020088629,false,8796,340267,0.8414048020088629
8796,200879,0.7519375899197879,false,8796,200879,0.7519375899197879
8796,1510,0.7744177213360579,false,8796,1510,0.7744177213360579
8796,441251,0.9652814376615713,false,8796,441251,0.9652814376615713
8796,102723849,0.8521287886230726,false,8796,102723849,0.8521287886230726
8796,57669,0.7669368877574351,false,8796,57669,0.7669368877574351
8796,117155,0.7858753727510014,false,8796,117155,0.7858753727510014
8796,112268155,0.8582139379189039,false,8796,112268155,0.8582139379189039
8796,79083,0.7517023115149261,false,8796,79083,0.7517023115149261
8796,1556,0.8887704275979391,false,8796,1556,0.8887704275979391
8796,7113,0.9525051580931309,false,8796,7113,0.9525051580931309
8796,113218482,0.79337258242094,false,8796,113218482,0.79337258242094
8796,8537,0.7550963009658583,false,8796,8537,0.7550963009658583
8796,115019,0.8814743396552717,false,8796,115019,0.8814743396552717
8796,168374,0.9221087947875422,false,8796,168374,0.9221087947875422
8796,3993,0.8377554531997746,false,8796,3993,0.8377554531997746
8796,389852,0.8076876540210005,false,8796,389852,0.8076876540210005
8796,84239,0.9612027256746815,false,8796,84239,0.9612027256746815
8796,2065,0.8355221497230485,false,8796,2065,0.8355221497230485
8796,3960,0.7869384546720799,false,8796,3960,0.7869384546720799
8796,23584,0.8530496815780361,false,8796,23584,0.8530496815780361
8796,79784,0.7994176095025473,false,8796,79784,0.7994176095025473
8796,153643,0.806302358247229,false,8796,153643,0.806302358247229
8796,259294,0.7611953789706271,false,8796,259294,0.7611953789706271
8796,745,0.802295684651688,false,8796,745,0.802295684651688
8796,440352,0.8171922145376787,false,8796,440352,0.8171922145376787
10071,100302161,0.9953910762100402,false,10071,100302161,0.9953910762100402
10071,218,0.9132540228695804,false,10071,218,0.9132540228695804
10071,3909,0.8443700332262785,false,10071,3909,0.8443700332262785
10071,92086,0.8678382389598388,false,10071,92086,0.8678382389598388
10071,541473,0.7879277159267398,false,10071,541473,0.7879277159267398
10071,9365,0.758549711056146,false,10071,9365,0.758549711056146
10071,51554,0.8474667025719116,false,10071,51554,0.8474667025719116
10071,55329,0.8314639261157645,false,10071,55329,0.8314639261157645
10071,9208,0.7681256822119437,false,10071,9208,0.7681256822119437
10071,112268252,0.9817576612473499,false,10071,112268252,0.9817576612473499
10071,277,0.9099288953283198,false,10071,277,0.9099288953283198
10071,80736,0.8295644744593101,false,10071,80736,0.8295644744593101
10071,163131,0.9130733667601406,false,10071,163131,0.9130733667601406
10071,100302170,0.9362804223173397,false,10071,100302170,0.9362804223173397
10071,25901,0.9193268419249131,false,10071,25901,0.9193268419249131
10071,51365,0.9002708678787499,false,10071,51365,0.9002708678787499
10071,7225,0.9154156305677266,false,10071,7225,0.9154156305677266
10071,27134,0.9117689165997562,false,10071,27134,0.9117689165997562
10071,654412,0.8948000552688062,false,10071,654412,0.8948000552688062
10071,5340,0.9328825960749565,false,10071,5340,0.9328825960749565
10071,4582,0.9863466417538846,false,10071,4582,0.9863466417538846
10071,3248,0.8852423022655301,false,10071,3248,0.8852423022655301
10071,255189,0.8695908388939315,false,10071,255189,0.8695908388939315
10071,641384,0.9542569908136186,false,10071,641384,0.9542569908136186
10071,100130449,0.968518039818887,false,10071,100130449,0.968518039818887
10071,10103,0.8774686239251002,false,10071,10103,0.8774686239251002
10071,1048,0.9337622741492151,false,10071,1048,0.9337622741492151
10071,100419743,0.9338443683060553,false,10071,100419743,0.9338443683060553
10071,79838,0.7624995941332138,false,10071,79838,0.7624995941332138
10071,3983,0.894130172987927,false,10071,3983,0.894130172987927
10071,3694,0.8655210211423522,false,10071,3694,0.8655210211423522
10071,285989,0.9328314807144854,false,10071,285989,0.9328314807144854
10071,2627,0.8849761645380596,false,10071,2627,0.8849761645380596
10071,259290,0.7797426201184118,false,10071,259290,0.7797426201184118
10071,1555,0.8836222303964423,false,10071,1555,0.8836222303964423
10071,57528,0.9938352797763762,false,10071,57528,0.9938352797763762
10071,201456,0.9147124189492236,false,10071,201456,0.9147124189492236
10071,57186,0.9023013281463995,false,10071,57186,0.9023013281463995
10071,6473,0.9338443683060553,false,10071,6473,0.9338443683060553
10071,102723508,0.8654768883364663,false,10071,102723508,0.8654768883364663
10071,9356,0.9139664096992515,false,10071,9356,0.9139664096992515
10071,641776,0.9220482861601969,false,10071,641776,0.9220482861601969
10071,100506658,0.8516426103112456,false,10071,100506658,0.8516426103112456
10071,341676,0.8565473233654428,false,10071,341676,0.8565473233654428
10071,148213,0.957454170205753,false,10071,148213,0.957454170205753
10071,10595,0.8197436217226572,false,10071,10595,0.8197436217226572
10071,4583,0.9227967249540617,false,10071,4583,0.9227967249540617
10071,55567,0.8416596502808519,false,10071,55567,0.8416596502808519
10071,7851,0.9844892630222253,false,10071,7851,0.9844892630222253
10071,692072,0.9776550147876438,false,10071,692072,0.9776550147876438
10071,109136579,0.7524160250966122,false,10071,109136579,0.7524160250966122
10071,55808,0.9209585420213975,false,10071,55808,0.9209585420213975
10071,999,0.8318740374502512,false,10071,999,0.8318740374502512
10071,126353,0.9593127211244732,false,10071,126353,0.9593127211244732
10071,64332,0.8761949114240853,false,10071,64332,0.8761949114240853
10071,388743,0.9640450944870463,false,10071,388743,0.9640450944870463
10071,1577,0.9870226769785823,false,10071,1577,0.9870226769785823
10071,340267,0.9070889107638963,false,10071,340267,0.9070889107638963
10071,200879,0.9324445566377417,false,10071,200879,0.9324445566377417
10071,1510,0.9328565581048867,false,10071,1510,0.9328565581048867
10071,102723849,0.9442875559107171,false,10071,102723849,0.9442875559107171
10071,57669,0.8535098705030535,false,10071,57669,0.8535098705030535
10071,619383,0.7543466702468082,false,10071,619383,0.7543466702468082
10071,57111,0.9098678929808629,false,10071,57111,0.9098678929808629
10071,10129,0.885599481085257,false,10071,10129,0.885599481085257
10071,4586,0.932874536866306,false,10071,4586,0.932874536866306
10071,10551,0.9280351817303006,false,10071,10551,0.9280351817303006
10071,378938,0.7602022486880627,false,10071,378938,0.7602022486880627
10071,117155,0.9560291364101924,false,10071,117155,0.9560291364101924
10071,112268155,0.9656963371373402,false,10071,112268155,0.9656963371373402
10071,1152,0.8090811833645445,false,10071,1152,0.8090811833645445
10071,79083,0.9166631489241919,false,10071,79083,0.9166631489241919
10071,1556,0.8893833560122636,false,10071,1556,0.8893833560122636
10071,55930,0.9444129251208023,false,10071,55930,0.9444129251208023
10071,22996,0.810511922751002,false,10071,22996,0.810511922751002
10071,7113,0.9578020921695932,false,10071,7113,0.9578020921695932
10071,54861,0.7583281738119149,false,10071,54861,0.7583281738119149
10071,105180391,0.8785836207097565,false,10071,105180391,0.8785836207097565
10071,100529240,0.8720590867853013,false,10071,100529240,0.8720590867853013
10071,113218482,0.9112464305460293,false,10071,113218482,0.9112464305460293
10071,647024,0.8249688076988383,false,10071,647024,0.8249688076988383
10071,255928,0.9318571763525788,false,10071,255928,0.9318571763525788
10071,8537,0.918970482957106,false,10071,8537,0.918970482957106
10071,10018,0.9671852367883425,false,10071,10018,0.9671852367883425
10071,115019,0.9822409234524048,false,10071,115019,0.9822409234524048
10071,105180390,0.9014190654145193,false,10071,105180390,0.9014190654145193
10071,168374,0.9755909747074363,false,10071,168374,0.9755909747074363
10071,645843,0.8314340170867961,false,10071,645843,0.8314340170867961
10071,143884,0.9573607554866024,false,10071,143884,0.9573607554866024
10071,3993,0.9958845985395505,false,10071,3993,0.9958845985395505
10071,389852,0.982419117335948,false,10071,389852,0.982419117335948
10071,164312,0.8944713307182537,false,10071,164312,0.8944713307182537
10071,84239,0.8877974746355832,false,10071,84239,0.8877974746355832
10071,2065,0.963616331297072,false,10071,2065,0.963616331297072
10071,135656,0.9343458970797119,false,10071,135656,0.9343458970797119
10071,94059,0.8951062547913864,false,10071,94059,0.8951062547913864
10071,3960,0.9853079305725668,false,10071,3960,0.9853079305725668
10071,284323,0.7634178039258277,false,10071,284323,0.7634178039258277
10071,23584,0.9140928164433668,false,10071,23584,0.9140928164433668
10071,692213,0.9484279969143355,false,10071,692213,0.9484279969143355
10071,153643,0.8049428462527296,false,10071,153643,0.8049428462527296
10071,112268422,0.8017389027975508,false,10071,112268422,0.8017389027975508
10071,259294,0.9856337185754831,false,10071,259294,0.9856337185754831
10071,2266,0.8865899688251276,false,10071,2266,0.8865899688251276
10071,745,0.8666078980318427,false,10071,745,0.8666078980318427
10071,440352,0.8816555004542359,false,10071,440352,0.8816555004542359
762,724026,0.8815822575719231,false,762,724026,0.8815822575719231
762,5346,0.881582257571923,false,762,5346,0.881582257571923
762,4604,0.8815822575719231,false,762,4604,0.8815822575719231
762,3219,0.8815822575719233,false,762,3219,0.8815822575719233
762,222166,0.9689265520935486,false,762,222166,0.9689265520935486
762,81832,0.881582257571923,false,762,81832,0.881582257571923
762,55507,0.8116228606599953,false,762,55507,0.8116228606599953
762,105374373,0.8815822575719231,false,762,105374373,0.8815822575719231
762,6928,0.857481942442765,false,762,6928,0.857481942442765
762,84700,0.8815822575719232,false,762,84700,0.8815822575719232
762,29895,0.8815822575719231,false,762,29895,0.8815822575719231
762,253982,0.8644669754400368,false,762,253982,0.8644669754400368
762,284266,0.7721063236015787,false,762,284266,0.7721063236015787
762,105379028,0.8815822575719233,false,762,105379028,0.8815822575719233
762,102724057,0.8610188359676314,false,762,102724057,0.8610188359676314
762,2922,0.8815822575719232,false,762,2922,0.8815822575719232
762,7125,0.8815822575719233,false,762,7125,0.8815822575719233
762,1132,0.8815822575719231,false,762,1132,0.8815822575719231
762,89,0.8815822575719231,false,762,89,0.8815822575719231
762,4693,0.8815822575719232,false,762,4693,0.8815822575719232
762,101929066,0.8815822575719231,false,762,101929066,0.8815822575719231
762,2696,0.8426011182913783,false,762,2696,0.8426011182913783
762,102466759,0.8815822575719232,false,762,102466759,0.8815822575719232
762,54084,0.881582257571923,false,762,54084,0.881582257571923
762,100129940,0.764684374832087,false,762,100129940,0.764684374832087
762,339983,0.881582257571923,false,762,339983,0.881582257571923
762,2324,0.7530400822226541,false,762,2324,0.7530400822226541
762,606,0.8815822575719233,false,762,606,0.8815822575719233
762,100133669,0.881582257571923,false,762,100133669,0.881582257571923
762,7473,0.881582257571923,false,762,7473,0.881582257571923
762,1180,0.8815822575719232,false,762,1180,0.8815822575719232
762,200407,0.8565827837916453,false,762,200407,0.8565827837916453
762,766,0.8815822575719233,false,762,766,0.8815822575719233
762,65998,0.8716070793041811,false,762,65998,0.8716070793041811
762,388327,0.881582257571923,false,762,388327,0.881582257571923
762,6532,0.7562343538058369,false,762,6532,0.7562343538058369
762,3780,0.881582257571923,false,762,3780,0.881582257571923
762,100126311,0.881582257571923,false,762,100126311,0.881582257571923
762,23562,0.8815822575719233,false,762,23562,0.8815822575719233
762,1746,0.8815822575719231,false,762,1746,0.8815822575719231
762,57524,0.8815822575719232,false,762,57524,0.8815822575719232
762,10331,0.8815822575719231,false,762,10331,0.8815822575719231
762,256076,0.9255834334660427,false,762,256076,0.9255834334660427
762,84867,0.8815822575719233,false,762,84867,0.8815822575719233
762,284680,0.8388174102245112,false,762,284680,0.8388174102245112
762,9411,0.7669766434575096,false,762,9411,0.7669766434575096
762,128218,0.989376417192161,false,762,128218,0.989376417192161
762,222183,0.8815822575719233,false,762,222183,0.8815822575719233
762,7546,0.8815822575719232,false,762,7546,0.8815822575719232
762,9699,0.8815822575719232,false,762,9699,0.8815822575719232
762,101928580,0.8815822575719231,false,762,101928580,0.8815822575719231
762,9211,0.8757180064823735,false,762,9211,0.8757180064823735
762,100874002,0.8565827837916453,false,762,100874002,0.8565827837916453
762,440590,0.8815822575719231,false,762,440590,0.8815822575719231
762,1515,0.8815822575719233,false,762,1515,0.8815822575719233
762,4606,0.8815822575719231,false,762,4606,0.8815822575719231
100302161,218,0.8892462296988973,false,100302161,218,0.8892462296988973
100302161,3909,0.8497255049313682,false,100302161,3909,0.8497255049313682
100302161,92086,0.8682617538868853,false,100302161,92086,0.8682617538868853
100302161,541473,0.7842308156748952,false,100302161,541473,0.7842308156748952
100302161,51554,0.8209555840511366,false,100302161,51554,0.8209555840511366
100302161,55329,0.8602113311196633,false,100302161,55329,0.8602113311196633
100302161,112268252,0.9678101693765113,false,100302161,112268252,0.9678101693765113
100302161,277,0.8748812190213291,false,100302161,277,0.8748812190213291
100302161,80736,0.7949109155763391,false,100302161,80736,0.7949109155763391
100302161,163131,0.9440696250509136,false,100302161,163131,0.9440696250509136
100302161,100302170,0.9267028970116578,false,100302161,100302170,0.9267028970116578
100302161,25901,0.9248814834263882,false,100302161,25901,0.9248814834263882
100302161,51365,0.8889826590614938,false,100302161,51365,0.8889826590614938
100302161,7225,0.9072791520310286,false,100302161,7225,0.9072791520310286
100302161,27134,0.8950397161833367,false,100302161,27134,0.8950397161833367
100302161,654412,0.9163061678149065,false,100302161,654412,0.9163061678149065
100302161,5340,0.9498100721369982,false,100302161,5340,0.9498100721369982
100302161,4582,0.9899832586495021,false,100302161,4582,0.9899832586495021
100302161,3248,0.8745658486215185,false,100302161,3248,0.8745658486215185
100302161,255189,0.841032294024009,false,100302161,255189,0.841032294024009
100302161,641384,0.9580814904211242,false,100302161,641384,0.9580814904211242
100302161,100130449,0.9695299046387718,false,100302161,100130449,0.9695299046387718
100302161,10103,0.8529305845956812,false,100302161,10103,0.8529305845956812
100302161,1048,0.921373514134695,false,100302161,1048,0.921373514134695
100302161,100419743,0.921436014754942,false,100302161,100419743,0.921436014754942
100302161,79838,0.7684293006951335,false,100302161,79838,0.7684293006951335
100302161,3983,0.8688818619423893,false,100302161,3983,0.8688818619423893
100302161,3694,0.8442182801305017,false,100302161,3694,0.8442182801305017
100302161,285989,0.9132264194020425,false,100302161,285989,0.9132264194020425
100302161,2627,0.8569248234192808,false,100302161,2627,0.8569248234192808
100302161,259290,0.8160705227471956,false,100302161,259290,0.8160705227471956
100302161,1555,0.8549380206589012,false,100302161,1555,0.8549380206589012
100302161,57528,0.9926299385492418,false,100302161,57528,0.9926299385492418
100302161,201456,0.8996365512040778,false,100302161,201456,0.8996365512040778
100302161,57186,0.8811394652706106,false,100302161,57186,0.8811394652706106
100302161,6473,0.921436014754942,false,100302161,6473,0.921436014754942
100302161,102723508,0.8496734065638609,false,100302161,102723508,0.8496734065638609
100302161,9356,0.9438412066819976,false,100302161,9356,0.9438412066819976
100302161,641776,0.9441959214344372,false,100302161,641776,0.9441959214344372
100302161,100506658,0.8271321474007023,false,100302161,100506658,0.8271321474007023
100302161,341676,0.8221290320305347,false,100302161,341676,0.8221290320305347
100302161,148213,0.959754772124571,false,100302161,148213,0.959754772124571
100302161,10595,0.7716835467986815,false,100302161,10595,0.7716835467986815
100302161,4583,0.8931085950774713,false,100302161,4583,0.8931085950774713
100302161,55567,0.8146231961040517,false,100302161,55567,0.8146231961040517
100302161,7851,0.9868425114283838,false,100302161,7851,0.9868425114283838
100302161,692072,0.9670493277909802,false,100302161,692072,0.9670493277909802
100302161,109136579,0.7848343511673097,false,100302161,109136579,0.7848343511673097
100302161,55808,0.9041496616571242,false,100302161,55808,0.9041496616571242
100302161,999,0.7879659620082776,false,100302161,999,0.7879659620082776
100302161,126353,0.9462851847741696,false,100302161,126353,0.9462851847741696
100302161,64332,0.8897144174292124,false,100302161,64332,0.8897144174292124
100302161,388743,0.9536140415452882,false,100302161,388743,0.9536140415452882
100302161,1577,0.9903132830123287,false,100302161,1577,0.9903132830123287
100302161,340267,0.8789526364372725,false,100302161,340267,0.8789526364372725
100302161,200879,0.9206008759767466,false,100302161,200879,0.9206008759767466
100302161,1510,0.9148650533022298,false,100302161,1510,0.9148650533022298
100302161,102723849,0.9565722133758362,false,100302161,102723849,0.9565722133758362
100302161,57669,0.8566784119499034,false,100302161,57669,0.8566784119499034
100302161,619383,0.7803045095413254,false,100302161,619383,0.7803045095413254
100302161,57111,0.8893685460888512,false,100302161,57111,0.8893685460888512
100302161,10129,0.8724067551560006,false,100302161,10129,0.8724067551560006
100302161,4586,0.9199341437470698,false,100302161,4586,0.9199341437470698
100302161,10551,0.9134782014120746,false,100302161,10551,0.9134782014120746
100302161,378938,0.7920946244517894,false,100302161,378938,0.7920946244517894
100302161,117155,0.9459094214802507,false,100302161,117155,0.9459094214802507
100302161,112268155,0.9498836035265518,false,100302161,112268155,0.9498836035265518
100302161,1152,0.7805525288201279,false,100302161,1152,0.7805525288201279
100302161,79083,0.9038125524017119,false,100302161,79083,0.9038125524017119
100302161,1556,0.8647949370383953,false,100302161,1556,0.8647949370383953
100302161,55930,0.9339373219467639,false,100302161,55930,0.9339373219467639
100302161,22996,0.782926586051327,false,100302161,22996,0.782926586051327
100302161,7113,0.9424836411026539,false,100302161,7113,0.9424836411026539
100302161,105180391,0.9079174095444125,false,100302161,105180391,0.9079174095444125
100302161,100529240,0.8593038565198358,false,100302161,100529240,0.8593038565198358
100302161,113218482,0.887283948912898,false,100302161,113218482,0.887283948912898
100302161,647024,0.781286846394159,false,100302161,647024,0.781286846394159
100302161,255928,0.9184298725111105,false,100302161,255928,0.9184298725111105
100302161,8537,0.9005174204053015,false,100302161,8537,0.9005174204053015
100302161,10018,0.9745058385265736,false,100302161,10018,0.9745058385265736
100302161,115019,0.9731388883371306,false,100302161,115019,0.9731388883371306
100302161,105180390,0.927970524010849,false,100302161,105180390,0.927970524010849
100302161,168374,0.9617946942003333,false,100302161,168374,0.9617946942003333
100302161,645843,0.8467626617712432,false,100302161,645843,0.8467626617712432
100302161,143884,0.975033605280063,false,100302161,143884,0.975033605280063
100302161,3993,0.991412060769261,false,100302161,3993,0.991412060769261
100302161,389852,0.9827717066046927,false,100302161,389852,0.9827717066046927
100302161,164312,0.8777311347045871,false,100302161,164312,0.8777311347045871
100302161,84239,0.8732982579845738,false,100302161,84239,0.8732982579845738
100302161,2065,0.9602628513398445,false,100302161,2065,0.9602628513398445
100302161,135656,0.9219929316216424,false,100302161,135656,0.9219929316216424
100302161,94059,0.895701767399132,false,100302161,94059,0.895701767399132
100302161,3960,0.9944640228084151,false,100302161,3960,0.9944640228084151
100302161,284323,0.8032141927992563,false,100302161,284323,0.8032141927992563
100302161,23584,0.9121637609661524,false,100302161,23584,0.9121637609661524
100302161,692213,0.9602930614966321,false,100302161,692213,0.9602930614966321
100302161,153643,0.7536770478876367,false,100302161,153643,0.7536770478876367
100302161,112268422,0.783603200003772,false,100302161,112268422,0.783603200003772
100302161,259294,0.9923714532360538,false,100302161,259294,0.9923714532360538
100302161,2266,0.8778847615764686,false,100302161,2266,0.8778847615764686
100302161,745,0.838001811786548,false,100302161,745,0.838001811786548
100302161,440352,0.886335864142843,false,100302161,440352,0.886335864142843
55289,2160,0.8813859365296042,false,55289,2160,0.8813859365296042
55289,361,0.9296815485066278,false,55289,361,0.9296815485066278
55289,51208,0.9041165722314871,false,55289,51208,0.9041165722314871
55289,131873,0.9540347980005328,false,55289,131873,0.9540347980005328
55289,1161,0.9293532034246255,false,55289,1161,0.9293532034246255
55289,11148,0.9686430574934308,false,55289,11148,0.9686430574934308
55289,79188,0.7543391040234037,false,55289,79188,0.7543391040234037
55289,4233,0.8791691797763349,false,55289,4233,0.8791691797763349
55289,93035,0.916444089010457,false,55289,93035,0.916444089010457
55289,1528,0.8619889320265077,false,55289,1528,0.8619889320265077
55289,6523,0.8315057737060829,false,55289,6523,0.8315057737060829
55289,155465,0.8722487932654281,false,55289,155465,0.8722487932654281
55289,4128,0.9165394546354626,false,55289,4128,0.9165394546354626
55289,55892,0.8495451783512107,false,55289,55892,0.8495451783512107
55289,3249,0.9233375565433116,false,55289,3249,0.9233375565433116
55289,306,0.9947987191308117,false,55289,306,0.9947987191308117
55289,6440,0.7808727173196796,false,55289,6440,0.7808727173196796
55289,33,0.9041472717643692,false,55289,33,0.9041472717643692
55289,79838,0.7547721456764985,false,55289,79838,0.7547721456764985
55289,375612,0.9107960286958464,false,55289,375612,0.9107960286958464
55289,10529,0.790271360275999,false,55289,10529,0.790271360275999
55289,503640,0.8046940684893639,false,55289,503640,0.8046940684893639
55289,9914,0.9376572432790584,false,55289,9914,0.9376572432790584
55289,56241,0.8290281733102194,false,55289,56241,0.8290281733102194
55289,163720,0.9722064700674053,false,55289,163720,0.9722064700674053
55289,722,0.9161894371661169,false,55289,722,0.9161894371661169
55289,6751,0.8840128013724762,false,55289,6751,0.8840128013724762
55289,79908,0.9166453947298011,false,55289,79908,0.9166453947298011
55289,51185,0.7732662814246131,false,55289,51185,0.7732662814246131
55289,130367,0.9412281088865819,false,55289,130367,0.9412281088865819
55289,285335,0.8099465381278059,false,55289,285335,0.8099465381278059
55289,146177,0.8361281017002412,false,55289,146177,0.8361281017002412
55289,728226,0.9036841308036773,false,55289,728226,0.9036841308036773
55289,81615,0.9528578069554998,false,55289,81615,0.9528578069554998
55289,200373,0.8571458806775624,false,55289,200373,0.8571458806775624
55289,5787,0.7943704306946555,false,55289,5787,0.7943704306946555
55289,102723382,0.7665801594890406,false,55289,102723382,0.7665801594890406
55289,474354,0.8468210547621987,false,55289,474354,0.8468210547621987
55289,1040,0.7666550169495329,false,55289,1040,0.7666550169495329
55289,221395,0.8288452314221133,false,55289,221395,0.8288452314221133
55289,54842,0.935572844312754,false,55289,54842,0.935572844312754
55289,107985317,0.9186734385998411,false,55289,107985317,0.9186734385998411
55289,128602,0.9505322062331516,false,55289,128602,0.9505322062331516
55289,6103,0.7650120148551756,false,55289,6103,0.7650120148551756
55289,54997,0.9302589887471755,false,55289,54997,0.9302589887471755
55289,2595,0.9545696596373763,false,55289,2595,0.9545696596373763
55289,115677,0.8272769294216715,false,55289,115677,0.8272769294216715
55289,9223,0.8611779922077878,false,55289,9223,0.8611779922077878
55289,253970,0.9342066074734843,false,55289,253970,0.9342066074734843
55289,109136579,0.7607144577225029,false,55289,109136579,0.7607144577225029
55289,503645,0.9966604012906081,false,55289,503645,0.9966604012906081
55289,4070,0.7866452652203169,false,55289,4070,0.7866452652203169
55289,64332,0.7521306931782298,false,55289,64332,0.7521306931782298
55289,346007,0.891185687812601,false,55289,346007,0.891185687812601
55289,116984,0.9802212556874706,false,55289,116984,0.9802212556874706
55289,825,0.9070176794914503,false,55289,825,0.9070176794914503
55289,137872,0.9163916863354379,false,55289,137872,0.9163916863354379
55289,100033430,0.842023396789573,false,55289,100033430,0.842023396789573
55289,93517,0.916296032836097,false,55289,93517,0.916296032836097
55289,89765,0.7792953494595373,false,55289,89765,0.7792953494595373
55289,130271,0.9374959388112849,false,55289,130271,0.9374959388112849
55289,101927516,0.8957115691357195,false,55289,101927516,0.8957115691357195
55289,378938,0.7576226166149704,false,55289,378938,0.7576226166149704
55289,285,0.8861731616583906,false,55289,285,0.8861731616583906
55289,27074,0.950227524737152,false,55289,27074,0.950227524737152
55289,66002,0.9355952568530839,false,55289,66002,0.9355952568530839
55289,79632,0.9121356889862546,false,55289,79632,0.9121356889862546
55289,100505495,0.8849165484870335,false,55289,100505495,0.8849165484870335
55289,7620,0.8655440006798126,false,55289,7620,0.8655440006798126
55289,9476,0.8391493662078857,false,55289,9476,0.8391493662078857
55289,151531,0.9163027343047205,false,55289,151531,0.9163027343047205
55289,645843,0.7888395036502064,false,55289,645843,0.7888395036502064
55289,2122,0.9298310786547606,false,55289,2122,0.9298310786547606
55289,84059,0.9334376733306202,false,55289,84059,0.9334376733306202
55289,121512,0.9068112227357347,false,55289,121512,0.9068112227357347
55289,6097,0.9238010422181717,false,55289,6097,0.9238010422181717
55289,120892,0.9010290152487539,false,55289,120892,0.9010290152487539
55289,123624,0.9460534367332835,false,55289,123624,0.9460534367332835
55289,391253,0.8949604785212024,false,55289,391253,0.8949604785212024
55289,693188,0.8020121411418514,false,55289,693188,0.8020121411418514
55289,353189,0.8055767851562585,false,55289,353189,0.8055767851562585
55289,776,0.9359407961671239,false,55289,776,0.9359407961671239
55289,84851,0.8035508816879191,false,55289,84851,0.8035508816879191
55289,84525,0.9258653993985347,false,55289,84525,0.9258653993985347
55289,4861,0.9169250606740461,false,55289,4861,0.9169250606740461
55289,10203,0.8817643974164493,false,55289,10203,0.8817643974164493
55289,284323,0.7899508678783875,false,55289,284323,0.7899508678783875
55289,1080,0.7858882142858622,false,55289,1080,0.7858882142858622
55289,65217,0.8417880116306033,false,55289,65217,0.8417880116306033
55289,56955,0.9356238512875895,false,55289,56955,0.9356238512875895
55289,653509,0.7678763978484205,false,55289,653509,0.7678763978484205
55289,55282,0.9133724854558003,false,55289,55282,0.9133724854558003
55289,79098,0.9276560397796608,false,55289,79098,0.9276560397796608
55289,144535,0.8586885013475829,false,55289,144535,0.8586885013475829
55289,649946,0.9618916920690451,false,55289,649946,0.9618916920690451
55289,144571,0.8873921431710355,false,55289,144571,0.8873921431710355
55289,165186,0.9297905545783497,false,55289,165186,0.9297905545783497
55289,102465485,0.8939084274530763,false,55289,102465485,0.8939084274530763
55289,100033436,0.8517542990376664,false,55289,100033436,0.8517542990376664
1999,9365,0.835907746648813,false,1999,9365,0.835907746648813
1999,9208,0.8440847545988772,false,1999,9208,0.8440847545988772
1999,157310,0.8201545845667139,false,1999,157310,0.8201545845667139
1999,3856,0.9133822609682398,false,1999,3856,0.9133822609682398
1999,168090,0.82081501146637,false,1999,168090,0.82081501146637
1999,10595,0.8180880808240371,false,1999,10595,0.8180880808240371
1999,999,0.7947560611506438,false,1999,999,0.7947560611506438
1999,6337,0.8537217382372186,false,1999,6337,0.8537217382372186
1999,116844,0.8571500654265106,false,1999,116844,0.8571500654265106
1999,688,0.8280699100244977,false,1999,688,0.8280699100244977
1999,222256,0.9506055982896884,false,1999,222256,0.9506055982896884
1999,647024,0.7901161672476319,false,1999,647024,0.7901161672476319
1999,1579,0.8236402931821891,false,1999,1579,0.8236402931821891
1999,3880,0.9675697849171168,false,1999,3880,0.9675697849171168
1999,153643,0.8548487518042673,false,1999,153643,0.8548487518042673
2160,361,0.9562189719185537,false,2160,361,0.9562189719185537
2160,131873,0.9509576020050882,false,2160,131873,0.9509576020050882
2160,1161,0.8859676545341071,false,2160,1161,0.8859676545341071
2160,11148,0.9524646838492306,false,2160,11148,0.9524646838492306
2160,79188,0.8169159817887858,false,2160,79188,0.8169159817887858
2160,4233,0.7968494923889199,false,2160,4233,0.7968494923889199
2160,93035,0.9297018891514457,false,2160,93035,0.9297018891514457
2160,1528,0.9844420215860568,false,2160,1528,0.9844420215860568
2160,222389,0.8745448394815675,false,2160,222389,0.8745448394815675
2160,6523,0.8474918467966852,false,2160,6523,0.8474918467966852
2160,155465,0.9149183315712287,false,2160,155465,0.9149183315712287
2160,5225,0.8104697019516178,false,2160,5225,0.8104697019516178
2160,4128,0.8492896184926293,false,2160,4128,0.8492896184926293
2160,55892,0.7911855950854237,false,2160,55892,0.7911855950854237
2160,3249,0.9359364817779511,false,2160,3249,0.9359364817779511
2160,306,0.9089626007663362,false,2160,306,0.9089626007663362
2160,6440,0.9706972313952275,false,2160,6440,0.9706972313952275
2160,10568,0.8962332655792752,false,2160,10568,0.8962332655792752
2160,33,0.947678644669742,false,2160,33,0.947678644669742
2160,375612,0.912401620580803,false,2160,375612,0.912401620580803
2160,9914,0.9678458688412439,false,2160,9914,0.9678458688412439
2160,56241,0.9801563787560363,false,2160,56241,0.9801563787560363
2160,163720,0.9622452889363903,false,2160,163720,0.9622452889363903
2160,722,0.9636633888117201,false,2160,722,0.9636633888117201
2160,79908,0.8790539208848591,false,2160,79908,0.8790539208848591
2160,130367,0.8405039965170291,false,2160,130367,0.8405039965170291
2160,146177,0.9934397065290662,false,2160,146177,0.9934397065290662
2160,728226,0.9157985917710698,false,2160,728226,0.9157985917710698
2160,81615,0.9618437991086186,false,2160,81615,0.9618437991086186
2160,200373,0.8094007200087583,false,2160,200373,0.8094007200087583
2160,5787,0.8032454315536415,false,2160,5787,0.8032454315536415
2160,102723382,0.7716287241600139,false,2160,102723382,0.7716287241600139
2160,474354,0.843256327809479,false,2160,474354,0.843256327809479
2160,221395,0.9600634493471719,false,2160,221395,0.9600634493471719
2160,54842,0.9523736588560682,false,2160,54842,0.9523736588560682
2160,107985317,0.9111407740805041,false,2160,107985317,0.9111407740805041
2160,128602,0.9599725800141458,false,2160,128602,0.9599725800141458
2160,54997,0.7537259298658088,false,2160,54997,0.7537259298658088
2160,2595,0.9599026482277632,false,2160,2595,0.9599026482277632
2160,9223,0.9461975084024612,false,2160,9223,0.9461975084024612
2160,253970,0.9693340957086811,false,2160,253970,0.9693340957086811
2160,503645,0.9043017114733668,false,2160,503645,0.9043017114733668
2160,4070,0.9439313710514939,false,2160,4070,0.9439313710514939
2160,346007,0.8375495809368799,false,2160,346007,0.8375495809368799
2160,116984,0.9066037994736494,false,2160,116984,0.9066037994736494
2160,825,0.9586414117009575,false,2160,825,0.9586414117009575
2160,124944,0.9116271398694287,false,2160,124944,0.9116271398694287
2160,93517,0.9162049135795671,false,2160,93517,0.9162049135795671
2160,130271,0.8253776684744166,false,2160,130271,0.8253776684744166
2160,101927516,0.9225350589782673,false,2160,101927516,0.9225350589782673
2160,285,0.8215073472521648,false,2160,285,0.8215073472521648
2160,27074,0.9314725188614084,false,2160,27074,0.9314725188614084
2160,66002,0.8091052416563527,false,2160,66002,0.8091052416563527
2160,79632,0.9502771153486113,false,2160,79632,0.9502771153486113
2160,100505495,0.8894776567393231,false,2160,100505495,0.8894776567393231
2160,9476,0.9422712084386474,false,2160,9476,0.9422712084386474
2160,151531,0.7957179049901474,false,2160,151531,0.7957179049901474
2160,105371242,0.7503130080865188,false,2160,105371242,0.7503130080865188
2160,2122,0.941388823335646,false,2160,2122,0.941388823335646
2160,84059,0.9662851619348946,false,2160,84059,0.9662851619348946
2160,6097,0.9872036463103814,false,2160,6097,0.9872036463103814
2160,120892,0.947572005031706,false,2160,120892,0.947572005031706
2160,113219467,0.7971083991119708,false,2160,113219467,0.7971083991119708
2160,123624,0.9442991788841273,false,2160,123624,0.9442991788841273
2160,391253,0.9339727499197923,false,2160,391253,0.9339727499197923
2160,693188,0.8688728184889384,false,2160,693188,0.8688728184889384
2160,6799,0.9081971973048271,false,2160,6799,0.9081971973048271
2160,389376,0.7881725446826532,false,2160,389376,0.7881725446826532
2160,353189,0.8701648848446056,false,2160,353189,0.8701648848446056
2160,776,0.7756967358344417,false,2160,776,0.7756967358344417
2160,84851,0.8044768986403193,false,2160,84851,0.8044768986403193
2160,84525,0.9585661964015394,false,2160,84525,0.9585661964015394
2160,4861,0.9116519435725973,false,2160,4861,0.9116519435725973
2160,10203,0.9542361319911297,false,2160,10203,0.9542361319911297
2160,1080,0.9079997143933924,false,2160,1080,0.9079997143933924
2160,105372793,0.7561501342183219,false,2160,105372793,0.7561501342183219
2160,56955,0.9415468566261539,false,2160,56955,0.9415468566261539
2160,653509,0.9476539186258756,false,2160,653509,0.9476539186258756
2160,55282,0.9592948722761296,false,2160,55282,0.9592948722761296
2160,79098,0.9275026693664722,false,2160,79098,0.9275026693664722
2160,144535,0.9011316147425708,false,2160,144535,0.9011316147425708
2160,649946,0.8985410615544063,false,2160,649946,0.8985410615544063
2160,144571,0.9656639353342243,false,2160,144571,0.9656639353342243
2160,165186,0.9385822979059676,false,2160,165186,0.9385822979059676
2160,102465485,0.8903516485573642,false,2160,102465485,0.8903516485573642
2160,100033436,0.8630319070159831,false,2160,100033436,0.8630319070159831
724026,5346,1.0,false,724026,5346,1.0
724026,4604,1.0,false,724026,4604,1.0
724026,3219,1.0,false,724026,3219,1.0
724026,222166,0.9589893570097066,false,724026,222166,0.9589893570097066
724026,81832,1.0,false,724026,81832,1.0
724026,105374373,1.0,false,724026,105374373,1.0
724026,6928,0.990663357311127,false,724026,6928,0.990663357311127
724026,84700,1.0,false,724026,84700,1.0
724026,29895,1.0,false,724026,29895,1.0
724026,253982,0.9970860369248145,false,724026,253982,0.9970860369248145
724026,284266,0.9354629754469691,false,724026,284266,0.9354629754469691
724026,105379028,1.0,false,724026,105379028,1.0
724026,102724057,0.9944421994657304,false,724026,102724057,0.9944421994657304
724026,2922,1.0,false,724026,2922,1.0
724026,7125,1.0,false,724026,7125,1.0
724026,1132,1.0,false,724026,1132,1.0
724026,89,1.0,false,724026,89,1.0
724026,57526,0.9053418593310792,false,724026,57526,0.9053418593310792
724026,4693,1.0,false,724026,4693,1.0
724026,101929066,1.0,false,724026,101929066,1.0
724026,2696,0.9310797377483425,false,724026,2696,0.9310797377483425
724026,102466759,1.0,false,724026,102466759,1.0
724026,54084,1.0,false,724026,54084,1.0
724026,339983,1.0,false,724026,339983,1.0
724026,606,1.0,false,724026,606,1.0
724026,100133669,1.0,false,724026,100133669,1.0
724026,7473,1.0,false,724026,7473,1.0
724026,1180,1.0,false,724026,1180,1.0
724026,200407,0.9924038663952792,false,724026,200407,0.9924038663952792
724026,766,1.0,false,724026,766,1.0
724026,65998,0.83582136438607,false,724026,65998,0.83582136438607
724026,388327,0.9999999999999998,false,724026,388327,0.9999999999999998
724026,3780,1.0,false,724026,3780,1.0
724026,100126311,1.0,false,724026,100126311,1.0
724026,23562,1.0,false,724026,23562,1.0
724026,1746,1.0,false,724026,1746,1.0
724026,57524,1.0,false,724026,57524,1.0
724026,10331,1.0,false,724026,10331,1.0
724026,256076,0.8639211505072737,false,724026,256076,0.8639211505072737
724026,84867,1.0,false,724026,84867,1.0
724026,100130701,0.887885656802769,false,724026,100130701,0.887885656802769
724026,284680,0.9827242789356608,false,724026,284680,0.9827242789356608
724026,9771,0.7695391096496835,false,724026,9771,0.7695391096496835
724026,128218,0.934983190758844,false,724026,128218,0.934983190758844
724026,222183,1.0,false,724026,222183,1.0
724026,7546,0.9999999999999998,false,724026,7546,0.9999999999999998
724026,9699,1.0,false,724026,9699,1.0
724026,101928580,1.0,false,724026,101928580,1.0
724026,105373265,0.8529273885761165,false,724026,105373265,0.8529273885761165
724026,9211,0.9993716660495693,false,724026,9211,0.9993716660495693
724026,100874002,0.9924038663952792,false,724026,100874002,0.9924038663952792
724026,440590,0.9999999999999999,false,724026,440590,0.9999999999999999
724026,1515,1.0,false,724026,1515,1.0
724026,4606,1.0,false,724026,4606,1.0
5346,4604,1.0,false,5346,4604,1.0
5346,3219,1.0,false,5346,3219,1.0
5346,222166,0.9589893570097062,false,5346,222166,0.9589893570097062
5346,81832,0.9999999999999997,false,5346,81832,0.9999999999999997
5346,105374373,0.9999999999999997,false,5346,105374373,0.9999999999999997
5346,6928,0.990663357311127,false,5346,6928,0.990663357311127
5346,84700,0.9999999999999998,false,5346,84700,0.9999999999999998
5346,29895,1.0,false,5346,29895,1.0
5346,253982,0.9970860369248143,false,5346,253982,0.9970860369248143
5346,284266,0.935462975446969,false,5346,284266,0.935462975446969
5346,105379028,1.0,false,5346,105379028,1.0
5346,102724057,0.9944421994657304,false,5346,102724057,0.9944421994657304
5346,2922,0.9999999999999998,false,5346,2922,0.9999999999999998
5346,7125,1.0,false,5346,7125,1.0
5346,1132,0.9999999999999997,false,5346,1132,0.9999999999999997
5346,89,1.0,false,5346,89,1.0
5346,57526,0.9053418593310788,false,5346,57526,0.9053418593310788
5346,4693,1.0,false,5346,4693,1.0
5346,101929066,1.0,false,5346,101929066,1.0
5346,2696,0.9310797377483425,false,5346,2696,0.9310797377483425
5346,102466759,0.9999999999999998,false,5346,102466759,0.9999999999999998
5346,54084,0.9999999999999999,false,5346,54084,0.9999999999999999
5346,339983,0.9999999999999997,false,5346,339983,0.9999999999999997
5346,606,1.0,false,5346,606,1.0
5346,100133669,0.9999999999999997,false,5346,100133669,0.9999999999999997
5346,7473,0.9999999999999997,false,5346,7473,0.9999999999999997
5346,1180,0.9999999999999998,false,5346,1180,0.9999999999999998
5346,200407,0.9924038663952789,false,5346,200407,0.9924038663952789
5346,766,1.0,false,5346,766,1.0
5346,65998,0.8358213643860699,false,5346,65998,0.8358213643860699
5346,388327,1.0,false,5346,388327,1.0
5346,3780,0.9999999999999997,false,5346,3780,0.9999999999999997
5346,100126311,0.9999999999999997,false,5346,100126311,0.9999999999999997
5346,23562,1.0,false,5346,23562,1.0
5346,1746,1.0,false,5346,1746,1.0
5346,57524,0.9999999999999998,false,5346,57524,0.9999999999999998
5346,10331,1.0,false,5346,10331,1.0
5346,256076,0.8639211505072738,false,5346,256076,0.8639211505072738
5346,84867,1.0,false,5346,84867,1.0
5346,100130701,0.8878856568027688,false,5346,100130701,0.8878856568027688
5346,284680,0.9827242789356606,false,5346,284680,0.9827242789356606
5346,9771,0.7695391096496835,false,5346,9771,0.7695391096496835
5346,128218,0.9349831907588435,false,5346,128218,0.9349831907588435
5346,222183,1.0,false,5346,222183,1.0
5346,7546,0.9999999999999994,false,5346,7546,0.9999999999999994
5346,9699,0.9999999999999998,false,5346,9699,0.9999999999999998
5346,101928580,1.0,false,5346,101928580,1.0
5346,105373265,0.8529273885761164,false,5346,105373265,0.8529273885761164
5346,9211,0.9993716660495692,false,5346,9211,0.9993716660495692
5346,100874002,0.9924038663952789,false,5346,100874002,0.9924038663952789
5346,440590,0.9999999999999998,false,5346,440590,0.9999999999999998
5346,1515,1.0,false,5346,1515,1.0
5346,4606,1.0,false,5346,4606,1.0
361,51208,0.7927834244618367,false,361,51208,0.7927834244618367
361,131873,0.9859224136883643,false,361,131873,0.9859224136883643
361,1161,0.9771615230984781,false,361,1161,0.9771615230984781
361,11148,0.984891880699616,false,361,11148,0.984891880699616
361,79188,0.8448312543230908,false,361,79188,0.8448312543230908
361,4233,0.9010771333630054,false,361,4233,0.9010771333630054
361,93035,0.9933475148482326,false,361,93035,0.9933475148482326
361,1528,0.9723124142308971,false,361,1528,0.9723124142308971
361,138428,0.8014083886731155,false,361,138428,0.8014083886731155
361,6523,0.9427486743117255,false,361,6523,0.9427486743117255
361,155465,0.9840234368710598,false,361,155465,0.9840234368710598
361,5225,0.8117646396244877,false,361,5225,0.8117646396244877
361,4128,0.9662788517101191,false,361,4128,0.9662788517101191
361,55892,0.9184810965973522,false,361,55892,0.9184810965973522
361,3249,0.995439863262179,false,361,3249,0.995439863262179
361,306,0.9344127828190715,false,361,306,0.9344127828190715
361,6440,0.8837744482683261,false,361,6440,0.8837744482683261
361,10568,0.8356620146743831,false,361,10568,0.8356620146743831
361,33,0.9893801021977435,false,361,33,0.9893801021977435
361,375612,0.9875890286706475,false,361,375612,0.9875890286706475
361,10529,0.8655152519062975,false,361,10529,0.8655152519062975
361,9914,0.9604220089164052,false,361,9914,0.9604220089164052
361,56241,0.9010199733458224,false,361,56241,0.9010199733458224
361,163720,0.953700115468447,false,361,163720,0.953700115468447
361,722,0.9943293250948384,false,361,722,0.9943293250948384
361,6751,0.82809205347272,false,361,6751,0.82809205347272
361,79908,0.9779715629945779,false,361,79908,0.9779715629945779
361,388323,0.8432928453230737,false,361,388323,0.8432928453230737
361,51185,0.833717197449685,false,361,51185,0.833717197449685
361,130367,0.9424077021094484,false,361,130367,0.9424077021094484
361,285335,0.8544552223424399,false,361,285335,0.8544552223424399
361,146177,0.9520205746798988,false,361,146177,0.9520205746798988
361,728226,0.9893405930464014,false,361,728226,0.9893405930464014
361,81615,0.9624249231814147,false,361,81615,0.9624249231814147
361,200373,0.9349247164054283,false,361,200373,0.9349247164054283
361,5787,0.7909581402468724,false,361,5787,0.7909581402468724
361,102723382,0.8529467594970855,false,361,102723382,0.8529467594970855
361,474354,0.954176646782692,false,361,474354,0.954176646782692
361,221395,0.9284640530574354,false,361,221395,0.9284640530574354
361,54842,0.9469519384138524,false,361,54842,0.9469519384138524
361,107985317,0.9891392431245434,false,361,107985317,0.9891392431245434
361,128602,0.9843960114719374,false,361,128602,0.9843960114719374
361,54997,0.8983411622796065,false,361,54997,0.8983411622796065
361,2595,0.9655269391856774,false,361,2595,0.9655269391856774
361,9223,0.9255104646172306,false,361,9223,0.9255104646172306
361,253970,0.981310128270454,false,361,253970,0.981310128270454
361,503645,0.9483512204484748,false,361,503645,0.9483512204484748
361,4070,0.9358548023247262,false,361,4070,0.9358548023247262
361,346007,0.9223464565560592,false,361,346007,0.9223464565560592
361,116984,0.9627310389780996,false,361,116984,0.9627310389780996
361,825,0.9697252005254708,false,361,825,0.9697252005254708
361,137872,0.8810661531409696,false,361,137872,0.8810661531409696
361,100033430,0.8109552658859668,false,361,100033430,0.8109552658859668
361,124944,0.9068288128831495,false,361,124944,0.9068288128831495
361,93517,0.990508407374234,false,361,93517,0.990508407374234
361,130271,0.8173351975960566,false,361,130271,0.8173351975960566
361,101927516,0.983525956970512,false,361,101927516,0.983525956970512
361,285,0.9495109407772293,false,361,285,0.9495109407772293
361,27074,0.9753413704309976,false,361,27074,0.9753413704309976
361,100996506,0.8456605019718858,false,361,100996506,0.8456605019718858
361,66002,0.9394603534865017,false,361,66002,0.9394603534865017
361,79632,0.959553960298988,false,361,79632,0.959553960298988
361,100505495,0.9728014126541603,false,361,100505495,0.9728014126541603
361,7620,0.8284229999292073,false,361,7620,0.8284229999292073
361,9476,0.9619567424837218,false,361,9476,0.9619567424837218
361,151531,0.9300676910461702,false,361,151531,0.9300676910461702
361,105371242,0.8094304348204496,false,361,105371242,0.8094304348204496
361,2122,0.9968080407487573,false,361,2122,0.9968080407487573
361,84059,0.9367302770811774,false,361,84059,0.9367302770811774
361,121512,0.8617837246820559,false,361,121512,0.8617837246820559
361,6097,0.9849179991811224,false,361,6097,0.9849179991811224
361,120892,0.9690991454810979,false,361,120892,0.9690991454810979
361,113219467,0.802512119437396,false,361,113219467,0.802512119437396
361,123624,0.9968732889929893,false,361,123624,0.9968732889929893
361,391253,0.9926482512446679,false,361,391253,0.9926482512446679
361,693188,0.9511777534813132,false,361,693188,0.9511777534813132
361,6799,0.7860470895790594,false,361,6799,0.7860470895790594
361,353189,0.9349938101429088,false,361,353189,0.9349938101429088
361,776,0.9022274452584046,false,361,776,0.9022274452584046
361,84851,0.9076495676165643,false,361,84851,0.9076495676165643
361,84525,0.911074694841821,false,361,84525,0.911074694841821
361,4861,0.9891351879085628,false,361,4861,0.9891351879085628
361,10203,0.9840116298572509,false,361,10203,0.9840116298572509
361,1080,0.8998163213094279,false,361,1080,0.8998163213094279
361,65217,0.811340170319797,false,361,65217,0.811340170319797
361,105372793,0.8603196952912051,false,361,105372793,0.8603196952912051
361,56955,0.9906420904154833,false,361,56955,0.9906420904154833
361,653509,0.8558154311927255,false,361,653509,0.8558154311927255
361,55282,0.9255435702576201,false,361,55282,0.9255435702576201
361,79098,0.9947990941774101,false,361,79098,0.9947990941774101
361,144535,0.92354624636151,false,361,144535,0.92354624636151
361,649946,0.9436419129862651,false,361,649946,0.9436419129862651
361,144571,0.9666005329137409,false,361,144571,0.9666005329137409
361,165186,0.9921891487993064,false,361,165186,0.9921891487993064
361,102465485,0.9150914818842943,false,361,102465485,0.9150914818842943
361,100033436,0.9366755344732258,false,361,100033436,0.9366755344732258
51208,3909,0.8365934490130581,false,51208,3909,0.8365934490130581
51208,131873,0.8081550577437405,false,51208,131873,0.8081550577437405
51208,1161,0.8241101272705862,false,51208,1161,0.8241101272705862
51208,11148,0.825028319206591,false,51208,11148,0.825028319206591
51208,4233,0.7714924747476847,false,51208,4233,0.7714924747476847
51208,93035,0.7772041419517306,false,51208,93035,0.7772041419517306
51208,4128,0.8632566886697199,false,51208,4128,0.8632566886697199
51208,55892,0.7531384681098646,false,51208,55892,0.7531384681098646
51208,654412,0.9139902599317514,false,51208,654412,0.9139902599317514
51208,3249,0.7851469687177287,false,51208,3249,0.7851469687177287
51208,306,0.8851658366690427,false,51208,306,0.8851658366690427
51208,4582,0.7822747708333211,false,51208,4582,0.7822747708333211
51208,79838,0.9170987691063077,false,51208,79838,0.9170987691063077
51208,375612,0.7826701267871241,false,51208,375612,0.7826701267871241
51208,503640,0.9514988805806216,false,51208,503640,0.9514988805806216
51208,259290,0.8326096864565519,false,51208,259290,0.8326096864565519
51208,163720,0.7951404770240317,false,51208,163720,0.7951404770240317
51208,6751,0.9739184500282456,false,51208,6751,0.9739184500282456
51208,79908,0.8221967364668389,false,51208,79908,0.8221967364668389
51208,130367,0.9156494904859227,false,51208,130367,0.9156494904859227
51208,285335,0.8543838150500365,false,51208,285335,0.8543838150500365
51208,9356,0.8298389369055739,false,51208,9356,0.8298389369055739
51208,641776,0.870446835028111,false,51208,641776,0.870446835028111
51208,728226,0.7772832484091559,false,51208,728226,0.7772832484091559
51208,200373,0.8312345089772097,false,51208,200373,0.8312345089772097
51208,474354,0.7520305818352464,false,51208,474354,0.7520305818352464
51208,54842,0.8056010481233211,false,51208,54842,0.8056010481233211
51208,107985317,0.7975409438044349,false,51208,107985317,0.7975409438044349
51208,128602,0.7679085912551606,false,51208,128602,0.7679085912551606
51208,54997,0.9599198562975478,false,51208,54997,0.9599198562975478
51208,2595,0.7537646569389053,false,51208,2595,0.7537646569389053
51208,115677,0.8975226903741983,false,51208,115677,0.8975226903741983
51208,7851,0.7688222339016871,false,51208,7851,0.7688222339016871
51208,253970,0.7898874461990845,false,51208,253970,0.7898874461990845
51208,109136579,0.918651482273039,false,51208,109136579,0.918651482273039
51208,503645,0.8751643019095209,false,51208,503645,0.8751643019095209
51208,64332,0.9486864569047142,false,51208,64332,0.9486864569047142
51208,116984,0.8536426422729788,false,51208,116984,0.8536426422729788
51208,137872,0.9447402281062562,false,51208,137872,0.9447402281062562
51208,1577,0.7621927609635942,false,51208,1577,0.7621927609635942
51208,100033430,0.9680975406561129,false,51208,100033430,0.9680975406561129
51208,102723849,0.874322893351327,false,51208,102723849,0.874322893351327
51208,93517,0.7902968693612208,false,51208,93517,0.7902968693612208
51208,89765,0.9336825352708477,false,51208,89765,0.9336825352708477
51208,130271,0.7957305739424976,false,51208,130271,0.7957305739424976
51208,378938,0.9194664534588448,false,51208,378938,0.9194664534588448
51208,285,0.8278000007987946,false,51208,285,0.8278000007987946
51208,27074,0.8715194869613455,false,51208,27074,0.8715194869613455
51208,66002,0.9259690176008237,false,51208,66002,0.9259690176008237
51208,79632,0.7848599969936578,false,51208,79632,0.7848599969936578
51208,7620,0.9250063407337841,false,51208,7620,0.9250063407337841
51208,105180391,0.9197558324901317,false,51208,105180391,0.9197558324901317
51208,151531,0.9332011834969293,false,51208,151531,0.9332011834969293
51208,105180390,0.8893809209215794,false,51208,105180390,0.8893809209215794
51208,692058,0.8262623806710856,false,51208,692058,0.8262623806710856
51208,645843,0.9515355112909342,false,51208,645843,0.9515355112909342
51208,2122,0.7921033848275042,false,51208,2122,0.7921033848275042
51208,121512,0.9684151919131653,false,51208,121512,0.9684151919131653
51208,123624,0.8136374727844508,false,51208,123624,0.8136374727844508
51208,391253,0.7711232462521819,false,51208,391253,0.7711232462521819
51208,353189,0.7610157285658039,false,51208,353189,0.7610157285658039
51208,776,0.9260677095210333,false,51208,776,0.9260677095210333
51208,4861,0.7941424673039059,false,51208,4861,0.7941424673039059
51208,284323,0.9596037121908224,false,51208,284323,0.9596037121908224
51208,65217,0.8933030784226138,false,51208,65217,0.8933030784226138
51208,56955,0.7766722548154861,false,51208,56955,0.7766722548154861
51208,692213,0.7732175200968455,false,51208,692213,0.7732175200968455
51208,79098,0.832424257008755,false,51208,79098,0.832424257008755
51208,649946,0.8013165268866496,false,51208,649946,0.8013165268866496
51208,165186,0.7747557317678682,false,51208,165186,0.7747557317678682
51208,440352,0.8214591003178205,false,51208,440352,0.8214591003178205
218,92086,0.9538814419853867,false,218,92086,0.9538814419853867
218,9365,0.8508776378624971,false,218,9365,0.8508776378624971
218,51554,0.8646363176469043,false,218,51554,0.8646363176469043
218,9208,0.795859333618625,false,218,9208,0.795859333618625
218,112268252,0.9463149087463772,false,218,112268252,0.9463149087463772
218,277,0.9691240624260953,false,218,277,0.9691240624260953
218,80736,0.8565892985479054,false,218,80736,0.8565892985479054
218,163131,0.7721509156774916,false,218,163131,0.7721509156774916
218,100302170,0.9682450469686725,false,218,100302170,0.9682450469686725
218,25901,0.8616306417928671,false,218,25901,0.8616306417928671
218,51365,0.9874958311637264,false,218,51365,0.9874958311637264
218,7225,0.8852537025933922,false,218,7225,0.8852537025933922
218,27134,0.9960503888841475,false,218,27134,0.9960503888841475
218,157310,0.9279293929567747,false,218,157310,0.9279293929567747
218,5340,0.8418589327993293,false,218,5340,0.8418589327993293
218,4582,0.8562583678645802,false,218,4582,0.8562583678645802
218,3248,0.9284068604236014,false,218,3248,0.9284068604236014
218,255189,0.8734611645995763,false,218,255189,0.8734611645995763
218,641384,0.9062533127944333,false,218,641384,0.9062533127944333
218,100130449,0.8866018353246409,false,218,100130449,0.8866018353246409
218,10103,0.990203869461849,false,218,10103,0.990203869461849
218,3856,0.8660971211052675,false,218,3856,0.8660971211052675
218,1048,0.9898303485091373,false,218,1048,0.9898303485091373
218,100419743,0.9898439725410947,false,218,100419743,0.9898439725410947
218,3983,0.9768562668279094,false,218,3983,0.9768562668279094
218,3694,0.9405384419952729,false,218,3694,0.9405384419952729
218,285989,0.9527530635706348,false,218,285989,0.9527530635706348
218,2627,0.9831889309707971,false,218,2627,0.9831889309707971
218,1555,0.9955809378206992,false,218,1555,0.9955809378206992
218,57528,0.9279162078368016,false,218,57528,0.9279162078368016
218,201456,0.967422484241813,false,218,201456,0.967422484241813
218,57186,0.9785664060580767,false,218,57186,0.9785664060580767
218,6473,0.9898439725410946,false,218,6473,0.9898439725410946
218,102723508,0.9210229287131918,false,218,102723508,0.9210229287131918
218,100506658,0.8121141072351233,false,218,100506658,0.8121141072351233
218,341676,0.9897024834595718,false,218,341676,0.9897024834595718
218,148213,0.9066285371755133,false,218,148213,0.9066285371755133
218,10595,0.9600564979580606,false,218,10595,0.9600564979580606
218,4583,0.9424513749779284,false,218,4583,0.9424513749779284
218,55567,0.9646015913545496,false,218,55567,0.9646015913545496
218,7851,0.8718901798033502,false,218,7851,0.8718901798033502
218,692072,0.9412349970065703,false,218,692072,0.9412349970065703
218,55808,0.9958824863390267,false,218,55808,0.9958824863390267
218,999,0.974107471430794,false,218,999,0.974107471430794
218,126353,0.965470788934112,false,218,126353,0.965470788934112
218,26226,0.816344670325449,false,218,26226,0.816344670325449
218,388743,0.9828167019204488,false,218,388743,0.9828167019204488
218,1577,0.8755373532997457,false,218,1577,0.8755373532997457
218,340267,0.8796543547006878,false,218,340267,0.8796543547006878
218,200879,0.9898025045365741,false,218,200879,0.9898025045365741
218,1510,0.9973892457583019,false,218,1510,0.9973892457583019
218,102723849,0.7611773409275919,false,218,102723849,0.7611773409275919
218,57111,0.9983015274451863,false,218,57111,0.9983015274451863
218,116844,0.842053105407958,false,218,116844,0.842053105407958
218,10129,0.8853177995831332,false,218,10129,0.8853177995831332
218,4586,0.9907505690334191,false,218,4586,0.9907505690334191
218,10551,0.9915670003354334,false,218,10551,0.9915670003354334
218,54897,0.7824668869326428,false,218,54897,0.7824668869326428
218,117155,0.9270273024540391,false,218,117155,0.9270273024540391
218,112268155,0.9708819612150832,false,218,112268155,0.9708819612150832
218,1152,0.9564661852695236,false,218,1152,0.9564661852695236
218,79083,0.988152735928482,false,218,79083,0.988152735928482
218,1556,0.8942957187645192,false,218,1556,0.8942957187645192
218,55930,0.9458810914506102,false,218,55930,0.9458810914506102
218,22996,0.9321858025034885,false,218,22996,0.9321858025034885
218,7113,0.8537831919909934,false,218,7113,0.8537831919909934
218,54861,0.8472557521899137,false,218,54861,0.8472557521899137
218,222256,0.8192722099246422,false,218,222256,0.8192722099246422
218,100529240,0.9743645308552956,false,218,100529240,0.9743645308552956
218,113218482,0.9741074352150372,false,218,113218482,0.9741074352150372
218,647024,0.97174470459606,false,218,647024,0.97174470459606
218,255928,0.9919154092364768,false,218,255928,0.9919154092364768
218,8537,0.9978429503889137,false,218,8537,0.9978429503889137
218,10018,0.8301270611870069,false,218,10018,0.8301270611870069
218,115019,0.8991361644991241,false,218,115019,0.8991361644991241
218,3434,0.8305548621863402,false,218,3434,0.8305548621863402
218,168374,0.9257441314513508,false,218,168374,0.9257441314513508
218,143884,0.8531705415273925,false,218,143884,0.8531705415273925
218,3993,0.898066181611256,false,218,3993,0.898066181611256
218,389852,0.934610003978677,false,218,389852,0.934610003978677
218,164312,0.9937489430752747,false,218,164312,0.9937489430752747
218,84239,0.7843049606691428,false,218,84239,0.7843049606691428
218,2065,0.8933304658549662,false,218,2065,0.8933304658549662
218,135656,0.989869238699946,false,218,135656,0.989869238699946
218,94059,0.8571443906403958,false,218,94059,0.8571443906403958
218,3960,0.8710829547156115,false,218,3960,0.8710829547156115
218,23584,0.8074122339617823,false,218,23584,0.8074122339617823
218,692213,0.773939277302707,false,218,692213,0.773939277302707
218,153643,0.9453601068309084,false,218,153643,0.9453601068309084
218,112268422,0.8666983642006635,false,218,112268422,0.8666983642006635
218,259294,0.9163392572744815,false,218,259294,0.9163392572744815
218,2266,0.9782119450025144,false,218,2266,0.9782119450025144
218,745,0.9614968175593941,false,218,745,0.9614968175593941
28824,158798,0.7931072327694509,false,28824,158798,0.7931072327694509
28824,284340,0.7756417449162979,false,28824,284340,0.7756417449162979
28824,4574,0.8199018010663351,false,28824,4574,0.8199018010663351
28824,399949,0.8393469429057899,false,28824,399949,0.8393469429057899
28824,5265,0.9831935880865776,false,28824,5265,0.9831935880865776
28824,10568,0.8085726511006482,false,28824,10568,0.8085726511006482
28824,10579,0.8034332282095651,false,28824,10579,0.8034332282095651
28824,100506686,0.805914405659973,false,28824,100506686,0.805914405659973
28824,110806280,0.8519802749190459,false,28824,110806280,0.8519802749190459
28824,6441,0.7521105827289728,false,28824,6441,0.7521105827289728
28824,8091,0.783298569333031,false,28824,8091,0.783298569333031
28824,400578,0.7897489689634467,false,28824,400578,0.7897489689634467
28824,387882,0.7992287943664644,false,28824,387882,0.7992287943664644
28824,5545,0.8706041875360203,false,28824,5545,0.8706041875360203
28824,10586,0.7654904754285751,false,28824,10586,0.7654904754285751
28824,2619,0.7575290636707195,false,28824,2619,0.7575290636707195
28824,654433,0.8138260667299079,false,28824,654433,0.8138260667299079
28824,220136,0.923932353361949,false,28824,220136,0.923932353361949
28824,9370,0.8519802749190459,false,28824,9370,0.8519802749190459
28824,389376,0.9057111922842833,false,28824,389376,0.9057111922842833
28824,80381,0.8648163311285275,false,28824,80381,0.8648163311285275
28824,100874095,0.8519802749190459,false,28824,100874095,0.8519802749190459
28824,26298,0.8275265809634093,false,28824,26298,0.8275265809634093
4604,3219,1.0,false,4604,3219,1.0
4604,222166,0.9589893570097066,false,4604,222166,0.9589893570097066
4604,81832,1.0,false,4604,81832,1.0
4604,105374373,1.0,false,4604,105374373,1.0
4604,6928,0.990663357311127,false,4604,6928,0.990663357311127
4604,84700,1.0,false,4604,84700,1.0
4604,29895,1.0,false,4604,29895,1.0
4604,253982,0.9970860369248145,false,4604,253982,0.9970860369248145
4604,284266,0.9354629754469691,false,4604,284266,0.9354629754469691
4604,105379028,1.0,false,4604,105379028,1.0
4604,102724057,0.9944421994657304,false,4604,102724057,0.9944421994657304
4604,2922,1.0,false,4604,2922,1.0
4604,7125,1.0,false,4604,7125,1.0
4604,1132,1.0,false,4604,1132,1.0
4604,89,1.0,false,4604,89,1.0
4604,57526,0.9053418593310792,false,4604,57526,0.9053418593310792
4604,4693,1.0,false,4604,4693,1.0
4604,101929066,1.0,false,4604,101929066,1.0
4604,2696,0.9310797377483425,false,4604,2696,0.9310797377483425
4604,102466759,1.0,false,4604,102466759,1.0
4604,54084,1.0,false,4604,54084,1.0
4604,339983,1.0,false,4604,339983,1.0
4604,606,1.0,false,4604,606,1.0
4604,100133669,1.0,false,4604,100133669,1.0
4604,7473,1.0,false,4604,7473,1.0
4604,1180,1.0,false,4604,1180,1.0
4604,200407,0.9924038663952792,false,4604,200407,0.9924038663952792
4604,766,1.0,false,4604,766,1.0
4604,65998,0.83582136438607,false,4604,65998,0.83582136438607
4604,388327,0.9999999999999998,false,4604,388327,0.9999999999999998
4604,3780,1.0,false,4604,3780,1.0
4604,100126311,1.0,false,4604,100126311,1.0
4604,23562,1.0,false,4604,23562,1.0
4604,1746,1.0,false,4604,1746,1.0
4604,57524,1.0,false,4604,57524,1.0
4604,10331,1.0,false,4604,10331,1.0
4604,256076,0.8639211505072737,false,4604,256076,0.8639211505072737
4604,84867,1.0,false,4604,84867,1.0
4604,100130701,0.887885656802769,false,4604,100130701,0.887885656802769
4604,284680,0.9827242789356608,false,4604,284680,0.9827242789356608
4604,9771,0.7695391096496835,false,4604,9771,0.7695391096496835
4604,128218,0.934983190758844,false,4604,128218,0.934983190758844
4604,222183,1.0,false,4604,222183,1.0
4604,7546,0.9999999999999998,false,4604,7546,0.9999999999999998
4604,9699,1.0,false,4604,9699,1.0
4604,101928580,1.0,false,4604,101928580,1.0
4604,105373265,0.8529273885761165,false,4604,105373265,0.8529273885761165
4604,9211,0.9993716660495693,false,4604,9211,0.9993716660495693
4604,100874002,0.9924038663952792,false,4604,100874002,0.9924038663952792
4604,440590,0.9999999999999999,false,4604,440590,0.9999999999999999
4604,1515,1.0,false,4604,1515,1.0
4604,4606,1.0,false,4604,4606,1.0
3909,541473,0.8932059012048486,false,3909,541473,0.8932059012048486
3909,51554,0.7827349056648217,false,3909,51554,0.7827349056648217
3909,112268252,0.7905376288047918,false,3909,112268252,0.7905376288047918
3909,163131,0.8098986973869373,false,3909,163131,0.8098986973869373
3909,7225,0.8835830685347009,false,3909,7225,0.8835830685347009
3909,654412,0.8371485185615493,false,3909,654412,0.8371485185615493
3909,4582,0.8564175247322304,false,3909,4582,0.8564175247322304
3909,3248,0.7723748284287065,false,3909,3248,0.7723748284287065
3909,255189,0.8358986895262486,false,3909,255189,0.8358986895262486
3909,79838,0.762509880346511,false,3909,79838,0.762509880346511
3909,259290,0.7868314886056041,false,3909,259290,0.7868314886056041
3909,57528,0.8438255821170184,false,3909,57528,0.8438255821170184
3909,9356,0.8268205874651845,false,3909,9356,0.8268205874651845
3909,641776,0.8308538614946317,false,3909,641776,0.8308538614946317
3909,100506658,0.8727399309428258,false,3909,100506658,0.8727399309428258
3909,115677,0.8449748598876421,false,3909,115677,0.8449748598876421
3909,7851,0.8599303759569454,false,3909,7851,0.8599303759569454
3909,692072,0.8546384621495442,false,3909,692072,0.8546384621495442
3909,64332,0.9173252928028292,false,3909,64332,0.9173252928028292
3909,1577,0.8608182548526513,false,3909,1577,0.8608182548526513
3909,340267,0.8376919579834362,false,3909,340267,0.8376919579834362
3909,441251,0.906857549995559,false,3909,441251,0.906857549995559
3909,102723849,0.9203070702709802,false,3909,102723849,0.9203070702709802
3909,57669,0.9242249423580718,false,3909,57669,0.9242249423580718
3909,117155,0.8172265127296702,false,3909,117155,0.8172265127296702
3909,112268155,0.7970270422053087,false,3909,112268155,0.7970270422053087
3909,1556,0.8437279187176223,false,3909,1556,0.8437279187176223
3909,7113,0.9174884533437438,false,3909,7113,0.9174884533437438
3909,105180391,0.8489472917208802,false,3909,105180391,0.8489472917208802
3909,10018,0.784747770473253,false,3909,10018,0.784747770473253
3909,115019,0.9015077930740094,false,3909,115019,0.9015077930740094
3909,105180390,0.827708450721152,false,3909,105180390,0.827708450721152
3909,168374,0.8462848497759496,false,3909,168374,0.8462848497759496
3909,645843,0.8856879136769401,false,3909,645843,0.8856879136769401
3909,143884,0.7987989297484149,false,3909,143884,0.7987989297484149
3909,3993,0.8753365810658204,false,3909,3993,0.8753365810658204
3909,389852,0.7724239318451253,false,3909,389852,0.7724239318451253
3909,84239,0.9542655939832091,false,3909,84239,0.9542655939832091
3909,2065,0.7633347215203762,false,3909,2065,0.7633347215203762
3909,3960,0.8244337093256608,false,3909,3960,0.8244337093256608
3909,284323,0.7889893227748743,false,3909,284323,0.7889893227748743
3909,23584,0.9453095800014846,false,3909,23584,0.9453095800014846
3909,692213,0.7879246344232806,false,3909,692213,0.7879246344232806
3909,259294,0.798775994712259,false,3909,259294,0.798775994712259
3909,440352,0.9843814245604487,false,3909,440352,0.9843814245604487
131873,1161,0.9574163381943994,false,131873,1161,0.9574163381943994
131873,11148,0.978155231472584,false,131873,11148,0.978155231472584
131873,79188,0.786254986558881,false,131873,79188,0.786254986558881
131873,4233,0.8652928502054806,false,131873,4233,0.8652928502054806
131873,93035,0.9769583197986244,false,131873,93035,0.9769583197986244
131873,1528,0.9496702713166711,false,131873,1528,0.9496702713166711
131873,138428,0.7513238209678219,false,131873,138428,0.7513238209678219
131873,6523,0.899200993747224,false,131873,6523,0.899200993747224
131873,155465,0.9451575497008649,false,131873,155465,0.9451575497008649
131873,5225,0.7524380251800551,false,131873,5225,0.7524380251800551
131873,4128,0.949705444601058,false,131873,4128,0.949705444601058
131873,55892,0.8886177568644423,false,131873,55892,0.8886177568644423
131873,3249,0.9769896170438076,false,131873,3249,0.9769896170438076
131873,306,0.9526653760463073,false,131873,306,0.9526653760463073
131873,6440,0.8557919232262544,false,131873,6440,0.8557919232262544
131873,10568,0.7731538113333547,false,131873,10568,0.7731538113333547
131873,33,0.9637507259671074,false,131873,33,0.9637507259671074
131873,375612,0.9772108575042571,false,131873,375612,0.9772108575042571
131873,10529,0.8131632568731922,false,131873,10529,0.8131632568731922
131873,9914,0.9645995569405963,false,131873,9914,0.9645995569405963
131873,56241,0.8981504311103352,false,131873,56241,0.8981504311103352
131873,163720,0.9719312831155229,false,131873,163720,0.9719312831155229
131873,722,0.9835667450625878,false,131873,722,0.9835667450625878
131873,6751,0.8353190152167131,false,131873,6751,0.8353190152167131
131873,79908,0.9639128820866614,false,131873,79908,0.9639128820866614
131873,388323,0.7706324853759131,false,131873,388323,0.7706324853759131
131873,51185,0.7700963866241722,false,131873,51185,0.7700963866241722
131873,130367,0.9148399416404194,false,131873,130367,0.9148399416404194
131873,285335,0.7887035664643941,false,131873,285335,0.7887035664643941
131873,146177,0.9361079472964537,false,131873,146177,0.9361079472964537
131873,728226,0.9752868239161885,false,131873,728226,0.9752868239161885
131873,81615,0.967393415582223,false,131873,81615,0.967393415582223
131873,200373,0.8826953768113749,false,131873,200373,0.8826953768113749
131873,5787,0.8576868499107787,false,131873,5787,0.8576868499107787
131873,102723382,0.8114048685445455,false,131873,102723382,0.8114048685445455
131873,474354,0.916711769163038,false,131873,474354,0.916711769163038
131873,221395,0.9412023414490863,false,131873,221395,0.9412023414490863
131873,54842,0.9290089105037046,false,131873,54842,0.9290089105037046
131873,107985317,0.9716716963140104,false,131873,107985317,0.9716716963140104
131873,128602,0.9878702288534355,false,131873,128602,0.9878702288534355
131873,54997,0.8995212327890173,false,131873,54997,0.8995212327890173
131873,2595,0.9707416308331521,false,131873,2595,0.9707416308331521
131873,115677,0.7610419470013317,false,131873,115677,0.7610419470013317
131873,9223,0.9571683381435183,false,131873,9223,0.9571683381435183
131873,253970,0.9593776734901982,false,131873,253970,0.9593776734901982
131873,503645,0.9675292817967397,false,131873,503645,0.9675292817967397
131873,4070,0.8775168199729708,false,131873,4070,0.8775168199729708
131873,346007,0.9032274112732919,false,131873,346007,0.9032274112732919
131873,116984,0.9620707929725181,false,131873,116984,0.9620707929725181
131873,825,0.9711617582100899,false,131873,825,0.9711617582100899
131873,137872,0.8757838831139575,false,131873,137872,0.8757838831139575
131873,100033430,0.794984936588083,false,131873,100033430,0.794984936588083
131873,124944,0.865842527249434,false,131873,124944,0.865842527249434
131873,93517,0.9754070846760715,false,131873,93517,0.9754070846760715
131873,130271,0.8940518487394432,false,131873,130271,0.8940518487394432
131873,101927516,0.958148902209286,false,131873,101927516,0.958148902209286
131873,285,0.9205970198453919,false,131873,285,0.9205970198453919
131873,27074,0.959967197561303,false,131873,27074,0.959967197561303
131873,100996506,0.8096456317973386,false,131873,100996506,0.8096456317973386
131873,66002,0.9313832183784945,false,131873,66002,0.9313832183784945
131873,79632,0.9250732188826604,false,131873,79632,0.9250732188826604
131873,100505495,0.9609641803886256,false,131873,100505495,0.9609641803886256
131873,7620,0.8300635758951901,false,131873,7620,0.8300635758951901
131873,9476,0.9147538427346057,false,131873,9476,0.9147538427346057
131873,151531,0.9141331449406224,false,131873,151531,0.9141331449406224
131873,105371242,0.8105248234502936,false,131873,105371242,0.8105248234502936
131873,2122,0.9787816334716604,false,131873,2122,0.9787816334716604
131873,84059,0.9286580664491138,false,131873,84059,0.9286580664491138
131873,121512,0.8577324497103607,false,131873,121512,0.8577324497103607
131873,6097,0.9724660481565536,false,131873,6097,0.9724660481565536
131873,120892,0.9294751082041275,false,131873,120892,0.9294751082041275
131873,123624,0.9832161199486849,false,131873,123624,0.9832161199486849
131873,391253,0.959600098407531,false,131873,391253,0.959600098407531
131873,693188,0.9048512050641256,false,131873,693188,0.9048512050641256
131873,353189,0.8754640154046034,false,131873,353189,0.8754640154046034
131873,776,0.93003959899815,false,131873,776,0.93003959899815
131873,84851,0.8557845026730643,false,131873,84851,0.8557845026730643
131873,84525,0.9222453433347838,false,131873,84525,0.9222453433347838
131873,4861,0.973423925333539,false,131873,4861,0.973423925333539
131873,10203,0.9790077304601912,false,131873,10203,0.9790077304601912
131873,1080,0.8303493209652842,false,131873,1080,0.8303493209652842
131873,65217,0.8288676460999477,false,131873,65217,0.8288676460999477
131873,105372793,0.8085266952738802,false,131873,105372793,0.8085266952738802
131873,56955,0.98981830122161,false,131873,56955,0.98981830122161
131873,653509,0.8195468158714037,false,131873,653509,0.8195468158714037
131873,55282,0.9601711142322156,false,131873,55282,0.9601711142322156
131873,79098,0.9794448070074592,false,131873,79098,0.9794448070074592
131873,144535,0.8720721399096398,false,131873,144535,0.8720721399096398
131873,649946,0.9420966059659724,false,131873,649946,0.9420966059659724
131873,144571,0.9507669129427609,false,131873,144571,0.9507669129427609
131873,165186,0.9833438887182032,false,131873,165186,0.9833438887182032
131873,102465485,0.9072259255077442,false,131873,102465485,0.9072259255077442
131873,100033436,0.8996870285115649,false,131873,100033436,0.8996870285115649
1768,79188,0.9090482056851205,false,1768,79188,0.9090482056851205
1768,4233,0.8248454254722025,false,1768,4233,0.8248454254722025
1768,138428,0.9357542037892107,false,1768,138428,0.9357542037892107
1768,6523,0.7640556657089237,false,1768,6523,0.7640556657089237
1768,55892,0.7642359796817535,false,1768,55892,0.7642359796817535
1768,10529,0.7697162551133506,false,1768,10529,0.7697162551133506
1768,2327,0.8167068105112766,false,1768,2327,0.8167068105112766
1768,388323,0.8050253100062431,false,1768,388323,0.8050253100062431
1768,102723382,0.9079488497685037,false,1768,102723382,0.9079488497685037
1768,1040,0.8958167739794631,false,1768,1040,0.8958167739794631
1768,346007,0.8457957793176504,false,1768,346007,0.8457957793176504
1768,100996506,0.8501192358628962,false,1768,100996506,0.8501192358628962
1768,4179,0.9292098772223241,false,1768,4179,0.9292098772223241
1768,201625,0.7900740055644058,false,1768,201625,0.7900740055644058
1768,84851,0.8102532405629416,false,1768,84851,0.8102532405629416
1768,105372793,0.8515738519106549,false,1768,105372793,0.8515738519106549
1768,144535,0.7970000946290854,false,1768,144535,0.7970000946290854
1768,649946,0.785417285826687,false,1768,649946,0.785417285826687
1768,144571,0.7695285009370166,false,1768,144571,0.7695285009370166
1768,102465485,0.8748185829585912,false,1768,102465485,0.8748185829585912
1768,100033436,0.8315861041849818,false,1768,100033436,0.8315861041849818
92086,9365,0.7739301635856402,false,92086,9365,0.7739301635856402
92086,51554,0.821673205680329,false,92086,51554,0.821673205680329
92086,112268252,0.882794382832013,false,92086,112268252,0.882794382832013
92086,277,0.863340252322326,false,92086,277,0.863340252322326
92086,80736,0.7821648825470323,false,92086,80736,0.7821648825470323
92086,163131,0.8387120576658107,false,92086,163131,0.8387120576658107
92086,100302170,0.9481892705767195,false,92086,100302170,0.9481892705767195
92086,25901,0.848197061548147,false,92086,25901,0.848197061548147
92086,51365,0.9860001356458956,false,92086,51365,0.9860001356458956
92086,7225,0.8812549819252276,false,92086,7225,0.8812549819252276
92086,27134,0.9726138016126142,false,92086,27134,0.9726138016126142
92086,157310,0.8418433516704398,false,92086,157310,0.8418433516704398
92086,5340,0.8484703893162076,false,92086,5340,0.8484703893162076
92086,4582,0.8160802965714756,false,92086,4582,0.8160802965714756
92086,3248,0.9425326121104102,false,92086,3248,0.9425326121104102
92086,255189,0.8168461583659283,false,92086,255189,0.8168461583659283
92086,641384,0.8927818876657888,false,92086,641384,0.8927818876657888
92086,100130449,0.8412206733900957,false,92086,100130449,0.8412206733900957
92086,10103,0.9426600730091044,false,92086,10103,0.9426600730091044
92086,1048,0.9747382975805553,false,92086,1048,0.9747382975805553
92086,100419743,0.9746491146228982,false,92086,100419743,0.9746491146228982
92086,3983,0.9436260115402513,false,92086,3983,0.9436260115402513
92086,3694,0.8870715106248104,false,92086,3694,0.8870715106248104
92086,285989,0.9111540613545809,false,92086,285989,0.9111540613545809
92086,2627,0.9423688669854994,false,92086,2627,0.9423688669854994
92086,1555,0.9399917676492346,false,92086,1555,0.9399917676492346
92086,57528,0.90830079952632,false,92086,57528,0.90830079952632
92086,201456,0.9594060240905452,false,92086,201456,0.9594060240905452
92086,57186,0.9562127351570152,false,92086,57186,0.9562127351570152
92086,6473,0.9746491146228983,false,92086,6473,0.9746491146228983
92086,102723508,0.9250434164375726,false,92086,102723508,0.9250434164375726
92086,9356,0.7804288011998046,false,92086,9356,0.7804288011998046
92086,100506658,0.7580688972439235,false,92086,100506658,0.7580688972439235
92086,341676,0.9275661077699062,false,92086,341676,0.9275661077699062
92086,148213,0.8811767775314251,false,92086,148213,0.8811767775314251
92086,10595,0.8515625835370881,false,92086,10595,0.8515625835370881
92086,4583,0.8293322932699188,false,92086,4583,0.8293322932699188
92086,55567,0.9058973976045314,false,92086,55567,0.9058973976045314
92086,7851,0.8366226376848507,false,92086,7851,0.8366226376848507
92086,692072,0.9075102994385907,false,92086,692072,0.9075102994385907
92086,55808,0.9737329848293741,false,92086,55808,0.9737329848293741
92086,999,0.88159745684672,false,92086,999,0.88159745684672
92086,126353,0.9142490594766222,false,92086,126353,0.9142490594766222
92086,26226,0.7859232179755236,false,92086,26226,0.7859232179755236
92086,388743,0.9592380427043872,false,92086,388743,0.9592380427043872
92086,1577,0.8449776629686784,false,92086,1577,0.8449776629686784
92086,340267,0.8038013462728959,false,92086,340267,0.8038013462728959
92086,200879,0.9787354956072741,false,92086,200879,0.9787354956072741
92086,1510,0.9619817099553619,false,92086,1510,0.9619817099553619
92086,57111,0.9660736795351171,false,92086,57111,0.9660736795351171
92086,10129,0.8489364958386819,false,92086,10129,0.8489364958386819
92086,4586,0.9739441012680254,false,92086,4586,0.9739441012680254
92086,10551,0.9684998704630527,false,92086,10551,0.9684998704630527
92086,54897,0.8351834740130919,false,92086,54897,0.8351834740130919
92086,117155,0.904385875788264,false,92086,117155,0.904385875788264
92086,112268155,0.9341870754429664,false,92086,112268155,0.9341870754429664
92086,1152,0.9393650554169017,false,92086,1152,0.9393650554169017
92086,79083,0.9831389261916246,false,92086,79083,0.9831389261916246
92086,1556,0.8492165681676698,false,92086,1556,0.8492165681676698
92086,55930,0.909543964387711,false,92086,55930,0.909543964387711
92086,22996,0.888564052872192,false,92086,22996,0.888564052872192
92086,7113,0.7748925350252811,false,92086,7113,0.7748925350252811
92086,54861,0.8315832644628164,false,92086,54861,0.8315832644628164
92086,100529240,0.9666546890566295,false,92086,100529240,0.9666546890566295
92086,113218482,0.937215968229808,false,92086,113218482,0.937215968229808
92086,647024,0.8797945212569593,false,92086,647024,0.8797945212569593
92086,255928,0.973959822170256,false,92086,255928,0.973959822170256
92086,8537,0.9658250099450137,false,92086,8537,0.9658250099450137
92086,10018,0.7965524803135576,false,92086,10018,0.7965524803135576
92086,115019,0.8555389649704331,false,92086,115019,0.8555389649704331
92086,3434,0.8147966753854265,false,92086,3434,0.8147966753854265
92086,168374,0.8660027836160006,false,92086,168374,0.8660027836160006
92086,143884,0.8827734386459266,false,92086,143884,0.8827734386459266
92086,3993,0.8559496168984124,false,92086,3993,0.8559496168984124
92086,389852,0.9139128890320039,false,92086,389852,0.9139128890320039
92086,164312,0.9791593841628656,false,92086,164312,0.9791593841628656
92086,2065,0.8416478355646045,false,92086,2065,0.8416478355646045
92086,135656,0.9747094322829015,false,92086,135656,0.9747094322829015
92086,94059,0.8356608949483706,false,92086,94059,0.8356608949483706
92086,3960,0.8555301561347388,false,92086,3960,0.8555301561347388
92086,23584,0.7991380915309232,false,92086,23584,0.7991380915309232
92086,153643,0.8345311467405636,false,92086,153643,0.8345311467405636
92086,112268422,0.8376093361259346,false,92086,112268422,0.8376093361259346
92086,259294,0.9170663472807995,false,92086,259294,0.9170663472807995
92086,2266,0.9862245472877098,false,92086,2266,0.9862245472877098
92086,745,0.926492021304749,false,92086,745,0.926492021304749
7203,57526,0.7594974058313017,false,7203,57526,0.7594974058313017
7203,2696,0.8035069871671644,false,7203,2696,0.8035069871671644
7203,100130701,0.7543133930305852,false,7203,100130701,0.7543133930305852
80122,107984125,0.8816092160558793,false,80122,107984125,0.8816092160558793
80122,2327,0.7597169217619705,false,80122,2327,0.7597169217619705
80122,85452,0.800852739469386,false,80122,85452,0.800852739469386
80122,6969,0.8731597833490019,false,80122,6969,0.8731597833490019
80122,1028,0.7936724982110661,false,80122,1028,0.7936724982110661
246,401089,0.7921969681697829,false,246,401089,0.7921969681697829
246,58524,0.8319498500574007,false,246,58524,0.8319498500574007
246,677831,0.8583488637836649,false,246,677831,0.8583488637836649
246,5694,0.8973530590991601,false,246,5694,0.8973530590991601
246,60494,0.9091962269220166,false,246,60494,0.9091962269220166
246,22943,0.7794657219640015,false,246,22943,0.7794657219640015
246,7033,0.9456224961207262,false,246,7033,0.9456224961207262
246,100506380,0.7921969681697829,false,246,100506380,0.7921969681697829
246,4892,0.7870486033620048,false,246,4892,0.7870486033620048
246,25976,0.8586379385784608,false,246,25976,0.8586379385784608
246,160728,0.8967754127520852,false,246,160728,0.8967754127520852
246,4496,0.7921969681697829,false,246,4496,0.7921969681697829
246,94025,0.9508450658615633,false,246,94025,0.9508450658615633
246,388633,0.7892767397819199,false,246,388633,0.7892767397819199
246,3929,0.7918456618118955,false,246,3929,0.7918456618118955
246,727897,0.9870770647170247,false,246,727897,0.9870770647170247
246,1767,0.7876637972464184,false,246,1767,0.7876637972464184
246,1604,0.8341983098406247,false,246,1604,0.8341983098406247
246,886,0.7921969681697828,false,246,886,0.7921969681697828
246,632,0.7600232546017295,false,246,632,0.7600232546017295
246,26797,0.8018320307976854,false,246,26797,0.8018320307976854
246,4057,0.9949742143057924,false,246,4057,0.9949742143057924
246,112577518,0.9370884814260517,false,246,112577518,0.9370884814260517
246,692209,0.7916205983053,false,246,692209,0.7916205983053
246,563,0.9924666471363193,false,246,563,0.9924666471363193
246,83643,0.7695606412759187,false,246,83643,0.7695606412759187
246,4069,0.8366558571179571,false,246,4069,0.8366558571179571
246,498,0.9253849791818346,false,246,498,0.9253849791818346
246,284434,0.7815278929890479,false,246,284434,0.7815278929890479
246,219793,0.8135491571707347,false,246,219793,0.8135491571707347
246,646480,0.7878231245939725,false,246,646480,0.7878231245939725
3219,222166,0.9589893570097066,false,3219,222166,0.9589893570097066
3219,81832,1.0,false,3219,81832,1.0
3219,105374373,1.0,false,3219,105374373,1.0
3219,6928,0.990663357311127,false,3219,6928,0.990663357311127
3219,84700,1.0,false,3219,84700,1.0
3219,29895,1.0,false,3219,29895,1.0
3219,253982,0.9970860369248149,false,3219,253982,0.9970860369248149
3219,284266,0.9354629754469691,false,3219,284266,0.9354629754469691
3219,105379028,1.0,false,3219,105379028,1.0
3219,102724057,0.9944421994657309,false,3219,102724057,0.9944421994657309
3219,2922,1.0,false,3219,2922,1.0
3219,7125,1.0,false,3219,7125,1.0
3219,1132,1.0,false,3219,1132,1.0
3219,89,1.0,false,3219,89,1.0
3219,57526,0.9053418593310791,false,3219,57526,0.9053418593310791
3219,4693,1.0,false,3219,4693,1.0
3219,101929066,1.0,false,3219,101929066,1.0
3219,2696,0.9310797377483425,false,3219,2696,0.9310797377483425
3219,102466759,1.0,false,3219,102466759,1.0
3219,54084,1.0,false,3219,54084,1.0
3219,339983,1.0,false,3219,339983,1.0
3219,606,1.0,false,3219,606,1.0
3219,100133669,1.0,false,3219,100133669,1.0
3219,7473,0.9999999999999997,false,3219,7473,0.9999999999999997
3219,1180,1.0,false,3219,1180,1.0
3219,200407,0.9924038663952793,false,3219,200407,0.9924038663952793
3219,766,1.0,false,3219,766,1.0
3219,65998,0.8358213643860701,false,3219,65998,0.8358213643860701
3219,388327,1.0,false,3219,388327,1.0
3219,3780,1.0,false,3219,3780,1.0
3219,100126311,1.0,false,3219,100126311,1.0
3219,23562,1.0,false,3219,23562,1.0
3219,1746,1.0,false,3219,1746,1.0
3219,57524,0.9999999999999998,false,3219,57524,0.9999999999999998
3219,10331,1.0,false,3219,10331,1.0
3219,256076,0.8639211505072738,false,3219,256076,0.8639211505072738
3219,84867,1.0,false,3219,84867,1.0
3219,100130701,0.8878856568027692,false,3219,100130701,0.8878856568027692
3219,284680,0.9827242789356609,false,3219,284680,0.9827242789356609
3219,9771,0.7695391096496836,false,3219,9771,0.7695391096496836
3219,128218,0.9349831907588436,false,3219,128218,0.9349831907588436
3219,222183,1.0,false,3219,222183,1.0
3219,7546,1.0,false,3219,7546,1.0
3219,9699,1.0,false,3219,9699,1.0
3219,101928580,1.0,false,3219,101928580,1.0
3219,105373265,0.8529273885761167,false,3219,105373265,0.8529273885761167
3219,9211,0.9993716660495694,false,3219,9211,0.9993716660495694
3219,100874002,0.9924038663952793,false,3219,100874002,0.9924038663952793
3219,440590,1.0,false,3219,440590,1.0
3219,1515,1.0,false,3219,1515,1.0
3219,4606,1.0,false,3219,4606,1.0
1161,11148,0.9715481913784458,false,1161,11148,0.9715481913784458
1161,79188,0.8811725802600713,false,1161,79188,0.8811725802600713
1161,4233,0.9653943691003544,false,1161,4233,0.9653943691003544
1161,93035,0.9904118409986269,false,1161,93035,0.9904118409986269
1161,4883,0.7966643808254882,false,1161,4883,0.7966643808254882
1161,1528,0.9051837080978027,false,1161,1528,0.9051837080978027
1161,138428,0.8697859983695384,false,1161,138428,0.8697859983695384
1161,6523,0.9760529917580396,false,1161,6523,0.9760529917580396
1161,155465,0.9806994532120662,false,1161,155465,0.9806994532120662
1161,4128,0.9888664784287402,false,1161,4128,0.9888664784287402
1161,55892,0.9768230567201316,false,1161,55892,0.9768230567201316
1161,3249,0.9908517133825706,false,1161,3249,0.9908517133825706
1161,306,0.9178028922406896,false,1161,306,0.9178028922406896
1161,6440,0.7872403507856486,false,1161,6440,0.7872403507856486
1161,33,0.9813810055160324,false,1161,33,0.9813810055160324
1161,375612,0.9877316078263172,false,1161,375612,0.9877316078263172
1161,10529,0.9448827421249614,false,1161,10529,0.9448827421249614
1161,503640,0.8092858092673612,false,1161,503640,0.8092858092673612
1161,9914,0.937401656094621,false,1161,9914,0.937401656094621
1161,56241,0.8322944996801339,false,1161,56241,0.8322944996801339
1161,163720,0.9172700674667733,false,1161,163720,0.9172700674667733
1161,722,0.9724107617939325,false,1161,722,0.9724107617939325
1161,6751,0.8761012265148099,false,1161,6751,0.8761012265148099
1161,79908,0.9947370380641581,false,1161,79908,0.9947370380641581
1161,388323,0.9003837274514882,false,1161,388323,0.9003837274514882
1161,51185,0.9212554724497207,false,1161,51185,0.9212554724497207
1161,130367,0.9652902452234801,false,1161,130367,0.9652902452234801
1161,285335,0.9064383797785557,false,1161,285335,0.9064383797785557
1161,146177,0.8764340374447536,false,1161,146177,0.8764340374447536
1161,728226,0.9858469661007264,false,1161,728226,0.9858469661007264
1161,81615,0.9439339647300675,false,1161,81615,0.9439339647300675
1161,200373,0.9679708485493926,false,1161,200373,0.9679708485493926
1161,102723382,0.9160416557573924,false,1161,102723382,0.9160416557573924
1161,474354,0.9823518631878407,false,1161,474354,0.9823518631878407
1161,221395,0.8338384492246428,false,1161,221395,0.8338384492246428
1161,54842,0.9037042850885361,false,1161,54842,0.9037042850885361
1161,107985317,0.9953218923254298,false,1161,107985317,0.9953218923254298
1161,128602,0.9683518484283483,false,1161,128602,0.9683518484283483
1161,54997,0.9369341959651742,false,1161,54997,0.9369341959651742
1161,2595,0.9492022111428932,false,1161,2595,0.9492022111428932
1161,9223,0.8712995423501518,false,1161,9223,0.8712995423501518
1161,253970,0.9466903319984578,false,1161,253970,0.9466903319984578
1161,109136579,0.7612895983811566,false,1161,109136579,0.7612895983811566
1161,503645,0.9484768177037426,false,1161,503645,0.9484768177037426
1161,4070,0.8802186479138789,false,1161,4070,0.8802186479138789
1161,346007,0.972962201231747,false,1161,346007,0.972962201231747
1161,116984,0.9758178210419861,false,1161,116984,0.9758178210419861
1161,825,0.9510359635642781,false,1161,825,0.9510359635642781
1161,137872,0.9399979581128708,false,1161,137872,0.9399979581128708
1161,100033430,0.845045796507862,false,1161,100033430,0.845045796507862
1161,124944,0.8365994287694439,false,1161,124944,0.8365994287694439
1161,93517,0.9923522056845775,false,1161,93517,0.9923522056845775
1161,89765,0.7631824970761499,false,1161,89765,0.7631824970761499
1161,130271,0.7826088792903308,false,1161,130271,0.7826088792903308
1161,101927516,0.9885491102461789,false,1161,101927516,0.9885491102461789
1161,378938,0.7551923118260302,false,1161,378938,0.7551923118260302
1161,285,0.9893198479623683,false,1161,285,0.9893198479623683
1161,27074,0.9464673921174745,false,1161,27074,0.9464673921174745
1161,100996506,0.9150572278322844,false,1161,100996506,0.9150572278322844
1161,66002,0.9699568138127354,false,1161,66002,0.9699568138127354
1161,79632,0.9244850569823331,false,1161,79632,0.9244850569823331
1161,100505495,0.9831257968610506,false,1161,100505495,0.9831257968610506
1161,7620,0.9029184625059974,false,1161,7620,0.9029184625059974
1161,4179,0.7514117382894416,false,1161,4179,0.7514117382894416
1161,9476,0.9114051637731708,false,1161,9476,0.9114051637731708
1161,151531,0.954455369292464,false,1161,151531,0.954455369292464
1161,201625,0.7727815832417619,false,1161,201625,0.7727815832417619
1161,105371242,0.7793994439251755,false,1161,105371242,0.7793994439251755
1161,692058,0.8524527879988095,false,1161,692058,0.8524527879988095
1161,2122,0.9895767235782096,false,1161,2122,0.9895767235782096
1161,84059,0.8970714592932527,false,1161,84059,0.8970714592932527
1161,121512,0.9134518365338968,false,1161,121512,0.9134518365338968
1161,6097,0.946167309913839,false,1161,6097,0.946167309913839
1161,120892,0.9549587582173159,false,1161,120892,0.9549587582173159
1161,113219467,0.7751323889609667,false,1161,113219467,0.7751323889609667
1161,123624,0.9878452174738939,false,1161,123624,0.9878452174738939
1161,391253,0.9803677080357319,false,1161,391253,0.9803677080357319
1161,693188,0.9600450853800796,false,1161,693188,0.9600450853800796
1161,353189,0.9031486728495506,false,1161,353189,0.9031486728495506
1161,776,0.9254004566510985,false,1161,776,0.9254004566510985
1161,84851,0.9592224288326968,false,1161,84851,0.9592224288326968
1161,84525,0.8714260421293758,false,1161,84525,0.8714260421293758
1161,4861,0.9938509179293659,false,1161,4861,0.9938509179293659
1161,10203,0.9524649129570295,false,1161,10203,0.9524649129570295
1161,284323,0.7541616883739781,false,1161,284323,0.7541616883739781
1161,1080,0.8734345488964965,false,1161,1080,0.8734345488964965
1161,65217,0.8804439607476776,false,1161,65217,0.8804439607476776
1161,105372793,0.9235398094112091,false,1161,105372793,0.9235398094112091
1161,56955,0.9816395634866294,false,1161,56955,0.9816395634866294
1161,653509,0.762654796567858,false,1161,653509,0.762654796567858
1161,55282,0.8767366763027975,false,1161,55282,0.8767366763027975
1161,79098,0.9781953960687011,false,1161,79098,0.9781953960687011
1161,144535,0.9313929093909452,false,1161,144535,0.9313929093909452
1161,649946,0.9644977797074459,false,1161,649946,0.9644977797074459
1161,144571,0.946151450278514,false,1161,144571,0.946151450278514
1161,165186,0.987715149518032,false,1161,165186,0.987715149518032
1161,102465485,0.9378679881462977,false,1161,102465485,0.9378679881462977
1161,100033436,0.9719841962358977,false,1161,100033436,0.9719841962358977
107984125,85452,0.9030416319807091,false,107984125,85452,0.9030416319807091
107984125,6969,0.955190047802871,false,107984125,6969,0.955190047802871
107984125,1028,0.9091537154754582,false,107984125,1028,0.9091537154754582
11148,79188,0.862066348023253,false,11148,79188,0.862066348023253
11148,4233,0.9217163013933957,false,11148,4233,0.9217163013933957
11148,93035,0.9750667433137898,false,11148,93035,0.9750667433137898
11148,1528,0.9475519022150655,false,11148,1528,0.9475519022150655
11148,222389,0.7655459288025339,false,11148,222389,0.7655459288025339
11148,138428,0.8041315766487873,false,11148,138428,0.8041315766487873
11148,6523,0.9181607805022964,false,11148,6523,0.9181607805022964
11148,155465,0.9558868671891594,false,11148,155465,0.9558868671891594
11148,5225,0.8120142484445763,false,11148,5225,0.8120142484445763
11148,4128,0.9469974931130655,false,11148,4128,0.9469974931130655
11148,55892,0.9031704226070081,false,11148,55892,0.9031704226070081
11148,3249,0.981477929374419,false,11148,3249,0.981477929374419
11148,306,0.9748585337583764,false,11148,306,0.9748585337583764
11148,6440,0.8816194717049824,false,11148,6440,0.8816194717049824
11148,10568,0.7942060064293391,false,11148,10568,0.7942060064293391
11148,33,0.9782212589324432,false,11148,33,0.9782212589324432
11148,375612,0.9629242650568265,false,11148,375612,0.9629242650568265
11148,10529,0.8541349576502153,false,11148,10529,0.8541349576502153
11148,9914,0.9801037165504661,false,11148,9914,0.9801037165504661
11148,56241,0.9109738888671558,false,11148,56241,0.9109738888671558
11148,163720,0.9820048057694948,false,11148,163720,0.9820048057694948
11148,722,0.9798384278981946,false,11148,722,0.9798384278981946
11148,6751,0.8307260439504224,false,11148,6751,0.8307260439504224
11148,79908,0.9580671533896433,false,11148,79908,0.9580671533896433
11148,388323,0.8119302718981258,false,11148,388323,0.8119302718981258
11148,51185,0.8319281059343485,false,11148,51185,0.8319281059343485
11148,130367,0.956103405667308,false,11148,130367,0.956103405667308
11148,285335,0.8519641175512028,false,11148,285335,0.8519641175512028
11148,146177,0.9301869029711733,false,11148,146177,0.9301869029711733
11148,728226,0.9614112329333356,false,11148,728226,0.9614112329333356
11148,81615,0.9864118052405204,false,11148,81615,0.9864118052405204
11148,200373,0.9164829058282717,false,11148,200373,0.9164829058282717
11148,5787,0.762998867156171,false,11148,5787,0.762998867156171
11148,102723382,0.8529993228695842,false,11148,102723382,0.8529993228695842
11148,474354,0.920739076345611,false,11148,474354,0.920739076345611
11148,1040,0.7613306494863591,false,11148,1040,0.7613306494863591
11148,221395,0.8899627391747368,false,11148,221395,0.8899627391747368
11148,54842,0.9720820495667778,false,11148,54842,0.9720820495667778
11148,107985317,0.9715919578101024,false,11148,107985317,0.9715919578101024
11148,128602,0.9892945718426589,false,11148,128602,0.9892945718426589
11148,54997,0.9018342062646602,false,11148,54997,0.9018342062646602
11148,2595,0.9875760006704751,false,11148,2595,0.9875760006704751
11148,9223,0.9064710639271145,false,11148,9223,0.9064710639271145
11148,253970,0.9886000801469031,false,11148,253970,0.9886000801469031
11148,503645,0.981824211651472,false,11148,503645,0.981824211651472
11148,4070,0.9089405162099906,false,11148,4070,0.9089405162099906
11148,346007,0.935493903321708,false,11148,346007,0.935493903321708
11148,116984,0.9904027816756038,false,11148,116984,0.9904027816756038
11148,825,0.9659599731576666,false,11148,825,0.9659599731576666
11148,137872,0.890427297540962,false,11148,137872,0.890427297540962
11148,100033430,0.8073954447615387,false,11148,100033430,0.8073954447615387
11148,124944,0.8360213392251888,false,11148,124944,0.8360213392251888
11148,93517,0.9701671222197771,false,11148,93517,0.9701671222197771
11148,89765,0.7539133951761838,false,11148,89765,0.7539133951761838
11148,130271,0.8641394003783678,false,11148,130271,0.8641394003783678
11148,101927516,0.9676466777003246,false,11148,101927516,0.9676466777003246
11148,285,0.9302577515545462,false,11148,285,0.9302577515545462
11148,27074,0.978713489277833,false,11148,27074,0.978713489277833
11148,100996506,0.8232527383910062,false,11148,100996506,0.8232527383910062
11148,66002,0.9345325518816906,false,11148,66002,0.9345325518816906
11148,79632,0.972040389207357,false,11148,79632,0.972040389207357
11148,100505495,0.9434054571902655,false,11148,100505495,0.9434054571902655
11148,7620,0.8275668879920298,false,11148,7620,0.8275668879920298
11148,9476,0.93404861269491,false,11148,9476,0.93404861269491
11148,151531,0.9193589100409523,false,11148,151531,0.9193589100409523
11148,2122,0.98584881922169,false,11148,2122,0.98584881922169
11148,84059,0.9727311570231217,false,11148,84059,0.9727311570231217
11148,121512,0.8703828181428985,false,11148,121512,0.8703828181428985
11148,6097,0.9862576407115863,false,11148,6097,0.9862576407115863
11148,120892,0.9772295789285895,false,11148,120892,0.9772295789285895
11148,123624,0.9922092432788299,false,11148,123624,0.9922092432788299
11148,391253,0.9700314687258665,false,11148,391253,0.9700314687258665
11148,693188,0.9063600716233445,false,11148,693188,0.9063600716233445
11148,6799,0.8004144353649425,false,11148,6799,0.8004144353649425
11148,353189,0.8961241685295284,false,11148,353189,0.8961241685295284
11148,776,0.8973575323137627,false,11148,776,0.8973575323137627
11148,84851,0.8921586874832331,false,11148,84851,0.8921586874832331
11148,84525,0.9541405074028276,false,11148,84525,0.9541405074028276
11148,4861,0.9696910622722728,false,11148,4861,0.9696910622722728
11148,10203,0.9520631383080447,false,11148,10203,0.9520631383080447
11148,1080,0.9039712255996953,false,11148,1080,0.9039712255996953
11148,65217,0.7974183427222165,false,11148,65217,0.7974183427222165
11148,105372793,0.8409734343008817,false,11148,105372793,0.8409734343008817
11148,56955,0.979889698351109,false,11148,56955,0.979889698351109
11148,653509,0.866423571124292,false,11148,653509,0.866423571124292
11148,55282,0.9373974208550898,false,11148,55282,0.9373974208550898
11148,79098,0.9739525519334702,false,11148,79098,0.9739525519334702
11148,144535,0.9443839716296114,false,11148,144535,0.9443839716296114
11148,649946,0.9789301900761304,false,11148,649946,0.9789301900761304
11148,144571,0.9657698938188838,false,11148,144571,0.9657698938188838
11148,165186,0.9811971915178384,false,11148,165186,0.9811971915178384
11148,102465485,0.942694675688474,false,11148,102465485,0.942694675688474
11148,100033436,0.9314053079482841,false,11148,100033436,0.9314053079482841
541473,9365,0.8423587654219323,false,541473,9365,0.8423587654219323
541473,51554,0.9283666860553076,false,541473,51554,0.9283666860553076
541473,80736,0.8912389152050453,false,541473,80736,0.8912389152050453
541473,163131,0.7992603599916959,false,541473,163131,0.7992603599916959
541473,7225,0.8913269178899195,false,541473,7225,0.8913269178899195
541473,3248,0.850078075314758,false,541473,3248,0.850078075314758
541473,255189,0.9158417605367034,false,541473,255189,0.9158417605367034
541473,3983,0.7890761540797929,false,541473,3983,0.7890761540797929
541473,285989,0.8381267057374914,false,541473,285989,0.8381267057374914
541473,57528,0.8082560296600966,false,541473,57528,0.8082560296600966
541473,201456,0.8210129306010334,false,541473,201456,0.8210129306010334
541473,57186,0.7765172856039954,false,541473,57186,0.7765172856039954
541473,102723508,0.87124734525076,false,541473,102723508,0.87124734525076
541473,100506658,0.9579641792243987,false,541473,100506658,0.9579641792243987
541473,5961,0.8960978616084188,false,541473,5961,0.8960978616084188
541473,692072,0.8270466063033501,false,541473,692072,0.8270466063033501
541473,26226,0.8799871001692537,false,541473,26226,0.8799871001692537
541473,340267,0.9181548772134832,false,541473,340267,0.9181548772134832
541473,441251,0.7573172353690137,false,541473,441251,0.7573172353690137
541473,57669,0.9877917464516167,false,541473,57669,0.9877917464516167
541473,116844,0.7949941237375483,false,541473,116844,0.7949941237375483
541473,10129,0.7825613356688828,false,541473,10129,0.7825613356688828
541473,54897,0.8196239048823768,false,541473,54897,0.8196239048823768
541473,117155,0.8882062622135085,false,541473,117155,0.8882062622135085
541473,112268155,0.810491860709114,false,541473,112268155,0.810491860709114
541473,1556,0.901240383554049,false,541473,1556,0.901240383554049
541473,7113,0.8061252396459996,false,541473,7113,0.8061252396459996
541473,54861,0.8654052229381842,false,541473,54861,0.8654052229381842
541473,113218482,0.8111911885676523,false,541473,113218482,0.8111911885676523
541473,115019,0.8763557416230232,false,541473,115019,0.8763557416230232
541473,168374,0.7544912370501776,false,541473,168374,0.7544912370501776
541473,143884,0.7988853866072012,false,541473,143884,0.7988853866072012
541473,3993,0.8396510193810814,false,541473,3993,0.8396510193810814
541473,84239,0.8738303420407842,false,541473,84239,0.8738303420407842
541473,23584,0.9561318477309813,false,541473,23584,0.9561318477309813
541473,259294,0.7686597035269886,false,541473,259294,0.7686597035269886
541473,745,0.7970382835232261,false,541473,745,0.7970382835232261
541473,440352,0.9136341831375211,false,541473,440352,0.9136341831375211
222166,81832,0.9589893570097063,false,222166,81832,0.9589893570097063
222166,105374373,0.9589893570097066,false,222166,105374373,0.9589893570097066
222166,6928,0.944473044587353,false,222166,6928,0.944473044587353
222166,84700,0.9589893570097067,false,222166,84700,0.9589893570097067
222166,29895,0.9589893570097064,false,222166,29895,0.9589893570097064
222166,253982,0.9537504582977372,false,222166,253982,0.9537504582977372
222166,284266,0.8756040874371649,false,222166,284266,0.8756040874371649
222166,105379028,0.9589893570097066,false,222166,105379028,0.9589893570097066
222166,102724057,0.9472562165608736,false,222166,102724057,0.9472562165608736
222166,2922,0.9589893570097064,false,222166,2922,0.9589893570097064
222166,7125,0.9589893570097066,false,222166,7125,0.9589893570097066
222166,1132,0.9589893570097066,false,222166,1132,0.9589893570097066
222166,89,0.9589893570097064,false,222166,89,0.9589893570097064
222166,57526,0.8610821760581269,false,222166,57526,0.8610821760581269
222166,4693,0.9589893570097064,false,222166,4693,0.9589893570097064
222166,101929066,0.9589893570097064,false,222166,101929066,0.9589893570097064
222166,2696,0.9399281354867434,false,222166,2696,0.9399281354867434
222166,102466759,0.9589893570097064,false,222166,102466759,0.9589893570097064
222166,54084,0.9589893570097062,false,222166,54084,0.9589893570097062
222166,100129940,0.771490308314194,false,222166,100129940,0.771490308314194
222166,339983,0.9589893570097063,false,222166,339983,0.9589893570097063
222166,606,0.9589893570097066,false,222166,606,0.9589893570097066
222166,100133669,0.9589893570097063,false,222166,100133669,0.9589893570097063
222166,7473,0.9589893570097063,false,222166,7473,0.9589893570097063
222166,1180,0.9589893570097064,false,222166,1180,0.9589893570097064
222166,200407,0.9442226283146284,false,222166,200407,0.9442226283146284
222166,766,0.9589893570097066,false,222166,766,0.9589893570097066
222166,65998,0.8960953908965894,false,222166,65998,0.8960953908965894
222166,388327,0.9589893570097063,false,222166,388327,0.9589893570097063
222166,3780,0.9589893570097063,false,222166,3780,0.9589893570097063
222166,100126311,0.9589893570097063,false,222166,100126311,0.9589893570097063
222166,23562,0.9589893570097066,false,222166,23562,0.9589893570097066
222166,1746,0.9589893570097064,false,222166,1746,0.9589893570097064
222166,57524,0.9589893570097064,false,222166,57524,0.9589893570097064
222166,10331,0.9589893570097064,false,222166,10331,0.9589893570097064
222166,256076,0.9425087928612965,false,222166,256076,0.9425087928612965
222166,84867,0.9589893570097066,false,222166,84867,0.9589893570097066
222166,100130701,0.8615187134650423,false,222166,100130701,0.8615187134650423
222166,284680,0.9311660024721837,false,222166,284680,0.9311660024721837
222166,128218,0.9931845330494733,false,222166,128218,0.9931845330494733
222166,222183,0.9589893570097066,false,222166,222183,0.9589893570097066
222166,7546,0.9589893570097062,false,222166,7546,0.9589893570097062
222166,9699,0.9589893570097064,false,222166,9699,0.9589893570097064
222166,101928580,0.9589893570097064,false,222166,101928580,0.9589893570097064
222166,105373265,0.786198952738228,false,222166,105373265,0.786198952738228
222166,9211,0.9577916380026116,false,222166,9211,0.9577916380026116
222166,100874002,0.9442226283146284,false,222166,100874002,0.9442226283146284
222166,440590,0.9589893570097063,false,222166,440590,0.9589893570097063
222166,1515,0.9589893570097066,false,222166,1515,0.9589893570097066
222166,4606,0.9589893570097064,false,222166,4606,0.9589893570097064
79188,4233,0.9363778528844805,false,79188,4233,0.9363778528844805
79188,93035,0.872028737856116,false,79188,93035,0.872028737856116
79188,4883,0.8443159915944122,false,79188,4883,0.8443159915944122
79188,1528,0.8043074566558959,false,79188,1528,0.8043074566558959
79188,138428,0.9720481202701571,false,79188,138428,0.9720481202701571
79188,6523,0.9259209775320716,false,79188,6523,0.9259209775320716
79188,155465,0.8855171564529333,false,79188,155465,0.8855171564529333
79188,4128,0.8086756136766238,false,79188,4128,0.8086756136766238
79188,55892,0.8917560197440556,false,79188,55892,0.8917560197440556
79188,3249,0.8775314672154161,false,79188,3249,0.8775314672154161
79188,306,0.7604409504099813,false,79188,306,0.7604409504099813
79188,6440,0.7796954953071066,false,79188,6440,0.7796954953071066
79188,33,0.9116396036793906,false,79188,33,0.9116396036793906
79188,375612,0.8455151359126525,false,79188,375612,0.8455151359126525
79188,10529,0.8974676129189715,false,79188,10529,0.8974676129189715
79188,286207,0.8901195649759684,false,79188,286207,0.8901195649759684
79188,9914,0.8837851126310696,false,79188,9914,0.8837851126310696
79188,56241,0.8445968567451752,false,79188,56241,0.8445968567451752
79188,163720,0.7994824176743898,false,79188,163720,0.7994824176743898
79188,722,0.8720666335905715,false,79188,722,0.8720666335905715
79188,79908,0.841560129995054,false,79188,79908,0.841560129995054
79188,388323,0.9375911232303032,false,79188,388323,0.9375911232303032
79188,51185,0.8808470080999309,false,79188,51185,0.8808470080999309
79188,130367,0.812315113279235,false,79188,130367,0.812315113279235
79188,285335,0.7852553348012269,false,79188,285335,0.7852553348012269
79188,146177,0.8146190004880898,false,79188,146177,0.8146190004880898
79188,728226,0.8447003309198925,false,79188,728226,0.8447003309198925
79188,81615,0.8784272965933301,false,79188,81615,0.8784272965933301
79188,200373,0.8443096465236049,false,79188,200373,0.8443096465236049
79188,102723382,0.967470546956391,false,79188,102723382,0.967470546956391
79188,474354,0.8750440663934396,false,79188,474354,0.8750440663934396
79188,1040,0.8458691837066993,false,79188,1040,0.8458691837066993
79188,54842,0.8088445552255761,false,79188,54842,0.8088445552255761
79188,107985317,0.8677453635798187,false,79188,107985317,0.8677453635798187
79188,128602,0.8663090953504712,false,79188,128602,0.8663090953504712
79188,2595,0.8784037479365948,false,79188,2595,0.8784037479365948
79188,9223,0.7523463306396686,false,79188,9223,0.7523463306396686
79188,253970,0.853481829036176,false,79188,253970,0.853481829036176
79188,503645,0.7979696022695004,false,79188,503645,0.7979696022695004
79188,4070,0.8532043748834838,false,79188,4070,0.8532043748834838
79188,346007,0.9373484444176517,false,79188,346007,0.9373484444176517
79188,116984,0.8650899211273884,false,79188,116984,0.8650899211273884
79188,825,0.885663418169359,false,79188,825,0.885663418169359
79188,124944,0.7694462141570316,false,79188,124944,0.7694462141570316
79188,93517,0.8604598903412081,false,79188,93517,0.8604598903412081
79188,101927516,0.9112459058417404,false,79188,101927516,0.9112459058417404
79188,285,0.8488900600049945,false,79188,285,0.8488900600049945
79188,27074,0.7814007916760094,false,79188,27074,0.7814007916760094
79188,100996506,0.9141425372422848,false,79188,100996506,0.9141425372422848
79188,66002,0.7545925720365437,false,79188,66002,0.7545925720365437
79188,54848,0.7803706337595608,false,79188,54848,0.7803706337595608
79188,79632,0.8492716711551106,false,79188,79632,0.8492716711551106
79188,100505495,0.8561093535251794,false,79188,100505495,0.8561093535251794
79188,4179,0.8932802975205989,false,79188,4179,0.8932802975205989
79188,9476,0.8132944635726498,false,79188,9476,0.8132944635726498
79188,201625,0.818916474767748,false,79188,201625,0.818916474767748
79188,2122,0.8758752469246609,false,79188,2122,0.8758752469246609
79188,84059,0.8535175880835626,false,79188,84059,0.8535175880835626
79188,6097,0.8699516792557204,false,79188,6097,0.8699516792557204
79188,120892,0.9219006959443464,false,79188,120892,0.9219006959443464
79188,113219467,0.86787586991906,false,79188,113219467,0.86787586991906
79188,123624,0.86492500698092,false,79188,123624,0.86492500698092
79188,391253,0.8729871703969806,false,79188,391253,0.8729871703969806
79188,693188,0.8907297358633821,false,79188,693188,0.8907297358633821
79188,353189,0.7689370231851351,false,79188,353189,0.7689370231851351
79188,84851,0.9466928052822784,false,79188,84851,0.9466928052822784
79188,84525,0.8422506157543934,false,79188,84525,0.8422506157543934
79188,4861,0.8623818430610973,false,79188,4861,0.8623818430610973
79188,10203,0.8318983047092466,false,79188,10203,0.8318983047092466
79188,1080,0.9236758517768056,false,79188,1080,0.9236758517768056
79188,105372793,0.945884872433126,false,79188,105372793,0.945884872433126
79188,56955,0.8554282426449503,false,79188,56955,0.8554282426449503
79188,653509,0.7782163871082013,false,79188,653509,0.7782163871082013
79188,55282,0.7783977653184546,false,79188,55282,0.7783977653184546
79188,79098,0.8096274439777845,false,79188,79098,0.8096274439777845
79188,144535,0.9671755808738081,false,79188,144535,0.9671755808738081
79188,649946,0.900611385554671,false,79188,649946,0.900611385554671
79188,144571,0.9229948236111545,false,79188,144571,0.9229948236111545
79188,26298,0.7533032618988591,false,79188,26298,0.7533032618988591
79188,165186,0.87455392499074,false,79188,165186,0.87455392499074
79188,102465485,0.9475990845435102,false,79188,102465485,0.9475990845435102
79188,100033436,0.9592613202312462,false,79188,100033436,0.9592613202312462
81832,105374373,1.0,false,81832,105374373,1.0
81832,6928,0.990663357311127,false,81832,6928,0.990663357311127
81832,84700,1.0,false,81832,84700,1.0
81832,29895,1.0,false,81832,29895,1.0
81832,253982,0.9970860369248147,false,81832,253982,0.9970860369248147
81832,284266,0.935462975446969,false,81832,284266,0.935462975446969
81832,105379028,1.0,false,81832,105379028,1.0
81832,102724057,0.9944421994657304,false,81832,102724057,0.9944421994657304
81832,2922,0.9999999999999999,false,81832,2922,0.9999999999999999
81832,7125,1.0,false,81832,7125,1.0
81832,1132,1.0,false,81832,1132,1.0
81832,89,1.0,false,81832,89,1.0
81832,57526,0.9053418593310791,false,81832,57526,0.9053418593310791
81832,4693,1.0,false,81832,4693,1.0
81832,101929066,1.0,false,81832,101929066,1.0
81832,2696,0.9310797377483425,false,81832,2696,0.9310797377483425
81832,102466759,0.9999999999999999,false,81832,102466759,0.9999999999999999
81832,54084,0.9999999999999997,false,81832,54084,0.9999999999999997
81832,339983,0.9999999999999999,false,81832,339983,0.9999999999999999
81832,606,1.0,false,81832,606,1.0
81832,100133669,0.9999999999999999,false,81832,100133669,0.9999999999999999
81832,7473,1.0,false,81832,7473,1.0
81832,1180,0.9999999999999999,false,81832,1180,0.9999999999999999
81832,200407,0.9924038663952789,false,81832,200407,0.9924038663952789
81832,766,1.0,false,81832,766,1.0
81832,65998,0.8358213643860697,false,81832,65998,0.8358213643860697
81832,388327,0.9999999999999997,false,81832,388327,0.9999999999999997
81832,3780,0.9999999999999999,false,81832,3780,0.9999999999999999
81832,100126311,0.9999999999999999,false,81832,100126311,0.9999999999999999
81832,23562,1.0,false,81832,23562,1.0
81832,1746,1.0,false,81832,1746,1.0
81832,57524,0.9999999999999997,false,81832,57524,0.9999999999999997
81832,10331,1.0,false,81832,10331,1.0
81832,256076,0.8639211505072737,false,81832,256076,0.8639211505072737
81832,84867,1.0,false,81832,84867,1.0
81832,100130701,0.887885656802769,false,81832,100130701,0.887885656802769
81832,284680,0.9827242789356608,false,81832,284680,0.9827242789356608
81832,9771,0.7695391096496835,false,81832,9771,0.7695391096496835
81832,128218,0.9349831907588436,false,81832,128218,0.9349831907588436
81832,222183,1.0,false,81832,222183,1.0
81832,7546,1.0,false,81832,7546,1.0
81832,9699,0.9999999999999999,false,81832,9699,0.9999999999999999
81832,101928580,1.0,false,81832,101928580,1.0
81832,105373265,0.8529273885761164,false,81832,105373265,0.8529273885761164
81832,9211,0.9993716660495695,false,81832,9211,0.9993716660495695
81832,100874002,0.9924038663952789,false,81832,100874002,0.9924038663952789
81832,440590,0.9999999999999998,false,81832,440590,0.9999999999999998
81832,1515,1.0,false,81832,1515,1.0
81832,4606,1.0,false,81832,4606,1.0
4233,93035,0.930241908759629,false,4233,93035,0.930241908759629
4233,4883,0.867562767001195,false,4233,4883,0.867562767001195
4233,1528,0.8039188195505522,false,4233,1528,0.8039188195505522
4233,138428,0.9342188893638782,false,4233,138428,0.9342188893638782
4233,6523,0.961540430206104,false,4233,6523,0.961540430206104
4233,155465,0.9265851011082032,false,4233,155465,0.9265851011082032
4233,4128,0.9321360737892065,false,4233,4128,0.9321360737892065
4233,55892,0.9733031270880917,false,4233,55892,0.9733031270880917
4233,3249,0.9335088603504154,false,4233,3249,0.9335088603504154
4233,306,0.8628421821940719,false,4233,306,0.8628421821940719
4233,33,0.9352920269166614,false,4233,33,0.9352920269166614
4233,79838,0.7647636805658045,false,4233,79838,0.7647636805658045
4233,375612,0.9193345558607264,false,4233,375612,0.9193345558607264
4233,10529,0.9738406441796669,false,4233,10529,0.9738406441796669
4233,503640,0.7775591853148538,false,4233,503640,0.7775591853148538
4233,286207,0.8199681108733151,false,4233,286207,0.8199681108733151
4233,9914,0.8939657284365718,false,4233,9914,0.8939657284365718
4233,56241,0.7710133517317895,false,4233,56241,0.7710133517317895
4233,163720,0.850918510145278,false,4233,163720,0.850918510145278
4233,722,0.9039069371812032,false,4233,722,0.9039069371812032
4233,6751,0.819479267049974,false,4233,6751,0.819479267049974
4233,79908,0.938940712009613,false,4233,79908,0.938940712009613
4233,388323,0.9289364155611368,false,4233,388323,0.9289364155611368
4233,51185,0.9663306712761576,false,4233,51185,0.9663306712761576
4233,130367,0.9361034260251335,false,4233,130367,0.9361034260251335
4233,285335,0.908281419741327,false,4233,285335,0.908281419741327
4233,146177,0.7786624707590293,false,4233,146177,0.7786624707590293
4233,728226,0.9144076166242104,false,4233,728226,0.9144076166242104
4233,81615,0.9028859462890441,false,4233,81615,0.9028859462890441
4233,200373,0.9421439482539785,false,4233,200373,0.9421439482539785
4233,102723382,0.9601453274453003,false,4233,102723382,0.9601453274453003
4233,474354,0.9445566196201822,false,4233,474354,0.9445566196201822
4233,1040,0.8300542608360315,false,4233,1040,0.8300542608360315
4233,54842,0.8460841022413254,false,4233,54842,0.8460841022413254
4233,107985317,0.9400554407732628,false,4233,107985317,0.9400554407732628
4233,128602,0.9102501444825373,false,4233,128602,0.9102501444825373
4233,6103,0.7551452283542562,false,4233,6103,0.7551452283542562
4233,54997,0.8845267781479097,false,4233,54997,0.8845267781479097
4233,2595,0.907241439525485,false,4233,2595,0.907241439525485
4233,9223,0.7644963561012678,false,4233,9223,0.7644963561012678
4233,253970,0.8860382392167194,false,4233,253970,0.8860382392167194
4233,109136579,0.7835718779305101,false,4233,109136579,0.7835718779305101
4233,503645,0.90222060900267,false,4233,503645,0.90222060900267
4233,4070,0.8131023865766336,false,4233,4070,0.8131023865766336
4233,346007,0.9877146702728332,false,4233,346007,0.9877146702728332
4233,116984,0.9494017246405243,false,4233,116984,0.9494017246405243
4233,825,0.8958763485543801,false,4233,825,0.8958763485543801
4233,137872,0.9138752547441681,false,4233,137872,0.9138752547441681
4233,100033430,0.7835222965198693,false,4233,100033430,0.7835222965198693
4233,93517,0.9309754384440267,false,4233,93517,0.9309754384440267
4233,101927516,0.947195365867456,false,4233,101927516,0.947195365867456
4233,378938,0.7768223886458505,false,4233,378938,0.7768223886458505
4233,285,0.9572432824853451,false,4233,285,0.9572432824853451
4233,27074,0.8695324558819577,false,4233,27074,0.8695324558819577
4233,100996506,0.938195522332666,false,4233,100996506,0.938195522332666
4233,66002,0.9166013292827231,false,4233,66002,0.9166013292827231
4233,79632,0.8743310119038624,false,4233,79632,0.8743310119038624
4233,100505495,0.9234395733988392,false,4233,100505495,0.9234395733988392
4233,7620,0.8747422565103082,false,4233,7620,0.8747422565103082
4233,4179,0.8241131849030877,false,4233,4179,0.8241131849030877
4233,9476,0.8272404895076702,false,4233,9476,0.8272404895076702
4233,151531,0.8930526369044992,false,4233,151531,0.8930526369044992
4233,201625,0.9023657648483278,false,4233,201625,0.9023657648483278
4233,692058,0.8823134889514993,false,4233,692058,0.8823134889514993
4233,2122,0.9317881167773362,false,4233,2122,0.9317881167773362
4233,84059,0.8571267209491119,false,4233,84059,0.8571267209491119
4233,121512,0.8749311154339546,false,4233,121512,0.8749311154339546
4233,6097,0.88081992287038,false,4233,6097,0.88081992287038
4233,120892,0.9276188351509443,false,4233,120892,0.9276188351509443
4233,123624,0.9288900965995792,false,4233,123624,0.9288900965995792
4233,391253,0.9184884021106706,false,4233,391253,0.9184884021106706
4233,693188,0.9141770377070021,false,4233,693188,0.9141770377070021
4233,353189,0.8216112130858318,false,4233,353189,0.8216112130858318
4233,776,0.8442555290156223,false,4233,776,0.8442555290156223
4233,84851,0.9738066376726783,false,4233,84851,0.9738066376726783
4233,84525,0.8340911983723472,false,4233,84525,0.8340911983723472
4233,4861,0.9352096982342266,false,4233,4861,0.9352096982342266
4233,10203,0.8621738084884712,false,4233,10203,0.8621738084884712
4233,1080,0.8645075955604781,false,4233,1080,0.8645075955604781
4233,65217,0.8307506322100429,false,4233,65217,0.8307506322100429
4233,105372793,0.9532594528395394,false,4233,105372793,0.9532594528395394
4233,56955,0.9154503027611877,false,4233,56955,0.9154503027611877
4233,55282,0.7940095916365713,false,4233,55282,0.7940095916365713
4233,79098,0.8954567159010464,false,4233,79098,0.8954567159010464
4233,144535,0.9460094051388033,false,4233,144535,0.9460094051388033
4233,649946,0.95894866974498,false,4233,649946,0.95894866974498
4233,144571,0.9057418194726614,false,4233,144571,0.9057418194726614
4233,165186,0.9295929011198649,false,4233,165186,0.9295929011198649
4233,102465485,0.9489016886222299,false,4233,102465485,0.9489016886222299
4233,100033436,0.9761334514030635,false,4233,100033436,0.9761334514030635
9365,51554,0.974221529463873,false,9365,51554,0.974221529463873
9365,9208,0.8890868436771558,false,9365,9208,0.8890868436771558
9365,112268252,0.7604887572791631,false,9365,112268252,0.7604887572791631
9365,277,0.8317258739098554,false,9365,277,0.8317258739098554
9365,80736,0.9739599461624433,false,9365,80736,0.9739599461624433
9365,100302170,0.8027177798452415,false,9365,100302170,0.8027177798452415
9365,51365,0.8072248052681231,false,9365,51365,0.8072248052681231
9365,7225,0.8701522311101413,false,9365,7225,0.8701522311101413
9365,27134,0.8143633444704401,false,9365,27134,0.8143633444704401
9365,157310,0.8564021571729111,false,9365,157310,0.8564021571729111
9365,3248,0.9022786047850468,false,9365,3248,0.9022786047850468
9365,255189,0.9620256855611733,false,9365,255189,0.9620256855611733
9365,10103,0.8017344652768384,false,9365,10103,0.8017344652768384
9365,3856,0.9295502434615318,false,9365,3856,0.9295502434615318
9365,1048,0.8327771546713589,false,9365,1048,0.8327771546713589
9365,100419743,0.832842842571926,false,9365,100419743,0.832842842571926
9365,3983,0.9322269511772932,false,9365,3983,0.9322269511772932
9365,285989,0.9122234935625411,false,9365,285989,0.9122234935625411
9365,2627,0.912151415943447,false,9365,2627,0.912151415943447
9365,1555,0.8355195519083592,false,9365,1555,0.8355195519083592
9365,57528,0.7804181958841762,false,9365,57528,0.7804181958841762
9365,201456,0.9089626031357294,false,9365,201456,0.9089626031357294
9365,57186,0.9074963618360637,false,9365,57186,0.9074963618360637
9365,6473,0.8328428425719261,false,9365,6473,0.8328428425719261
9365,102723508,0.9388259890132992,false,9365,102723508,0.9388259890132992
9365,100506658,0.9424818934365158,false,9365,100506658,0.9424818934365158
9365,341676,0.882530391149139,false,9365,341676,0.882530391149139
9365,10595,0.898064113873534,false,9365,10595,0.898064113873534
9365,55567,0.7723082047735661,false,9365,55567,0.7723082047735661
9365,5961,0.9620723465773042,false,9365,5961,0.9620723465773042
9365,692072,0.8391231475482877,false,9365,692072,0.8391231475482877
9365,55808,0.8476706497188018,false,9365,55808,0.8476706497188018
9365,999,0.8896725195371982,false,9365,999,0.8896725195371982
9365,26226,0.9676966314140921,false,9365,26226,0.9676966314140921
9365,388743,0.8210171322823255,false,9365,388743,0.8210171322823255
9365,340267,0.9468499589835011,false,9365,340267,0.9468499589835011
9365,200879,0.8352181965087805,false,9365,200879,0.8352181965087805
9365,1510,0.826864538748975,false,9365,1510,0.826864538748975
9365,6337,0.9186205377870407,false,9365,6337,0.9186205377870407
9365,57669,0.8264693337126726,false,9365,57669,0.8264693337126726
9365,57111,0.8478324445294018,false,9365,57111,0.8478324445294018
9365,116844,0.9861217781428366,false,9365,116844,0.9861217781428366
9365,10129,0.8292060176876215,false,9365,10129,0.8292060176876215
9365,4586,0.8323923400331948,false,9365,4586,0.8323923400331948
9365,10551,0.8260385314701689,false,9365,10551,0.8260385314701689
9365,54897,0.8855353934274726,false,9365,54897,0.8855353934274726
9365,117155,0.8876932224798517,false,9365,117155,0.8876932224798517
9365,112268155,0.8737095025480296,false,9365,112268155,0.8737095025480296
9365,1152,0.9263187672014354,false,9365,1152,0.9263187672014354
9365,79083,0.8524907126098336,false,9365,79083,0.8524907126098336
9365,1556,0.9455147891505504,false,9365,1556,0.9455147891505504
9365,55930,0.7959922518340417,false,9365,55930,0.7959922518340417
9365,22996,0.856187562698237,false,9365,22996,0.856187562698237
9365,7113,0.7728532205939227,false,9365,7113,0.7728532205939227
9365,54861,0.9701263112849081,false,9365,54861,0.9701263112849081
9365,222256,0.945153598857286,false,9365,222256,0.945153598857286
9365,100529240,0.7794752920336263,false,9365,100529240,0.7794752920336263
9365,113218482,0.9330796264276499,false,9365,113218482,0.9330796264276499
9365,647024,0.8850269894704988,false,9365,647024,0.8850269894704988
9365,255928,0.8319020185813093,false,9365,255928,0.8319020185813093
9365,8537,0.8245194625323052,false,9365,8537,0.8245194625323052
9365,115019,0.8344160917264977,false,9365,115019,0.8344160917264977
9365,168374,0.7806140503734068,false,9365,168374,0.7806140503734068
9365,3993,0.7866421669259254,false,9365,3993,0.7866421669259254
9365,164312,0.8239756139912008,false,9365,164312,0.8239756139912008
9365,84239,0.8039648883382966,false,9365,84239,0.8039648883382966
9365,135656,0.8326394838721929,false,9365,135656,0.8326394838721929
9365,3880,0.9266672534133102,false,9365,3880,0.9266672534133102
9365,23584,0.8386347923875723,false,9365,23584,0.8386347923875723
9365,153643,0.9249475324416865,false,9365,153643,0.9249475324416865
9365,112268422,0.8238362612730931,false,9365,112268422,0.8238362612730931
9365,2266,0.7916917735065105,false,9365,2266,0.7916917735065105
9365,745,0.9504187528002843,false,9365,745,0.9504187528002843
55507,1636,0.9170012707611681,false,55507,1636,0.9170012707611681
55507,105375355,0.896078248303409,false,55507,105375355,0.896078248303409
55507,6332,0.8170384381604027,false,55507,6332,0.8170384381604027
55507,653082,0.9257664991885097,false,55507,653082,0.9257664991885097
55507,79148,0.7776305757037256,false,55507,79148,0.7776305757037256
55507,6101,0.7615405489352423,false,55507,6101,0.7615405489352423
55507,6532,0.7937971509637769,false,55507,6532,0.7937971509637769
55507,256076,0.7816619508356336,false,55507,256076,0.7816619508356336
114569,4629,0.8528042762170831,false,114569,4629,0.8528042762170831
114569,222389,0.7758845445806078,false,114569,222389,0.7758845445806078
114569,5225,0.8403052388763335,false,114569,5225,0.8403052388763335
114569,6440,0.775758343261892,false,114569,6440,0.775758343261892
114569,10579,0.8603882898629672,false,114569,10579,0.8603882898629672
114569,54842,0.803356464625487,false,114569,54842,0.803356464625487
114569,6103,0.8594457740884646,false,114569,6103,0.8594457740884646
114569,3875,0.9753828131109064,false,114569,3875,0.9753828131109064
114569,79632,0.772860651556751,false,114569,79632,0.772860651556751
114569,117156,0.8152910287680305,false,114569,117156,0.8152910287680305
114569,84059,0.7828803004844687,false,114569,84059,0.7828803004844687
114569,220136,0.7535379786817332,false,114569,220136,0.7535379786817332
114569,6799,0.8616872276432437,false,114569,6799,0.8616872276432437
114569,1286,0.8967449050282388,false,114569,1286,0.8967449050282388
114569,653509,0.8362560836966806,false,114569,653509,0.8362560836966806
158798,284340,0.7698103588284637,false,158798,284340,0.7698103588284637
158798,92304,0.8841348340678258,false,158798,92304,0.8841348340678258
158798,399949,0.958083537838133,false,158798,399949,0.958083537838133
158798,4318,0.8982760554732854,false,158798,4318,0.8982760554732854
158798,105377033,0.8862386274557563,false,158798,105377033,0.8862386274557563
158798,103504738,0.9208940413060646,false,158798,103504738,0.9208940413060646
158798,5544,0.8554068789261424,false,158798,5544,0.8554068789261424
158798,100506686,0.9992008397204538,false,158798,100506686,0.9992008397204538
158798,110806280,0.9682647315667504,false,158798,110806280,0.9682647315667504
158798,718,0.7702947636722791,false,158798,718,0.7702947636722791
158798,6441,0.8771518947757597,false,158798,6441,0.8771518947757597
158798,8091,0.9400882997279344,false,158798,8091,0.9400882997279344
158798,3207,0.9517570840922712,false,158798,3207,0.9517570840922712
158798,400578,0.9049711162032448,false,158798,400578,0.9049711162032448
158798,109729184,0.8243473728229982,false,158798,109729184,0.8243473728229982
158798,387882,0.7551288111261386,false,158798,387882,0.7551288111261386
158798,102723635,0.9738665258736873,false,158798,102723635,0.9738665258736873
158798,5545,0.959117922602155,false,158798,5545,0.959117922602155
158798,100506755,0.7529093732685449,false,158798,100506755,0.7529093732685449
158798,10586,0.9971525232356255,false,158798,10586,0.9971525232356255
158798,2619,0.990409927867567,false,158798,2619,0.990409927867567
158798,654433,0.9242172050207218,false,158798,654433,0.9242172050207218
158798,140766,0.9099131751904891,false,158798,140766,0.9099131751904891
158798,9370,0.9682647315667504,false,158798,9370,0.9682647315667504
158798,80381,0.8925112729445047,false,158798,80381,0.8925112729445047
158798,123872,0.8108993367899265,false,158798,123872,0.8108993367899265
158798,100874095,0.9682647315667504,false,158798,100874095,0.9682647315667504
51554,9208,0.8501815624953195,false,51554,9208,0.8501815624953195
51554,112268252,0.8191299431938663,false,51554,112268252,0.8191299431938663
51554,277,0.8369631591477309,false,51554,277,0.8369631591477309
51554,80736,0.9862580053761606,false,51554,80736,0.9862580053761606
51554,163131,0.7607007913318901,false,51554,163131,0.7607007913318901
51554,100302170,0.856773787373309,false,51554,100302170,0.856773787373309
51554,25901,0.7531024641790212,false,51554,25901,0.7531024641790212
51554,51365,0.8401213644774637,false,51554,51365,0.8401213644774637
51554,7225,0.9324295217946121,false,51554,7225,0.9324295217946121
51554,27134,0.8390255704959293,false,51554,27134,0.8390255704959293
51554,157310,0.7958095065498516,false,51554,157310,0.7958095065498516
51554,4582,0.7603527004809629,false,51554,4582,0.7603527004809629
51554,3248,0.9439233193185196,false,51554,3248,0.9439233193185196
51554,255189,0.9855550879703702,false,51554,255189,0.9855550879703702
51554,641384,0.7809703490435541,false,51554,641384,0.7809703490435541
51554,10103,0.8071442462809431,false,51554,10103,0.8071442462809431
51554,3856,0.8625616676664732,false,51554,3856,0.8625616676664732
51554,1048,0.8742232766893949,false,51554,1048,0.8742232766893949
51554,100419743,0.8742839313855655,false,51554,100419743,0.8742839313855655
51554,3983,0.9451101268519796,false,51554,3983,0.9451101268519796
51554,285989,0.9544479427355889,false,51554,285989,0.9544479427355889
51554,2627,0.9142667402787642,false,51554,2627,0.9142667402787642
51554,1555,0.8328060454720599,false,51554,1555,0.8328060454720599
51554,57528,0.8690543815018488,false,51554,57528,0.8690543815018488
51554,201456,0.9462419240581881,false,51554,201456,0.9462419240581881
51554,57186,0.926793077812883,false,51554,57186,0.926793077812883
51554,6473,0.8742839313855658,false,51554,6473,0.8742839313855658
51554,102723508,0.9710516425725264,false,51554,102723508,0.9710516425725264
51554,100506658,0.9819727154725243,false,51554,100506658,0.9819727154725243
51554,341676,0.8667236275458036,false,51554,341676,0.8667236275458036
51554,10595,0.8579398388318505,false,51554,10595,0.8579398388318505
51554,55567,0.7713311544898455,false,51554,55567,0.7713311544898455
51554,5961,0.9523251205759877,false,51554,5961,0.9523251205759877
51554,7851,0.7705502360731246,false,51554,7851,0.7705502360731246
51554,692072,0.9041778784060974,false,51554,692072,0.9041778784060974
51554,55808,0.876365358625117,false,51554,55808,0.876365358625117
51554,999,0.854680238240287,false,51554,999,0.854680238240287
51554,126353,0.7817114996711242,false,51554,126353,0.7817114996711242
51554,26226,0.962833508604055,false,51554,26226,0.962833508604055
51554,388743,0.8755192264268437,false,51554,388743,0.8755192264268437
51554,1577,0.779271051144098,false,51554,1577,0.779271051144098
51554,340267,0.9834680352550573,false,51554,340267,0.9834680352550573
51554,200879,0.876571627044719,false,51554,200879,0.876571627044719
51554,1510,0.8562498593769344,false,51554,1510,0.8562498593769344
51554,6337,0.8481086971406564,false,51554,6337,0.8481086971406564
51554,57669,0.9266073783675232,false,51554,57669,0.9266073783675232
51554,57111,0.8671434526155367,false,51554,57111,0.8671434526155367
51554,116844,0.9504928095101306,false,51554,116844,0.9504928095101306
51554,10129,0.8869867142903655,false,51554,10129,0.8869867142903655
51554,4586,0.8724882583250841,false,51554,4586,0.8724882583250841
51554,10551,0.8623796131589756,false,51554,10551,0.8623796131589756
51554,54897,0.8956341924860165,false,51554,54897,0.8956341924860165
51554,117155,0.955920679787095,false,51554,117155,0.955920679787095
51554,112268155,0.9219473706897598,false,51554,112268155,0.9219473706897598
51554,1152,0.9133098947069062,false,51554,1152,0.9133098947069062
51554,79083,0.8878400755025585,false,51554,79083,0.8878400755025585
51554,1556,0.9749909847259411,false,51554,1556,0.9749909847259411
51554,55930,0.8575715143282234,false,51554,55930,0.8575715143282234
51554,22996,0.8570550529164581,false,51554,22996,0.8570550529164581
51554,7113,0.8418750590464991,false,51554,7113,0.8418750590464991
51554,54861,0.9745838813338245,false,51554,54861,0.9745838813338245
51554,222256,0.8560634244713459,false,51554,222256,0.8560634244713459
51554,100529240,0.8067925267345766,false,51554,100529240,0.8067925267345766
51554,113218482,0.9546003164248275,false,51554,113218482,0.9546003164248275
51554,647024,0.850207763456461,false,51554,647024,0.850207763456461
51554,255928,0.8704920155966073,false,51554,255928,0.8704920155966073
51554,8537,0.8491268058283535,false,51554,8537,0.8491268058283535
51554,10018,0.7610773517035037,false,51554,10018,0.7610773517035037
51554,115019,0.9143573134233778,false,51554,115019,0.9143573134233778
51554,168374,0.8410950777081518,false,51554,168374,0.8410950777081518
51554,143884,0.8122745763245965,false,51554,143884,0.8122745763245965
51554,3993,0.8789345999568527,false,51554,3993,0.8789345999568527
51554,389852,0.7882507986456229,false,51554,389852,0.7882507986456229
51554,164312,0.843965223900409,false,51554,164312,0.843965223900409
51554,84239,0.8682166952490105,false,51554,84239,0.8682166952490105
51554,135656,0.8742637653998888,false,51554,135656,0.8742637653998888
51554,3880,0.8238349094924179,false,51554,3880,0.8238349094924179
51554,94059,0.7665599580773763,false,51554,94059,0.7665599580773763
51554,3960,0.759386274490121,false,51554,3960,0.759386274490121
51554,23584,0.9303035039944743,false,51554,23584,0.9303035039944743
51554,153643,0.8767161932970693,false,51554,153643,0.8767161932970693
51554,112268422,0.8547455776362326,false,51554,112268422,0.8547455776362326
51554,259294,0.8281471756030759,false,51554,259294,0.8281471756030759
51554,2266,0.8275353315255359,false,51554,2266,0.8275353315255359
51554,745,0.9530439212677163,false,51554,745,0.9530439212677163
51554,440352,0.8123800734402802,false,51554,440352,0.8123800734402802
55329,116228,0.7975337467473993,false,55329,116228,0.7975337467473993
55329,112268252,0.7599970433086074,false,55329,112268252,0.7599970433086074
55329,163131,0.8771916461918748,false,55329,163131,0.8771916461918748
55329,100302170,0.7835952485963981,false,55329,100302170,0.7835952485963981
55329,25901,0.9201792269836178,false,55329,25901,0.9201792269836178
55329,654412,0.8767857026709525,false,55329,654412,0.8767857026709525
55329,5340,0.9492640461150323,false,55329,5340,0.9492640461150323
55329,4582,0.8586456984119288,false,55329,4582,0.8586456984119288
55329,641384,0.9017102705502478,false,55329,641384,0.9017102705502478
55329,100130449,0.9088139401946989,false,55329,100130449,0.9088139401946989
55329,79838,0.8132277434789242,false,55329,79838,0.8132277434789242
55329,503640,0.8439868931576209,false,55329,503640,0.8439868931576209
55329,259290,0.9086066889711177,false,55329,259290,0.9086066889711177
55329,57528,0.8010726783853929,false,55329,57528,0.8010726783853929
55329,9356,0.8637328954563755,false,55329,9356,0.8637328954563755
55329,641776,0.8840966612988328,false,55329,641776,0.8840966612988328
55329,148213,0.9074110387416449,false,55329,148213,0.9074110387416449
55329,7851,0.8228873357569205,false,55329,7851,0.8228873357569205
55329,109136579,0.9023116427267278,false,55329,109136579,0.9023116427267278
55329,126353,0.7586563805437969,false,55329,126353,0.7586563805437969
55329,64332,0.8085319458535813,false,55329,64332,0.8085319458535813
55329,388743,0.7533723911404951,false,55329,388743,0.7533723911404951
55329,1577,0.8280667584699702,false,55329,1577,0.8280667584699702
55329,102723849,0.8063155395954038,false,55329,102723849,0.8063155395954038
55329,619383,0.9822586439244263,false,55329,619383,0.9822586439244263
55329,10129,0.7714364432644044,false,55329,10129,0.7714364432644044
55329,378938,0.9042750634558535,false,55329,378938,0.9042750634558535
55329,55930,0.819619343230973,false,55329,55930,0.819619343230973
55329,7620,0.765832271697917,false,55329,7620,0.765832271697917
55329,105180391,0.8658898307119958,false,55329,105180391,0.8658898307119958
55329,10018,0.938242377186276,false,55329,10018,0.938242377186276
55329,105180390,0.8885848615777596,false,55329,105180390,0.8885848615777596
55329,692058,0.8242771914021709,false,55329,692058,0.8242771914021709
55329,645843,0.8232939685603443,false,55329,645843,0.8232939685603443
55329,143884,0.8860310561212353,false,55329,143884,0.8860310561212353
55329,3993,0.8141596827845795,false,55329,3993,0.8141596827845795
55329,389852,0.8229737330591351,false,55329,389852,0.8229737330591351
55329,342892,0.7640822946200675,false,55329,342892,0.7640822946200675
55329,2065,0.8133978519226727,false,55329,2065,0.8133978519226727
55329,94059,0.8926081639035898,false,55329,94059,0.8926081639035898
55329,3960,0.8811763562477,false,55329,3960,0.8811763562477
55329,284323,0.8409300593813923,false,55329,284323,0.8409300593813923
55329,692213,0.9558036296579437,false,55329,692213,0.9558036296579437
55329,259294,0.8542766923764015,false,55329,259294,0.8542766923764015
116228,259290,0.8028621147602564,false,116228,259290,0.8028621147602564
116228,79848,0.856345874239595,false,116228,79848,0.856345874239595
116228,619383,0.8829754102648282,false,116228,619383,0.8829754102648282
116228,100158262,0.8045099315948093,false,116228,100158262,0.8045099315948093
116228,201625,0.8947890549700309,false,116228,201625,0.8947890549700309
116228,692058,0.7690356406358252,false,116228,692058,0.7690356406358252
116228,342892,0.9149610145528526,false,116228,342892,0.9149610145528526
116228,79740,0.7515239372408015,false,116228,79740,0.7515239372408015
93035,4883,0.7538375429781988,false,93035,4883,0.7538375429781988
93035,1528,0.9467916656825024,false,93035,1528,0.9467916656825024
93035,138428,0.8523685388357005,false,93035,138428,0.8523685388357005
93035,6523,0.9709579442151862,false,93035,6523,0.9709579442151862
93035,155465,0.9901015907028919,false,93035,155465,0.9901015907028919
93035,5225,0.7558315864259415,false,93035,5225,0.7558315864259415
93035,4128,0.9777967445925901,false,93035,4128,0.9777967445925901
93035,55892,0.9553924054375705,false,93035,55892,0.9553924054375705
93035,3249,0.9992492855316831,false,93035,3249,0.9992492855316831
93035,306,0.9120891680515637,false,93035,306,0.9120891680515637
93035,6440,0.8412719766500095,false,93035,6440,0.8412719766500095
93035,10568,0.7926907969429797,false,93035,10568,0.7926907969429797
93035,33,0.9935709953125045,false,93035,33,0.9935709953125045
93035,375612,0.9974520417325778,false,93035,375612,0.9974520417325778
93035,10529,0.9082494897794919,false,93035,10529,0.9082494897794919
93035,9914,0.9545102686023806,false,93035,9914,0.9545102686023806
93035,56241,0.880233901714527,false,93035,56241,0.880233901714527
93035,163720,0.9322255393616731,false,93035,163720,0.9322255393616731
93035,722,0.9935000805994907,false,93035,722,0.9935000805994907
93035,6751,0.8325161346123683,false,93035,6751,0.8325161346123683
93035,79908,0.9916132388033299,false,93035,79908,0.9916132388033299
93035,388323,0.887411570799758,false,93035,388323,0.887411570799758
93035,51185,0.8727767391687072,false,93035,51185,0.8727767391687072
93035,130367,0.9383943022723437,false,93035,130367,0.9383943022723437
93035,285335,0.8626875026827168,false,93035,285335,0.8626875026827168
93035,146177,0.9280471403103712,false,93035,146177,0.9280471403103712
93035,728226,0.9976092541849636,false,93035,728226,0.9976092541849636
93035,81615,0.9556360357753252,false,93035,81615,0.9556360357753252
93035,200373,0.9464381627247985,false,93035,200373,0.9464381627247985
93035,102723382,0.8992151131417715,false,93035,102723382,0.8992151131417715
93035,474354,0.9779244462301462,false,93035,474354,0.9779244462301462
93035,221395,0.8958969563671714,false,93035,221395,0.8958969563671714
93035,54842,0.9134967028094608,false,93035,54842,0.9134967028094608
93035,107985317,0.9986305243286474,false,93035,107985317,0.9986305243286474
93035,128602,0.9824566475796369,false,93035,128602,0.9824566475796369
93035,54997,0.9031298317307048,false,93035,54997,0.9031298317307048
93035,2595,0.9602098189188236,false,93035,2595,0.9602098189188236
93035,9223,0.9200319165600612,false,93035,9223,0.9200319165600612
93035,253970,0.9603334615792845,false,93035,253970,0.9603334615792845
93035,503645,0.939957275813358,false,93035,503645,0.939957275813358
93035,4070,0.9146050979371493,false,93035,4070,0.9146050979371493
93035,346007,0.9529470515455853,false,93035,346007,0.9529470515455853
93035,116984,0.9630066092934793,false,93035,116984,0.9630066092934793
93035,825,0.9744887032470244,false,93035,825,0.9744887032470244
93035,137872,0.8959421681664954,false,93035,137872,0.8959421681664954
93035,100033430,0.8028203687886615,false,93035,100033430,0.8028203687886615
93035,124944,0.8975482623713842,false,93035,124944,0.8975482623713842
93035,93517,0.9991753755215054,false,93035,93517,0.9991753755215054
93035,130271,0.7925796649826444,false,93035,130271,0.7925796649826444
93035,101927516,0.9958496976666559,false,93035,101927516,0.9958496976666559
93035,285,0.9712950127843314,false,93035,285,0.9712950127843314
93035,27074,0.9512425387884871,false,93035,27074,0.9512425387884871
93035,100996506,0.899998945601692,false,93035,100996506,0.899998945601692
93035,66002,0.9460946981355203,false,93035,66002,0.9460946981355203
93035,79632,0.9335657606413765,false,93035,79632,0.9335657606413765
93035,100505495,0.9916891432336211,false,93035,100505495,0.9916891432336211
93035,7620,0.8535264877340439,false,93035,7620,0.8535264877340439
93035,9476,0.9383448525313041,false,93035,9476,0.9383448525313041
93035,151531,0.9310877719462621,false,93035,151531,0.9310877719462621
93035,105371242,0.8349184117177286,false,93035,105371242,0.8349184117177286
93035,692058,0.7832651810425667,false,93035,692058,0.7832651810425667
93035,2122,0.9979285946259707,false,93035,2122,0.9979285946259707
93035,84059,0.9108245258437657,false,93035,84059,0.9108245258437657
93035,121512,0.8685985968396601,false,93035,121512,0.8685985968396601
93035,6097,0.9702901337407722,false,93035,6097,0.9702901337407722
93035,120892,0.9608990768146517,false,93035,120892,0.9608990768146517
93035,113219467,0.8139868847940503,false,93035,113219467,0.8139868847940503
93035,123624,0.9943670717344976,false,93035,123624,0.9943670717344976
93035,391253,0.9918417927056056,false,93035,391253,0.9918417927056056
93035,693188,0.9718353688486957,false,93035,693188,0.9718353688486957
93035,353189,0.916460940257991,false,93035,353189,0.916460940257991
93035,776,0.9079379982778102,false,93035,776,0.9079379982778102
93035,84851,0.9432396660593024,false,93035,84851,0.9432396660593024
93035,84525,0.8902302989381754,false,93035,84525,0.8902302989381754
93035,4861,0.9987666111743772,false,93035,4861,0.9987666111743772
93035,10203,0.9848768741067455,false,93035,10203,0.9848768741067455
93035,1080,0.8864804330378522,false,93035,1080,0.8864804330378522
93035,65217,0.8403605505379003,false,93035,65217,0.8403605505379003
93035,105372793,0.9079386269554243,false,93035,105372793,0.9079386269554243
93035,56955,0.994886914028863,false,93035,56955,0.994886914028863
93035,653509,0.8090119102270494,false,93035,653509,0.8090119102270494
93035,55282,0.9128289601477441,false,93035,55282,0.9128289601477441
93035,79098,0.9884377600807256,false,93035,79098,0.9884377600807256
93035,144535,0.9260551896729685,false,93035,144535,0.9260551896729685
93035,649946,0.9505800062403608,false,93035,649946,0.9505800062403608
93035,144571,0.9688747278870344,false,93035,144571,0.9688747278870344
93035,165186,0.9980564638793528,false,93035,165186,0.9980564638793528
93035,102465485,0.9341983504843175,false,93035,102465485,0.9341983504843175
93035,100033436,0.964636053085558,false,93035,100033436,0.964636053085558
4883,112770,0.7524960180125597,false,4883,112770,0.7524960180125597
4883,138428,0.8931553753087783,false,4883,138428,0.8931553753087783
4883,6523,0.8848101755339787,false,4883,6523,0.8848101755339787
4883,155465,0.8040356605007052,false,4883,155465,0.8040356605007052
4883,4128,0.7804079059793394,false,4883,4128,0.7804079059793394
4883,55892,0.8842455409567913,false,4883,55892,0.8842455409567913
4883,3249,0.7506255754429917,false,4883,3249,0.7506255754429917
4883,33,0.7598918845385575,false,4883,33,0.7598918845385575
4883,10529,0.9431680051132343,false,4883,10529,0.9431680051132343
4883,286207,0.9240816058911401,false,4883,286207,0.9240816058911401
4883,79908,0.779676770713321,false,4883,79908,0.779676770713321
4883,388323,0.9571315218393995,false,4883,388323,0.9571315218393995
4883,51185,0.9488113230454588,false,4883,51185,0.9488113230454588
4883,285335,0.8513838998768389,false,4883,285335,0.8513838998768389
4883,728226,0.7506904018773827,false,4883,728226,0.7506904018773827
4883,200373,0.8608148487283226,false,4883,200373,0.8608148487283226
4883,102723382,0.8910227577925534,false,4883,102723382,0.8910227577925534
4883,474354,0.8630100529147694,false,4883,474354,0.8630100529147694
4883,107985317,0.7719162199321042,false,4883,107985317,0.7719162199321042
4883,346007,0.8281157371456562,false,4883,346007,0.8281157371456562
4883,93517,0.7600965628675361,false,4883,93517,0.7600965628675361
4883,101927516,0.792191325961528,false,4883,101927516,0.792191325961528
4883,285,0.8456036600473396,false,4883,285,0.8456036600473396
4883,100996506,0.9047951703687288,false,4883,100996506,0.9047951703687288
4883,100505495,0.7764874618986927,false,4883,100505495,0.7764874618986927
4883,4179,0.8489112056054389,false,4883,4179,0.8489112056054389
4883,201625,0.8754292338266473,false,4883,201625,0.8754292338266473
4883,692058,0.8700069130234341,false,4883,692058,0.8700069130234341
4883,113219467,0.7958213381604935,false,4883,113219467,0.7958213381604935
4883,391253,0.7665755277559592,false,4883,391253,0.7665755277559592
4883,693188,0.8533849251511513,false,4883,693188,0.8533849251511513
4883,84851,0.9195373955163053,false,4883,84851,0.9195373955163053
4883,4861,0.76641721849018,false,4883,4861,0.76641721849018
4883,105372793,0.9300561607355895,false,4883,105372793,0.9300561607355895
4883,144535,0.7868039712716021,false,4883,144535,0.7868039712716021
4883,26298,0.787818505009417,false,4883,26298,0.787818505009417
4883,100033436,0.861239345132903,false,4883,100033436,0.861239345132903
4629,284340,0.8484151566956029,false,4629,284340,0.8484151566956029
4629,5225,0.7536419440933438,false,4629,5225,0.7536419440933438
4629,6440,0.7772873800118568,false,4629,6440,0.7772873800118568
4629,5265,0.7812989977206757,false,4629,5265,0.7812989977206757
4629,10568,0.7700730399311683,false,4629,10568,0.7700730399311683
4629,10579,0.9091323978415843,false,4629,10579,0.9091323978415843
4629,3875,0.9015269865939637,false,4629,3875,0.9015269865939637
4629,109729127,0.8521453670304037,false,4629,109729127,0.8521453670304037
4629,117156,0.9497259194080769,false,4629,117156,0.9497259194080769
4629,220136,0.8528741569877905,false,4629,220136,0.8528741569877905
4629,6799,0.8726709890956953,false,4629,6799,0.8726709890956953
4629,1286,0.8983582379386998,false,4629,1286,0.8983582379386998
4629,653509,0.8100041701015736,false,4629,653509,0.8100041701015736
112770,4574,0.8211413321042184,false,112770,4574,0.8211413321042184
112770,1770,0.7667042028945267,false,112770,1770,0.7667042028945267
112770,388323,0.7770982582114592,false,112770,388323,0.7770982582114592
112770,7060,0.7596321743720419,false,112770,7060,0.7596321743720419
112770,124944,0.7566524986768552,false,112770,124944,0.7566524986768552
112770,54848,0.8335125830409632,false,112770,54848,0.8335125830409632
112770,113219467,0.8816206262385002,false,112770,113219467,0.8816206262385002
112770,26298,0.7994142311842204,false,112770,26298,0.7994142311842204
1528,222389,0.7959048384415909,false,1528,222389,0.7959048384415909
1528,6523,0.877252185374993,false,1528,6523,0.877252185374993
1528,155465,0.9496520017390503,false,1528,155465,0.9496520017390503
1528,5225,0.8620864589870374,false,1528,5225,0.8620864589870374
1528,4128,0.8873605874233167,false,1528,4128,0.8873605874233167
1528,55892,0.8181978889252919,false,1528,55892,0.8181978889252919
1528,3249,0.9520155629417084,false,1528,3249,0.9520155629417084
1528,306,0.8883413071345165,false,1528,306,0.8883413071345165
1528,6440,0.9590368127336335,false,1528,6440,0.9590368127336335
1528,10568,0.9326671904907095,false,1528,10568,0.9326671904907095
1528,33,0.9572452464329787,false,1528,33,0.9572452464329787
1528,375612,0.9329938099872419,false,1528,375612,0.9329938099872419
1528,10529,0.7580408823138941,false,1528,10529,0.7580408823138941
1528,9914,0.9357450926776119,false,1528,9914,0.9357450926776119
1528,56241,0.9374526027668442,false,1528,56241,0.9374526027668442
1528,163720,0.931788811403664,false,1528,163720,0.931788811403664
1528,722,0.9677281080778717,false,1528,722,0.9677281080778717
1528,79908,0.9064347571392206,false,1528,79908,0.9064347571392206
1528,388323,0.7771372625722184,false,1528,388323,0.7771372625722184
1528,130367,0.8721824639964337,false,1528,130367,0.8721824639964337
1528,285335,0.7753521175670297,false,1528,285335,0.7753521175670297
1528,146177,0.9908918265689025,false,1528,146177,0.9908918265689025
1528,728226,0.9401329332713535,false,1528,728226,0.9401329332713535
1528,81615,0.9313674508841542,false,1528,81615,0.9313674508841542
1528,200373,0.8664631360853267,false,1528,200373,0.8664631360853267
1528,5787,0.8027618850767869,false,1528,5787,0.8027618850767869
1528,102723382,0.7691670641571102,false,1528,102723382,0.7691670641571102
1528,474354,0.8853187080713065,false,1528,474354,0.8853187080713065
1528,221395,0.9659172094724184,false,1528,221395,0.9659172094724184
1528,54842,0.9497943520008487,false,1528,54842,0.9497943520008487
1528,107985317,0.9324986189538643,false,1528,107985317,0.9324986189538643
1528,128602,0.9462975984037437,false,1528,128602,0.9462975984037437
1528,54997,0.791598252607445,false,1528,54997,0.791598252607445
1528,2595,0.9313293554790653,false,1528,2595,0.9313293554790653
1528,9223,0.9173336627587456,false,1528,9223,0.9173336627587456
1528,253970,0.9747495434979152,false,1528,253970,0.9747495434979152
1528,503645,0.8837836579669118,false,1528,503645,0.8837836579669118
1528,4070,0.9747860045522674,false,1528,4070,0.9747860045522674
1528,346007,0.8313118529494564,false,1528,346007,0.8313118529494564
1528,116984,0.895561173510517,false,1528,116984,0.895561173510517
1528,825,0.9394232901533063,false,1528,825,0.9394232901533063
1528,137872,0.7590419242859526,false,1528,137872,0.7590419242859526
1528,124944,0.9506865019508667,false,1528,124944,0.9506865019508667
1528,93517,0.9370154437556506,false,1528,93517,0.9370154437556506
1528,130271,0.7666504775059835,false,1528,130271,0.7666504775059835
1528,101927516,0.9366713416576435,false,1528,101927516,0.9366713416576435
1528,285,0.8618277517240015,false,1528,285,0.8618277517240015
1528,27074,0.9529369123635119,false,1528,27074,0.9529369123635119
1528,66002,0.8465390192514197,false,1528,66002,0.8465390192514197
1528,54848,0.7556922732268214,false,1528,54848,0.7556922732268214
1528,79632,0.9615165767073414,false,1528,79632,0.9615165767073414
1528,100505495,0.9099090667082518,false,1528,100505495,0.9099090667082518
1528,9476,0.9825787998361892,false,1528,9476,0.9825787998361892
1528,151531,0.8459049809997357,false,1528,151531,0.8459049809997357
1528,105371242,0.7882124815686701,false,1528,105371242,0.7882124815686701
1528,2122,0.9560216989936268,false,1528,2122,0.9560216989936268
1528,84059,0.937427559988078,false,1528,84059,0.937427559988078
1528,6097,0.980298135215036,false,1528,6097,0.980298135215036
1528,120892,0.9543083740454421,false,1528,120892,0.9543083740454421
1528,113219467,0.8416839088447831,false,1528,113219467,0.8416839088447831
1528,123624,0.9554398056830065,false,1528,123624,0.9554398056830065
1528,391253,0.9640489377204685,false,1528,391253,0.9640489377204685
1528,693188,0.91042385351942,false,1528,693188,0.91042385351942
1528,6799,0.8894641418275306,false,1528,6799,0.8894641418275306
1528,389376,0.8567929007616109,false,1528,389376,0.8567929007616109
1528,353189,0.9379295189151771,false,1528,353189,0.9379295189151771
1528,776,0.797934556740773,false,1528,776,0.797934556740773
1528,84851,0.8314026863174137,false,1528,84851,0.8314026863174137
1528,84525,0.9065589908436316,false,1528,84525,0.9065589908436316
1528,4861,0.9329233716283141,false,1528,4861,0.9329233716283141
1528,10203,0.963481094707228,false,1528,10203,0.963481094707228
1528,1080,0.9217797351942257,false,1528,1080,0.9217797351942257
1528,105372793,0.7769913284240044,false,1528,105372793,0.7769913284240044
1528,56955,0.9437136044551564,false,1528,56955,0.9437136044551564
1528,653509,0.9346765944763783,false,1528,653509,0.9346765944763783
1528,55282,0.9130378811771263,false,1528,55282,0.9130378811771263
1528,79098,0.9574324004763817,false,1528,79098,0.9574324004763817
1528,144535,0.899102516875069,false,1528,144535,0.899102516875069
1528,649946,0.8741380317666058,false,1528,649946,0.8741380317666058
1528,144571,0.9497036798361437,false,1528,144571,0.9497036798361437
1528,165186,0.9449100949051116,false,1528,165186,0.9449100949051116
1528,102465485,0.8545409077877135,false,1528,102465485,0.8545409077877135
1528,100033436,0.8707222913824281,false,1528,100033436,0.8707222913824281
9208,112268252,0.7852566031806626,false,9208,112268252,0.7852566031806626
9208,277,0.8774724961399154,false,9208,277,0.8774724961399154
9208,80736,0.8964581895216964,false,9208,80736,0.8964581895216964
9208,157310,0.8036993363972272,false,9208,157310,0.8036993363972272
9208,255189,0.8629290176108746,false,9208,255189,0.8629290176108746
9208,10103,0.7627366560609246,false,9208,10103,0.7627366560609246
9208,3856,0.9447002380532135,false,9208,3856,0.9447002380532135
9208,3983,0.8190455303074025,false,9208,3983,0.8190455303074025
9208,285989,0.8381194711154801,false,9208,285989,0.8381194711154801
9208,2627,0.8124065460974605,false,9208,2627,0.8124065460974605
9208,1555,0.7905215227063896,false,9208,1555,0.7905215227063896
9208,201456,0.7755498293526497,false,9208,201456,0.7755498293526497
9208,57186,0.7880216207583373,false,9208,57186,0.7880216207583373
9208,102723508,0.7610484799951333,false,9208,102723508,0.7610484799951333
9208,28984,0.799276124495799,false,9208,28984,0.799276124495799
9208,100506658,0.8458185731873286,false,9208,100506658,0.8458185731873286
9208,341676,0.8231594730175205,false,9208,341676,0.8231594730175205
9208,10595,0.8919581454800958,false,9208,10595,0.8919581454800958
9208,4583,0.8258166913690957,false,9208,4583,0.8258166913690957
9208,55567,0.7575656368930489,false,9208,55567,0.7575656368930489
9208,5961,0.7724458084238658,false,9208,5961,0.7724458084238658
9208,692072,0.7857472586572238,false,9208,692072,0.7857472586572238
9208,55808,0.7619291929345193,false,9208,55808,0.7619291929345193
9208,999,0.8638447296397523,false,9208,999,0.8638447296397523
9208,26226,0.7923868053932862,false,9208,26226,0.7923868053932862
9208,388743,0.761777844131099,false,9208,388743,0.761777844131099
9208,340267,0.8984508292613859,false,9208,340267,0.8984508292613859
9208,1510,0.7721328829378937,false,9208,1510,0.7721328829378937
9208,278,0.8438266942761764,false,9208,278,0.8438266942761764
9208,57111,0.7741280645036275,false,9208,57111,0.7741280645036275
9208,116844,0.9156378504746412,false,9208,116844,0.9156378504746412
9208,10129,0.7802282118916483,false,9208,10129,0.7802282118916483
9208,4586,0.7503172399554219,false,9208,4586,0.7503172399554219
9208,10551,0.7554180523018805,false,9208,10551,0.7554180523018805
9208,688,0.8016032057058752,false,9208,688,0.8016032057058752
9208,117155,0.8006131139807405,false,9208,117155,0.8006131139807405
9208,112268155,0.808480337215878,false,9208,112268155,0.808480337215878
9208,1152,0.7681189644171758,false,9208,1152,0.7681189644171758
9208,1556,0.8396929886462704,false,9208,1556,0.8396929886462704
9208,55930,0.7702199565481103,false,9208,55930,0.7702199565481103
9208,22996,0.7814354331579929,false,9208,22996,0.7814354331579929
9208,7113,0.8060123647712613,false,9208,7113,0.8060123647712613
9208,54861,0.7869213697868506,false,9208,54861,0.7869213697868506
9208,222256,0.8910760542196667,false,9208,222256,0.8910760542196667
9208,113218482,0.8314491418730863,false,9208,113218482,0.8314491418730863
9208,647024,0.861062571092463,false,9208,647024,0.861062571092463
9208,255928,0.7511088789712583,false,9208,255928,0.7511088789712583
9208,8537,0.7622841285324637,false,9208,8537,0.7622841285324637
9208,115019,0.802320975780579,false,9208,115019,0.802320975780579
9208,276,0.792440312619072,false,9208,276,0.792440312619072
9208,168374,0.7868208526500048,false,9208,168374,0.7868208526500048
9208,3993,0.7793709118684984,false,9208,3993,0.7793709118684984
9208,84239,0.768268072713876,false,9208,84239,0.768268072713876
9208,3880,0.8654440730731252,false,9208,3880,0.8654440730731252
9208,153643,0.9022354531249318,false,9208,153643,0.9022354531249318
9208,745,0.8233931524108358,false,9208,745,0.8233931524108358
401089,58524,0.9976716759734688,false,401089,58524,0.9976716759734688
401089,8999,0.7938222966026016,false,401089,8999,0.7938222966026016
401089,3481,0.9597840573395081,false,401089,3481,0.9597840573395081
401089,677831,0.9772645313337405,false,401089,677831,0.9772645313337405
401089,22943,0.9921311421811233,false,401089,22943,0.9921311421811233
401089,100506380,1.0,false,401089,100506380,1.0
401089,4892,0.9978222052939422,false,401089,4892,0.9978222052939422
401089,25976,0.8345188048579336,false,401089,25976,0.8345188048579336
401089,160728,0.9802795006267501,false,401089,160728,0.9802795006267501
401089,4496,1.0,false,401089,4496,1.0
401089,388633,0.999904488898443,false,401089,388633,0.999904488898443
401089,3929,0.9999791875548879,false,401089,3929,0.9999791875548879
401089,100158262,0.8622683053135436,false,401089,100158262,0.8622683053135436
401089,727897,0.8409657211570886,false,401089,727897,0.8409657211570886
401089,1604,0.9330099935791507,false,401089,1604,0.9330099935791507
401089,886,1.0,false,401089,886,1.0
401089,632,0.9741775975413046,false,401089,632,0.9741775975413046
401089,285429,0.7519747704157361,false,401089,285429,0.7519747704157361
401089,26797,0.9998086330389042,false,401089,26797,0.9998086330389042
401089,4057,0.7533096975028876,false,401089,4057,0.7533096975028876
401089,692209,0.999946985179323,false,401089,692209,0.999946985179323
401089,563,0.7833258641463906,false,401089,563,0.7833258641463906
401089,83643,0.9966566318765577,false,401089,83643,0.9966566318765577
401089,498,0.7793636464694088,false,401089,498,0.7793636464694088
401089,284434,0.9971188999509051,false,401089,284434,0.9971188999509051
401089,1028,0.8088406529390388,false,401089,1028,0.8088406529390388
401089,646480,0.9997412633513606,false,401089,646480,0.9997412633513606
284340,92304,0.7607143003910698,false,284340,92304,0.7607143003910698
284340,399949,0.8272593576910049,false,284340,399949,0.8272593576910049
284340,5265,0.8022401120684931,false,284340,5265,0.8022401120684931
284340,105377033,0.7578745687189543,false,284340,105377033,0.7578745687189543
284340,10917,0.8854796286412816,false,284340,10917,0.8854796286412816
284340,10579,0.7628852785343421,false,284340,10579,0.7628852785343421
284340,100506686,0.7743160113271218,false,284340,100506686,0.7743160113271218
284340,110806280,0.777399393400564,false,284340,110806280,0.777399393400564
284340,718,0.8136062382458296,false,284340,718,0.8136062382458296
284340,25804,0.9518299957687131,false,284340,25804,0.9518299957687131
284340,6441,0.9699342563045014,false,284340,6441,0.9699342563045014
284340,8091,0.8997103000655963,false,284340,8091,0.8997103000655963
284340,3207,0.8374107840784643,false,284340,3207,0.8374107840784643
284340,7356,0.9027253343437334,false,284340,7356,0.9027253343437334
284340,109729127,0.8510497041271796,false,284340,109729127,0.8510497041271796
284340,400578,0.8721706096486456,false,284340,400578,0.8721706096486456
284340,387882,0.7938321169748402,false,284340,387882,0.7938321169748402
284340,5545,0.7649408107507667,false,284340,5545,0.7649408107507667
284340,10586,0.7579570993394049,false,284340,10586,0.7579570993394049
284340,117156,0.8833485666485482,false,284340,117156,0.8833485666485482
284340,654433,0.8721875619628375,false,284340,654433,0.8721875619628375
284340,105,0.9146946697636288,false,284340,105,0.9146946697636288
284340,220136,0.8166850760861193,false,284340,220136,0.8166850760861193
284340,9370,0.777399393400564,false,284340,9370,0.777399393400564
284340,123872,0.7930575959321269,false,284340,123872,0.7930575959321269
284340,100874095,0.777399393400564,false,284340,100874095,0.777399393400564
112268252,277,0.9353659702739868,false,112268252,277,0.9353659702739868
112268252,80736,0.798095524370637,false,112268252,80736,0.798095524370637
112268252,163131,0.8402521045902133,false,112268252,163131,0.8402521045902133
112268252,100302170,0.9272701551178617,false,112268252,100302170,0.9272701551178617
112268252,25901,0.8716290160916765,false,112268252,25901,0.8716290160916765
112268252,51365,0.9215448998082211,false,112268252,51365,0.9215448998082211
112268252,7225,0.9079922624571142,false,112268252,7225,0.9079922624571142
112268252,27134,0.9442764562241867,false,112268252,27134,0.9442764562241867
112268252,654412,0.8635716231529081,false,112268252,654412,0.8635716231529081
112268252,157310,0.8350168126938023,false,112268252,157310,0.8350168126938023
112268252,5340,0.8997779695562115,false,112268252,5340,0.8997779695562115
112268252,4582,0.9696536125770534,false,112268252,4582,0.9696536125770534
112268252,3248,0.8861727574967142,false,112268252,3248,0.8861727574967142
112268252,255189,0.8603205102306676,false,112268252,255189,0.8603205102306676
112268252,641384,0.9233138448571426,false,112268252,641384,0.9233138448571426
112268252,100130449,0.9575961429175981,false,112268252,100130449,0.9575961429175981
112268252,10103,0.9159552423230307,false,112268252,10103,0.9159552423230307
112268252,3856,0.8024285715776359,false,112268252,3856,0.8024285715776359
112268252,1048,0.9438177007007797,false,112268252,1048,0.9438177007007797
112268252,100419743,0.9438822060605394,false,112268252,100419743,0.9438822060605394
112268252,3983,0.9095086386995401,false,112268252,3983,0.9095086386995401
112268252,3694,0.9416865015143734,false,112268252,3694,0.9416865015143734
112268252,285989,0.9126790052286863,false,112268252,285989,0.9126790052286863
112268252,2627,0.9197277873351032,false,112268252,2627,0.9197277873351032
112268252,1555,0.9341305558388282,false,112268252,1555,0.9341305558388282
112268252,57528,0.9773296733841705,false,112268252,57528,0.9773296733841705
112268252,201456,0.9135911301686771,false,112268252,201456,0.9135911301686771
112268252,57186,0.9243421706234147,false,112268252,57186,0.9243421706234147
112268252,6473,0.9438822060605396,false,112268252,6473,0.9438822060605396
112268252,102723508,0.8564382398021562,false,112268252,102723508,0.8564382398021562
112268252,9356,0.8848809300198746,false,112268252,9356,0.8848809300198746
112268252,641776,0.8960747006938447,false,112268252,641776,0.8960747006938447
112268252,100506658,0.8198866864724803,false,112268252,100506658,0.8198866864724803
112268252,341676,0.8994984759736535,false,112268252,341676,0.8994984759736535
112268252,148213,0.9373852577964731,false,112268252,148213,0.9373852577964731
112268252,10595,0.8681157867400007,false,112268252,10595,0.8681157867400007
112268252,4583,0.9655934209077589,false,112268252,4583,0.9655934209077589
112268252,55567,0.8739225661559932,false,112268252,55567,0.8739225661559932
112268252,7851,0.978011965605909,false,112268252,7851,0.978011965605909
112268252,692072,0.9772818039852904,false,112268252,692072,0.9772818039852904
112268252,55808,0.9416622315457193,false,112268252,55808,0.9416622315457193
112268252,999,0.8869737504333103,false,112268252,999,0.8869737504333103
112268252,126353,0.9897769220553386,false,112268252,126353,0.9897769220553386
112268252,26226,0.752675930722512,false,112268252,26226,0.752675930722512
112268252,64332,0.828826373747799,false,112268252,64332,0.828826373747799
112268252,388743,0.9680970645135465,false,112268252,388743,0.9680970645135465
112268252,1577,0.977384667049136,false,112268252,1577,0.977384667049136
112268252,340267,0.880937741001059,false,112268252,340267,0.880937741001059
112268252,200879,0.9445413379733064,false,112268252,200879,0.9445413379733064
112268252,1510,0.9583093489749701,false,112268252,1510,0.9583093489749701
112268252,441251,0.7540549740900521,false,112268252,441251,0.7540549740900521
112268252,102723849,0.919305936716893,false,112268252,102723849,0.919305936716893
112268252,57669,0.7828915118507358,false,112268252,57669,0.7828915118507358
112268252,57111,0.9363259327561813,false,112268252,57111,0.9363259327561813
112268252,10129,0.8356372979589658,false,112268252,10129,0.8356372979589658
112268252,4586,0.9440902609113546,false,112268252,4586,0.9440902609113546
112268252,10551,0.9409779527931107,false,112268252,10551,0.9409779527931107
112268252,117155,0.9232773281486231,false,112268252,117155,0.9232773281486231
112268252,112268155,0.9710375251903979,false,112268252,112268155,0.9710375251903979
112268252,1152,0.8392900803727655,false,112268252,1152,0.8392900803727655
112268252,79083,0.9310929196152722,false,112268252,79083,0.9310929196152722
112268252,1556,0.8867797549605511,false,112268252,1556,0.8867797549605511
112268252,55930,0.9219378182920303,false,112268252,55930,0.9219378182920303
112268252,22996,0.8088663977517684,false,112268252,22996,0.8088663977517684
112268252,7113,0.9590804082953699,false,112268252,7113,0.9590804082953699
112268252,105180391,0.8390796009233462,false,112268252,105180391,0.8390796009233462
112268252,100529240,0.8892511362232739,false,112268252,100529240,0.8892511362232739
112268252,113218482,0.9166885661414188,false,112268252,113218482,0.9166885661414188
112268252,647024,0.8746047311639573,false,112268252,647024,0.8746047311639573
112268252,255928,0.9450434789540535,false,112268252,255928,0.9450434789540535
112268252,8537,0.9471521791101606,false,112268252,8537,0.9471521791101606
112268252,10018,0.9154585198906625,false,112268252,10018,0.9154585198906625
112268252,115019,0.9593938560704143,false,112268252,115019,0.9593938560704143
112268252,105180390,0.8680969742656977,false,112268252,105180390,0.8680969742656977
112268252,168374,0.9922960705126006,false,112268252,168374,0.9922960705126006
112268252,645843,0.7659457206786245,false,112268252,645843,0.7659457206786245
112268252,143884,0.9017327488356743,false,112268252,143884,0.9017327488356743
112268252,3993,0.9662611319116293,false,112268252,3993,0.9662611319116293
112268252,389852,0.986350655725011,false,112268252,389852,0.986350655725011
112268252,164312,0.928768403999759,false,112268252,164312,0.928768403999759
112268252,84239,0.8819843602223357,false,112268252,84239,0.8819843602223357
112268252,2065,0.9832967187180293,false,112268252,2065,0.9832967187180293
112268252,135656,0.9444775376846198,false,112268252,135656,0.9444775376846198
112268252,94059,0.8444444599936568,false,112268252,94059,0.8444444599936568
112268252,3960,0.9644840475605604,false,112268252,3960,0.9644840475605604
112268252,23584,0.8684235304053406,false,112268252,23584,0.8684235304053406
112268252,692213,0.89624214398937,false,112268252,692213,0.89624214398937
112268252,153643,0.8619269709268912,false,112268252,153643,0.8619269709268912
112268252,112268422,0.7607740582434378,false,112268252,112268422,0.7607740582434378
112268252,259294,0.9609409711489888,false,112268252,259294,0.9609409711489888
112268252,2266,0.9023998137422671,false,112268252,2266,0.9023998137422671
112268252,745,0.8858001947169089,false,112268252,745,0.8858001947169089
112268252,440352,0.8103413357415036,false,112268252,440352,0.8103413357415036
105374373,6928,0.990663357311127,false,105374373,6928,0.990663357311127
105374373,84700,1.0,false,105374373,84700,1.0
105374373,29895,1.0,false,105374373,29895,1.0
105374373,253982,0.9970860369248147,false,105374373,253982,0.9970860369248147
105374373,284266,0.9354629754469692,false,105374373,284266,0.9354629754469692
105374373,105379028,1.0,false,105374373,105379028,1.0
105374373,102724057,0.9944421994657309,false,105374373,102724057,0.9944421994657309
105374373,2922,1.0,false,105374373,2922,1.0
105374373,7125,1.0,false,105374373,7125,1.0
105374373,1132,1.0,false,105374373,1132,1.0
105374373,89,1.0,false,105374373,89,1.0
105374373,57526,0.9053418593310791,false,105374373,57526,0.9053418593310791
105374373,4693,1.0,false,105374373,4693,1.0
105374373,101929066,1.0,false,105374373,101929066,1.0
105374373,2696,0.9310797377483423,false,105374373,2696,0.9310797377483423
105374373,102466759,1.0,false,105374373,102466759,1.0
105374373,54084,0.9999999999999997,false,105374373,54084,0.9999999999999997
105374373,339983,1.0,false,105374373,339983,1.0
105374373,606,1.0,false,105374373,606,1.0
105374373,100133669,1.0,false,105374373,100133669,1.0
105374373,7473,0.9999999999999999,false,105374373,7473,0.9999999999999999
105374373,1180,1.0,false,105374373,1180,1.0
105374373,200407,0.9924038663952793,false,105374373,200407,0.9924038663952793
105374373,766,1.0,false,105374373,766,1.0
105374373,65998,0.8358213643860702,false,105374373,65998,0.8358213643860702
105374373,388327,0.9999999999999998,false,105374373,388327,0.9999999999999998
105374373,3780,1.0,false,105374373,3780,1.0
105374373,100126311,1.0,false,105374373,100126311,1.0
105374373,23562,1.0,false,105374373,23562,1.0
105374373,1746,1.0,false,105374373,1746,1.0
105374373,57524,1.0,false,105374373,57524,1.0
105374373,10331,1.0,false,105374373,10331,1.0
105374373,256076,0.8639211505072738,false,105374373,256076,0.8639211505072738
105374373,84867,1.0,false,105374373,84867,1.0
105374373,100130701,0.887885656802769,false,105374373,100130701,0.887885656802769
105374373,284680,0.9827242789356606,false,105374373,284680,0.9827242789356606
105374373,9771,0.7695391096496836,false,105374373,9771,0.7695391096496836
105374373,128218,0.934983190758844,false,105374373,128218,0.934983190758844
105374373,222183,1.0,false,105374373,222183,1.0
105374373,7546,0.9999999999999998,false,105374373,7546,0.9999999999999998
105374373,9699,1.0,false,105374373,9699,1.0
105374373,101928580,1.0,false,105374373,101928580,1.0
105374373,105373265,0.8529273885761164,false,105374373,105373265,0.8529273885761164
105374373,9211,0.9993716660495695,false,105374373,9211,0.9993716660495695
105374373,100874002,0.9924038663952793,false,105374373,100874002,0.9924038663952793
105374373,440590,0.9999999999999998,false,105374373,440590,0.9999999999999998
105374373,1515,1.0,false,105374373,1515,1.0
105374373,4606,1.0,false,105374373,4606,1.0
92304,399949,0.8642667059635152,false,92304,399949,0.8642667059635152
92304,105377033,0.9371803183261768,false,92304,105377033,0.9371803183261768
92304,10917,0.8095031380295113,false,92304,10917,0.8095031380295113
92304,103504738,0.8260156618439245,false,92304,103504738,0.8260156618439245
92304,5694,0.8720144723800429,false,92304,5694,0.8720144723800429
92304,60494,0.839279177629779,false,92304,60494,0.839279177629779
92304,100506686,0.8822161391779995,false,92304,100506686,0.8822161391779995
92304,110806280,0.8484974943418976,false,92304,110806280,0.8484974943418976
92304,7033,0.7821149914595558,false,92304,7033,0.7821149914595558
92304,718,0.7753268286131662,false,92304,718,0.7753268286131662
92304,25804,0.8221923967173992,false,92304,25804,0.8221923967173992
92304,6441,0.8600584671695725,false,92304,6441,0.8600584671695725
92304,8091,0.8202732778674061,false,92304,8091,0.8202732778674061
92304,3207,0.9031580460205747,false,92304,3207,0.9031580460205747
92304,7356,0.8018031347097283,false,92304,7356,0.8018031347097283
92304,400578,0.8748434093324371,false,92304,400578,0.8748434093324371
92304,102723635,0.8887087177498245,false,92304,102723635,0.8887087177498245
92304,5545,0.8091768146069481,false,92304,5545,0.8091768146069481
92304,100506755,0.9513761072688772,false,92304,100506755,0.9513761072688772
92304,10586,0.883904140553405,false,92304,10586,0.883904140553405
92304,2619,0.9257984350093729,false,92304,2619,0.9257984350093729
92304,654433,0.8614856507934475,false,92304,654433,0.8614856507934475
92304,140766,0.9288751820644923,false,92304,140766,0.9288751820644923
92304,105,0.7528949900811991,false,92304,105,0.7528949900811991
92304,112577518,0.7757384450819488,false,92304,112577518,0.7757384450819488
92304,9370,0.8484974943418976,false,92304,9370,0.8484974943418976
92304,123872,0.9819589422314211,false,92304,123872,0.9819589422314211
92304,219793,0.834655165889781,false,92304,219793,0.834655165889781
92304,100874095,0.8484974943418976,false,92304,100874095,0.8484974943418976
222389,6440,0.9135305373565942,false,222389,6440,0.9135305373565942
222389,10568,0.7778127297250949,false,222389,10568,0.7778127297250949
222389,9914,0.8451567453748523,false,222389,9914,0.8451567453748523
222389,56241,0.93868829829848,false,222389,56241,0.93868829829848
222389,163720,0.8229073938503897,false,222389,163720,0.8229073938503897
222389,722,0.7514867850142678,false,222389,722,0.7514867850142678
222389,146177,0.8509296549254524,false,222389,146177,0.8509296549254524
222389,81615,0.8318164703204616,false,222389,81615,0.8318164703204616
222389,221395,0.7519798169428922,false,222389,221395,0.7519798169428922
222389,54842,0.8140619929116839,false,222389,54842,0.8140619929116839
222389,128602,0.7738333679527309,false,222389,128602,0.7738333679527309
222389,2595,0.8214154578061622,false,222389,2595,0.8214154578061622
222389,9223,0.7746403368905135,false,222389,9223,0.7746403368905135
222389,253970,0.7961255791575355,false,222389,253970,0.7961255791575355
222389,4070,0.7832992147852241,false,222389,4070,0.7832992147852241
222389,825,0.7921567013537509,false,222389,825,0.7921567013537509
222389,79148,0.7831161234622313,false,222389,79148,0.7831161234622313
222389,79632,0.7934443713568027,false,222389,79632,0.7934443713568027
222389,117156,0.8191852476941283,false,222389,117156,0.8191852476941283
222389,84059,0.8823909817038561,false,222389,84059,0.8823909817038561
222389,6097,0.8273335288536376,false,222389,6097,0.8273335288536376
222389,120892,0.794046324892278,false,222389,120892,0.794046324892278
222389,6799,0.9251491875381187,false,222389,6799,0.9251491875381187
222389,84525,0.9073880751756027,false,222389,84525,0.9073880751756027
222389,1080,0.815485374348405,false,222389,1080,0.815485374348405
222389,1286,0.7783760404626766,false,222389,1286,0.7783760404626766
222389,653509,0.9195657620010794,false,222389,653509,0.9195657620010794
222389,55282,0.8374368646661527,false,222389,55282,0.8374368646661527
222389,144535,0.7944068546904175,false,222389,144535,0.7944068546904175
222389,144571,0.8267922717127109,false,222389,144571,0.8267922717127109
222389,102465485,0.7834803385971405,false,222389,102465485,0.7834803385971405
79839,6262,0.7852548862311007,false,79839,6262,0.7852548862311007
79839,115677,0.7515680780373488,false,79839,115677,0.7515680780373488
79839,114327,0.8760971244404783,false,79839,114327,0.8760971244404783
6928,84700,0.9906633573111273,false,6928,84700,0.9906633573111273
6928,29895,0.9906633573111269,false,6928,29895,0.9906633573111269
6928,253982,0.987351751339536,false,6928,253982,0.987351751339536
6928,284266,0.9747813248573272,false,6928,284266,0.9747813248573272
6928,105379028,0.9906633573111269,false,6928,105379028,0.9906633573111269
6928,102724057,0.9994720963224335,false,6928,102724057,0.9994720963224335
6928,2922,0.9906633573111269,false,6928,2922,0.9906633573111269
6928,7125,0.9906633573111269,false,6928,7125,0.9906633573111269
6928,1132,0.9906633573111269,false,6928,1132,0.9906633573111269
6928,89,0.9906633573111269,false,6928,89,0.9906633573111269
6928,57526,0.8810805918088132,false,6928,57526,0.8810805918088132
6928,4693,0.9906633573111271,false,6928,4693,0.9906633573111271
6928,101929066,0.9906633573111269,false,6928,101929066,0.9906633573111269
6928,2696,0.9340816955112281,false,6928,2696,0.9340816955112281
6928,102466759,0.9906633573111269,false,6928,102466759,0.9906633573111269
6928,54084,0.9906633573111269,false,6928,54084,0.9906633573111269
6928,339983,0.990663357311127,false,6928,339983,0.990663357311127
6928,606,0.9906633573111269,false,6928,606,0.9906633573111269
6928,100133669,0.990663357311127,false,6928,100133669,0.990663357311127
6928,7473,0.9906633573111268,false,6928,7473,0.9906633573111268
6928,1180,0.9906633573111269,false,6928,1180,0.9906633573111269
6928,200407,0.9998645840324928,false,6928,200407,0.9998645840324928
6928,766,0.9906633573111269,false,6928,766,0.9906633573111269
6928,65998,0.8791286866710686,false,6928,65998,0.8791286866710686
6928,388327,0.990663357311127,false,6928,388327,0.990663357311127
6928,1471,0.7840686412332537,false,6928,1471,0.7840686412332537
6928,3780,0.990663357311127,false,6928,3780,0.990663357311127
6928,100126311,0.990663357311127,false,6928,100126311,0.990663357311127
6928,23562,0.9906633573111269,false,6928,23562,0.9906633573111269
6928,1746,0.9906633573111269,false,6928,1746,0.9906633573111269
6928,57524,0.9906633573111271,false,6928,57524,0.9906633573111271
6928,10331,0.9906633573111269,false,6928,10331,0.9906633573111269
6928,256076,0.8766735492184478,false,6928,256076,0.8766735492184478
6928,84867,0.9906633573111269,false,6928,84867,0.9906633573111269
6928,100130701,0.9345491943108253,false,6928,100130701,0.9345491943108253
6928,284680,0.9987122414116175,false,6928,284680,0.9987122414116175
6928,9771,0.8080099381423989,false,6928,9771,0.8080099381423989
6928,128218,0.9194529945140596,false,6928,128218,0.9194529945140596
6928,222183,0.9906633573111269,false,6928,222183,0.9906633573111269
6928,7546,0.990663357311127,false,6928,7546,0.990663357311127
6928,57710,0.7655676831140514,false,6928,57710,0.7655676831140514
6928,9699,0.9906633573111269,false,6928,9699,0.9906633573111269
6928,101928580,0.9906633573111269,false,6928,101928580,0.9906633573111269
6928,105373265,0.9159402470413136,false,6928,105373265,0.9159402470413136
6928,9211,0.9887215250891211,false,6928,9211,0.9887215250891211
6928,100874002,0.9998645840324928,false,6928,100874002,0.9998645840324928
6928,440590,0.9906633573111269,false,6928,440590,0.9906633573111269
6928,1515,0.9906633573111269,false,6928,1515,0.9906633573111269
6928,4606,0.9906633573111269,false,6928,4606,0.9906633573111269
138428,6523,0.9334010318467086,false,138428,6523,0.9334010318467086
138428,155465,0.8576281491291573,false,138428,155465,0.8576281491291573
138428,4128,0.8071414294496039,false,138428,4128,0.8071414294496039
138428,55892,0.9228753049460776,false,138428,55892,0.9228753049460776
138428,3249,0.8498256875977724,false,138428,3249,0.8498256875977724
138428,33,0.8763532830232362,false,138428,33,0.8763532830232362
138428,375612,0.839007131256135,false,138428,375612,0.839007131256135
138428,10529,0.9285441616045117,false,138428,10529,0.9285441616045117
138428,286207,0.8566992290987349,false,138428,286207,0.8566992290987349
138428,9914,0.8299529651992356,false,138428,9914,0.8299529651992356
138428,56241,0.7580912916631429,false,138428,56241,0.7580912916631429
138428,722,0.8369227818060935,false,138428,722,0.8369227818060935
138428,79908,0.8412444038942773,false,138428,79908,0.8412444038942773
138428,388323,0.9610387255170931,false,138428,388323,0.9610387255170931
138428,51185,0.8989303606159483,false,138428,51185,0.8989303606159483
138428,130367,0.7658225571962088,false,138428,130367,0.7658225571962088
138428,285335,0.7537373641903311,false,138428,285335,0.7537373641903311
138428,728226,0.8346985403724956,false,138428,728226,0.8346985403724956
138428,81615,0.8232831644030085,false,138428,81615,0.8232831644030085
138428,200373,0.8248958390170168,false,138428,200373,0.8248958390170168
138428,102723382,0.9940935455719404,false,138428,102723382,0.9940935455719404
138428,474354,0.8852651224632778,false,138428,474354,0.8852651224632778
138428,1040,0.8044954333028758,false,138428,1040,0.8044954333028758
138428,107985317,0.8541388588127865,false,138428,107985317,0.8541388588127865
138428,128602,0.8288538251286913,false,138428,128602,0.8288538251286913
138428,2595,0.8271826671901213,false,138428,2595,0.8271826671901213
138428,253970,0.7699139571616783,false,138428,253970,0.7699139571616783
138428,503645,0.752815165963025,false,138428,503645,0.752815165963025
138428,4070,0.7609279158576348,false,138428,4070,0.7609279158576348
138428,346007,0.9456445213026352,false,138428,346007,0.9456445213026352
138428,116984,0.8256508204852862,false,138428,116984,0.8256508204852862
138428,825,0.8589216176314585,false,138428,825,0.8589216176314585
138428,93517,0.8474089460576255,false,138428,93517,0.8474089460576255
138428,101927516,0.8939180947161514,false,138428,101927516,0.8939180947161514
138428,285,0.8583596512350423,false,138428,285,0.8583596512350423
138428,100996506,0.9711975390613278,false,138428,100996506,0.9711975390613278
138428,100505495,0.8663093366118061,false,138428,100505495,0.8663093366118061
138428,4179,0.9662371413960478,false,138428,4179,0.9662371413960478
138428,201625,0.8414421866841651,false,138428,201625,0.8414421866841651
138428,2122,0.8423518505234744,false,138428,2122,0.8423518505234744
138428,84059,0.7529501876230881,false,138428,84059,0.7529501876230881
138428,6097,0.8011071359113325,false,138428,6097,0.8011071359113325
138428,120892,0.849290388290015,false,138428,120892,0.849290388290015
138428,113219467,0.827225370661179,false,138428,113219467,0.827225370661179
138428,123624,0.8253262519361878,false,138428,123624,0.8253262519361878
138428,391253,0.8335937531321519,false,138428,391253,0.8335937531321519
138428,693188,0.8910345189870983,false,138428,693188,0.8910345189870983
138428,84851,0.9595507032512237,false,138428,84851,0.9595507032512237
138428,84525,0.7551395712949615,false,138428,84525,0.7551395712949615
138428,4861,0.8506784374482899,false,138428,4861,0.8506784374482899
138428,10203,0.8100485777217181,false,138428,10203,0.8100485777217181
138428,1080,0.8255024746233416,false,138428,1080,0.8255024746233416
138428,105372793,0.9804908834031094,false,138428,105372793,0.9804908834031094
138428,56955,0.8354167399852956,false,138428,56955,0.8354167399852956
138428,79098,0.7726579830165992,false,138428,79098,0.7726579830165992
138428,144535,0.9006080121615715,false,138428,144535,0.9006080121615715
138428,649946,0.8663258624593568,false,138428,649946,0.8663258624593568
138428,144571,0.879807525664158,false,138428,144571,0.879807525664158
138428,165186,0.8532556442522697,false,138428,165186,0.8532556442522697
138428,102465485,0.9287021965574396,false,138428,102465485,0.9287021965574396
138428,100033436,0.9585159064154992,false,138428,100033436,0.9585159064154992
277,80736,0.8648535775986885,false,277,80736,0.8648535775986885
277,100302170,0.9535698117806515,false,277,100302170,0.9535698117806515
277,25901,0.8835886768225825,false,277,25901,0.8835886768225825
277,51365,0.9342302108877751,false,277,51365,0.9342302108877751
277,7225,0.8115576122087543,false,277,7225,0.8115576122087543
277,27134,0.9506814409238457,false,277,27134,0.9506814409238457
277,157310,0.8846742682408775,false,277,157310,0.8846742682408775
277,5340,0.8407662300450827,false,277,5340,0.8407662300450827
277,4582,0.8528618479296451,false,277,4582,0.8528618479296451
277,3248,0.8424051485883124,false,277,3248,0.8424051485883124
277,255189,0.8387692479453002,false,277,255189,0.8387692479453002
277,641384,0.910044815834618,false,277,641384,0.910044815834618
277,100130449,0.9039232086761908,false,277,100130449,0.9039232086761908
277,10103,0.9705444615969121,false,277,10103,0.9705444615969121
277,3856,0.8799649080677445,false,277,3856,0.8799649080677445
277,1048,0.9500935105825449,false,277,1048,0.9500935105825449
277,100419743,0.950200171142805,false,277,100419743,0.950200171142805
277,3983,0.930195063956261,false,277,3983,0.930195063956261
277,3694,0.8926150750090553,false,277,3694,0.8926150750090553
277,285989,0.9417375814391853,false,277,285989,0.9417375814391853
277,2627,0.9311551711263163,false,277,2627,0.9311551711263163
277,1555,0.962993378377378,false,277,1555,0.962993378377378
277,57528,0.8986994957952495,false,277,57528,0.8986994957952495
277,201456,0.9117458021732702,false,277,201456,0.9117458021732702
277,57186,0.918086736490279,false,277,57186,0.918086736490279
277,6473,0.9502001711428053,false,277,6473,0.9502001711428053
277,102723508,0.8496279163259867,false,277,102723508,0.8496279163259867
277,100506658,0.7865419653035659,false,277,100506658,0.7865419653035659
277,341676,0.9652317458944301,false,277,341676,0.9652317458944301
277,148213,0.9160065490861884,false,277,148213,0.9160065490861884
277,10595,0.9693203072847619,false,277,10595,0.9693203072847619
277,4583,0.9725672075438884,false,277,4583,0.9725672075438884
277,55567,0.9686636299573702,false,277,55567,0.9686636299573702
277,7851,0.8541147258250009,false,277,7851,0.8541147258250009
277,692072,0.9026167185826618,false,277,692072,0.9026167185826618
277,55808,0.9527286154086334,false,277,55808,0.9527286154086334
277,999,0.9642280101055236,false,277,999,0.9642280101055236
277,126353,0.9470212306115086,false,277,126353,0.9470212306115086
277,388743,0.9516125032411026,false,277,388743,0.9516125032411026
277,1577,0.8558294174359058,false,277,1577,0.8558294174359058
277,340267,0.880478280581369,false,277,340267,0.880478280581369
277,200879,0.9434795365208597,false,277,200879,0.9434795365208597
277,1510,0.9646977219995602,false,277,1510,0.9646977219995602
277,278,0.8533748057251153,false,277,278,0.8533748057251153
277,57111,0.9619834182113824,false,277,57111,0.9619834182113824
277,116844,0.8558275715598997,false,277,116844,0.8558275715598997
277,10129,0.9082637302371093,false,277,10129,0.9082637302371093
277,4586,0.9520264337647573,false,277,4586,0.9520264337647573
277,10551,0.9599685871583418,false,277,10551,0.9599685871583418
277,688,0.7987014752310485,false,277,688,0.7987014752310485
277,117155,0.9025273352458175,false,277,117155,0.9025273352458175
277,112268155,0.9342404204430205,false,277,112268155,0.9342404204430205
277,1152,0.8901832394019156,false,277,1152,0.8901832394019156
277,79083,0.932136931323197,false,277,79083,0.932136931323197
277,1556,0.8475739676947703,false,277,1556,0.8475739676947703
277,55930,0.954165092953927,false,277,55930,0.954165092953927
277,22996,0.9354239988238908,false,277,22996,0.9354239988238908
277,7113,0.846034690934116,false,277,7113,0.846034690934116
277,54861,0.8042206552822119,false,277,54861,0.8042206552822119
277,222256,0.8290670792465181,false,277,222256,0.8290670792465181
277,100529240,0.9399338503143743,false,277,100529240,0.9399338503143743
277,113218482,0.9372596259057869,false,277,113218482,0.9372596259057869
277,647024,0.9692837937342332,false,277,647024,0.9692837937342332
277,255928,0.952868053877682,false,277,255928,0.952868053877682
277,8537,0.9625529556860855,false,277,8537,0.9625529556860855
277,10018,0.8572769814764973,false,277,10018,0.8572769814764973
277,115019,0.8804498576397761,false,277,115019,0.8804498576397761
277,276,0.7868670680941697,false,277,276,0.7868670680941697
277,168374,0.9019859150233377,false,277,168374,0.9019859150233377
277,143884,0.8225312982812414,false,277,143884,0.8225312982812414
277,3993,0.8932166405327255,false,277,3993,0.8932166405327255
277,389852,0.9060616355535415,false,277,389852,0.9060616355535415
277,164312,0.9384177409242865,false,277,164312,0.9384177409242865
277,2065,0.8841264294597094,false,277,2065,0.8841264294597094
277,135656,0.9500272205446364,false,277,135656,0.9500272205446364
277,94059,0.8883667262474859,false,277,94059,0.8883667262474859
277,26769,0.8294462899257271,false,277,26769,0.8294462899257271
277,3960,0.8551458133695024,false,277,3960,0.8551458133695024
277,23584,0.7604774148619261,false,277,23584,0.7604774148619261
277,692213,0.8097306728216624,false,277,692213,0.8097306728216624
277,153643,0.9389092350963051,false,277,153643,0.9389092350963051
277,112268422,0.8856539649292204,false,277,112268422,0.8856539649292204
277,259294,0.8864538945019047,false,277,259294,0.8864538945019047
277,2266,0.9250239772174259,false,277,2266,0.9250239772174259
277,745,0.9086642793282222,false,277,745,0.9086642793282222
84700,29895,1.0,false,84700,29895,1.0
84700,253982,0.9970860369248148,false,84700,253982,0.9970860369248148
84700,284266,0.9354629754469691,false,84700,284266,0.9354629754469691
84700,105379028,1.0,false,84700,105379028,1.0
84700,102724057,0.9944421994657309,false,84700,102724057,0.9944421994657309
84700,2922,1.0,false,84700,2922,1.0
84700,7125,1.0,false,84700,7125,1.0
84700,1132,1.0,false,84700,1132,1.0
84700,89,1.0,false,84700,89,1.0
84700,57526,0.9053418593310792,false,84700,57526,0.9053418593310792
84700,4693,1.0,false,84700,4693,1.0
84700,101929066,1.0,false,84700,101929066,1.0
84700,2696,0.9310797377483423,false,84700,2696,0.9310797377483423
84700,102466759,1.0,false,84700,102466759,1.0
84700,54084,0.9999999999999999,false,84700,54084,0.9999999999999999
84700,339983,1.0,false,84700,339983,1.0
84700,606,1.0,false,84700,606,1.0
84700,100133669,1.0,false,84700,100133669,1.0
84700,7473,1.0,false,84700,7473,1.0
84700,1180,1.0,false,84700,1180,1.0
84700,200407,0.9924038663952794,false,84700,200407,0.9924038663952794
84700,766,1.0,false,84700,766,1.0
84700,65998,0.83582136438607,false,84700,65998,0.83582136438607
84700,388327,0.9999999999999998,false,84700,388327,0.9999999999999998
84700,3780,1.0,false,84700,3780,1.0
84700,100126311,1.0,false,84700,100126311,1.0
84700,23562,1.0,false,84700,23562,1.0
84700,1746,1.0,false,84700,1746,1.0
84700,57524,1.0,false,84700,57524,1.0
84700,10331,1.0,false,84700,10331,1.0
84700,256076,0.863921150507274,false,84700,256076,0.863921150507274
84700,84867,1.0,false,84700,84867,1.0
84700,100130701,0.8878856568027692,false,84700,100130701,0.8878856568027692
84700,284680,0.9827242789356612,false,84700,284680,0.9827242789356612
84700,9771,0.7695391096496839,false,84700,9771,0.7695391096496839
84700,128218,0.934983190758844,false,84700,128218,0.934983190758844
84700,222183,1.0,false,84700,222183,1.0
84700,7546,0.9999999999999998,false,84700,7546,0.9999999999999998
84700,9699,1.0,false,84700,9699,1.0
84700,101928580,1.0,false,84700,101928580,1.0
84700,105373265,0.8529273885761165,false,84700,105373265,0.8529273885761165
84700,9211,0.9993716660495695,false,84700,9211,0.9993716660495695
84700,100874002,0.9924038663952794,false,84700,100874002,0.9924038663952794
84700,440590,1.0,false,84700,440590,1.0
84700,1515,1.0,false,84700,1515,1.0
84700,4606,1.0,false,84700,4606,1.0
29895,253982,0.9970860369248145,false,29895,253982,0.9970860369248145
29895,284266,0.9354629754469691,false,29895,284266,0.9354629754469691
29895,105379028,1.0,false,29895,105379028,1.0
29895,102724057,0.9944421994657304,false,29895,102724057,0.9944421994657304
29895,2922,1.0,false,29895,2922,1.0
29895,7125,1.0,false,29895,7125,1.0
29895,1132,1.0,false,29895,1132,1.0
29895,89,1.0,false,29895,89,1.0
29895,57526,0.9053418593310792,false,29895,57526,0.9053418593310792
29895,4693,1.0,false,29895,4693,1.0
29895,101929066,1.0,false,29895,101929066,1.0
29895,2696,0.9310797377483425,false,29895,2696,0.9310797377483425
29895,102466759,1.0,false,29895,102466759,1.0
29895,54084,1.0,false,29895,54084,1.0
29895,339983,1.0,false,29895,339983,1.0
29895,606,1.0,false,29895,606,1.0
29895,100133669,1.0,false,29895,100133669,1.0
29895,7473,1.0,false,29895,7473,1.0
29895,1180,1.0,false,29895,1180,1.0
29895,200407,0.9924038663952792,false,29895,200407,0.9924038663952792
29895,766,1.0,false,29895,766,1.0
29895,65998,0.83582136438607,false,29895,65998,0.83582136438607
29895,388327,0.9999999999999998,false,29895,388327,0.9999999999999998
29895,3780,1.0,false,29895,3780,1.0
29895,100126311,1.0,false,29895,100126311,1.0
29895,23562,1.0,false,29895,23562,1.0
29895,1746,1.0,false,29895,1746,1.0
29895,57524,1.0,false,29895,57524,1.0
29895,10331,1.0,false,29895,10331,1.0
29895,256076,0.8639211505072737,false,29895,256076,0.8639211505072737
29895,84867,1.0,false,29895,84867,1.0
29895,100130701,0.887885656802769,false,29895,100130701,0.887885656802769
29895,284680,0.9827242789356608,false,29895,284680,0.9827242789356608
29895,9771,0.7695391096496835,false,29895,9771,0.7695391096496835
29895,128218,0.934983190758844,false,29895,128218,0.934983190758844
29895,222183,1.0,false,29895,222183,1.0
29895,7546,0.9999999999999998,false,29895,7546,0.9999999999999998
29895,9699,1.0,false,29895,9699,1.0
29895,101928580,1.0,false,29895,101928580,1.0
29895,105373265,0.8529273885761165,false,29895,105373265,0.8529273885761165
29895,9211,0.9993716660495693,false,29895,9211,0.9993716660495693
29895,100874002,0.9924038663952792,false,29895,100874002,0.9924038663952792
29895,440590,0.9999999999999999,false,29895,440590,0.9999999999999999
29895,1515,1.0,false,29895,1515,1.0
29895,4606,1.0,false,29895,4606,1.0
80736,100302170,0.8608966694834038,false,80736,100302170,0.8608966694834038
80736,25901,0.7737518427127926,false,80736,25901,0.7737518427127926
80736,51365,0.8232113586898342,false,80736,51365,0.8232113586898342
80736,7225,0.8729604789553445,false,80736,7225,0.8729604789553445
80736,27134,0.8224119812314856,false,80736,27134,0.8224119812314856
80736,157310,0.7820627336873877,false,80736,157310,0.7820627336873877
80736,3248,0.893700845441589,false,80736,3248,0.893700845441589
80736,255189,0.9573405083416442,false,80736,255189,0.9573405083416442
80736,641384,0.786289440475623,false,80736,641384,0.786289440475623
80736,10103,0.8136507660914962,false,80736,10103,0.8136507660914962
80736,3856,0.8754374559378492,false,80736,3856,0.8754374559378492
80736,1048,0.8607457199871527,false,80736,1048,0.8607457199871527
80736,100419743,0.8608533279998914,false,80736,100419743,0.8608533279998914
80736,3983,0.92722682820042,false,80736,3983,0.92722682820042
80736,285989,0.9560237292950896,false,80736,285989,0.9560237292950896
80736,2627,0.8911225582553338,false,80736,2627,0.8911225582553338
80736,1555,0.824677408814871,false,80736,1555,0.824677408814871
80736,57528,0.8386093332191468,false,80736,57528,0.8386093332191468
80736,201456,0.9208731729354482,false,80736,201456,0.9208731729354482
80736,57186,0.8966932396016756,false,80736,57186,0.8966932396016756
80736,6473,0.8608533279998914,false,80736,6473,0.8608533279998914
80736,102723508,0.935645184047814,false,80736,102723508,0.935645184047814
80736,100506658,0.9545663078930701,false,80736,100506658,0.9545663078930701
80736,341676,0.8702072771064613,false,80736,341676,0.8702072771064613
80736,148213,0.7551675329924354,false,80736,148213,0.7551675329924354
80736,10595,0.8819085810962493,false,80736,10595,0.8819085810962493
80736,4583,0.7597191243325417,false,80736,4583,0.7597191243325417
80736,55567,0.7990891733079152,false,80736,55567,0.7990891733079152
80736,5961,0.9217804974379795,false,80736,5961,0.9217804974379795
80736,692072,0.8674487874416039,false,80736,692072,0.8674487874416039
80736,55808,0.8614346812470864,false,80736,55808,0.8614346812470864
80736,999,0.8649178199647436,false,80736,999,0.8649178199647436
80736,126353,0.7647541358188826,false,80736,126353,0.7647541358188826
80736,26226,0.9213241269069735,false,80736,26226,0.9213241269069735
80736,388743,0.8598937197252016,false,80736,388743,0.8598937197252016
80736,340267,0.9774423502581187,false,80736,340267,0.9774423502581187
80736,200879,0.8581967560438225,false,80736,200879,0.8581967560438225
80736,1510,0.8446888288875589,false,80736,1510,0.8446888288875589
80736,6337,0.808322530537608,false,80736,6337,0.808322530537608
80736,57669,0.8776270049158638,false,80736,57669,0.8776270049158638
80736,278,0.765358337885853,false,80736,278,0.765358337885853
80736,57111,0.8584591843360053,false,80736,57111,0.8584591843360053
80736,116844,0.977186607018316,false,80736,116844,0.977186607018316
80736,10129,0.917761195364437,false,80736,10129,0.917761195364437
80736,4586,0.8598107554947154,false,80736,4586,0.8598107554947154
80736,10551,0.8557006924618616,false,80736,10551,0.8557006924618616
80736,54897,0.8258767285992049,false,80736,54897,0.8258767285992049
80736,117155,0.9397606813308048,false,80736,117155,0.9397606813308048
80736,112268155,0.8955076480092913,false,80736,112268155,0.8955076480092913
80736,1152,0.8942101127050637,false,80736,1152,0.8942101127050637
80736,79083,0.8651812821557568,false,80736,79083,0.8651812821557568
80736,1556,0.9382161057538131,false,80736,1556,0.9382161057538131
80736,55930,0.8729270364307452,false,80736,55930,0.8729270364307452
80736,22996,0.8912025341698276,false,80736,22996,0.8912025341698276
80736,7113,0.8059344362261677,false,80736,7113,0.8059344362261677
80736,54861,0.9689428458235805,false,80736,54861,0.9689428458235805
80736,222256,0.8882595109587221,false,80736,222256,0.8882595109587221
80736,100529240,0.8088665888834887,false,80736,100529240,0.8088665888834887
80736,113218482,0.9412787708538208,false,80736,113218482,0.9412787708538208
80736,647024,0.8687823996509761,false,80736,647024,0.8687823996509761
80736,255928,0.8575441196253324,false,80736,255928,0.8575441196253324
80736,8537,0.8389211439797224,false,80736,8537,0.8389211439797224
80736,10018,0.7640488709014616,false,80736,10018,0.7640488709014616
80736,115019,0.8848050263638213,false,80736,115019,0.8848050263638213
80736,168374,0.8063389102672839,false,80736,168374,0.8063389102672839
80736,143884,0.7862041872890781,false,80736,143884,0.7862041872890781
80736,3993,0.8592295155200053,false,80736,3993,0.8592295155200053
80736,389852,0.7595499996953767,false,80736,389852,0.7595499996953767
80736,164312,0.8236619836735439,false,80736,164312,0.8236619836735439
80736,84239,0.8098091692566326,false,80736,84239,0.8098091692566326
80736,135656,0.8605454109159235,false,80736,135656,0.8605454109159235
80736,3880,0.8317240995565793,false,80736,3880,0.8317240995565793
80736,94059,0.7985481517259401,false,80736,94059,0.7985481517259401
80736,23584,0.8799461372174209,false,80736,23584,0.8799461372174209
80736,153643,0.8852078758700023,false,80736,153643,0.8852078758700023
80736,112268422,0.8970720924211236,false,80736,112268422,0.8970720924211236
80736,259294,0.8014296543063449,false,80736,259294,0.8014296543063449
80736,79740,0.7734846936753121,false,80736,79740,0.7734846936753121
80736,2266,0.8142669656645802,false,80736,2266,0.8142669656645802
80736,745,0.9315261287496028,false,80736,745,0.9315261287496028
80736,440352,0.7734027827776906,false,80736,440352,0.7734027827776906
163131,100302170,0.8678823551880068,false,163131,100302170,0.8678823551880068
163131,25901,0.9078235416102395,false,163131,25901,0.9078235416102395
163131,51365,0.8177581492797368,false,163131,51365,0.8177581492797368
163131,7225,0.8465560658492746,false,163131,7225,0.8465560658492746
163131,27134,0.7953392119607079,false,163131,27134,0.7953392119607079
163131,654412,0.8620023140208103,false,163131,654412,0.8620023140208103
163131,5340,0.9296660794402353,false,163131,5340,0.9296660794402353
163131,4582,0.9084182080586753,false,163131,4582,0.9084182080586753
163131,3248,0.8266440267528378,false,163131,3248,0.8266440267528378
163131,641384,0.9214291608555638,false,163131,641384,0.9214291608555638
163131,100130449,0.8865452290865415,false,163131,100130449,0.8865452290865415
163131,1048,0.8469360218784133,false,163131,1048,0.8469360218784133
163131,100419743,0.8469331633502756,false,163131,100419743,0.8469331633502756
163131,3983,0.7765957808045784,false,163131,3983,0.7765957808045784
163131,285989,0.8456722159958594,false,163131,285989,0.8456722159958594
163131,259290,0.8769334203637117,false,163131,259290,0.8769334203637117
163131,57528,0.9281442306759413,false,163131,57528,0.9281442306759413
163131,201456,0.8391373466488201,false,163131,201456,0.8391373466488201
163131,57186,0.7888510575585337,false,163131,57186,0.7888510575585337
163131,6473,0.8469331633502756,false,163131,6473,0.8469331633502756
163131,102723508,0.8065690392321238,false,163131,102723508,0.8065690392321238
163131,9356,0.9318312399810494,false,163131,9356,0.9318312399810494
163131,641776,0.8977008344601418,false,163131,641776,0.8977008344601418
163131,100506658,0.7564142738755495,false,163131,100506658,0.7564142738755495
163131,148213,0.903616556736139,false,163131,148213,0.903616556736139
163131,7851,0.899042953885234,false,163131,7851,0.899042953885234
163131,692072,0.8770372027908668,false,163131,692072,0.8770372027908668
163131,109136579,0.7812685571518558,false,163131,109136579,0.7812685571518558
163131,55808,0.8154137578274774,false,163131,55808,0.8154137578274774
163131,126353,0.8212148632775664,false,163131,126353,0.8212148632775664
163131,64332,0.8267048585266948,false,163131,64332,0.8267048585266948
163131,388743,0.8745193294087418,false,163131,388743,0.8745193294087418
163131,1577,0.9090247949728176,false,163131,1577,0.9090247949728176
163131,340267,0.7871696829442347,false,163131,340267,0.7871696829442347
163131,200879,0.8467582806300722,false,163131,200879,0.8467582806300722
163131,1510,0.8109398681799809,false,163131,1510,0.8109398681799809
163131,102723849,0.8928944630136307,false,163131,102723849,0.8928944630136307
163131,57669,0.8696581757912472,false,163131,57669,0.8696581757912472
163131,619383,0.7922997495398734,false,163131,619383,0.7922997495398734
163131,57111,0.7895454166933237,false,163131,57111,0.7895454166933237
163131,10129,0.8435057784255235,false,163131,10129,0.8435057784255235
163131,4586,0.843332308036869,false,163131,4586,0.843332308036869
163131,10551,0.8318816620676175,false,163131,10551,0.8318816620676175
163131,378938,0.7867458791534983,false,163131,378938,0.7867458791534983
163131,117155,0.8988742531315336,false,163131,117155,0.8988742531315336
163131,112268155,0.8561503775230145,false,163131,112268155,0.8561503775230145
163131,79083,0.8331629315153394,false,163131,79083,0.8331629315153394
163131,1556,0.7729819182544041,false,163131,1556,0.7729819182544041
163131,55930,0.8747272149689821,false,163131,55930,0.8747272149689821
163131,7113,0.8137054297676182,false,163131,7113,0.8137054297676182
163131,105180391,0.8824773126653228,false,163131,105180391,0.8824773126653228
163131,100529240,0.7924294623543987,false,163131,100529240,0.7924294623543987
163131,113218482,0.800242309215056,false,163131,113218482,0.800242309215056
163131,255928,0.8392116978315023,false,163131,255928,0.8392116978315023
163131,8537,0.7983610752181868,false,163131,8537,0.7983610752181868
163131,10018,0.9363229274773488,false,163131,10018,0.9363229274773488
163131,115019,0.8948409999106992,false,163131,115019,0.8948409999106992
163131,105180390,0.8942889312608875,false,163131,105180390,0.8942889312608875
163131,168374,0.8357862924559324,false,163131,168374,0.8357862924559324
163131,645843,0.7965725223448923,false,163131,645843,0.7965725223448923
163131,143884,0.9873014411220755,false,163131,143884,0.9873014411220755
163131,3993,0.921300986867243,false,163131,3993,0.921300986867243
163131,389852,0.901044997830121,false,163131,389852,0.901044997830121
163131,164312,0.7842302545086303,false,163131,164312,0.7842302545086303
163131,84239,0.7686034219825052,false,163131,84239,0.7686034219825052
163131,2065,0.8404800686882954,false,163131,2065,0.8404800686882954
163131,135656,0.8473388213922038,false,163131,135656,0.8473388213922038
163131,94059,0.8787263371877446,false,163131,94059,0.8787263371877446
163131,3960,0.9368493815376123,false,163131,3960,0.9368493815376123
163131,284323,0.802535545145869,false,163131,284323,0.802535545145869
163131,23584,0.8816090603351299,false,163131,23584,0.8816090603351299
163131,692213,0.9185057481099309,false,163131,692213,0.9185057481099309
163131,112268422,0.7612999045500426,false,163131,112268422,0.7612999045500426
163131,259294,0.952970137943393,false,163131,259294,0.952970137943393
163131,2266,0.8208707478323166,false,163131,2266,0.8208707478323166
163131,440352,0.8560806117859238,false,163131,440352,0.8560806117859238
6523,155465,0.979606407320522,false,6523,155465,0.979606407320522
6523,4128,0.9557828563772963,false,6523,4128,0.9557828563772963
6523,55892,0.9866016027688831,false,6523,55892,0.9866016027688831
6523,3249,0.9683797393302888,false,6523,3249,0.9683797393302888
6523,306,0.8196205445492899,false,6523,306,0.8196205445492899
6523,6440,0.7607120340668355,false,6523,6440,0.7607120340668355
6523,33,0.9710749192292784,false,6523,33,0.9710749192292784
6523,375612,0.9668634620026672,false,6523,375612,0.9668634620026672
6523,10529,0.9712849850682364,false,6523,10529,0.9712849850682364
6523,286207,0.828571891016308,false,6523,286207,0.828571891016308
6523,9914,0.8967454582432948,false,6523,9914,0.8967454582432948
6523,56241,0.8102959660796626,false,6523,56241,0.8102959660796626
6523,163720,0.8395781305734653,false,6523,163720,0.8395781305734653
6523,722,0.9495166149568941,false,6523,722,0.9495166149568941
6523,6751,0.7862019535573013,false,6523,6751,0.7862019535573013
6523,79908,0.9704567297921427,false,6523,79908,0.9704567297921427
6523,388323,0.9707984665955681,false,6523,388323,0.9707984665955681
6523,51185,0.9430635204000237,false,6523,51185,0.9430635204000237
6523,130367,0.908932880274505,false,6523,130367,0.908932880274505
6523,285335,0.8872787258189758,false,6523,285335,0.8872787258189758
6523,146177,0.8570918417644311,false,6523,146177,0.8570918417644311
6523,728226,0.9674730533450892,false,6523,728226,0.9674730533450892
6523,81615,0.896038422927698,false,6523,81615,0.896038422927698
6523,200373,0.9582695751937065,false,6523,200373,0.9582695751937065
6523,102723382,0.9620918317117105,false,6523,102723382,0.9620918317117105
6523,474354,0.9923860421943765,false,6523,474354,0.9923860421943765
6523,221395,0.7844295659590803,false,6523,221395,0.7844295659590803
6523,54842,0.8353968288924668,false,6523,54842,0.8353968288924668
6523,107985317,0.9747195258012931,false,6523,107985317,0.9747195258012931
6523,128602,0.9271382381175313,false,6523,128602,0.9271382381175313
6523,54997,0.8602935275329365,false,6523,54997,0.8602935275329365
6523,2595,0.9020422088104324,false,6523,2595,0.9020422088104324
6523,9223,0.8348730704788215,false,6523,9223,0.8348730704788215
6523,253970,0.9001248393270139,false,6523,253970,0.9001248393270139
6523,503645,0.8655505279799486,false,6523,503645,0.8655505279799486
6523,4070,0.8854347971959485,false,6523,4070,0.8854347971959485
6523,346007,0.9698211730841646,false,6523,346007,0.9698211730841646
6523,116984,0.917924908715833,false,6523,116984,0.917924908715833
6523,825,0.931199710213022,false,6523,825,0.931199710213022
6523,137872,0.8755235966803662,false,6523,137872,0.8755235966803662
6523,100033430,0.7587188274339824,false,6523,100033430,0.7587188274339824
6523,124944,0.8661847890006786,false,6523,124944,0.8661847890006786
6523,93517,0.9715355525280859,false,6523,93517,0.9715355525280859
6523,101927516,0.984496436501822,false,6523,101927516,0.984496436501822
6523,285,0.9765773606462235,false,6523,285,0.9765773606462235
6523,27074,0.8790554748939492,false,6523,27074,0.8790554748939492
6523,100996506,0.966405928716683,false,6523,100996506,0.966405928716683
6523,66002,0.9117676545212077,false,6523,66002,0.9117676545212077
6523,79632,0.8790436202260777,false,6523,79632,0.8790436202260777
6523,100505495,0.9759625122378046,false,6523,100505495,0.9759625122378046
6523,7620,0.8426502512662343,false,6523,7620,0.8426502512662343
6523,4179,0.8507537892060675,false,6523,4179,0.8507537892060675
6523,9476,0.8931133127868202,false,6523,9476,0.8931133127868202
6523,151531,0.894950444266605,false,6523,151531,0.894950444266605
6523,201625,0.7877057920056294,false,6523,201625,0.7877057920056294
6523,105371242,0.8172870592064371,false,6523,105371242,0.8172870592064371
6523,692058,0.841530787204795,false,6523,692058,0.841530787204795
6523,2122,0.9630609095963676,false,6523,2122,0.9630609095963676
6523,84059,0.8379594910362509,false,6523,84059,0.8379594910362509
6523,121512,0.8355842302290926,false,6523,121512,0.8355842302290926
6523,6097,0.910573619513059,false,6523,6097,0.910573619513059
6523,120892,0.9365977736194863,false,6523,120892,0.9365977736194863
6523,113219467,0.8662107165632202,false,6523,113219467,0.8662107165632202
6523,123624,0.9509541595078189,false,6523,123624,0.9509541595078189
6523,391253,0.9662540479131422,false,6523,391253,0.9662540479131422
6523,693188,0.9892232020289198,false,6523,693188,0.9892232020289198
6523,353189,0.8885555977467062,false,6523,353189,0.8885555977467062
6523,776,0.8415307156101351,false,6523,776,0.8415307156101351
6523,84851,0.9937718959416796,false,6523,84851,0.9937718959416796
6523,84525,0.8103479074933496,false,6523,84525,0.8103479074933496
6523,4861,0.9732314489553558,false,6523,4861,0.9732314489553558
6523,10203,0.9364175730472807,false,6523,10203,0.9364175730472807
6523,1080,0.8854343813637152,false,6523,1080,0.8854343813637152
6523,65217,0.8200189007928178,false,6523,65217,0.8200189007928178
6523,105372793,0.9784722264164165,false,6523,105372793,0.9784722264164165
6523,56955,0.9496451556381561,false,6523,56955,0.9496451556381561
6523,55282,0.818565867001309,false,6523,55282,0.818565867001309
6523,79098,0.9381629601297239,false,6523,79098,0.9381629601297239
6523,144535,0.9327477594618996,false,6523,144535,0.9327477594618996
6523,649946,0.9187535077013816,false,6523,649946,0.9187535077013816
6523,144571,0.9384082668778052,false,6523,144571,0.9384082668778052
6523,165186,0.9623222229223861,false,6523,165186,0.9623222229223861
6523,102465485,0.9276487972560057,false,6523,102465485,0.9276487972560057
6523,100033436,0.9909380361217467,false,6523,100033436,0.9909380361217467
155465,5225,0.7969773324007675,false,155465,5225,0.7969773324007675
155465,4128,0.9697706984479896,false,155465,4128,0.9697706984479896
155465,55892,0.9512906970166177,false,155465,55892,0.9512906970166177
155465,3249,0.9908506550897411,false,155465,3249,0.9908506550897411
155465,306,0.8739829088373214,false,155465,306,0.8739829088373214
155465,6440,0.8487363488946417,false,155465,6440,0.8487363488946417
155465,10568,0.8360973136380419,false,155465,10568,0.8360973136380419
155465,33,0.9895938396001108,false,155465,33,0.9895938396001108
155465,375612,0.9836211863886505,false,155465,375612,0.9836211863886505
155465,10529,0.9215728756856588,false,155465,10529,0.9215728756856588
155465,286207,0.784361948372995,false,155465,286207,0.784361948372995
155465,9914,0.9238633442544683,false,155465,9914,0.9238633442544683
155465,56241,0.8595921538669054,false,155465,56241,0.8595921538669054
155465,163720,0.8939239169141989,false,155465,163720,0.8939239169141989
155465,722,0.9793630748786722,false,155465,722,0.9793630748786722
155465,6751,0.8103307095422656,false,155465,6751,0.8103307095422656
155465,79908,0.9800202147719232,false,155465,79908,0.9800202147719232
155465,388323,0.9182815213392969,false,155465,388323,0.9182815213392969
155465,51185,0.8956292102202762,false,155465,51185,0.8956292102202762
155465,130367,0.9380680606869104,false,155465,130367,0.9380680606869104
155465,285335,0.8954839025895354,false,155465,285335,0.8954839025895354
155465,146177,0.9240118625100937,false,155465,146177,0.9240118625100937
155465,728226,0.9875356017897199,false,155465,728226,0.9875356017897199
155465,81615,0.9242094020328598,false,155465,81615,0.9242094020328598
155465,200373,0.9672657905744866,false,155465,200373,0.9672657905744866
155465,102723382,0.898700756386402,false,155465,102723382,0.898700756386402
155465,474354,0.984973412053736,false,155465,474354,0.984973412053736
155465,221395,0.8758629669932696,false,155465,221395,0.8758629669932696
155465,54842,0.9077623323982196,false,155465,54842,0.9077623323982196
155465,107985317,0.9893391166241149,false,155465,107985317,0.9893391166241149
155465,128602,0.9543479701292807,false,155465,128602,0.9543479701292807
155465,54997,0.8824809937596881,false,155465,54997,0.8824809937596881
155465,2595,0.9286097391230019,false,155465,2595,0.9286097391230019
155465,9223,0.8745919063991039,false,155465,9223,0.8745919063991039
155465,253970,0.9568000507311337,false,155465,253970,0.9568000507311337
155465,503645,0.8985942605145352,false,155465,503645,0.8985942605145352
155465,4070,0.9455273362473631,false,155465,4070,0.9455273362473631
155465,346007,0.9357174417597475,false,155465,346007,0.9357174417597475
155465,116984,0.9356391726579483,false,155465,116984,0.9356391726579483
155465,825,0.9472415426263903,false,155465,825,0.9472415426263903
155465,137872,0.8774052027228365,false,155465,137872,0.8774052027228365
155465,100033430,0.8037146173067898,false,155465,100033430,0.8037146173067898
155465,124944,0.9195721561788122,false,155465,124944,0.9195721561788122
155465,93517,0.9885497188404322,false,155465,93517,0.9885497188404322
155465,101927516,0.9910353362525288,false,155465,101927516,0.9910353362525288
155465,285,0.9707710740321508,false,155465,285,0.9707710740321508
155465,27074,0.9456862165417221,false,155465,27074,0.9456862165417221
155465,100996506,0.8980444415458605,false,155465,100996506,0.8980444415458605
155465,66002,0.9318028665075694,false,155465,66002,0.9318028665075694
155465,79632,0.9408977499843124,false,155465,79632,0.9408977499843124
155465,100505495,0.9778551191375575,false,155465,100505495,0.9778551191375575
155465,7620,0.8308823888518037,false,155465,7620,0.8308823888518037
155465,9476,0.9619397647535697,false,155465,9476,0.9619397647535697
155465,151531,0.9259515191919341,false,155465,151531,0.9259515191919341
155465,105371242,0.8235161835246384,false,155465,105371242,0.8235161835246384
155465,692058,0.7929558456460313,false,155465,692058,0.7929558456460313
155465,2122,0.9892864195879643,false,155465,2122,0.9892864195879643
155465,84059,0.8926162633657577,false,155465,84059,0.8926162633657577
155465,121512,0.8522476778756276,false,155465,121512,0.8522476778756276
155465,6097,0.9577711004560528,false,155465,6097,0.9577711004560528
155465,120892,0.9679800800368417,false,155465,120892,0.9679800800368417
155465,113219467,0.8703752328874216,false,155465,113219467,0.8703752328874216
155465,123624,0.9822270360752305,false,155465,123624,0.9822270360752305
155465,391253,0.9976506239140455,false,155465,391253,0.9976506239140455
155465,693188,0.9874391005917108,false,155465,693188,0.9874391005917108
155465,389376,0.7737927475040772,false,155465,389376,0.7737927475040772
155465,353189,0.9526207027208657,false,155465,353189,0.9526207027208657
155465,776,0.8667635141198246,false,155465,776,0.8667635141198246
155465,84851,0.9559645514931275,false,155465,84851,0.9559645514931275
155465,84525,0.8542809896622153,false,155465,84525,0.8542809896622153
155465,4861,0.9883561204164685,false,155465,4861,0.9883561204164685
155465,10203,0.9688694843760935,false,155465,10203,0.9688694843760935
155465,1080,0.9195691261552938,false,155465,1080,0.9195691261552938
155465,65217,0.8068464235977543,false,155465,65217,0.8068464235977543
155465,105372793,0.9189975086630295,false,155465,105372793,0.9189975086630295
155465,56955,0.9717745013433616,false,155465,56955,0.9717745013433616
155465,653509,0.822631518006444,false,155465,653509,0.822631518006444
155465,55282,0.8615511992909101,false,155465,55282,0.8615511992909101
155465,79098,0.9821128884805547,false,155465,79098,0.9821128884805547
155465,144535,0.9383664618125598,false,155465,144535,0.9383664618125598
155465,649946,0.9207169277042581,false,155465,649946,0.9207169277042581
155465,144571,0.9549884634534072,false,155465,144571,0.9549884634534072
155465,26298,0.7513455447670331,false,155465,26298,0.7513455447670331
155465,165186,0.9809086819315288,false,155465,165186,0.9809086819315288
155465,102465485,0.9068303092035487,false,155465,102465485,0.9068303092035487
155465,100033436,0.964295533420076,false,155465,100033436,0.964295533420076
58524,8999,0.7699078468665387,false,58524,8999,0.7699078468665387
58524,3481,0.9483247982995716,false,58524,3481,0.9483247982995716
58524,677831,0.9846383961176151,false,58524,677831,0.9846383961176151
58524,22943,0.9888146029728083,false,58524,22943,0.9888146029728083
58524,100506380,0.9976716759734686,false,58524,100506380,0.9976716759734686
58524,4892,0.994968676363942,false,58524,4892,0.994968676363942
58524,25976,0.8554595820135015,false,58524,25976,0.8554595820135015
58524,160728,0.9913866946114516,false,58524,160728,0.9913866946114516
58524,4496,0.9976716759734688,false,58524,4496,0.9976716759734688
58524,388633,0.997246510006961,false,58524,388633,0.997246510006961
58524,3929,0.9975990452432865,false,58524,3929,0.9975990452432865
58524,100158262,0.83903801607019,false,58524,100158262,0.83903801607019
58524,727897,0.8751119976055974,false,58524,727897,0.8751119976055974
58524,1604,0.9421112182025871,false,58524,1604,0.9421112182025871
58524,886,0.9976716759734685,false,58524,886,0.9976716759734685
58524,632,0.9700942731826867,false,58524,632,0.9700942731826867
58524,26797,0.9985486438502396,false,58524,26797,0.9985486438502396
58524,4057,0.7962150452928831,false,58524,4057,0.7962150452928831
58524,692209,0.9975360051305947,false,58524,692209,0.9975360051305947
58524,563,0.8232877106059169,false,58524,563,0.8232877106059169
58524,83643,0.9919670442007378,false,58524,83643,0.9919670442007378
58524,498,0.811414448996008,false,58524,498,0.811414448996008
58524,284434,0.9938018532689349,false,58524,284434,0.9938018532689349
58524,1028,0.7932749217913714,false,58524,1028,0.7932749217913714
58524,646480,0.9969620643317791,false,58524,646480,0.9969620643317791
100302170,25901,0.9565675596628398,false,100302170,25901,0.9565675596628398
100302170,51365,0.978278434525013,false,100302170,51365,0.978278434525013
100302170,7225,0.8557651823687844,false,100302170,7225,0.8557651823687844
100302170,27134,0.9700176555655013,false,100302170,27134,0.9700176555655013
100302170,157310,0.80924442596025,false,100302170,157310,0.80924442596025
100302170,5340,0.9231124682968742,false,100302170,5340,0.9231124682968742
100302170,4582,0.8815170254555219,false,100302170,4582,0.8815170254555219
100302170,3248,0.8999027627289751,false,100302170,3248,0.8999027627289751
100302170,255189,0.836188070511954,false,100302170,255189,0.836188070511954
100302170,641384,0.974802648709598,false,100302170,641384,0.974802648709598
100302170,100130449,0.9305485345649337,false,100302170,100130449,0.9305485345649337
100302170,10103,0.9672758394789557,false,100302170,10103,0.9672758394789557
100302170,3856,0.7600020861300161,false,100302170,3856,0.7600020861300161
100302170,1048,0.9888155724632184,false,100302170,1048,0.9888155724632184
100302170,100419743,0.9888476051563335,false,100302170,100419743,0.9888476051563335
100302170,3983,0.9442711605369208,false,100302170,3983,0.9442711605369208
100302170,3694,0.8592372910635954,false,100302170,3694,0.8592372910635954
100302170,285989,0.9701052843856182,false,100302170,285989,0.9701052843856182
100302170,2627,0.9283367866355253,false,100302170,2627,0.9283367866355253
100302170,1555,0.9438107164101086,false,100302170,1555,0.9438107164101086
100302170,57528,0.9453456871086158,false,100302170,57528,0.9453456871086158
100302170,201456,0.9567902102939182,false,100302170,201456,0.9567902102939182
100302170,57186,0.9378952269985795,false,100302170,57186,0.9378952269985795
100302170,6473,0.9888476051563336,false,100302170,6473,0.9888476051563336
100302170,102723508,0.9030781013072087,false,100302170,102723508,0.9030781013072087
100302170,9356,0.7917001248677217,false,100302170,9356,0.7917001248677217
100302170,641776,0.7774388605249319,false,100302170,641776,0.7774388605249319
100302170,100506658,0.7947705937621262,false,100302170,100506658,0.7947705937621262
100302170,341676,0.9429931310736277,false,100302170,341676,0.9429931310736277
100302170,148213,0.9654846580470895,false,100302170,148213,0.9654846580470895
100302170,10595,0.9023749759722866,false,100302170,10595,0.9023749759722866
100302170,4583,0.9109636374016514,false,100302170,4583,0.9109636374016514
100302170,55567,0.9598342124732538,false,100302170,55567,0.9598342124732538
100302170,7851,0.8808985928776039,false,100302170,7851,0.8808985928776039
100302170,692072,0.9258033204660931,false,100302170,692072,0.9258033204660931
100302170,55808,0.9788526247070489,false,100302170,55808,0.9788526247070489
100302170,999,0.9076162741397139,false,100302170,999,0.9076162741397139
100302170,126353,0.9451701116595858,false,100302170,126353,0.9451701116595858
100302170,26226,0.7513582695888159,false,100302170,26226,0.7513582695888159
100302170,388743,0.9866490951578977,false,100302170,388743,0.9866490951578977
100302170,1577,0.8885204366475057,false,100302170,1577,0.8885204366475057
100302170,340267,0.8745942122167751,false,100302170,340267,0.8745942122167751
100302170,200879,0.9839496094467207,false,100302170,200879,0.9839496094467207
100302170,1510,0.9781278734035423,false,100302170,1510,0.9781278734035423
100302170,102723849,0.7809707970374409,false,100302170,102723849,0.7809707970374409
100302170,57669,0.7709594125675082,false,100302170,57669,0.7709594125675082
100302170,278,0.7558579426911856,false,100302170,278,0.7558579426911856
100302170,57111,0.9767116262234663,false,100302170,57111,0.9767116262234663
100302170,116844,0.8112177735714885,false,100302170,116844,0.8112177735714885
100302170,10129,0.958019300629269,false,100302170,10129,0.958019300629269
100302170,4586,0.9887549745295914,false,100302170,4586,0.9887549745295914
100302170,10551,0.9910951713440874,false,100302170,10551,0.9910951713440874
100302170,117155,0.9521593842314376,false,100302170,117155,0.9521593842314376
100302170,112268155,0.9532757987923481,false,100302170,112268155,0.9532757987923481
100302170,1152,0.9069079380815646,false,100302170,1152,0.9069079380815646
100302170,79083,0.9750465239871134,false,100302170,79083,0.9750465239871134
100302170,1556,0.8529625008676,false,100302170,1556,0.8529625008676
100302170,55930,0.9938930498598606,false,100302170,55930,0.9938930498598606
100302170,22996,0.9531175532447113,false,100302170,22996,0.9531175532447113
100302170,7113,0.824950948093025,false,100302170,7113,0.824950948093025
100302170,54861,0.8441235560287474,false,100302170,54861,0.8441235560287474
100302170,100529240,0.9822849225397084,false,100302170,100529240,0.9822849225397084
100302170,113218482,0.9542692531069917,false,100302170,113218482,0.9542692531069917
100302170,647024,0.9169025419067591,false,100302170,647024,0.9169025419067591
100302170,255928,0.9875542926684477,false,100302170,255928,0.9875542926684477
100302170,8537,0.9773801936623426,false,100302170,8537,0.9773801936623426
100302170,10018,0.9124342676984709,false,100302170,10018,0.9124342676984709
100302170,115019,0.9055516300552573,false,100302170,115019,0.9055516300552573
100302170,168374,0.8942964141587273,false,100302170,168374,0.8942964141587273
100302170,143884,0.9316467272994968,false,100302170,143884,0.9316467272994968
100302170,3993,0.9263657975432421,false,100302170,3993,0.9263657975432421
100302170,389852,0.9436681756932593,false,100302170,389852,0.9436681756932593
100302170,164312,0.9631934229957894,false,100302170,164312,0.9631934229957894
100302170,2065,0.8857509270430127,false,100302170,2065,0.8857509270430127
100302170,135656,0.9886437079664698,false,100302170,135656,0.9886437079664698
100302170,94059,0.9553640953694557,false,100302170,94059,0.9553640953694557
100302170,26769,0.8171881373452656,false,100302170,26769,0.8171881373452656
100302170,3960,0.9086393061517244,false,100302170,3960,0.9086393061517244
100302170,23584,0.8187682909994858,false,100302170,23584,0.8187682909994858
100302170,692213,0.8597529560975022,false,100302170,692213,0.8597529560975022
100302170,153643,0.8612177680059907,false,100302170,153643,0.8612177680059907
100302170,112268422,0.9350416344289102,false,100302170,112268422,0.9350416344289102
100302170,259294,0.9567498982396205,false,100302170,259294,0.9567498982396205
100302170,2266,0.9803811724760634,false,100302170,2266,0.9803811724760634
100302170,745,0.9163609063506285,false,100302170,745,0.9163609063506285
25901,51365,0.8848523223612673,false,25901,51365,0.8848523223612673
25901,7225,0.7512536199894645,false,25901,7225,0.7512536199894645
25901,27134,0.868364200239505,false,25901,27134,0.868364200239505
25901,654412,0.787015449311838,false,25901,654412,0.787015449311838
25901,5340,0.9717791515088089,false,25901,5340,0.9717791515088089
25901,4582,0.887448281841905,false,25901,4582,0.887448281841905
25901,3248,0.7744385726529589,false,25901,3248,0.7744385726529589
25901,641384,0.9915507104732441,false,25901,641384,0.9915507104732441
25901,100130449,0.951420540858811,false,25901,100130449,0.951420540858811
25901,10103,0.8710625119792276,false,25901,10103,0.8710625119792276
25901,1048,0.908001520630563,false,25901,1048,0.908001520630563
25901,100419743,0.9080806384792179,false,25901,100419743,0.9080806384792179
25901,3983,0.8189124520899956,false,25901,3983,0.8189124520899956
25901,285989,0.9032700453878352,false,25901,285989,0.9032700453878352
25901,2627,0.7870285003877212,false,25901,2627,0.7870285003877212
25901,259290,0.7889361781487736,false,25901,259290,0.7889361781487736
25901,1555,0.8202459794342,false,25901,1555,0.8202459794342
25901,57528,0.909802150332894,false,25901,57528,0.909802150332894
25901,201456,0.8521922461103217,false,25901,201456,0.8521922461103217
25901,57186,0.8082490954432182,false,25901,57186,0.8082490954432182
25901,6473,0.9080806384792179,false,25901,6473,0.9080806384792179
25901,102723508,0.7802486594203452,false,25901,102723508,0.7802486594203452
25901,9356,0.8245168081819173,false,25901,9356,0.8245168081819173
25901,641776,0.8255917822425114,false,25901,641776,0.8255917822425114
25901,341676,0.8130527700574467,false,25901,341676,0.8130527700574467
25901,148213,0.9827040249913266,false,25901,148213,0.9827040249913266
25901,10595,0.7698916458696096,false,25901,10595,0.7698916458696096
25901,4583,0.8530522753069752,false,25901,4583,0.8530522753069752
25901,55567,0.8832795748829263,false,25901,55567,0.8832795748829263
25901,7851,0.8664387964647756,false,25901,7851,0.8664387964647756
25901,692072,0.8516102356673666,false,25901,692072,0.8516102356673666
25901,55808,0.8806598633084978,false,25901,55808,0.8806598633084978
25901,999,0.7652760114462505,false,25901,999,0.7652760114462505
25901,126353,0.8829482478109549,false,25901,126353,0.8829482478109549
25901,388743,0.9210545626933689,false,25901,388743,0.9210545626933689
25901,1577,0.8749932963468918,false,25901,1577,0.8749932963468918
25901,340267,0.7966829980863549,false,25901,340267,0.7966829980863549
25901,200879,0.8972713928909101,false,25901,200879,0.8972713928909101
25901,1510,0.8873341035186377,false,25901,1510,0.8873341035186377
25901,102723849,0.7925548586141486,false,25901,102723849,0.7925548586141486
25901,619383,0.8633279581043617,false,25901,619383,0.8633279581043617
25901,278,0.7500659044460631,false,25901,278,0.7500659044460631
25901,57111,0.8749375977312862,false,25901,57111,0.8749375977312862
25901,10129,0.9499082838839368,false,25901,10129,0.9499082838839368
25901,4586,0.9073579318576755,false,25901,4586,0.9073579318576755
25901,10551,0.912732430041861,false,25901,10551,0.912732430041861
25901,117155,0.8986200004826923,false,25901,117155,0.8986200004826923
25901,112268155,0.8661253953246675,false,25901,112268155,0.8661253953246675
25901,79083,0.8747879809122621,false,25901,79083,0.8747879809122621
25901,55930,0.9742571285689102,false,25901,55930,0.9742571285689102
25901,22996,0.8780555574498856,false,25901,22996,0.8780555574498856
25901,7113,0.7702852309196797,false,25901,7113,0.7702852309196797
25901,105180391,0.7693784299561387,false,25901,105180391,0.7693784299561387
25901,100529240,0.9059034591797578,false,25901,100529240,0.9059034591797578
25901,113218482,0.8442439759944667,false,25901,113218482,0.8442439759944667
25901,647024,0.7839947536875341,false,25901,647024,0.7839947536875341
25901,255928,0.9042090616264152,false,25901,255928,0.9042090616264152
25901,8537,0.8822648754264448,false,25901,8537,0.8822648754264448
25901,10018,0.9662599016839903,false,25901,10018,0.9662599016839903
25901,115019,0.859597903477794,false,25901,115019,0.859597903477794
25901,105180390,0.8088928967232075,false,25901,105180390,0.8088928967232075
25901,168374,0.8251506567054069,false,25901,168374,0.8251506567054069
25901,143884,0.9526083028627831,false,25901,143884,0.9526083028627831
25901,3993,0.9093594208707602,false,25901,3993,0.9093594208707602
25901,389852,0.911111454754808,false,25901,389852,0.911111454754808
25901,164312,0.8505774421679101,false,25901,164312,0.8505774421679101
25901,2065,0.861769694693492,false,25901,2065,0.861769694693492
25901,135656,0.9078022379578748,false,25901,135656,0.9078022379578748
25901,94059,0.9953353313628222,false,25901,94059,0.9953353313628222
25901,26769,0.8428556166317697,false,25901,26769,0.8428556166317697
25901,3960,0.9172257901523557,false,25901,3960,0.9172257901523557
25901,23584,0.7649346493351895,false,25901,23584,0.7649346493351895
25901,692213,0.9357237043525046,false,25901,692213,0.9357237043525046
25901,112268422,0.9081469721065308,false,25901,112268422,0.9081469721065308
25901,259294,0.9440501823720364,false,25901,259294,0.9440501823720364
25901,2266,0.8950957203964569,false,25901,2266,0.8950957203964569
25901,745,0.7743961201641232,false,25901,745,0.7743961201641232
5225,3249,0.7759203565364599,false,5225,3249,0.7759203565364599
5225,306,0.7963610472223678,false,5225,306,0.7963610472223678
5225,6440,0.858696505972846,false,5225,6440,0.858696505972846
5225,5265,0.7832556800292444,false,5225,5265,0.7832556800292444
5225,10568,0.8925186026185015,false,5225,10568,0.8925186026185015
5225,33,0.7746066895757301,false,5225,33,0.7746066895757301
5225,163720,0.776331595288921,false,5225,163720,0.776331595288921
5225,722,0.762920120446219,false,5225,722,0.762920120446219
5225,10579,0.8060584101353097,false,5225,10579,0.8060584101353097
5225,130367,0.8407704811578391,false,5225,130367,0.8407704811578391
5225,285335,0.8159382223988814,false,5225,285335,0.8159382223988814
5225,146177,0.8076699704566646,false,5225,146177,0.8076699704566646
5225,200373,0.8051283750088746,false,5225,200373,0.8051283750088746
5225,221395,0.7699861286812645,false,5225,221395,0.7699861286812645
5225,54842,0.9083134012364723,false,5225,54842,0.9083134012364723
5225,107985317,0.7506485811176377,false,5225,107985317,0.7506485811176377
5225,253970,0.8794911501576322,false,5225,253970,0.8794911501576322
5225,4070,0.8905600642764309,false,5225,4070,0.8905600642764309
5225,116984,0.7553202330520743,false,5225,116984,0.7553202330520743
5225,3875,0.8214326843172459,false,5225,3875,0.8214326843172459
5225,100033430,0.7727765823514974,false,5225,100033430,0.7727765823514974
5225,89765,0.8532302043205726,false,5225,89765,0.8532302043205726
5225,27074,0.8958527768869452,false,5225,27074,0.8958527768869452
5225,66002,0.7513824747788124,false,5225,66002,0.7513824747788124
5225,79632,0.9167416860708809,false,5225,79632,0.9167416860708809
5225,9476,0.9158326912387548,false,5225,9476,0.9158326912387548
5225,151531,0.7886134516337051,false,5225,151531,0.7886134516337051
5225,2122,0.7887108565503743,false,5225,2122,0.7887108565503743
5225,84059,0.8325045319454879,false,5225,84059,0.8325045319454879
5225,6097,0.8170393864102671,false,5225,6097,0.8170393864102671
5225,120892,0.8501769893151394,false,5225,120892,0.8501769893151394
5225,123624,0.7997812355164643,false,5225,123624,0.7997812355164643
5225,391253,0.8221954040605008,false,5225,391253,0.8221954040605008
5225,220136,0.8157561052881852,false,5225,220136,0.8157561052881852
5225,6799,0.8645640954343534,false,5225,6799,0.8645640954343534
5225,389376,0.8858000501629271,false,5225,389376,0.8858000501629271
5225,353189,0.9198011564752858,false,5225,353189,0.9198011564752858
5225,1080,0.8664501847590212,false,5225,1080,0.8664501847590212
5225,1286,0.7800728177420518,false,5225,1286,0.7800728177420518
5225,653509,0.8819523404598917,false,5225,653509,0.8819523404598917
5225,79098,0.8213098581430002,false,5225,79098,0.8213098581430002
5225,144535,0.7961208744448968,false,5225,144535,0.7961208744448968
5225,26298,0.7670739288103545,false,5225,26298,0.7670739288103545
51365,7225,0.8729780171068949,false,51365,7225,0.8729780171068949
51365,27134,0.9954362819287998,false,51365,27134,0.9954362819287998
51365,157310,0.8818369728154554,false,51365,157310,0.8818369728154554
51365,5340,0.8709289995320236,false,51365,5340,0.8709289995320236
51365,4582,0.8447790444114796,false,51365,4582,0.8447790444114796
51365,3248,0.9304127581185128,false,51365,3248,0.9304127581185128
51365,255189,0.8360244608713653,false,51365,255189,0.8360244608713653
51365,641384,0.9241579831558883,false,51365,641384,0.9241579831558883
51365,100130449,0.8850918450269811,false,51365,100130449,0.8850918450269811
51365,10103,0.9837010464068627,false,51365,10103,0.9837010464068627
51365,3856,0.7859458013164545,false,51365,3856,0.7859458013164545
51365,1048,0.9951290723771039,false,51365,1048,0.9951290723771039
51365,100419743,0.9950981162986248,false,51365,100419743,0.9950981162986248
51365,3983,0.9634686247758024,false,51365,3983,0.9634686247758024
51365,3694,0.9164850589711245,false,51365,3694,0.9164850589711245
51365,285989,0.943096539418422,false,51365,285989,0.943096539418422
51365,2627,0.9638702095726689,false,51365,2627,0.9638702095726689
51365,1555,0.9770308806721615,false,51365,1555,0.9770308806721615
51365,57528,0.9251050859186997,false,51365,57528,0.9251050859186997
51365,201456,0.9676788779499955,false,51365,201456,0.9676788779499955
51365,57186,0.9682326278571045,false,51365,57186,0.9682326278571045
51365,6473,0.9950981162986245,false,51365,6473,0.9950981162986245
51365,102723508,0.9205187377618294,false,51365,102723508,0.9205187377618294
51365,9356,0.7687812597807295,false,51365,9356,0.7687812597807295
51365,100506658,0.7748924599786479,false,51365,100506658,0.7748924599786479
51365,341676,0.9689484560442831,false,51365,341676,0.9689484560442831
51365,148213,0.9186032563952709,false,51365,148213,0.9186032563952709
51365,10595,0.9165420073960997,false,51365,10595,0.9165420073960997
51365,4583,0.9012840540104907,false,51365,4583,0.9012840540104907
51365,55567,0.9594285306957244,false,51365,55567,0.9594285306957244
51365,7851,0.8596255394086351,false,51365,7851,0.8596255394086351
51365,692072,0.9246988393660864,false,51365,692072,0.9246988393660864
51365,55808,0.9955026361572898,false,51365,55808,0.9955026361572898
51365,999,0.935979361419162,false,51365,999,0.935979361419162
51365,126353,0.9512679479369901,false,51365,126353,0.9512679479369901
51365,26226,0.7845246610443515,false,51365,26226,0.7845246610443515
51365,388743,0.9830130708047295,false,51365,388743,0.9830130708047295
51365,1577,0.8660602479619697,false,51365,1577,0.8660602479619697
51365,340267,0.8411814952850971,false,51365,340267,0.8411814952850971
51365,200879,0.9954455756750928,false,51365,200879,0.9954455756750928
51365,1510,0.9914692574387374,false,51365,1510,0.9914692574387374
51365,57111,0.9940763576908679,false,51365,57111,0.9940763576908679
51365,116844,0.7947947298985365,false,51365,116844,0.7947947298985365
51365,10129,0.8909221193110601,false,51365,10129,0.8909221193110601
51365,4586,0.9953477337939447,false,51365,4586,0.9953477337939447
51365,10551,0.9949443802318815,false,51365,10551,0.9949443802318815
51365,54897,0.7910706952108956,false,51365,54897,0.7910706952108956
51365,117155,0.9225500432734081,false,51365,117155,0.9225500432734081
51365,112268155,0.9559347839130824,false,51365,112268155,0.9559347839130824
51365,1152,0.9500340861812772,false,51365,1152,0.9500340861812772
51365,79083,0.9945890632480627,false,51365,79083,0.9945890632480627
51365,1556,0.8623847944482252,false,51365,1556,0.8623847944482252
51365,55930,0.9501837553405786,false,51365,55930,0.9501837553405786
51365,22996,0.9333635381891549,false,51365,22996,0.9333635381891549
51365,7113,0.8091838725725135,false,51365,7113,0.8091838725725135
51365,54861,0.8402806672129464,false,51365,54861,0.8402806672129464
51365,222256,0.7582173356594488,false,51365,222256,0.7582173356594488
51365,100529240,0.9908572311847298,false,51365,100529240,0.9908572311847298
51365,113218482,0.9605987989135971,false,51365,113218482,0.9605987989135971
51365,647024,0.9373100312668261,false,51365,647024,0.9373100312668261
51365,255928,0.9957331877914898,false,51365,255928,0.9957331877914898
51365,8537,0.9943471301249791,false,51365,8537,0.9943471301249791
51365,10018,0.8343811264396611,false,51365,10018,0.8343811264396611
51365,115019,0.8783063625584947,false,51365,115019,0.8783063625584947
51365,3434,0.8268505158774203,false,51365,3434,0.8268505158774203
51365,168374,0.895978494619274,false,51365,168374,0.895978494619274
51365,143884,0.8831195069742095,false,51365,143884,0.8831195069742095
51365,3993,0.8845285616739065,false,51365,3993,0.8845285616739065
51365,389852,0.9351337866825227,false,51365,389852,0.9351337866825227
51365,164312,0.9961644863060445,false,51365,164312,0.9961644863060445
51365,2065,0.8772419415902929,false,51365,2065,0.8772419415902929
51365,135656,0.9950495579189131,false,51365,135656,0.9950495579189131
51365,94059,0.8781821924252798,false,51365,94059,0.8781821924252798
51365,3960,0.8749156266500013,false,51365,3960,0.8749156266500013
51365,23584,0.7948678551684419,false,51365,23584,0.7948678551684419
51365,692213,0.7756712771298845,false,51365,692213,0.7756712771298845
51365,153643,0.8920771612093246,false,51365,153643,0.8920771612093246
51365,112268422,0.8790836309862666,false,51365,112268422,0.8790836309862666
51365,259294,0.9293314006075141,false,51365,259294,0.9293314006075141
51365,2266,0.9980786250784545,false,51365,2266,0.9980786250784545
51365,745,0.9435579943998355,false,51365,745,0.9435579943998355
253982,284266,0.9322948221081648,false,253982,284266,0.9322948221081648
253982,105379028,0.9970860369248149,false,253982,105379028,0.9970860369248149
253982,102724057,0.9914126872852143,false,253982,102724057,0.9914126872852143
253982,2922,0.9970860369248146,false,253982,2922,0.9970860369248146
253982,7125,0.9970860369248149,false,253982,7125,0.9970860369248149
253982,1132,0.9970860369248146,false,253982,1132,0.9970860369248146
253982,89,0.9970860369248146,false,253982,89,0.9970860369248146
253982,57526,0.9342006968127127,false,253982,57526,0.9342006968127127
253982,4693,0.9970860369248147,false,253982,4693,0.9970860369248147
253982,101929066,0.9970860369248146,false,253982,101929066,0.9970860369248146
253982,2696,0.9495572201592503,false,253982,2696,0.9495572201592503
253982,102466759,0.9970860369248146,false,253982,102466759,0.9970860369248146
253982,54084,0.9970860369248143,false,253982,54084,0.9970860369248143
253982,339983,0.9970860369248147,false,253982,339983,0.9970860369248147
253982,606,0.9970860369248149,false,253982,606,0.9970860369248149
253982,100133669,0.9970860369248147,false,253982,100133669,0.9970860369248147
253982,7473,0.9970860369248145,false,253982,7473,0.9970860369248145
253982,1180,0.9970860369248146,false,253982,1180,0.9970860369248146
253982,200407,0.9893580970267194,false,253982,200407,0.9893580970267194
253982,766,0.9970860369248149,false,253982,766,0.9970860369248149
253982,65998,0.822084995646929,false,253982,65998,0.822084995646929
253982,388327,0.9970860369248148,false,253982,388327,0.9970860369248148
253982,3780,0.9970860369248147,false,253982,3780,0.9970860369248147
253982,100126311,0.9970860369248147,false,253982,100126311,0.9970860369248147
253982,23562,0.9970860369248149,false,253982,23562,0.9970860369248149
253982,1746,0.9970860369248146,false,253982,1746,0.9970860369248146
253982,57524,0.9970860369248146,false,253982,57524,0.9970860369248146
253982,10331,0.9970860369248146,false,253982,10331,0.9970860369248146
253982,256076,0.8480786124630242,false,253982,256076,0.8480786124630242
253982,84867,0.9970860369248149,false,253982,84867,0.9970860369248149
253982,100130701,0.8983585956018665,false,253982,100130701,0.8983585956018665
253982,284680,0.979629067110037,false,253982,284680,0.979629067110037
253982,128218,0.9222506825852949,false,253982,128218,0.9222506825852949
253982,222183,0.9970860369248149,false,253982,222183,0.9970860369248149
253982,7546,0.9970860369248145,false,253982,7546,0.9970860369248145
253982,9699,0.9970860369248146,false,253982,9699,0.9970860369248146
253982,101928580,0.9970860369248146,false,253982,101928580,0.9970860369248146
253982,105373265,0.8497887615985743,false,253982,105373265,0.8497887615985743
253982,9211,0.9990882602186321,false,253982,9211,0.9990882602186321
253982,100874002,0.9893580970267194,false,253982,100874002,0.9893580970267194
253982,440590,0.9970860369248145,false,253982,440590,0.9970860369248145
253982,1515,0.9970860369248149,false,253982,1515,0.9970860369248149
253982,4606,0.9970860369248146,false,253982,4606,0.9970860369248146
7225,27134,0.8818162581919561,false,7225,27134,0.8818162581919561
7225,157310,0.8074637385516502,false,7225,157310,0.8074637385516502
7225,5340,0.7563001008463321,false,7225,5340,0.7563001008463321
7225,4582,0.8771099949870711,false,7225,4582,0.8771099949870711
7225,3248,0.9779635221164328,false,7225,3248,0.9779635221164328
7225,255189,0.9642649435131274,false,7225,255189,0.9642649435131274
7225,641384,0.8115893991077724,false,7225,641384,0.8115893991077724
7225,100130449,0.7989122527883235,false,7225,100130449,0.7989122527883235
7225,10103,0.8141363309347346,false,7225,10103,0.8141363309347346
7225,3856,0.7996886156070077,false,7225,3856,0.7996886156070077
7225,1048,0.899092206262383,false,7225,1048,0.899092206262383
7225,100419743,0.8990872487304893,false,7225,100419743,0.8990872487304893
7225,3983,0.9352542980287477,false,7225,3983,0.9352542980287477
7225,3694,0.8319497799318262,false,7225,3694,0.8319497799318262
7225,285989,0.9151401286273446,false,7225,285989,0.9151401286273446
7225,2627,0.9284829824050673,false,7225,2627,0.9284829824050673
7225,1555,0.8605726304066392,false,7225,1555,0.8605726304066392
7225,57528,0.944199648878114,false,7225,57528,0.944199648878114
7225,201456,0.9500918575786618,false,7225,201456,0.9500918575786618
7225,57186,0.9493739083942652,false,7225,57186,0.9493739083942652
7225,6473,0.8990872487304892,false,7225,6473,0.8990872487304892
7225,102723508,0.9589121836936991,false,7225,102723508,0.9589121836936991
7225,9356,0.815857539859788,false,7225,9356,0.815857539859788
7225,641776,0.785114019262411,false,7225,641776,0.785114019262411
7225,100506658,0.9482925523878364,false,7225,100506658,0.9482925523878364
7225,341676,0.8481710162742652,false,7225,341676,0.8481710162742652
7225,148213,0.7984401700434665,false,7225,148213,0.7984401700434665
7225,10595,0.800140764121328,false,7225,10595,0.800140764121328
7225,4583,0.7938368311507106,false,7225,4583,0.7938368311507106
7225,5961,0.8633027416379758,false,7225,5961,0.8633027416379758
7225,7851,0.8990323497598777,false,7225,7851,0.8990323497598777
7225,692072,0.9743503941630683,false,7225,692072,0.9743503941630683
7225,55808,0.9010974962791948,false,7225,55808,0.9010974962791948
7225,999,0.8264397651661018,false,7225,999,0.8264397651661018
7225,126353,0.8716574510201467,false,7225,126353,0.8716574510201467
7225,26226,0.9260848799598096,false,7225,26226,0.9260848799598096
7225,64332,0.7595785047646246,false,7225,64332,0.7595785047646246
7225,388743,0.9153703040596363,false,7225,388743,0.9153703040596363
7225,1577,0.9036736997550823,false,7225,1577,0.9036736997550823
7225,340267,0.9379898525926013,false,7225,340267,0.9379898525926013
7225,200879,0.9083847653166041,false,7225,200879,0.9083847653166041
7225,1510,0.8912339409822144,false,7225,1510,0.8912339409822144
7225,441251,0.838766645389649,false,7225,441251,0.838766645389649
7225,102723849,0.871357442591765,false,7225,102723849,0.871357442591765
7225,6337,0.799484971002825,false,7225,6337,0.799484971002825
7225,57669,0.9372181272282812,false,7225,57669,0.9372181272282812
7225,57111,0.883140488852555,false,7225,57111,0.883140488852555
7225,116844,0.8037133016670903,false,7225,116844,0.8037133016670903
7225,10129,0.7994314396609689,false,7225,10129,0.7994314396609689
7225,4586,0.8968373305168411,false,7225,4586,0.8968373305168411
7225,10551,0.8798763770300614,false,7225,10551,0.8798763770300614
7225,54897,0.8986035805122473,false,7225,54897,0.8986035805122473
7225,117155,0.9507947602959373,false,7225,117155,0.9507947602959373
7225,112268155,0.9635110935590484,false,7225,112268155,0.9635110935590484
7225,1152,0.8866124335342012,false,7225,1152,0.8866124335342012
7225,79083,0.9157761400212195,false,7225,79083,0.9157761400212195
7225,1556,0.9809728112829965,false,7225,1556,0.9809728112829965
7225,55930,0.8389807852620801,false,7225,55930,0.8389807852620801
7225,22996,0.7584128185529576,false,7225,22996,0.7584128185529576
7225,7113,0.9357424261309766,false,7225,7113,0.9357424261309766
7225,54861,0.8653741037993654,false,7225,54861,0.8653741037993654
7225,100529240,0.8094770321620325,false,7225,100529240,0.8094770321620325
7225,113218482,0.9377768828517681,false,7225,113218482,0.9377768828517681
7225,647024,0.8052928120654252,false,7225,647024,0.8052928120654252
7225,255928,0.8963560448832538,false,7225,255928,0.8963560448832538
7225,8537,0.8794441148901114,false,7225,8537,0.8794441148901114
7225,10018,0.8074064875205021,false,7225,10018,0.8074064875205021
7225,115019,0.9657392145240655,false,7225,115019,0.9657392145240655
7225,105180390,0.7587658991177766,false,7225,105180390,0.7587658991177766
7225,168374,0.9412221561361392,false,7225,168374,0.9412221561361392
7225,143884,0.874280458793801,false,7225,143884,0.874280458793801
7225,3993,0.9319638235478497,false,7225,3993,0.9319638235478497
7225,389852,0.895067978097755,false,7225,389852,0.895067978097755
7225,164312,0.8834525574212291,false,7225,164312,0.8834525574212291
7225,84239,0.9576297207832196,false,7225,84239,0.9576297207832196
7225,2065,0.8453263038584402,false,7225,2065,0.8453263038584402
7225,135656,0.8997931080620492,false,7225,135656,0.8997931080620492
7225,3960,0.8746013181443794,false,7225,3960,0.8746013181443794
7225,23584,0.9743382618208365,false,7225,23584,0.9743382618208365
7225,692213,0.7631555993029174,false,7225,692213,0.7631555993029174
7225,153643,0.834266902967228,false,7225,153643,0.834266902967228
7225,259294,0.9064818788915074,false,7225,259294,0.9064818788915074
7225,2266,0.8515034497594095,false,7225,2266,0.8515034497594095
7225,745,0.9363103911347008,false,7225,745,0.9363103911347008
7225,440352,0.8721402827198007,false,7225,440352,0.8721402827198007
4574,5265,0.8594789700494597,false,4574,5265,0.8594789700494597
4574,1770,0.8337276636965609,false,4574,1770,0.8337276636965609
4574,11254,0.8639678144487714,false,4574,11254,0.8639678144487714
4574,718,0.8104756063757023,false,4574,718,0.8104756063757023
4574,25804,0.7775001347343966,false,4574,25804,0.7775001347343966
4574,387882,0.8584238060243221,false,4574,387882,0.8584238060243221
4574,54848,0.9148636041877659,false,4574,54848,0.9148636041877659
4574,113219467,0.8072621156842197,false,4574,113219467,0.8072621156842197
4574,220136,0.8319626392445093,false,4574,220136,0.8319626392445093
4574,389376,0.7769246012780919,false,4574,389376,0.7769246012780919
4574,26298,0.7922288653014514,false,4574,26298,0.7922288653014514
8313,85452,0.8186044746613312,false,8313,85452,0.8186044746613312
4128,55892,0.9650840813266051,false,4128,55892,0.9650840813266051
4128,3249,0.9762338291556809,false,4128,3249,0.9762338291556809
4128,306,0.8995776904932692,false,4128,306,0.8995776904932692
4128,33,0.9543271868096662,false,4128,33,0.9543271868096662
4128,79838,0.7566649276457936,false,4128,79838,0.7566649276457936
4128,375612,0.9827320794503328,false,4128,375612,0.9827320794503328
4128,10529,0.9315496021354684,false,4128,10529,0.9315496021354684
4128,503640,0.8659420517718279,false,4128,503640,0.8659420517718279
4128,9914,0.8911046455604784,false,4128,9914,0.8911046455604784
4128,56241,0.7690598917920034,false,4128,56241,0.7690598917920034
4128,163720,0.8858020068044443,false,4128,163720,0.8858020068044443
4128,722,0.9502314861106433,false,4128,722,0.9502314861106433
4128,6751,0.9231861833037293,false,4128,6751,0.9231861833037293
4128,79908,0.9952364717380415,false,4128,79908,0.9952364717380415
4128,388323,0.8690670483360565,false,4128,388323,0.8690670483360565
4128,51185,0.9098712967940004,false,4128,51185,0.9098712967940004
4128,130367,0.9665770923682736,false,4128,130367,0.9665770923682736
4128,285335,0.9191121424342655,false,4128,285335,0.9191121424342655
4128,146177,0.8438281178826214,false,4128,146177,0.8438281178826214
4128,728226,0.981901950198513,false,4128,728226,0.981901950198513
4128,81615,0.9006996907668945,false,4128,81615,0.9006996907668945
4128,200373,0.974041334582852,false,4128,200373,0.974041334582852
4128,102723382,0.8645178437944692,false,4128,102723382,0.8645178437944692
4128,474354,0.9795750758095427,false,4128,474354,0.9795750758095427
4128,221395,0.8313153694718202,false,4128,221395,0.8313153694718202
4128,54842,0.8766089900786782,false,4128,54842,0.8766089900786782
4128,107985317,0.9867413185650257,false,4128,107985317,0.9867413185650257
4128,128602,0.9398012202117002,false,4128,128602,0.9398012202117002
4128,54997,0.9660941506285873,false,4128,54997,0.9660941506285873
4128,2595,0.9079164393093726,false,4128,2595,0.9079164393093726
4128,9223,0.8449470727614918,false,4128,9223,0.8449470727614918
4128,253970,0.9218783879866361,false,4128,253970,0.9218783879866361
4128,109136579,0.8030971710232693,false,4128,109136579,0.8030971710232693
4128,503645,0.9290783869435164,false,4128,503645,0.9290783869435164
4128,4070,0.8525264427680129,false,4128,4070,0.8525264427680129
4128,346007,0.935861322270504,false,4128,346007,0.935861322270504
4128,116984,0.9504650563379685,false,4128,116984,0.9504650563379685
4128,825,0.9132867239850838,false,4128,825,0.9132867239850838
4128,137872,0.9622434043851169,false,4128,137872,0.9622434043851169
4128,100033430,0.8988672034605607,false,4128,100033430,0.8988672034605607
4128,124944,0.8252681571611606,false,4128,124944,0.8252681571611606
4128,93517,0.9846008672929917,false,4128,93517,0.9846008672929917
4128,89765,0.8134413137556845,false,4128,89765,0.8134413137556845
4128,130271,0.7687861102326429,false,4128,130271,0.7687861102326429
4128,101927516,0.9658615908705499,false,4128,101927516,0.9658615908705499
4128,378938,0.7980139128844315,false,4128,378938,0.7980139128844315
4128,285,0.9932536146329133,false,4128,285,0.9932536146329133
4128,27074,0.9446655789638296,false,4128,27074,0.9446655789638296
4128,100996506,0.8838023811225849,false,4128,100996506,0.8838023811225849
4128,66002,0.9895776117312401,false,4128,66002,0.9895776117312401
4128,79632,0.8980578585298057,false,4128,79632,0.8980578585298057
4128,100505495,0.9758997956624337,false,4128,100505495,0.9758997956624337
4128,7620,0.9385726112438051,false,4128,7620,0.9385726112438051
4128,9476,0.9025497986631411,false,4128,9476,0.9025497986631411
4128,151531,0.9822476224522054,false,4128,151531,0.9822476224522054
4128,105371242,0.7949862995373193,false,4128,105371242,0.7949862995373193
4128,692058,0.8802441427603948,false,4128,692058,0.8802441427603948
4128,2122,0.9741851390838331,false,4128,2122,0.9741851390838331
4128,84059,0.8488841769575677,false,4128,84059,0.8488841769575677
4128,121512,0.9464812952083456,false,4128,121512,0.9464812952083456
4128,6097,0.9133567153332625,false,4128,6097,0.9133567153332625
4128,120892,0.917685150299957,false,4128,120892,0.917685150299957
4128,123624,0.972903397110952,false,4128,123624,0.972903397110952
4128,391253,0.9696114175029874,false,4128,391253,0.9696114175029874
4128,693188,0.9485644084674634,false,4128,693188,0.9485644084674634
4128,353189,0.9147233913221192,false,4128,353189,0.9147233913221192
4128,776,0.9559019065095986,false,4128,776,0.9559019065095986
4128,84851,0.9307738929977512,false,4128,84851,0.9307738929977512
4128,84525,0.8127569315262793,false,4128,84525,0.8127569315262793
4128,4861,0.9862473812548167,false,4128,4861,0.9862473812548167
4128,10203,0.9382547399806797,false,4128,10203,0.9382547399806797
4128,284323,0.8195329192448261,false,4128,284323,0.8195329192448261
4128,1080,0.8222304451976845,false,4128,1080,0.8222304451976845
4128,65217,0.9242655143338756,false,4128,65217,0.9242655143338756
4128,105372793,0.8877918288523227,false,4128,105372793,0.8877918288523227
4128,56955,0.9651938607249924,false,4128,56955,0.9651938607249924
4128,55282,0.8375532924460793,false,4128,55282,0.8375532924460793
4128,79098,0.9813476936426052,false,4128,79098,0.9813476936426052
4128,144535,0.8769719078125933,false,4128,144535,0.8769719078125933
4128,649946,0.9242583118945783,false,4128,649946,0.9242583118945783
4128,144571,0.8994854500806085,false,4128,144571,0.8994854500806085
4128,165186,0.9697070688702739,false,4128,165186,0.9697070688702739
4128,102465485,0.8785334003884759,false,4128,102465485,0.8785334003884759
4128,100033436,0.9344170243477153,false,4128,100033436,0.9344170243477153
27134,157310,0.9104947545060165,false,27134,157310,0.9104947545060165
27134,5340,0.862172135833467,false,27134,5340,0.862172135833467
27134,4582,0.861680404036427,false,27134,4582,0.861680404036427
27134,3248,0.9280862141855913,false,27134,3248,0.9280862141855913
27134,255189,0.8483673580072313,false,27134,255189,0.8483673580072313
27134,641384,0.9148323603528267,false,27134,641384,0.9148323603528267
27134,100130449,0.8941763957070044,false,27134,100130449,0.8941763957070044
27134,10103,0.9885906276552384,false,27134,10103,0.9885906276552384
27134,3856,0.8229339670388564,false,27134,3856,0.8229339670388564
27134,1048,0.9928591923522667,false,27134,1048,0.9928591923522667
27134,100419743,0.9928454045993296,false,27134,100419743,0.9928454045993296
27134,3983,0.9665350722429435,false,27134,3983,0.9665350722429435
27134,3694,0.9465277417641476,false,27134,3694,0.9465277417641476
27134,285989,0.9393011363173952,false,27134,285989,0.9393011363173952
27134,2627,0.9742705248708121,false,27134,2627,0.9742705248708121
27134,1555,0.9909399605290564,false,27134,1555,0.9909399605290564
27134,57528,0.9312975754590048,false,27134,57528,0.9312975754590048
27134,201456,0.9637177331136138,false,27134,201456,0.9637177331136138
27134,57186,0.9736456366731799,false,27134,57186,0.9736456366731799
27134,6473,0.9928454045993299,false,27134,6473,0.9928454045993299
27134,102723508,0.9136603685771048,false,27134,102723508,0.9136603685771048
27134,9356,0.7736605389294418,false,27134,9356,0.7736605389294418
27134,641776,0.7526061358421829,false,27134,641776,0.7526061358421829
27134,100506658,0.7841883203600786,false,27134,100506658,0.7841883203600786
27134,341676,0.9780628813296536,false,27134,341676,0.9780628813296536
27134,148213,0.9156777054128402,false,27134,148213,0.9156777054128402
27134,10595,0.934403636956153,false,27134,10595,0.934403636956153
27134,4583,0.9313255955018963,false,27134,4583,0.9313255955018963
27134,55567,0.9598823193459087,false,27134,55567,0.9598823193459087
27134,7851,0.8785458333237318,false,27134,7851,0.8785458333237318
27134,692072,0.9381323926573372,false,27134,692072,0.9381323926573372
27134,55808,0.9968289360602984,false,27134,55808,0.9968289360602984
27134,999,0.9544047811235098,false,27134,999,0.9544047811235098
27134,126353,0.9695066120361502,false,27134,126353,0.9695066120361502
27134,26226,0.7917383423582035,false,27134,26226,0.7917383423582035
27134,388743,0.985010769326546,false,27134,388743,0.985010769326546
27134,1577,0.8827134787864,false,27134,1577,0.8827134787864
27134,340267,0.851264542923753,false,27134,340267,0.851264542923753
27134,200879,0.9937203550061989,false,27134,200879,0.9937203550061989
27134,1510,0.9977191803630671,false,27134,1510,0.9977191803630671
27134,102723849,0.7701113620484316,false,27134,102723849,0.7701113620484316
27134,57111,0.9970859112113512,false,27134,57111,0.9970859112113512
27134,116844,0.7996901816423283,false,27134,116844,0.7996901816423283
27134,10129,0.8726804659962948,false,27134,10129,0.8726804659962948
27134,4586,0.9935134337097657,false,27134,4586,0.9935134337097657
27134,10551,0.9933681879320668,false,27134,10551,0.9933681879320668
27134,54897,0.7800918193160349,false,27134,54897,0.7800918193160349
27134,117155,0.918629891421624,false,27134,117155,0.918629891421624
27134,112268155,0.9656320094535628,false,27134,112268155,0.9656320094535628
27134,1152,0.9479787749042143,false,27134,1152,0.9479787749042143
27134,79083,0.9917526700956077,false,27134,79083,0.9917526700956077
27134,1556,0.8752550898090149,false,27134,1556,0.8752550898090149
27134,55930,0.942591148991985,false,27134,55930,0.942591148991985
27134,22996,0.9192172272721459,false,27134,22996,0.9192172272721459
27134,7113,0.841315163053584,false,27134,7113,0.841315163053584
27134,54861,0.8248679014534666,false,27134,54861,0.8248679014534666
27134,222256,0.774027903408712,false,27134,222256,0.774027903408712
27134,100529240,0.9811586421471199,false,27134,100529240,0.9811586421471199
27134,113218482,0.962471733740432,false,27134,113218482,0.962471733740432
27134,647024,0.9517237684005205,false,27134,647024,0.9517237684005205
27134,255928,0.9946293329391381,false,27134,255928,0.9946293329391381
27134,8537,0.9989286677852178,false,27134,8537,0.9989286677852178
27134,10018,0.8332212100125965,false,27134,10018,0.8332212100125965
27134,115019,0.8906482910543372,false,27134,115019,0.8906482910543372
27134,3434,0.8299929717235716,false,27134,3434,0.8299929717235716
27134,168374,0.9218990986529862,false,27134,168374,0.9218990986529862
27134,143884,0.867906943978683,false,27134,143884,0.867906943978683
27134,3993,0.8934565608379149,false,27134,3993,0.8934565608379149
27134,389852,0.9452981440006186,false,27134,389852,0.9452981440006186
27134,164312,0.9985042668669697,false,27134,164312,0.9985042668669697
27134,84239,0.7691101043495515,false,27134,84239,0.7691101043495515
27134,2065,0.9016532810292438,false,27134,2065,0.9016532810292438
27134,135656,0.9929211482999903,false,27134,135656,0.9929211482999903
27134,94059,0.8587468410523239,false,27134,94059,0.8587468410523239
27134,3960,0.8829715613557761,false,27134,3960,0.8829715613557761
27134,23584,0.7990174996631404,false,27134,23584,0.7990174996631404
27134,692213,0.7797640474540815,false,27134,692213,0.7797640474540815
27134,153643,0.9167623578213623,false,27134,153643,0.9167623578213623
27134,112268422,0.8533745119682236,false,27134,112268422,0.8533745119682236
27134,259294,0.9272458655209938,false,27134,259294,0.9272458655209938
27134,2266,0.9882784642448789,false,27134,2266,0.9882784642448789
27134,745,0.9481489095811345,false,27134,745,0.9481489095811345
55892,3249,0.9508778557702764,false,55892,3249,0.9508778557702764
55892,306,0.8232497878053684,false,55892,306,0.8232497878053684
55892,33,0.9430231746562945,false,55892,33,0.9430231746562945
55892,375612,0.9580869216667771,false,55892,375612,0.9580869216667771
55892,10529,0.9854230113692349,false,55892,10529,0.9854230113692349
55892,503640,0.7995322767809685,false,55892,503640,0.7995322767809685
55892,286207,0.7788329059506063,false,55892,286207,0.7788329059506063
55892,9914,0.8727058003026107,false,55892,9914,0.8727058003026107
55892,163720,0.8233946141457789,false,55892,163720,0.8233946141457789
55892,722,0.9224186514021961,false,55892,722,0.9224186514021961
55892,6751,0.8421980642606814,false,55892,6751,0.8421980642606814
55892,79908,0.9727918646436561,false,55892,79908,0.9727918646436561
55892,388323,0.9496815370622069,false,55892,388323,0.9496815370622069
55892,51185,0.9590788006631352,false,55892,51185,0.9590788006631352
55892,130367,0.9154640433879823,false,55892,130367,0.9154640433879823
55892,285335,0.8927943244819323,false,55892,285335,0.8927943244819323
55892,146177,0.7904200127532798,false,55892,146177,0.7904200127532798
55892,728226,0.9545875093373928,false,55892,728226,0.9545875093373928
55892,81615,0.8772852228064196,false,55892,81615,0.8772852228064196
55892,200373,0.9536156356054741,false,55892,200373,0.9536156356054741
55892,102723382,0.9574501635506235,false,55892,102723382,0.9574501635506235
55892,474354,0.9851429039334414,false,55892,474354,0.9851429039334414
55892,54842,0.7986636968176516,false,55892,54842,0.7986636968176516
55892,107985317,0.9657781683595698,false,55892,107985317,0.9657781683595698
55892,128602,0.9116768813836373,false,55892,128602,0.9116768813836373
55892,54997,0.9002782277868279,false,55892,54997,0.9002782277868279
55892,2595,0.8851233138535142,false,55892,2595,0.8851233138535142
55892,9223,0.8072891101890123,false,55892,9223,0.8072891101890123
55892,253970,0.8636747726158001,false,55892,253970,0.8636747726158001
55892,109136579,0.7708466263850484,false,55892,109136579,0.7708466263850484
55892,503645,0.87720215555044,false,55892,503645,0.87720215555044
55892,4070,0.8101607032906177,false,55892,4070,0.8101607032906177
55892,346007,0.9787845802630859,false,55892,346007,0.9787845802630859
55892,116984,0.9232432508278537,false,55892,116984,0.9232432508278537
55892,825,0.9071502196324692,false,55892,825,0.9071502196324692
55892,137872,0.9219511332124108,false,55892,137872,0.9219511332124108
55892,100033430,0.7969378105958079,false,55892,100033430,0.7969378105958079
55892,124944,0.789092864305896,false,55892,124944,0.789092864305896
55892,93517,0.9610783495251874,false,55892,93517,0.9610783495251874
55892,101927516,0.9649285898972393,false,55892,101927516,0.9649285898972393
55892,378938,0.7635845641274409,false,55892,378938,0.7635845641274409
55892,285,0.9862537318052502,false,55892,285,0.9862537318052502
55892,27074,0.8586737584943547,false,55892,27074,0.8586737584943547
55892,100996506,0.9724240806422174,false,55892,100996506,0.9724240806422174
55892,66002,0.9365933513599344,false,55892,66002,0.9365933513599344
55892,79632,0.8364129106576622,false,55892,79632,0.8364129106576622
55892,100505495,0.970185114758878,false,55892,100505495,0.970185114758878
55892,7620,0.9050479698171221,false,55892,7620,0.9050479698171221
55892,4179,0.843580504610658,false,55892,4179,0.843580504610658
55892,9476,0.8346635387996348,false,55892,9476,0.8346635387996348
55892,151531,0.9148215201401746,false,55892,151531,0.9148215201401746
55892,201625,0.8321564503500979,false,55892,201625,0.8321564503500979
55892,105371242,0.7901668907026043,false,55892,105371242,0.7901668907026043
55892,692058,0.8995858949803475,false,55892,692058,0.8995858949803475
55892,2122,0.9445618427475853,false,55892,2122,0.9445618427475853
55892,84059,0.8009148029933805,false,55892,84059,0.8009148029933805
55892,121512,0.883123447508752,false,55892,121512,0.883123447508752
55892,6097,0.8715950301595426,false,55892,6097,0.8715950301595426
55892,120892,0.8975373185943393,false,55892,120892,0.8975373185943393
55892,113219467,0.7770367441771533,false,55892,113219467,0.7770367441771533
55892,123624,0.9351494430365671,false,55892,123624,0.9351494430365671
55892,391253,0.9370145484516806,false,55892,391253,0.9370145484516806
55892,693188,0.960204426782351,false,55892,693188,0.960204426782351
55892,353189,0.8414359575427183,false,55892,353189,0.8414359575427183
55892,776,0.884769938072813,false,55892,776,0.884769938072813
55892,84851,0.9847677951715234,false,55892,84851,0.9847677951715234
55892,84525,0.7795240505249362,false,55892,84525,0.7795240505249362
55892,4861,0.9643612013191772,false,55892,4861,0.9643612013191772
55892,10203,0.9065176887324836,false,55892,10203,0.9065176887324836
55892,1080,0.8171837672563943,false,55892,1080,0.8171837672563943
55892,65217,0.8880537191972221,false,55892,65217,0.8880537191972221
55892,105372793,0.9718285367498243,false,55892,105372793,0.9718285367498243
55892,56955,0.9382112889428305,false,55892,56955,0.9382112889428305
55892,55282,0.796343585388535,false,55892,55282,0.796343585388535
55892,79098,0.9219117362803854,false,55892,79098,0.9219117362803854
55892,144535,0.8951243749363768,false,55892,144535,0.8951243749363768
55892,649946,0.9228828291470312,false,55892,649946,0.9228828291470312
55892,144571,0.9013763651213653,false,55892,144571,0.9013763651213653
55892,165186,0.948738349525135,false,55892,165186,0.948738349525135
55892,102465485,0.9193474490393542,false,55892,102465485,0.9193474490393542
55892,100033436,0.9782236892648614,false,55892,100033436,0.9782236892648614
654412,5340,0.8832043505595327,false,654412,5340,0.8832043505595327
654412,4582,0.9543132038776393,false,654412,4582,0.9543132038776393
654412,641384,0.8244336841850679,false,654412,641384,0.8244336841850679
654412,100130449,0.9045686096806036,false,654412,100130449,0.9045686096806036
654412,79838,0.9128130658247149,false,654412,79838,0.9128130658247149
654412,503640,0.940959656919382,false,654412,503640,0.940959656919382
654412,259290,0.8756952818788586,false,654412,259290,0.8756952818788586
654412,57528,0.8706725774276424,false,654412,57528,0.8706725774276424
654412,6751,0.8977324232317669,false,654412,6751,0.8977324232317669
654412,9356,0.9686086105600004,false,654412,9356,0.9686086105600004
654412,641776,0.9935741812761889,false,654412,641776,0.9935741812761889
654412,148213,0.8480198518438989,false,654412,148213,0.8480198518438989
654412,4583,0.7747812831987904,false,654412,4583,0.7747812831987904
654412,54997,0.8282404808272756,false,654412,54997,0.8282404808272756
654412,115677,0.7857323751891729,false,654412,115677,0.7857323751891729
654412,7851,0.9435969492011654,false,654412,7851,0.9435969492011654
654412,692072,0.8235349058206951,false,654412,692072,0.8235349058206951
654412,109136579,0.9348900241087242,false,654412,109136579,0.9348900241087242
654412,126353,0.8257706353644194,false,654412,126353,0.8257706353644194
654412,64332,0.9726866847655491,false,654412,64332,0.9726866847655491
654412,388743,0.7705144843753756,false,654412,388743,0.7705144843753756
654412,137872,0.8228018840300501,false,654412,137872,0.8228018840300501
654412,1577,0.9408589427377629,false,654412,1577,0.9408589427377629
654412,100033430,0.9085153738220108,false,654412,100033430,0.9085153738220108
654412,102723849,0.9731034914743292,false,654412,102723849,0.9731034914743292
654412,89765,0.8863601956856249,false,654412,89765,0.8863601956856249
654412,619383,0.8317262436274967,false,654412,619383,0.8317262436274967
654412,378938,0.9387918285416127,false,654412,378938,0.9387918285416127
654412,112268155,0.7677734578036935,false,654412,112268155,0.7677734578036935
654412,66002,0.7609200291508083,false,654412,66002,0.7609200291508083
654412,7620,0.8451339868816893,false,654412,7620,0.8451339868816893
654412,7113,0.8753412397604496,false,654412,7113,0.8753412397604496
654412,105180391,0.9946316770841067,false,654412,105180391,0.9946316770841067
654412,151531,0.7838077309878324,false,654412,151531,0.7838077309878324
654412,10018,0.9060855529254518,false,654412,10018,0.9060855529254518
654412,115019,0.845625974150385,false,654412,115019,0.845625974150385
654412,105180390,0.9956659616349931,false,654412,105180390,0.9956659616349931
654412,692058,0.7963776407171705,false,654412,692058,0.7963776407171705
654412,168374,0.8636611083246174,false,654412,168374,0.8636611083246174
654412,645843,0.9510428183293069,false,654412,645843,0.9510428183293069
654412,143884,0.8631810383299274,false,654412,143884,0.8631810383299274
654412,121512,0.8666758375727133,false,654412,121512,0.8666758375727133
654412,3993,0.8805646504748673,false,654412,3993,0.8805646504748673
654412,389852,0.8865053643231652,false,654412,389852,0.8865053643231652
654412,84239,0.7886667270251704,false,654412,84239,0.7886667270251704
654412,2065,0.9191053743009824,false,654412,2065,0.9191053743009824
654412,776,0.7694141154965661,false,654412,776,0.7694141154965661
654412,3960,0.9417594907614667,false,654412,3960,0.9417594907614667
654412,284323,0.9665804803461703,false,654412,284323,0.9665804803461703
654412,65217,0.816939960116377,false,654412,65217,0.816939960116377
654412,23584,0.7765521380018557,false,654412,23584,0.7765521380018557
654412,692213,0.9441865178106915,false,654412,692213,0.9441865178106915
654412,259294,0.8766331166594008,false,654412,259294,0.8766331166594008
654412,440352,0.8540223402739426,false,654412,440352,0.8540223402739426
3249,306,0.9217403778097437,false,3249,306,0.9217403778097437
3249,6440,0.853641575706199,false,3249,6440,0.853641575706199
3249,10568,0.8036173680190997,false,3249,10568,0.8036173680190997
3249,33,0.9954716981223489,false,3249,33,0.9954716981223489
3249,375612,0.9943428162462274,false,3249,375612,0.9943428162462274
3249,10529,0.9060980418545752,false,3249,10529,0.9060980418545752
3249,9914,0.9591238196109011,false,3249,9914,0.9591238196109011
3249,56241,0.8868031211919676,false,3249,56241,0.8868031211919676
3249,163720,0.9396072576074666,false,3249,163720,0.9396072576074666
3249,722,0.9939549417973739,false,3249,722,0.9939549417973739
3249,6751,0.8330045017531351,false,3249,6751,0.8330045017531351
3249,79908,0.9890775252285281,false,3249,79908,0.9890775252285281
3249,388323,0.8841742339267247,false,3249,388323,0.8841742339267247
3249,51185,0.8743574543295427,false,3249,51185,0.8743574543295427
3249,130367,0.9464731712000974,false,3249,130367,0.9464731712000974
3249,285335,0.8708218217872477,false,3249,285335,0.8708218217872477
3249,146177,0.9323229826631239,false,3249,146177,0.9323229826631239
3249,728226,0.9947876788436893,false,3249,728226,0.9947876788436893
3249,81615,0.961055132790872,false,3249,81615,0.961055132790872
3249,200373,0.9496054047081393,false,3249,200373,0.9496054047081393
3249,102723382,0.896258203405183,false,3249,102723382,0.896258203405183
3249,474354,0.9742399893206478,false,3249,474354,0.9742399893206478
3249,221395,0.8957491452739601,false,3249,221395,0.8957491452739601
3249,54842,0.927536556940249,false,3249,54842,0.927536556940249
3249,107985317,0.9976326817923141,false,3249,107985317,0.9976326817923141
3249,128602,0.9842753410772115,false,3249,128602,0.9842753410772115
3249,54997,0.9043504624336619,false,3249,54997,0.9043504624336619
3249,2595,0.9650266534899467,false,3249,2595,0.9650266534899467
3249,9223,0.9149003904469379,false,3249,9223,0.9149003904469379
3249,253970,0.9696637550867131,false,3249,253970,0.9696637550867131
3249,503645,0.9456414244263497,false,3249,503645,0.9456414244263497
3249,4070,0.9231730101681873,false,3249,4070,0.9231730101681873
3249,346007,0.9525045443375612,false,3249,346007,0.9525045443375612
3249,116984,0.9686208728085104,false,3249,116984,0.9686208728085104
3249,825,0.97372230961374,false,3249,825,0.97372230961374
3249,137872,0.8968702079720992,false,3249,137872,0.8968702079720992
3249,100033430,0.8078951213986868,false,3249,100033430,0.8078951213986868
3249,124944,0.8945783099807048,false,3249,124944,0.8945783099807048
3249,93517,0.997588865293327,false,3249,93517,0.997588865293327
3249,130271,0.7958925440771679,false,3249,130271,0.7958925440771679
3249,101927516,0.9954139573646912,false,3249,101927516,0.9954139573646912
3249,285,0.9692359178576746,false,3249,285,0.9692359178576746
3249,27074,0.9599846420653506,false,3249,27074,0.9599846420653506
3249,100996506,0.8913707680517527,false,3249,100996506,0.8913707680517527
3249,66002,0.9467532244609951,false,3249,66002,0.9467532244609951
3249,79632,0.9463174834682335,false,3249,79632,0.9463174834682335
3249,100505495,0.9861914907334925,false,3249,100505495,0.9861914907334925
3249,7620,0.8499908959119037,false,3249,7620,0.8499908959119037
3249,9476,0.9460356880334866,false,3249,9476,0.9460356880334866
3249,151531,0.9330453597996844,false,3249,151531,0.9330453597996844
3249,105371242,0.815590981750876,false,3249,105371242,0.815590981750876
3249,692058,0.7809343494447695,false,3249,692058,0.7809343494447695
3249,2122,0.9996254702658265,false,3249,2122,0.9996254702658265
3249,84059,0.923539017760569,false,3249,84059,0.923539017760569
3249,121512,0.8709336330407098,false,3249,121512,0.8709336330407098
3249,6097,0.9760647743695455,false,3249,6097,0.9760647743695455
3249,120892,0.9700161783420808,false,3249,120892,0.9700161783420808
3249,113219467,0.8148423367804918,false,3249,113219467,0.8148423367804918
3249,123624,0.9972179779055136,false,3249,123624,0.9972179779055136
3249,391253,0.9940752401023841,false,3249,391253,0.9940752401023841
3249,693188,0.9679694945091848,false,3249,693188,0.9679694945091848
3249,353189,0.9232506896587743,false,3249,353189,0.9232506896587743
3249,776,0.9041359575684536,false,3249,776,0.9041359575684536
3249,84851,0.9416203282713786,false,3249,84851,0.9416203282713786
3249,84525,0.9003733371661824,false,3249,84525,0.9003733371661824
3249,4861,0.9972165353877972,false,3249,4861,0.9972165353877972
3249,10203,0.9815150454859294,false,3249,10203,0.9815150454859294
3249,1080,0.8996113502539252,false,3249,1080,0.8996113502539252
3249,65217,0.8319365133929034,false,3249,65217,0.8319365133929034
3249,105372793,0.9031649217396565,false,3249,105372793,0.9031649217396565
3249,56955,0.9937104111410612,false,3249,56955,0.9937104111410612
3249,653509,0.8252617687135931,false,3249,653509,0.8252617687135931
3249,55282,0.9135319972635816,false,3249,55282,0.9135319972635816
3249,79098,0.989896211794039,false,3249,79098,0.989896211794039
3249,144535,0.9363929038892037,false,3249,144535,0.9363929038892037
3249,649946,0.9560077729419058,false,3249,649946,0.9560077729419058
3249,144571,0.9712255367430253,false,3249,144571,0.9712255367430253
3249,165186,0.997564680668267,false,3249,165186,0.997564680668267
3249,102465485,0.9365414963502794,false,3249,102465485,0.9365414963502794
3249,100033436,0.964115162777217,false,3249,100033436,0.964115162777217
8999,3481,0.779427510970744,false,8999,3481,0.779427510970744
8999,677831,0.7891551172301142,false,8999,677831,0.7891551172301142
8999,22943,0.7786599073535302,false,8999,22943,0.7786599073535302
8999,6969,0.8322919451961642,false,8999,6969,0.8322919451961642
8999,100506380,0.7938222966026016,false,8999,100506380,0.7938222966026016
8999,79848,0.820531913238777,false,8999,79848,0.820531913238777
8999,4892,0.7873963263259139,false,8999,4892,0.7873963263259139
8999,4496,0.7938222966026016,false,8999,4496,0.7938222966026016
8999,388633,0.7978100925847382,false,8999,388633,0.7978100925847382
8999,3929,0.7933463388486974,false,8999,3929,0.7933463388486974
8999,100158262,0.9064713018832833,false,8999,100158262,0.9064713018832833
8999,886,0.7938222966026017,false,8999,886,0.7938222966026017
8999,632,0.7572455094221304,false,8999,632,0.7572455094221304
8999,26797,0.7873128063665072,false,8999,26797,0.7873128063665072
8999,692209,0.7930469506054014,false,8999,692209,0.7930469506054014
8999,83643,0.7953563880351698,false,8999,83643,0.7953563880351698
8999,284434,0.8116014699412211,false,8999,284434,0.8116014699412211
8999,1028,0.8464017407319913,false,8999,1028,0.8464017407319913
8999,646480,0.801872140605092,false,8999,646480,0.801872140605092
8999,79740,0.818914968628492,false,8999,79740,0.818914968628492
6262,730,0.8025253808777335,false,6262,730,0.8025253808777335
6262,5787,0.8556637356028584,false,6262,5787,0.8556637356028584
6262,114327,0.7771009988704453,false,6262,114327,0.7771009988704453
6262,100820829,0.7606534729690532,false,6262,100820829,0.7606534729690532
306,6440,0.8305817314058407,false,306,6440,0.8305817314058407
306,33,0.9080672179662174,false,306,33,0.9080672179662174
306,375612,0.9008097657680472,false,306,375612,0.9008097657680472
306,10529,0.7642832765801238,false,306,10529,0.7642832765801238
306,503640,0.7623250343071644,false,306,503640,0.7623250343071644
306,9914,0.9463407047634681,false,306,9914,0.9463407047634681
306,56241,0.8599609217915302,false,306,56241,0.8599609217915302
306,163720,0.9836355513960966,false,306,163720,0.9836355513960966
306,722,0.9198176534060648,false,306,722,0.9198176534060648
306,6751,0.8519563547195753,false,306,6751,0.8519563547195753
306,79908,0.9015231404151747,false,306,79908,0.9015231404151747
306,51185,0.7505206939424122,false,306,51185,0.7505206939424122
306,130367,0.9376579645833478,false,306,130367,0.9376579645833478
306,285335,0.8033412199550757,false,306,285335,0.8033412199550757
306,146177,0.8652696678799393,false,306,146177,0.8652696678799393
306,728226,0.8958549940168663,false,306,728226,0.8958549940168663
306,81615,0.9601807151430646,false,306,81615,0.9601807151430646
306,200373,0.8495128107283427,false,306,200373,0.8495128107283427
306,5787,0.8004308672764472,false,306,5787,0.8004308672764472
306,474354,0.8319617602404862,false,306,474354,0.8319617602404862
306,1040,0.7642390498221289,false,306,1040,0.7642390498221289
306,221395,0.8506315828507889,false,306,221395,0.8506315828507889
306,54842,0.9629570438201488,false,306,54842,0.9629570438201488
306,107985317,0.9105984489599073,false,306,107985317,0.9105984489599073
306,128602,0.9515172804384892,false,306,128602,0.9515172804384892
306,6103,0.7893727619893968,false,306,6103,0.7893727619893968
306,54997,0.9051593387285347,false,306,54997,0.9051593387285347
306,2595,0.9601877852694454,false,306,2595,0.9601877852694454
306,115677,0.822507776520879,false,306,115677,0.822507776520879
306,9223,0.8630859643265419,false,306,9223,0.8630859643265419
306,253970,0.953990117862494,false,306,253970,0.953990117862494
306,503645,0.9918206844507519,false,306,503645,0.9918206844507519
306,4070,0.821257075536787,false,306,4070,0.821257075536787
306,346007,0.8728333479824304,false,306,346007,0.8728333479824304
306,116984,0.9754466169559097,false,306,116984,0.9754466169559097
306,825,0.9080932061978743,false,306,825,0.9080932061978743
306,137872,0.8862573902269183,false,306,137872,0.8862573902269183
306,100033430,0.823471691019207,false,306,100033430,0.823471691019207
306,93517,0.9085449914014478,false,306,93517,0.9085449914014478
306,89765,0.7801560541454607,false,306,89765,0.7801560541454607
306,130271,0.931318339084332,false,306,130271,0.931318339084332
306,101927516,0.892135662005595,false,306,101927516,0.892135662005595
306,285,0.866293234681577,false,306,285,0.866293234681577
306,27074,0.9630888630901223,false,306,27074,0.9630888630901223
306,66002,0.9155120585470606,false,306,66002,0.9155120585470606
306,79632,0.9385050916341269,false,306,79632,0.9385050916341269
306,100505495,0.8696831747017201,false,306,100505495,0.8696831747017201
306,7620,0.8227793225319112,false,306,7620,0.8227793225319112
306,9476,0.8660885918581069,false,306,9476,0.8660885918581069
306,151531,0.9002835807877696,false,306,151531,0.9002835807877696
306,645843,0.75954090012342,false,306,645843,0.75954090012342
306,2122,0.9301182613247051,false,306,2122,0.9301182613247051
306,84059,0.9591011407025047,false,306,84059,0.9591011407025047
306,121512,0.8791573140317027,false,306,121512,0.8791573140317027
306,6097,0.9405385613056255,false,306,6097,0.9405385613056255
306,120892,0.9187758778363919,false,306,120892,0.9187758778363919
306,123624,0.9471864307314345,false,306,123624,0.9471864307314345
306,391253,0.9000440885591792,false,306,391253,0.9000440885591792
306,693188,0.7967226665200277,false,306,693188,0.7967226665200277
306,6799,0.7642485167773468,false,306,6799,0.7642485167773468
306,353189,0.8251174716238779,false,306,353189,0.8251174716238779
306,776,0.9055505368992812,false,306,776,0.9055505368992812
306,84851,0.7893366472329229,false,306,84851,0.7893366472329229
306,84525,0.9466489407807687,false,306,84525,0.9466489407807687
306,4861,0.9083212872434459,false,306,4861,0.9083212872434459
306,10203,0.8827958270178988,false,306,10203,0.8827958270178988
306,1080,0.8205588262778036,false,306,1080,0.8205588262778036
306,65217,0.7918384869536699,false,306,65217,0.7918384869536699
306,56955,0.9303330668073811,false,306,56955,0.9303330668073811
306,653509,0.8229818153969111,false,306,653509,0.8229818153969111
306,55282,0.9203607319882101,false,306,55282,0.9203607319882101
306,79098,0.9280183918123014,false,306,79098,0.9280183918123014
306,144535,0.8750698597666963,false,306,144535,0.8750698597666963
306,649946,0.9565337735871903,false,306,649946,0.9565337735871903
306,144571,0.8969500445050335,false,306,144571,0.8969500445050335
306,165186,0.9254250266962095,false,306,165186,0.9254250266962095
306,102465485,0.8888473926298973,false,306,102465485,0.8888473926298973
306,100033436,0.8422494398471474,false,306,100033436,0.8422494398471474
6440,10568,0.954593768747941,false,6440,10568,0.954593768747941
6440,33,0.8793772601927665,false,6440,33,0.8793772601927665
6440,375612,0.8109895699350863,false,6440,375612,0.8109895699350863
6440,9914,0.8983436509166381,false,6440,9914,0.8983436509166381
6440,56241,0.960603054755356,false,6440,56241,0.960603054755356
6440,163720,0.8931543530221276,false,6440,163720,0.8931543530221276
6440,722,0.8877224234868151,false,6440,722,0.8877224234868151
6440,79908,0.7706867015457977,false,6440,79908,0.7706867015457977
6440,130367,0.7648487211651258,false,6440,130367,0.7648487211651258
6440,146177,0.9716977256840081,false,6440,146177,0.9716977256840081
6440,728226,0.8199258750680414,false,6440,728226,0.8199258750680414
6440,81615,0.889492503372915,false,6440,81615,0.889492503372915
6440,221395,0.9137837619925347,false,6440,221395,0.9137837619925347
6440,54842,0.9307475659366672,false,6440,54842,0.9307475659366672
6440,107985317,0.8166095908855424,false,6440,107985317,0.8166095908855424
6440,128602,0.8739889078619719,false,6440,128602,0.8739889078619719
6440,2595,0.8838955188613038,false,6440,2595,0.8838955188613038
6440,9223,0.8535079546321598,false,6440,9223,0.8535079546321598
6440,253970,0.9313056128901264,false,6440,253970,0.9313056128901264
6440,503645,0.8047252624975634,false,6440,503645,0.8047252624975634
6440,4070,0.9531360229283746,false,6440,4070,0.9531360229283746
6440,116984,0.8143771519399711,false,6440,116984,0.8143771519399711
6440,825,0.8743329616882592,false,6440,825,0.8743329616882592
6440,124944,0.8914731117766068,false,6440,124944,0.8914731117766068
6440,93517,0.8210259195330345,false,6440,93517,0.8210259195330345
6440,101927516,0.8402294919654371,false,6440,101927516,0.8402294919654371
6440,27074,0.8784190058775788,false,6440,27074,0.8784190058775788
6440,54848,0.8087072540297997,false,6440,54848,0.8087072540297997
6440,79632,0.9325591844471123,false,6440,79632,0.9325591844471123
6440,100505495,0.7796770967943891,false,6440,100505495,0.7796770967943891
6440,9476,0.9301376954851659,false,6440,9476,0.9301376954851659
6440,2122,0.8624904475483086,false,6440,2122,0.8624904475483086
6440,84059,0.9374907743696423,false,6440,84059,0.9374907743696423
6440,6097,0.9382249619098918,false,6440,6097,0.9382249619098918
6440,120892,0.9142463993875269,false,6440,120892,0.9142463993875269
6440,113219467,0.8156879253678649,false,6440,113219467,0.8156879253678649
6440,123624,0.8653245526885832,false,6440,123624,0.8653245526885832
6440,391253,0.8710749051535304,false,6440,391253,0.8710749051535304
6440,220136,0.8300774181536031,false,6440,220136,0.8300774181536031
6440,693188,0.7947367283642955,false,6440,693188,0.7947367283642955
6440,6799,0.9795832890766513,false,6440,6799,0.9795832890766513
6440,389376,0.8700271953284362,false,6440,389376,0.8700271953284362
6440,353189,0.8520323529517579,false,6440,353189,0.8520323529517579
6440,84525,0.9139002553900721,false,6440,84525,0.9139002553900721
6440,4861,0.8152749473422931,false,6440,4861,0.8152749473422931
6440,10203,0.8711947893218778,false,6440,10203,0.8711947893218778
6440,1080,0.925880354881034,false,6440,1080,0.925880354881034
6440,1286,0.7938377957428085,false,6440,1286,0.7938377957428085
6440,56955,0.8447246302498714,false,6440,56955,0.8447246302498714
6440,653509,0.9937837055839011,false,6440,653509,0.9937837055839011
6440,55282,0.8758056307326936,false,6440,55282,0.8758056307326936
6440,79098,0.8479851047677026,false,6440,79098,0.8479851047677026
6440,144535,0.8743792575908221,false,6440,144535,0.8743792575908221
6440,649946,0.8070267948501083,false,6440,649946,0.8070267948501083
6440,144571,0.9054498785167189,false,6440,144571,0.9054498785167189
6440,165186,0.8469420700770819,false,6440,165186,0.8469420700770819
6440,102465485,0.8037226104576177,false,6440,102465485,0.8037226104576177
6440,100033436,0.7785565807899714,false,6440,100033436,0.7785565807899714
399949,5265,0.7678436221609245,false,399949,5265,0.7678436221609245
399949,4318,0.7780575495501884,false,399949,4318,0.7780575495501884
399949,105377033,0.9428974478263851,false,399949,105377033,0.9428974478263851
399949,103504738,0.7787587574787985,false,399949,103504738,0.7787587574787985
399949,5544,0.8948112736833775,false,399949,5544,0.8948112736833775
399949,100506686,0.9679342109330932,false,399949,100506686,0.9679342109330932
399949,110806280,0.9940592742495269,false,399949,110806280,0.9940592742495269
399949,6441,0.9092096415274908,false,399949,6441,0.9092096415274908
399949,8091,0.913588075494378,false,399949,8091,0.913588075494378
399949,3207,0.889740161920704,false,399949,3207,0.889740161920704
399949,7356,0.8086309447996639,false,399949,7356,0.8086309447996639
399949,400578,0.9824539604172886,false,399949,400578,0.9824539604172886
399949,102723635,0.8732111686322988,false,399949,102723635,0.8732111686322988
399949,5545,0.9890454668131586,false,399949,5545,0.9890454668131586
399949,10586,0.9353261443169213,false,399949,10586,0.9353261443169213
399949,2619,0.9498548292194287,false,399949,2619,0.9498548292194287
399949,654433,0.9906754485238622,false,399949,654433,0.9906754485238622
399949,140766,0.8060706776721993,false,399949,140766,0.8060706776721993
399949,105,0.7986012753573315,false,399949,105,0.7986012753573315
399949,9370,0.9940592742495269,false,399949,9370,0.9940592742495269
399949,80381,0.8395391095307413,false,399949,80381,0.8395391095307413
399949,123872,0.8116686492220953,false,399949,123872,0.8116686492220953
399949,100874095,0.9940592742495269,false,399949,100874095,0.9940592742495269
157310,3248,0.8580630756700418,false,157310,3248,0.8580630756700418
157310,255189,0.8332056630574753,false,157310,255189,0.8332056630574753
157310,10103,0.9106994310060015,false,157310,10103,0.9106994310060015
157310,3856,0.9420232805126666,false,157310,3856,0.9420232805126666
157310,1048,0.8717699020032892,false,157310,1048,0.8717699020032892
157310,100419743,0.8717642103647343,false,157310,100419743,0.8717642103647343
157310,3983,0.9185709337117572,false,157310,3983,0.9185709337117572
157310,3694,0.9187660256675687,false,157310,3694,0.9187660256675687
157310,285989,0.8271036827415981,false,157310,285989,0.8271036827415981
157310,2627,0.9509550264983789,false,157310,2627,0.9509550264983789
157310,1555,0.9526507187570118,false,157310,1555,0.9526507187570118
157310,57528,0.7690923676448567,false,157310,57528,0.7690923676448567
157310,201456,0.8732601894355633,false,157310,201456,0.8732601894355633
157310,57186,0.9231924319845262,false,157310,57186,0.9231924319845262
157310,6473,0.8717642103647345,false,157310,6473,0.8717642103647345
157310,102723508,0.8490292855511967,false,157310,102723508,0.8490292855511967
157310,100506658,0.7508275488867225,false,157310,100506658,0.7508275488867225
157310,341676,0.9539312648200309,false,157310,341676,0.9539312648200309
157310,10595,0.9533061739144678,false,157310,10595,0.9533061739144678
157310,4583,0.8614408982758528,false,157310,4583,0.8614408982758528
157310,55567,0.8707037168595851,false,157310,55567,0.8707037168595851
157310,692072,0.832594875631956,false,157310,692072,0.832594875631956
157310,55808,0.9017893016258256,false,157310,55808,0.9017893016258256
157310,999,0.971467247305686,false,157310,999,0.971467247305686
157310,126353,0.8558757036759501,false,157310,126353,0.8558757036759501
157310,26226,0.8335318557406785,false,157310,26226,0.8335318557406785
157310,388743,0.8517762764415889,false,157310,388743,0.8517762764415889
157310,340267,0.7944072671094842,false,157310,340267,0.7944072671094842
157310,200879,0.8773587849435304,false,157310,200879,0.8773587849435304
157310,1510,0.9021875965673769,false,157310,1510,0.9021875965673769
157310,6337,0.8685514900670284,false,157310,6337,0.8685514900670284
157310,57111,0.913305023680137,false,157310,57111,0.913305023680137
157310,116844,0.8337850149418619,false,157310,116844,0.8337850149418619
157310,4586,0.8741850534723546,false,157310,4586,0.8741850534723546
157310,10551,0.8744169014119699,false,157310,10551,0.8744169014119699
157310,688,0.8099397021707461,false,157310,688,0.8099397021707461
157310,54897,0.7864290130893103,false,157310,54897,0.7864290130893103
157310,117155,0.7817453924069261,false,157310,117155,0.7817453924069261
157310,112268155,0.8720258944111358,false,157310,112268155,0.8720258944111358
157310,1152,0.934830116269642,false,157310,1152,0.934830116269642
157310,79083,0.8890334773669439,false,157310,79083,0.8890334773669439
157310,1556,0.850484903490563,false,157310,1556,0.850484903490563
157310,55930,0.7677364817184515,false,157310,55930,0.7677364817184515
157310,22996,0.8246915970837024,false,157310,22996,0.8246915970837024
157310,7113,0.7630236678005905,false,157310,7113,0.7630236678005905
157310,54861,0.7900761604118804,false,157310,54861,0.7900761604118804
157310,222256,0.8953199060080901,false,157310,222256,0.8953199060080901
157310,100529240,0.8532325094081545,false,157310,100529240,0.8532325094081545
157310,113218482,0.8978342289982824,false,157310,113218482,0.8978342289982824
157310,647024,0.9568080116020745,false,157310,647024,0.9568080116020745
157310,255928,0.8783698186463041,false,157310,255928,0.8783698186463041
157310,8537,0.9065583445708238,false,157310,8537,0.9065583445708238
157310,115019,0.7653041422301239,false,157310,115019,0.7653041422301239
157310,3434,0.9154672570558173,false,157310,3434,0.9154672570558173
157310,1043,0.7557057350467545,false,157310,1043,0.7557057350467545
157310,168374,0.8320814495247513,false,157310,168374,0.8320814495247513
157310,389852,0.7788523774111429,false,157310,389852,0.7788523774111429
157310,164312,0.9174744649232761,false,157310,164312,0.9174744649232761
157310,2065,0.7559742304396835,false,157310,2065,0.7559742304396835
157310,1513,0.7822055774594905,false,157310,1513,0.7822055774594905
157310,135656,0.8719038027854014,false,157310,135656,0.8719038027854014
157310,3880,0.8852083727165834,false,157310,3880,0.8852083727165834
157310,153643,0.975890474915393,false,157310,153643,0.975890474915393
157310,2266,0.8597109858050029,false,157310,2266,0.8597109858050029
157310,745,0.9264847914481068,false,157310,745,0.9264847914481068
5265,10568,0.885545762416963,false,5265,10568,0.885545762416963
5265,10579,0.8046129212809227,false,5265,10579,0.8046129212809227
5265,110806280,0.7699978724844456,false,5265,110806280,0.7699978724844456
5265,4070,0.7685735937701309,false,5265,4070,0.7685735937701309
5265,387882,0.8221771021075587,false,5265,387882,0.8221771021075587
5265,5545,0.786851363736867,false,5265,5545,0.786851363736867
5265,54848,0.8082495861506994,false,5265,54848,0.8082495861506994
5265,654433,0.7565984865278208,false,5265,654433,0.7565984865278208
5265,113219467,0.7594176248756412,false,5265,113219467,0.7594176248756412
5265,220136,0.9746924202270809,false,5265,220136,0.9746924202270809
5265,9370,0.7699978724844456,false,5265,9370,0.7699978724844456
5265,6799,0.7885212359753669,false,5265,6799,0.7885212359753669
5265,389376,0.9471738221172874,false,5265,389376,0.9471738221172874
5265,80381,0.7897941899813856,false,5265,80381,0.7897941899813856
5265,653509,0.7612419333708773,false,5265,653509,0.7612419333708773
5265,100874095,0.7699978724844456,false,5265,100874095,0.7699978724844456
5265,26298,0.8529902822982821,false,5265,26298,0.8529902822982821
5340,4582,0.9356547974293224,false,5340,4582,0.9356547974293224
5340,3248,0.7557078920518797,false,5340,3248,0.7557078920518797
5340,641384,0.9822572465035361,false,5340,641384,0.9822572465035361
5340,100130449,0.9797469727206917,false,5340,100130449,0.9797469727206917
5340,10103,0.8450594717869048,false,5340,10103,0.8450594717869048
5340,1048,0.8890554481417792,false,5340,1048,0.8890554481417792
5340,100419743,0.8890991106636149,false,5340,100419743,0.8890991106636149
5340,3983,0.7754222627217858,false,5340,3983,0.7754222627217858
5340,3694,0.7891256045070344,false,5340,3694,0.7891256045070344
5340,285989,0.8428271206852008,false,5340,285989,0.8428271206852008
5340,2627,0.7601348627232793,false,5340,2627,0.7601348627232793
5340,503640,0.7538198857829207,false,5340,503640,0.7538198857829207
5340,259290,0.8152878905653321,false,5340,259290,0.8152878905653321
5340,1555,0.8064370516916916,false,5340,1555,0.8064370516916916
5340,57528,0.9247929477386616,false,5340,57528,0.9247929477386616
5340,201456,0.8161546715054862,false,5340,201456,0.8161546715054862
5340,57186,0.7852263114245062,false,5340,57186,0.7852263114245062
5340,6473,0.8890991106636148,false,5340,6473,0.8890991106636148
5340,9356,0.9190470006523602,false,5340,9356,0.9190470006523602
5340,641776,0.9175043750109408,false,5340,641776,0.9175043750109408
5340,341676,0.7687705879915518,false,5340,341676,0.7687705879915518
5340,148213,0.9870606116820468,false,5340,148213,0.9870606116820468
5340,4583,0.861261911579289,false,5340,4583,0.861261911579289
5340,55567,0.8370193011937909,false,5340,55567,0.8370193011937909
5340,7851,0.9208407120459449,false,5340,7851,0.9208407120459449
5340,692072,0.8621409001863422,false,5340,692072,0.8621409001863422
5340,109136579,0.7972589552610772,false,5340,109136579,0.7972589552610772
5340,55808,0.8615914818398555,false,5340,55808,0.8615914818398555
5340,126353,0.9120320989015948,false,5340,126353,0.9120320989015948
5340,64332,0.8000200971892002,false,5340,64332,0.8000200971892002
5340,388743,0.9126530701237138,false,5340,388743,0.9126530701237138
5340,1577,0.9261525139404265,false,5340,1577,0.9261525139404265
5340,200879,0.8822307451485141,false,5340,200879,0.8822307451485141
5340,1510,0.8766820296068739,false,5340,1510,0.8766820296068739
5340,102723849,0.8681327572988654,false,5340,102723849,0.8681327572988654
5340,619383,0.8807234210035872,false,5340,619383,0.8807234210035872
5340,57111,0.8512530867433061,false,5340,57111,0.8512530867433061
5340,10129,0.8624045952976689,false,5340,10129,0.8624045952976689
5340,4586,0.8882488652036137,false,5340,4586,0.8882488652036137
5340,10551,0.890141854375875,false,5340,10551,0.890141854375875
5340,378938,0.8027946144602719,false,5340,378938,0.8027946144602719
5340,117155,0.8589854342940539,false,5340,117155,0.8589854342940539
5340,112268155,0.8575581560863804,false,5340,112268155,0.8575581560863804
5340,79083,0.8560789400127073,false,5340,79083,0.8560789400127073
5340,55930,0.9313966884291656,false,5340,55930,0.9313966884291656
5340,22996,0.7832184164463706,false,5340,22996,0.7832184164463706
5340,7113,0.8021626733717339,false,5340,7113,0.8021626733717339
5340,105180391,0.8725763051453213,false,5340,105180391,0.8725763051453213
5340,100529240,0.8748412658416793,false,5340,100529240,0.8748412658416793
5340,113218482,0.7966342501576658,false,5340,113218482,0.7966342501576658
5340,255928,0.886168526233749,false,5340,255928,0.886168526233749
5340,8537,0.8685313922894132,false,5340,8537,0.8685313922894132
5340,10018,0.9703096620138164,false,5340,10018,0.9703096620138164
5340,115019,0.8593132326089683,false,5340,115019,0.8593132326089683
5340,105180390,0.9059458733376701,false,5340,105180390,0.9059458733376701
5340,168374,0.8591236749288005,false,5340,168374,0.8591236749288005
5340,645843,0.7720343923365709,false,5340,645843,0.7720343923365709
5340,143884,0.9593504948952134,false,5340,143884,0.9593504948952134
5340,3993,0.9120526240438758,false,5340,3993,0.9120526240438758
5340,389852,0.9493731548885695,false,5340,389852,0.9493731548885695
5340,164312,0.8411792709915705,false,5340,164312,0.8411792709915705
5340,2065,0.9241685185899003,false,5340,2065,0.9241685185899003
5340,135656,0.8892804268128801,false,5340,135656,0.8892804268128801
5340,94059,0.9449513519961364,false,5340,94059,0.9449513519961364
5340,3960,0.9627390077430679,false,5340,3960,0.9627390077430679
5340,284323,0.7865964925252656,false,5340,284323,0.7865964925252656
5340,23584,0.7568443528519587,false,5340,23584,0.7568443528519587
5340,692213,0.9620038488039802,false,5340,692213,0.9620038488039802
5340,112268422,0.7961886440422486,false,5340,112268422,0.7961886440422486
5340,259294,0.9617045818645861,false,5340,259294,0.9617045818645861
5340,2266,0.8754984374073115,false,5340,2266,0.8754984374073115
4582,3248,0.8234570628057779,false,4582,3248,0.8234570628057779
4582,255189,0.7999842396742783,false,4582,255189,0.7999842396742783
4582,641384,0.9278308533342357,false,4582,641384,0.9278308533342357
4582,100130449,0.9704691352832916,false,4582,100130449,0.9704691352832916
4582,10103,0.8178759701213664,false,4582,10103,0.8178759701213664
4582,1048,0.8797112291967807,false,4582,1048,0.8797112291967807
4582,100419743,0.8797919883574302,false,4582,100419743,0.8797919883574302
4582,79838,0.8291962706583188,false,4582,79838,0.8291962706583188
4582,3983,0.8193405113715343,false,4582,3983,0.8193405113715343
4582,3694,0.8524103991087845,false,4582,3694,0.8524103991087845
4582,285989,0.8610900144663589,false,4582,285989,0.8610900144663589
4582,2627,0.8176382340192351,false,4582,2627,0.8176382340192351
4582,503640,0.8019566349739357,false,4582,503640,0.8019566349739357
4582,259290,0.8158117457873135,false,4582,259290,0.8158117457873135
4582,1555,0.8276563348455521,false,4582,1555,0.8276563348455521
4582,57528,0.9742617173818275,false,4582,57528,0.9742617173818275
4582,201456,0.8465912847499072,false,4582,201456,0.8465912847499072
4582,57186,0.8382509026996532,false,4582,57186,0.8382509026996532
4582,6473,0.8797919883574304,false,4582,6473,0.8797919883574304
4582,102723508,0.7870260303703891,false,4582,102723508,0.7870260303703891
4582,9356,0.9569418432597806,false,4582,9356,0.9569418432597806
4582,641776,0.9712358698193833,false,4582,641776,0.9712358698193833
4582,100506658,0.7846435538650632,false,4582,100506658,0.7846435538650632
4582,341676,0.7812400860021068,false,4582,341676,0.7812400860021068
4582,148213,0.9406337256482998,false,4582,148213,0.9406337256482998
4582,4583,0.9014088186469229,false,4582,4583,0.9014088186469229
4582,55567,0.7745253125597097,false,4582,55567,0.7745253125597097
4582,7851,0.9970011192929923,false,4582,7851,0.9970011192929923
4582,692072,0.9491204192271583,false,4582,692072,0.9491204192271583
4582,109136579,0.8266016958105727,false,4582,109136579,0.8266016958105727
4582,55808,0.8638799214181693,false,4582,55808,0.8638799214181693
4582,999,0.7554390411557367,false,4582,999,0.7554390411557367
4582,126353,0.9433936086706626,false,4582,126353,0.9433936086706626
4582,64332,0.9282392491599708,false,4582,64332,0.9282392491599708
4582,388743,0.9212248830488348,false,4582,388743,0.9212248830488348
4582,1577,0.9971073366670508,false,4582,1577,0.9971073366670508
4582,100033430,0.751963153148875,false,4582,100033430,0.751963153148875
4582,340267,0.8393037714206724,false,4582,340267,0.8393037714206724
4582,200879,0.8793516043672579,false,4582,200879,0.8793516043672579
4582,1510,0.883715479969645,false,4582,1510,0.883715479969645
4582,102723849,0.9782939348677038,false,4582,102723849,0.9782939348677038
4582,57669,0.8099300351632939,false,4582,57669,0.8099300351632939
4582,89765,0.7651184274088185,false,4582,89765,0.7651184274088185
4582,619383,0.7879477404775518,false,4582,619383,0.7879477404775518
4582,57111,0.8498812617322449,false,4582,57111,0.8498812617322449
4582,10129,0.8091951767715041,false,4582,10129,0.8091951767715041
4582,4586,0.8787111458953751,false,4582,4586,0.8787111458953751
4582,10551,0.872662377377783,false,4582,10551,0.872662377377783
4582,378938,0.8333804838162442,false,4582,378938,0.8333804838162442
4582,117155,0.8996047035924946,false,4582,117155,0.8996047035924946
4582,112268155,0.921470718087053,false,4582,112268155,0.921470718087053
4582,79083,0.8580935509975223,false,4582,79083,0.8580935509975223
4582,1556,0.8276974680706778,false,4582,1556,0.8276974680706778
4582,55930,0.8912221245776292,false,4582,55930,0.8912221245776292
4582,7113,0.9548703707155335,false,4582,7113,0.9548703707155335
4582,105180391,0.940673622944663,false,4582,105180391,0.940673622944663
4582,100529240,0.8094420801637299,false,4582,100529240,0.8094420801637299
4582,113218482,0.8376171552599051,false,4582,113218482,0.8376171552599051
4582,255928,0.8780262333552553,false,4582,255928,0.8780262333552553
4582,8537,0.8663975840253632,false,4582,8537,0.8663975840253632
4582,10018,0.9622870051240926,false,4582,10018,0.9622870051240926
4582,115019,0.9556684767328629,false,4582,115019,0.9556684767328629
4582,105180390,0.9571415167450275,false,4582,105180390,0.9571415167450275
4582,168374,0.9655711226392982,false,4582,168374,0.9655711226392982
4582,645843,0.8868279671334413,false,4582,645843,0.8868279671334413
4582,143884,0.9405483214154294,false,4582,143884,0.9405483214154294
4582,3993,0.9761902666504416,false,4582,3993,0.9761902666504416
4582,389852,0.9766106602472322,false,4582,389852,0.9766106602472322
4582,164312,0.8393127681009519,false,4582,164312,0.8393127681009519
4582,84239,0.8758872188265767,false,4582,84239,0.8758872188265767
4582,2065,0.9788983578653485,false,4582,2065,0.9788983578653485
4582,135656,0.880571785457102,false,4582,135656,0.880571785457102
4582,94059,0.8495304634228292,false,4582,94059,0.8495304634228292
4582,3960,0.9942695449103466,false,4582,3960,0.9942695449103466
4582,284323,0.8514968465610145,false,4582,284323,0.8514968465610145
4582,23584,0.8815383273497599,false,4582,23584,0.8815383273497599
4582,692213,0.9639727636591127,false,4582,692213,0.9639727636591127
4582,259294,0.9697598238260206,false,4582,259294,0.9697598238260206
4582,2266,0.828142857440139,false,4582,2266,0.828142857440139
4582,745,0.7863474726646371,false,4582,745,0.7863474726646371
4582,440352,0.8833053445184321,false,4582,440352,0.8833053445184321
3481,677831,0.8939994995622711,false,3481,677831,0.8939994995622711
3481,22943,0.9847574038775938,false,3481,22943,0.9847574038775938
3481,100506380,0.9597840573395081,false,3481,100506380,0.9597840573395081
3481,4892,0.9748294482591011,false,3481,4892,0.9748294482591011
3481,160728,0.9198313092565464,false,3481,160728,0.9198313092565464
3481,4496,0.9597840573395081,false,3481,4496,0.9597840573395081
3481,388633,0.9614933750967245,false,3481,388633,0.9614933750967245
3481,3929,0.9614401312676696,false,3481,3929,0.9614401312676696
3481,100158262,0.8111828806672575,false,3481,100158262,0.8111828806672575
3481,1604,0.8011409794849842,false,3481,1604,0.8011409794849842
3481,886,0.9597840573395081,false,3481,886,0.9597840573395081
3481,632,0.9936549802599369,false,3481,632,0.9936549802599369
3481,285429,0.8929809486576423,false,3481,285429,0.8929809486576423
3481,26797,0.9603620255755326,false,3481,26797,0.9603620255755326
3481,692209,0.9624081537589464,false,3481,692209,0.9624081537589464
3481,83643,0.9752420514741192,false,3481,83643,0.9752420514741192
3481,284434,0.9644483002417116,false,3481,284434,0.9644483002417116
3481,1028,0.8056420118135703,false,3481,1028,0.8056420118135703
3481,646480,0.958584623261118,false,3481,646480,0.958584623261118
284266,105379028,0.935462975446969,false,284266,105379028,0.935462975446969
284266,102724057,0.967473810723703,false,284266,102724057,0.967473810723703
284266,2922,0.9354629754469689,false,284266,2922,0.9354629754469689
284266,7125,0.935462975446969,false,284266,7125,0.935462975446969
284266,1132,0.9354629754469692,false,284266,1132,0.9354629754469692
284266,89,0.935462975446969,false,284266,89,0.935462975446969
284266,57526,0.8093903750021945,false,284266,57526,0.8093903750021945
284266,4693,0.9354629754469692,false,284266,4693,0.9354629754469692
284266,101929066,0.935462975446969,false,284266,101929066,0.935462975446969
284266,2696,0.8983679756948982,false,284266,2696,0.8983679756948982
284266,102466759,0.9354629754469689,false,284266,102466759,0.9354629754469689
284266,54084,0.935462975446969,false,284266,54084,0.935462975446969
284266,100129940,0.7968317074684207,false,284266,100129940,0.7968317074684207
284266,339983,0.935462975446969,false,284266,339983,0.935462975446969
284266,606,0.935462975446969,false,284266,606,0.935462975446969
284266,100133669,0.935462975446969,false,284266,100133669,0.935462975446969
284266,7473,0.935462975446969,false,284266,7473,0.935462975446969
284266,1180,0.9354629754469689,false,284266,1180,0.9354629754469689
284266,200407,0.9718363081304662,false,284266,200407,0.9718363081304662
284266,766,0.935462975446969,false,284266,766,0.935462975446969
284266,65998,0.9036060816490992,false,284266,65998,0.9036060816490992
284266,388327,0.935462975446969,false,284266,388327,0.935462975446969
284266,109729184,0.8151272198257478,false,284266,109729184,0.8151272198257478
284266,1471,0.8970203419182455,false,284266,1471,0.8970203419182455
284266,3780,0.935462975446969,false,284266,3780,0.935462975446969
284266,100126311,0.935462975446969,false,284266,100126311,0.935462975446969
284266,23562,0.935462975446969,false,284266,23562,0.935462975446969
284266,1746,0.935462975446969,false,284266,1746,0.935462975446969
284266,57524,0.935462975446969,false,284266,57524,0.935462975446969
284266,10331,0.935462975446969,false,284266,10331,0.935462975446969
284266,256076,0.8504579783194683,false,284266,256076,0.8504579783194683
284266,84867,0.935462975446969,false,284266,84867,0.935462975446969
284266,100130701,0.971388351861125,false,284266,100130701,0.971388351861125
284266,284680,0.9847124804574084,false,284266,284680,0.9847124804574084
284266,9771,0.8373070772861165,false,284266,9771,0.8373070772861165
284266,128218,0.8479912038277422,false,284266,128218,0.8479912038277422
284266,222183,0.935462975446969,false,284266,222183,0.935462975446969
284266,7546,0.9354629754469689,false,284266,7546,0.9354629754469689
284266,57710,0.8841210961588566,false,284266,57710,0.8841210961588566
284266,9699,0.9354629754469689,false,284266,9699,0.9354629754469689
284266,101928580,0.935462975446969,false,284266,101928580,0.935462975446969
284266,105373265,0.9823801384163621,false,284266,105373265,0.9823801384163621
284266,9211,0.9317435010297525,false,284266,9211,0.9317435010297525
284266,100874002,0.9718363081304662,false,284266,100874002,0.9718363081304662
284266,440590,0.9354629754469691,false,284266,440590,0.9354629754469691
284266,1515,0.935462975446969,false,284266,1515,0.935462975446969
284266,4606,0.935462975446969,false,284266,4606,0.935462975446969
3248,255189,0.9533289858652333,false,3248,255189,0.9533289858652333
3248,641384,0.8281347661800221,false,3248,641384,0.8281347661800221
3248,100130449,0.7822758234881747,false,3248,100130449,0.7822758234881747
3248,10103,0.8765232639017818,false,3248,10103,0.8765232639017818
3248,3856,0.8173835474004558,false,3248,3856,0.8173835474004558
3248,1048,0.9416328457827249,false,3248,1048,0.9416328457827249
3248,100419743,0.9415905555044002,false,3248,100419743,0.9415905555044002
3248,3983,0.9754076128234315,false,3248,3983,0.9754076128234315
3248,3694,0.844154258760782,false,3248,3694,0.844154258760782
3248,285989,0.9427467273537595,false,3248,285989,0.9427467273537595
3248,2627,0.9665028893207198,false,3248,2627,0.9665028893207198
3248,1555,0.9078508994772534,false,3248,1555,0.9078508994772534
3248,57528,0.925018772547399,false,3248,57528,0.925018772547399
3248,201456,0.985435472133447,false,3248,201456,0.985435472133447
3248,57186,0.982911023572507,false,3248,57186,0.982911023572507
3248,6473,0.9415905555044002,false,3248,6473,0.9415905555044002
3248,102723508,0.9919738321500556,false,3248,102723508,0.9919738321500556
3248,9356,0.7547835306263819,false,3248,9356,0.7547835306263819
3248,100506658,0.9213758027818492,false,3248,100506658,0.9213758027818492
3248,341676,0.9090206723770172,false,3248,341676,0.9090206723770172
3248,148213,0.8081488594434467,false,3248,148213,0.8081488594434467
3248,10595,0.8559598093540096,false,3248,10595,0.8559598093540096
3248,4583,0.7943367446073967,false,3248,4583,0.7943367446073967
3248,55567,0.8184113562339872,false,3248,55567,0.8184113562339872
3248,5961,0.8787078931105039,false,3248,5961,0.8787078931105039
3248,7851,0.8479828136707761,false,3248,7851,0.8479828136707761
3248,692072,0.9549196318983956,false,3248,692072,0.9549196318983956
3248,55808,0.946170954502702,false,3248,55808,0.946170954502702
3248,999,0.8805128036038983,false,3248,999,0.8805128036038983
3248,126353,0.8743995599738963,false,3248,126353,0.8743995599738963
3248,26226,0.9383949652660233,false,3248,26226,0.9383949652660233
3248,388743,0.9383789894732277,false,3248,388743,0.9383789894732277
3248,1577,0.8555052778892092,false,3248,1577,0.8555052778892092
3248,340267,0.9237339598849449,false,3248,340267,0.9237339598849449
3248,200879,0.9495699875069445,false,3248,200879,0.9495699875069445
3248,1510,0.9286287768452359,false,3248,1510,0.9286287768452359
3248,102723849,0.7847307291734078,false,3248,102723849,0.7847307291734078
3248,6337,0.8375566827861336,false,3248,6337,0.8375566827861336
3248,57669,0.8951395009133416,false,3248,57669,0.8951395009133416
3248,57111,0.9330892342500707,false,3248,57111,0.9330892342500707
3248,116844,0.8488983524809809,false,3248,116844,0.8488983524809809
3248,10129,0.8420181287177718,false,3248,10129,0.8420181287177718
3248,4586,0.9398421661958823,false,3248,4586,0.9398421661958823
3248,10551,0.9264972662092101,false,3248,10551,0.9264972662092101
3248,54897,0.9403471305339732,false,3248,54897,0.9403471305339732
3248,117155,0.9552329411556539,false,3248,117155,0.9552329411556539
3248,112268155,0.9668393340898113,false,3248,112268155,0.9668393340898113
3248,1152,0.9561745486768208,false,3248,1152,0.9561745486768208
3248,79083,0.961737276849135,false,3248,79083,0.961737276849135
3248,1556,0.9699918136475343,false,3248,1556,0.9699918136475343
3248,55930,0.8721138135013,false,3248,55930,0.8721138135013
3248,22996,0.8457419739503858,false,3248,22996,0.8457419739503858
3248,7113,0.8671333459261492,false,3248,7113,0.8671333459261492
3248,54861,0.9216018906316066,false,3248,54861,0.9216018906316066
3248,222256,0.778374201440504,false,3248,222256,0.778374201440504
3248,100529240,0.8833667052415611,false,3248,100529240,0.8833667052415611
3248,113218482,0.9724533243142789,false,3248,113218482,0.9724533243142789
3248,647024,0.8676179085760296,false,3248,647024,0.8676179085760296
3248,255928,0.9394128634431901,false,3248,255928,0.9394128634431901
3248,8537,0.9246934494517687,false,3248,8537,0.9246934494517687
3248,10018,0.7773733681165907,false,3248,10018,0.7773733681165907
3248,115019,0.9287957006692097,false,3248,115019,0.9287957006692097
3248,168374,0.9048665834386189,false,3248,168374,0.9048665834386189
3248,143884,0.8654282485940975,false,3248,143884,0.8654282485940975
3248,3993,0.8976998134159494,false,3248,3993,0.8976998134159494
3248,389852,0.8828990780833668,false,3248,389852,0.8828990780833668
3248,164312,0.9365519805955804,false,3248,164312,0.9365519805955804
3248,84239,0.8807891875484157,false,3248,84239,0.8807891875484157
3248,2065,0.8100729363014167,false,3248,2065,0.8100729363014167
3248,135656,0.941918637991692,false,3248,135656,0.941918637991692
3248,3880,0.7521857084128907,false,3248,3880,0.7521857084128907
3248,94059,0.7651489389866699,false,3248,94059,0.7651489389866699
3248,3960,0.837931951705089,false,3248,3960,0.837931951705089
3248,23584,0.9268618282511838,false,3248,23584,0.9268618282511838
3248,153643,0.8766796305189782,false,3248,153643,0.8766796305189782
3248,112268422,0.806454740128649,false,3248,112268422,0.806454740128649
3248,259294,0.8980882253314217,false,3248,259294,0.8980882253314217
3248,2266,0.9175380361255389,false,3248,2266,0.9175380361255389
3248,745,0.9767578555057527,false,3248,745,0.9767578555057527
3248,440352,0.7730382500886456,false,3248,440352,0.7730382500886456
1636,105375355,0.9332485729359693,false,1636,105375355,0.9332485729359693
1636,2537,0.8268863048954601,false,1636,2537,0.8268863048954601
1636,168090,0.8324664354898763,false,1636,168090,0.8324664354898763
1636,2324,0.7734467120237449,false,1636,2324,0.7734467120237449
1636,653082,0.8520901408117787,false,1636,653082,0.8520901408117787
1636,6101,0.9098047221953571,false,1636,6101,0.9098047221953571
1636,1579,0.8273241880495383,false,1636,1579,0.8273241880495383
1636,57477,0.795732043710896,false,1636,57477,0.795732043710896
105375355,2537,0.9529970233607451,false,105375355,2537,0.9529970233607451
105375355,168090,0.7919079634757369,false,105375355,168090,0.7919079634757369
105375355,653082,0.92014442251685,false,105375355,653082,0.92014442251685
105375355,109729127,0.80231186399976,false,105375355,109729127,0.80231186399976
105375355,728276,0.8740122040164312,false,105375355,728276,0.8740122040164312
105375355,6101,0.9366865359439642,false,105375355,6101,0.9366865359439642
105375355,1579,0.7629144072210755,false,105375355,1579,0.7629144072210755
105375355,57477,0.7852810674508673,false,105375355,57477,0.7852810674508673
105379028,102724057,0.9944421994657309,false,105379028,102724057,0.9944421994657309
105379028,2922,1.0,false,105379028,2922,1.0
105379028,7125,1.0,false,105379028,7125,1.0
105379028,1132,1.0,false,105379028,1132,1.0
105379028,89,1.0,false,105379028,89,1.0
105379028,57526,0.9053418593310791,false,105379028,57526,0.9053418593310791
105379028,4693,1.0,false,105379028,4693,1.0
105379028,101929066,1.0,false,105379028,101929066,1.0
105379028,2696,0.9310797377483425,false,105379028,2696,0.9310797377483425
105379028,102466759,1.0,false,105379028,102466759,1.0
105379028,54084,1.0,false,105379028,54084,1.0
105379028,339983,1.0,false,105379028,339983,1.0
105379028,606,1.0,false,105379028,606,1.0
105379028,100133669,1.0,false,105379028,100133669,1.0
105379028,7473,0.9999999999999997,false,105379028,7473,0.9999999999999997
105379028,1180,1.0,false,105379028,1180,1.0
105379028,200407,0.9924038663952793,false,105379028,200407,0.9924038663952793
105379028,766,1.0,false,105379028,766,1.0
105379028,65998,0.8358213643860701,false,105379028,65998,0.8358213643860701
105379028,388327,1.0,false,105379028,388327,1.0
105379028,3780,1.0,false,105379028,3780,1.0
105379028,100126311,1.0,false,105379028,100126311,1.0
105379028,23562,1.0,false,105379028,23562,1.0
105379028,1746,1.0,false,105379028,1746,1.0
105379028,57524,0.9999999999999998,false,105379028,57524,0.9999999999999998
105379028,10331,1.0,false,105379028,10331,1.0
105379028,256076,0.8639211505072738,false,105379028,256076,0.8639211505072738
105379028,84867,1.0,false,105379028,84867,1.0
105379028,100130701,0.8878856568027692,false,105379028,100130701,0.8878856568027692
105379028,284680,0.9827242789356609,false,105379028,284680,0.9827242789356609
105379028,9771,0.7695391096496836,false,105379028,9771,0.7695391096496836
105379028,128218,0.9349831907588436,false,105379028,128218,0.9349831907588436
105379028,222183,1.0,false,105379028,222183,1.0
105379028,7546,1.0,false,105379028,7546,1.0
105379028,9699,1.0,false,105379028,9699,1.0
105379028,101928580,1.0,false,105379028,101928580,1.0
105379028,105373265,0.8529273885761167,false,105379028,105373265,0.8529273885761167
105379028,9211,0.9993716660495694,false,105379028,9211,0.9993716660495694
105379028,100874002,0.9924038663952793,false,105379028,100874002,0.9924038663952793
105379028,440590,1.0,false,105379028,440590,1.0
105379028,1515,1.0,false,105379028,1515,1.0
105379028,4606,1.0,false,105379028,4606,1.0
4318,103504738,0.9159430642591931,false,4318,103504738,0.9159430642591931
4318,100506686,0.8884603185748816,false,4318,100506686,0.8884603185748816
4318,110806280,0.8128827575099555,false,4318,110806280,0.8128827575099555
4318,8091,0.8496403691030949,false,4318,8091,0.8496403691030949
4318,3207,0.8471568289272284,false,4318,3207,0.8471568289272284
4318,109729184,0.9361757561983184,false,4318,109729184,0.9361757561983184
4318,102723635,0.909272192005487,false,4318,102723635,0.909272192005487
4318,5545,0.8221583764311208,false,4318,5545,0.8221583764311208
4318,10586,0.9128827012922655,false,4318,10586,0.9128827012922655
4318,1471,0.833292328923925,false,4318,1471,0.833292328923925
4318,2619,0.8506073357726107,false,4318,2619,0.8506073357726107
4318,140766,0.8044054493341163,false,4318,140766,0.8044054493341163
4318,57710,0.7740143718841266,false,4318,57710,0.7740143718841266
4318,9370,0.8128827575099555,false,4318,9370,0.8128827575099555
4318,80381,0.943698963100702,false,4318,80381,0.943698963100702
4318,100874095,0.8128827575099555,false,4318,100874095,0.8128827575099555
677831,22943,0.9543173016499096,false,677831,22943,0.9543173016499096
677831,100506380,0.9772645313337405,false,677831,100506380,0.9772645313337405
677831,4892,0.9670982309291244,false,677831,4892,0.9670982309291244
677831,25976,0.9125853404071059,false,677831,25976,0.9125853404071059
677831,160728,0.9833846633459686,false,677831,160728,0.9833846633459686
677831,4496,0.9772645313337405,false,677831,4496,0.9772645313337405
677831,388633,0.975806412370357,false,677831,388633,0.975806412370357
677831,3929,0.9764579859385188,false,677831,3929,0.9764579859385188
677831,100158262,0.8601430977311367,false,677831,100158262,0.8601430977311367
677831,727897,0.9111591738351116,false,677831,727897,0.9111591738351116
677831,1604,0.9494037479803196,false,677831,1604,0.9494037479803196
677831,886,0.9772645313337404,false,677831,886,0.9772645313337404
677831,632,0.9245152237665077,false,677831,632,0.9245152237665077
677831,26797,0.9780508058894125,false,677831,26797,0.9780508058894125
677831,4057,0.8338168991713822,false,677831,4057,0.8338168991713822
677831,692209,0.9759579347873355,false,677831,692209,0.9759579347873355
677831,563,0.8616742901911166,false,677831,563,0.8616742901911166
677831,83643,0.9596443824646369,false,677831,83643,0.9596443824646369
677831,498,0.7846435348048139,false,677831,498,0.7846435348048139
677831,284434,0.9689337794575554,false,677831,284434,0.9689337794575554
677831,1028,0.752463289544585,false,677831,1028,0.752463289544585
677831,646480,0.9765456855064556,false,677831,646480,0.9765456855064556
105377033,11254,0.7761498419240157,false,105377033,11254,0.7761498419240157
105377033,5694,0.8249412872922115,false,105377033,5694,0.8249412872922115
105377033,60494,0.832487626948145,false,105377033,60494,0.832487626948145
105377033,5544,0.85743395755186,false,105377033,5544,0.85743395755186
105377033,100506686,0.8975270974180037,false,105377033,100506686,0.8975270974180037
105377033,110806280,0.9331254932003858,false,105377033,110806280,0.9331254932003858
105377033,7033,0.8509169094089674,false,105377033,7033,0.8509169094089674
105377033,25804,0.7585549347715907,false,105377033,25804,0.7585549347715907
105377033,6441,0.8440231507954176,false,105377033,6441,0.8440231507954176
105377033,8091,0.7891063077084494,false,105377033,8091,0.7891063077084494
105377033,3207,0.8194623025757166,false,105377033,3207,0.8194623025757166
105377033,7356,0.8175181893148412,false,105377033,7356,0.8175181893148412
105377033,400578,0.9527410234424797,false,105377033,400578,0.9527410234424797
105377033,94025,0.8297369646382086,false,105377033,94025,0.8297369646382086
105377033,102723635,0.8165781424533209,false,105377033,102723635,0.8165781424533209
105377033,5545,0.9095219975976958,false,105377033,5545,0.9095219975976958
105377033,100506755,0.7913524772020211,false,105377033,100506755,0.7913524772020211
105377033,10586,0.8610815190441984,false,105377033,10586,0.8610815190441984
105377033,1767,0.7805781016866371,false,105377033,1767,0.7805781016866371
105377033,2619,0.923314817537878,false,105377033,2619,0.923314817537878
105377033,654433,0.9388849332610534,false,105377033,654433,0.9388849332610534
105377033,140766,0.7911547398839528,false,105377033,140766,0.7911547398839528
105377033,105,0.770554780988405,false,105377033,105,0.770554780988405
105377033,112577518,0.8595622451427234,false,105377033,112577518,0.8595622451427234
105377033,9370,0.9331254932003858,false,105377033,9370,0.9331254932003858
105377033,4069,0.8360186664962629,false,105377033,4069,0.8360186664962629
105377033,123872,0.898331501752533,false,105377033,123872,0.898331501752533
105377033,100874095,0.9331254932003858,false,105377033,100874095,0.9331254932003858
255189,641384,0.7631478460700292,false,255189,641384,0.7631478460700292
255189,10103,0.8049380189189577,false,255189,10103,0.8049380189189577
255189,3856,0.8922721611752199,false,255189,3856,0.8922721611752199
255189,1048,0.8707383961739242,false,255189,1048,0.8707383961739242
255189,100419743,0.8707975282943626,false,255189,100419743,0.8707975282943626
255189,3983,0.9453570460850576,false,255189,3983,0.9453570460850576
255189,3694,0.7683628843370045,false,255189,3694,0.7683628843370045
255189,285989,0.9350892613240095,false,255189,285989,0.9350892613240095
255189,2627,0.9294551062506857,false,255189,2627,0.9294551062506857
255189,1555,0.8500601892018861,false,255189,1555,0.8500601892018861
255189,57528,0.888986002235277,false,255189,57528,0.888986002235277
255189,201456,0.9412432702918639,false,255189,201456,0.9412432702918639
255189,57186,0.9385393311880665,false,255189,57186,0.9385393311880665
255189,6473,0.8707975282943629,false,255189,6473,0.8707975282943629
255189,102723508,0.9633469818532415,false,255189,102723508,0.9633469818532415
255189,100506658,0.9905250800135511,false,255189,100506658,0.9905250800135511
255189,341676,0.8675231194958499,false,255189,341676,0.8675231194958499
255189,10595,0.8587871461454447,false,255189,10595,0.8587871461454447
255189,4583,0.7806844903543784,false,255189,4583,0.7806844903543784
255189,55567,0.7518141533763564,false,255189,55567,0.7518141533763564
255189,5961,0.9429567133613147,false,255189,5961,0.9429567133613147
255189,7851,0.8172184900081593,false,255189,7851,0.8172184900081593
255189,692072,0.9350653662740337,false,255189,692072,0.9350653662740337
255189,55808,0.8781870499014607,false,255189,55808,0.8781870499014607
255189,999,0.8646447824396489,false,255189,999,0.8646447824396489
255189,126353,0.8159540576155968,false,255189,126353,0.8159540576155968
255189,26226,0.9731909661830453,false,255189,26226,0.9731909661830453
255189,388743,0.8803505830461397,false,255189,388743,0.8803505830461397
255189,1577,0.8222929230586904,false,255189,1577,0.8222929230586904
255189,340267,0.9843466243741853,false,255189,340267,0.9843466243741853
255189,200879,0.8763230559536005,false,255189,200879,0.8763230559536005
255189,1510,0.8650161294443655,false,255189,1510,0.8650161294443655
255189,441251,0.8267261239883065,false,255189,441251,0.8267261239883065
255189,102723849,0.7715872774420992,false,255189,102723849,0.7715872774420992
255189,6337,0.8718876436956071,false,255189,6337,0.8718876436956071
255189,57669,0.9256591327524474,false,255189,57669,0.9256591327524474
255189,57111,0.8681176912608503,false,255189,57111,0.8681176912608503
255189,116844,0.9210488231053809,false,255189,116844,0.9210488231053809
255189,10129,0.8328868528632629,false,255189,10129,0.8328868528632629
255189,4586,0.86927063656093,false,255189,4586,0.86927063656093
255189,10551,0.8567182189359887,false,255189,10551,0.8567182189359887
255189,54897,0.8966252177099602,false,255189,54897,0.8966252177099602
255189,117155,0.9466291084239766,false,255189,117155,0.9466291084239766
255189,112268155,0.940604926488785,false,255189,112268155,0.940604926488785
255189,1152,0.9052905436009359,false,255189,1152,0.9052905436009359
255189,79083,0.8869673884060246,false,255189,79083,0.8869673884060246
255189,1556,0.9965320900594052,false,255189,1556,0.9965320900594052
255189,55930,0.8318778276751094,false,255189,55930,0.8318778276751094
255189,22996,0.8062587063334414,false,255189,22996,0.8062587063334414
255189,7113,0.9011873582838026,false,255189,7113,0.9011873582838026
255189,54861,0.9331873891255412,false,255189,54861,0.9331873891255412
255189,222256,0.8403516432792054,false,255189,222256,0.8403516432792054
255189,100529240,0.7859020453166174,false,255189,100529240,0.7859020453166174
255189,113218482,0.9507338025876817,false,255189,113218482,0.9507338025876817
255189,647024,0.849911228802781,false,255189,647024,0.849911228802781
255189,255928,0.8685572101526513,false,255189,255928,0.8685572101526513
255189,8537,0.8546755663109425,false,255189,8537,0.8546755663109425
255189,10018,0.7571660586151333,false,255189,10018,0.7571660586151333
255189,115019,0.9389026262770293,false,255189,115019,0.9389026262770293
255189,168374,0.8924321257796746,false,255189,168374,0.8924321257796746
255189,143884,0.8007674562081332,false,255189,143884,0.8007674562081332
255189,3993,0.8960647183410654,false,255189,3993,0.8960647183410654
255189,389852,0.817620253820418,false,255189,389852,0.817620253820418
255189,164312,0.8511116457949536,false,255189,164312,0.8511116457949536
255189,84239,0.9313191198040617,false,255189,84239,0.9313191198040617
255189,2065,0.7612031947033,false,255189,2065,0.7612031947033
255189,135656,0.8711326407344087,false,255189,135656,0.8711326407344087
255189,3880,0.8396079056819755,false,255189,3880,0.8396079056819755
255189,3960,0.7874341315069328,false,255189,3960,0.7874341315069328
255189,23584,0.9498120517883144,false,255189,23584,0.9498120517883144
255189,153643,0.8937425243365007,false,255189,153643,0.8937425243365007
255189,112268422,0.7821899338247046,false,255189,112268422,0.7821899338247046
255189,259294,0.8364323907768214,false,255189,259294,0.8364323907768214
255189,2266,0.8141618512266718,false,255189,2266,0.8141618512266718
255189,745,0.9556560271899395,false,255189,745,0.9556560271899395
255189,440352,0.8423086387576475,false,255189,440352,0.8423086387576475
102724057,2922,0.9944421994657305,false,102724057,2922,0.9944421994657305
102724057,7125,0.9944421994657309,false,102724057,7125,0.9944421994657309
102724057,1132,0.9944421994657308,false,102724057,1132,0.9944421994657308
102724057,89,0.9944421994657305,false,102724057,89,0.9944421994657305
102724057,57526,0.8891320585427793,false,102724057,57526,0.8891320585427793
102724057,4693,0.9944421994657308,false,102724057,4693,0.9944421994657308
102724057,101929066,0.9944421994657305,false,102724057,101929066,0.9944421994657305
102724057,2696,0.9340605983230521,false,102724057,2696,0.9340605983230521
102724057,102466759,0.9944421994657305,false,102724057,102466759,0.9944421994657305
102724057,54084,0.9944421994657305,false,102724057,54084,0.9944421994657305
102724057,339983,0.9944421994657304,false,102724057,339983,0.9944421994657304
102724057,606,0.9944421994657309,false,102724057,606,0.9944421994657309
102724057,100133669,0.9944421994657304,false,102724057,100133669,0.9944421994657304
102724057,7473,0.9944421994657305,false,102724057,7473,0.9944421994657305
102724057,1180,0.9944421994657305,false,102724057,1180,0.9944421994657305
102724057,200407,0.999840592476411,false,102724057,200407,0.999840592476411
102724057,766,0.9944421994657309,false,102724057,766,0.9944421994657309
102724057,65998,0.8674378191491467,false,102724057,65998,0.8674378191491467
102724057,388327,0.9944421994657305,false,102724057,388327,0.9944421994657305
102724057,1471,0.7650782562685358,false,102724057,1471,0.7650782562685358
102724057,3780,0.9944421994657304,false,102724057,3780,0.9944421994657304
102724057,100126311,0.9944421994657304,false,102724057,100126311,0.9944421994657304
102724057,23562,0.9944421994657309,false,102724057,23562,0.9944421994657309
102724057,1746,0.9944421994657305,false,102724057,1746,0.9944421994657305
102724057,57524,0.9944421994657305,false,102724057,57524,0.9944421994657305
102724057,10331,0.9944421994657305,false,102724057,10331,0.9944421994657305
102724057,256076,0.87171820406091,false,102724057,256076,0.87171820406091
102724057,84867,0.9944421994657309,false,102724057,84867,0.9944421994657309
102724057,100130701,0.9248960323352026,false,102724057,100130701,0.9248960323352026
102724057,284680,0.996747989153264,false,102724057,284680,0.996747989153264
102724057,9771,0.8002446588050028,false,102724057,9771,0.8002446588050028
102724057,128218,0.9218475166265044,false,102724057,128218,0.9218475166265044
102724057,222183,0.9944421994657309,false,102724057,222183,0.9944421994657309
102724057,7546,0.9944421994657306,false,102724057,7546,0.9944421994657306
102724057,9699,0.9944421994657305,false,102724057,9699,0.9944421994657305
102724057,101928580,0.9944421994657305,false,102724057,101928580,0.9944421994657305
102724057,105373265,0.9031483276590202,false,102724057,105373265,0.9031483276590202
102724057,9211,0.9928844380131979,false,102724057,9211,0.9928844380131979
102724057,100874002,0.999840592476411,false,102724057,100874002,0.999840592476411
102724057,440590,0.9944421994657305,false,102724057,440590,0.9944421994657305
102724057,1515,0.9944421994657309,false,102724057,1515,0.9944421994657309
102724057,4606,0.9944421994657305,false,102724057,4606,0.9944421994657305
10568,33,0.8272962003985721,false,10568,33,0.8272962003985721
10568,375612,0.7648346176053211,false,10568,375612,0.7648346176053211
10568,9914,0.7800196910708093,false,10568,9914,0.7800196910708093
10568,56241,0.8562413930273569,false,10568,56241,0.8562413930273569
10568,163720,0.7681178453319648,false,10568,163720,0.7681178453319648
10568,722,0.8257656640536046,false,10568,722,0.8257656640536046
10568,146177,0.9259356570082383,false,10568,146177,0.9259356570082383
10568,728226,0.7817972262197319,false,10568,728226,0.7817972262197319
10568,81615,0.7691616583355814,false,10568,81615,0.7691616583355814
10568,221395,0.8731438250122033,false,10568,221395,0.8731438250122033
10568,54842,0.858281265662226,false,10568,54842,0.858281265662226
10568,107985317,0.7707255108104681,false,10568,107985317,0.7707255108104681
10568,128602,0.777026924492339,false,10568,128602,0.777026924492339
10568,2595,0.7653618547425793,false,10568,2595,0.7653618547425793
10568,253970,0.8719292296113174,false,10568,253970,0.8719292296113174
10568,4070,0.9643142332024115,false,10568,4070,0.9643142332024115
10568,825,0.7787779749592355,false,10568,825,0.7787779749592355
10568,124944,0.9255973251682156,false,10568,124944,0.9255973251682156
10568,93517,0.7753446305815546,false,10568,93517,0.7753446305815546
10568,101927516,0.791941833237368,false,10568,101927516,0.791941833237368
10568,27074,0.8318172511494287,false,10568,27074,0.8318172511494287
10568,54848,0.8620593694664876,false,10568,54848,0.8620593694664876
10568,79632,0.8860492709589831,false,10568,79632,0.8860492709589831
10568,9476,0.9410384681313276,false,10568,9476,0.9410384681313276
10568,2122,0.8099927716658413,false,10568,2122,0.8099927716658413
10568,84059,0.8284903479358564,false,10568,84059,0.8284903479358564
10568,6097,0.8643566821353726,false,10568,6097,0.8643566821353726
10568,120892,0.8624293086890548,false,10568,120892,0.8624293086890548
10568,113219467,0.8786689242178464,false,10568,113219467,0.8786689242178464
10568,123624,0.8044588656964751,false,10568,123624,0.8044588656964751
10568,391253,0.8493924266720477,false,10568,391253,0.8493924266720477
10568,220136,0.9138492230038443,false,10568,220136,0.9138492230038443
10568,693188,0.8003999993382235,false,10568,693188,0.8003999993382235
10568,6799,0.9366834382188198,false,10568,6799,0.9366834382188198
10568,389376,0.9765612550062533,false,10568,389376,0.9765612550062533
10568,353189,0.8999197309196407,false,10568,353189,0.8999197309196407
10568,84525,0.769713098570327,false,10568,84525,0.769713098570327
10568,4861,0.7694449270846095,false,10568,4861,0.7694449270846095
10568,10203,0.8217472007888205,false,10568,10203,0.8217472007888205
10568,1080,0.9092573651471231,false,10568,1080,0.9092573651471231
10568,56955,0.7705714152687795,false,10568,56955,0.7705714152687795
10568,653509,0.9479658208403104,false,10568,653509,0.9479658208403104
10568,79098,0.8157320289980475,false,10568,79098,0.8157320289980475
10568,144535,0.8139655252905169,false,10568,144535,0.8139655252905169
10568,144571,0.8227653265793704,false,10568,144571,0.8227653265793704
10568,26298,0.8251047045504744,false,10568,26298,0.8251047045504744
10568,165186,0.7805441248884779,false,10568,165186,0.7805441248884779
641384,100130449,0.9749604453554426,false,641384,100130449,0.9749604453554426
641384,10103,0.9067092128832734,false,641384,10103,0.9067092128832734
641384,1048,0.9440913815976367,false,641384,1048,0.9440913815976367
641384,100419743,0.9441502071961628,false,641384,100419743,0.9441502071961628
641384,3983,0.8628701051384551,false,641384,3983,0.8628701051384551
641384,3694,0.8124469852697165,false,641384,3694,0.8124469852697165
641384,285989,0.9238292299752737,false,641384,285989,0.9238292299752737
641384,2627,0.8418763229144091,false,641384,2627,0.8418763229144091
641384,259290,0.7702919526804007,false,641384,259290,0.7702919526804007
641384,1555,0.8715786879096311,false,641384,1555,0.8715786879096311
641384,57528,0.9500075354326524,false,641384,57528,0.9500075354326524
641384,201456,0.8920440579187565,false,641384,201456,0.8920440579187565
641384,57186,0.8610374300779997,false,641384,57186,0.8610374300779997
641384,6473,0.9441502071961628,false,641384,6473,0.9441502071961628
641384,102723508,0.8220365333326058,false,641384,102723508,0.8220365333326058
641384,9356,0.8687855729075412,false,641384,9356,0.8687855729075412
641384,641776,0.8661076841350247,false,641384,641776,0.8661076841350247
641384,341676,0.8549018956416065,false,641384,341676,0.8549018956416065
641384,148213,0.9962363532668302,false,641384,148213,0.9962363532668302
641384,10595,0.8062307990866419,false,641384,10595,0.8062307990866419
641384,4583,0.8953669712862801,false,641384,4583,0.8953669712862801
641384,55567,0.903182423153829,false,641384,55567,0.903182423153829
641384,7851,0.9155345169478077,false,641384,7851,0.9155345169478077
641384,692072,0.9039209104994236,false,641384,692072,0.9039209104994236
641384,55808,0.9222964119220515,false,641384,55808,0.9222964119220515
641384,999,0.8109103484295204,false,641384,999,0.8109103484295204
641384,126353,0.933353796948568,false,641384,126353,0.933353796948568
641384,64332,0.7602856826418287,false,641384,64332,0.7602856826418287
641384,388743,0.9583317586665133,false,641384,388743,0.9583317586665133
641384,1577,0.9223965080118255,false,641384,1577,0.9223965080118255
641384,340267,0.8257647315923847,false,641384,340267,0.8257647315923847
641384,200879,0.9367810751486745,false,641384,200879,0.9367810751486745
641384,1510,0.9302903467618296,false,641384,1510,0.9302903467618296
641384,102723849,0.8429406972967229,false,641384,102723849,0.8429406972967229
641384,57669,0.7587119785057537,false,641384,57669,0.7587119785057537
641384,619383,0.8286486768461906,false,641384,619383,0.8286486768461906
641384,57111,0.9155746112802037,false,641384,57111,0.9155746112802037
641384,10129,0.9382870179720553,false,641384,10129,0.9382870179720553
641384,4586,0.9435301176401958,false,641384,4586,0.9435301176401958
641384,10551,0.9461911679854169,false,641384,10551,0.9461911679854169
641384,117155,0.924431564169856,false,641384,117155,0.924431564169856
641384,112268155,0.91380224500623,false,641384,112268155,0.91380224500623
641384,1152,0.795577118299921,false,641384,1152,0.795577118299921
641384,79083,0.9169803030933318,false,641384,79083,0.9169803030933318
641384,1556,0.7837596198412045,false,641384,1556,0.7837596198412045
641384,55930,0.9829240034704104,false,641384,55930,0.9829240034704104
641384,22996,0.8802580376667458,false,641384,22996,0.8802580376667458
641384,7113,0.8288005184240864,false,641384,7113,0.8288005184240864
641384,105180391,0.8081586506292114,false,641384,105180391,0.8081586506292114
641384,100529240,0.9310894803417014,false,641384,100529240,0.9310894803417014
641384,113218482,0.8826207644876529,false,641384,113218482,0.8826207644876529
641384,647024,0.8218506093844806,false,641384,647024,0.8218506093844806
641384,255928,0.9413772358593883,false,641384,255928,0.9413772358593883
641384,8537,0.9244266477472911,false,641384,8537,0.9244266477472911
641384,10018,0.9724316679768953,false,641384,10018,0.9724316679768953
641384,115019,0.901128458039447,false,641384,115019,0.901128458039447
641384,105180390,0.8464209683500616,false,641384,105180390,0.8464209683500616
641384,168374,0.8852731604546974,false,641384,168374,0.8852731604546974
641384,143884,0.967855429195938,false,641384,143884,0.967855429195938
641384,3993,0.941440506001016,false,641384,3993,0.941440506001016
641384,389852,0.9562033031153961,false,641384,389852,0.9562033031153961
641384,164312,0.8986151202627828,false,641384,164312,0.8986151202627828
641384,2065,0.9141657201390965,false,641384,2065,0.9141657201390965
641384,135656,0.9441014486427324,false,641384,135656,0.9441014486427324
641384,94059,0.9792013411284329,false,641384,94059,0.9792013411284329
641384,26769,0.8003508839562582,false,641384,26769,0.8003508839562582
641384,3960,0.9533665950456827,false,641384,3960,0.9533665950456827
641384,23584,0.8067682213150527,false,641384,23584,0.8067682213150527
641384,692213,0.9433011725392383,false,641384,692213,0.9433011725392383
641384,153643,0.751668008362641,false,641384,153643,0.751668008362641
641384,112268422,0.8890757955574412,false,641384,112268422,0.8890757955574412
641384,259294,0.9752258167380737,false,641384,259294,0.9752258167380737
641384,2266,0.9282659507113884,false,641384,2266,0.9282659507113884
641384,745,0.8221312469900015,false,641384,745,0.8221312469900015
641384,440352,0.7540783538220053,false,641384,440352,0.7540783538220053
100130449,10103,0.8811560008024819,false,100130449,10103,0.8811560008024819
100130449,1048,0.9090804511031254,false,100130449,1048,0.9090804511031254
100130449,100419743,0.9091660101214323,false,100130449,100419743,0.9091660101214323
100130449,79838,0.7814164847154581,false,100130449,79838,0.7814164847154581
100130449,3983,0.8186314422793849,false,100130449,3983,0.8186314422793849
100130449,3694,0.8591281568230801,false,100130449,3694,0.8591281568230801
100130449,285989,0.8711650479394947,false,100130449,285989,0.8711650479394947
100130449,2627,0.8151468698120137,false,100130449,2627,0.8151468698120137
100130449,259290,0.7785160498318753,false,100130449,259290,0.7785160498318753
100130449,1555,0.8615778299617004,false,100130449,1555,0.8615778299617004
100130449,57528,0.9510552756337382,false,100130449,57528,0.9510552756337382
100130449,201456,0.8411950356248593,false,100130449,201456,0.8411950356248593
100130449,57186,0.8282691188101873,false,100130449,57186,0.8282691188101873
100130449,6473,0.9091660101214323,false,100130449,6473,0.9091660101214323
100130449,102723508,0.7567025465233045,false,100130449,102723508,0.7567025465233045
100130449,9356,0.9127440665186987,false,100130449,9356,0.9127440665186987
100130449,641776,0.9309416159664502,false,100130449,641776,0.9309416159664502
100130449,341676,0.8227903540873694,false,100130449,341676,0.8227903540873694
100130449,148213,0.9889342503570315,false,100130449,148213,0.9889342503570315
100130449,10595,0.7820096410823717,false,100130449,10595,0.7820096410823717
100130449,4583,0.9372715263512577,false,100130449,4583,0.9372715263512577
100130449,55567,0.8662295088716305,false,100130449,55567,0.8662295088716305
100130449,7851,0.9602906338604271,false,100130449,7851,0.9602906338604271
100130449,692072,0.9088801669473662,false,100130449,692072,0.9088801669473662
100130449,109136579,0.7912294682271344,false,100130449,109136579,0.7912294682271344
100130449,55808,0.8906869462917196,false,100130449,55808,0.8906869462917196
100130449,999,0.7925136786460228,false,100130449,999,0.7925136786460228
100130449,126353,0.9594697138807861,false,100130449,126353,0.9594697138807861
100130449,64332,0.8416045587789636,false,100130449,64332,0.8416045587789636
100130449,388743,0.9378769949933909,false,100130449,388743,0.9378769949933909
100130449,1577,0.9617593937725635,false,100130449,1577,0.9617593937725635
100130449,340267,0.7943607261476424,false,100130449,340267,0.7943607261476424
100130449,200879,0.903044369663765,false,100130449,200879,0.903044369663765
100130449,1510,0.912816205476592,false,100130449,1510,0.912816205476592
100130449,102723849,0.9037232836433343,false,100130449,102723849,0.9037232836433343
100130449,619383,0.84487818027457,false,100130449,619383,0.84487818027457
100130449,57111,0.8849934022814547,false,100130449,57111,0.8849934022814547
100130449,10129,0.8606977323754198,false,100130449,10129,0.8606977323754198
100130449,4586,0.9092139882682194,false,100130449,4586,0.9092139882682194
100130449,10551,0.9119100244608851,false,100130449,10551,0.9119100244608851
100130449,378938,0.7977497750474403,false,100130449,378938,0.7977497750474403
100130449,117155,0.8812760323335768,false,100130449,117155,0.8812760323335768
100130449,112268155,0.9023338026510794,false,100130449,112268155,0.9023338026510794
100130449,79083,0.87698524093856,false,100130449,79083,0.87698524093856
100130449,1556,0.760405820599417,false,100130449,1556,0.760405820599417
100130449,55930,0.9406964506935142,false,100130449,55930,0.9406964506935142
100130449,22996,0.796262466399988,false,100130449,22996,0.796262466399988
100130449,7113,0.8804950584971888,false,100130449,7113,0.8804950584971888
100130449,105180391,0.879756321259368,false,100130449,105180391,0.879756321259368
100130449,100529240,0.8800542281542046,false,100130449,100529240,0.8800542281542046
100130449,113218482,0.8372959256893565,false,100130449,113218482,0.8372959256893565
100130449,647024,0.7940913236993203,false,100130449,647024,0.7940913236993203
100130449,255928,0.9085053881707134,false,100130449,255928,0.9085053881707134
100130449,8537,0.9020766814174439,false,100130449,8537,0.9020766814174439
100130449,10018,0.9740269060458563,false,100130449,10018,0.9740269060458563
100130449,115019,0.9046984052778594,false,100130449,115019,0.9046984052778594
100130449,105180390,0.9129977169151997,false,100130449,105180390,0.9129977169151997
100130449,168374,0.9243047835388879,false,100130449,168374,0.9243047835388879
100130449,645843,0.8070580351733198,false,100130449,645843,0.8070580351733198
100130449,143884,0.9370920181994286,false,100130449,143884,0.9370920181994286
100130449,3993,0.946018498793429,false,100130449,3993,0.946018498793429
100130449,389852,0.9756800890887593,false,100130449,389852,0.9756800890887593
100130449,164312,0.8704299045165743,false,100130449,164312,0.8704299045165743
100130449,84239,0.7574462292989155,false,100130449,84239,0.7574462292989155
100130449,2065,0.9719806679552756,false,100130449,2065,0.9719806679552756
100130449,135656,0.9095031259798108,false,100130449,135656,0.9095031259798108
100130449,94059,0.9244806708700434,false,100130449,94059,0.9244806708700434
100130449,3960,0.9792342103374058,false,100130449,3960,0.9792342103374058
100130449,284323,0.7821930899961129,false,100130449,284323,0.7821930899961129
100130449,23584,0.7892446797134659,false,100130449,23584,0.7892446797134659
100130449,692213,0.9680153192873314,false,100130449,692213,0.9680153192873314
100130449,112268422,0.7856446396876788,false,100130449,112268422,0.7856446396876788
100130449,259294,0.9669462885408734,false,100130449,259294,0.9669462885408734
100130449,2266,0.879091469964224,false,100130449,2266,0.879091469964224
100130449,745,0.7754248442922579,false,100130449,745,0.7754248442922579
100130449,440352,0.773709585833251,false,100130449,440352,0.773709585833251
10103,3856,0.8311985036882303,false,10103,3856,0.8311985036882303
10103,1048,0.9786047303196357,false,10103,1048,0.9786047303196357
10103,100419743,0.9786175998275456,false,10103,100419743,0.9786175998275456
10103,3983,0.9465561042479489,false,10103,3983,0.9465561042479489
10103,3694,0.9260739745189697,false,10103,3694,0.9260739745189697
10103,285989,0.9265553753166261,false,10103,285989,0.9265553753166261
10103,2627,0.9538895154981424,false,10103,2627,0.9538895154981424
10103,1555,0.989355009875827,false,10103,1555,0.989355009875827
10103,57528,0.8886307342034939,false,10103,57528,0.8886307342034939
10103,201456,0.9343137936925576,false,10103,201456,0.9343137936925576
10103,57186,0.9445855627327103,false,10103,57186,0.9445855627327103
10103,6473,0.9786175998275454,false,10103,6473,0.9786175998275454
10103,102723508,0.8730459423272116,false,10103,102723508,0.8730459423272116
10103,341676,0.9854621271794338,false,10103,341676,0.9854621271794338
10103,148213,0.9093884231759536,false,10103,148213,0.9093884231759536
10103,10595,0.9578064776703952,false,10103,10595,0.9578064776703952
10103,4583,0.9404196435208526,false,10103,4583,0.9404196435208526
10103,55567,0.9901477030048387,false,10103,55567,0.9901477030048387
10103,7851,0.829758419783959,false,10103,7851,0.829758419783959
10103,692072,0.8919378874534295,false,10103,692072,0.8919378874534295
10103,55808,0.9834871261477564,false,10103,55808,0.9834871261477564
10103,999,0.9680333417913726,false,10103,999,0.9680333417913726
10103,126353,0.9518731986197968,false,10103,126353,0.9518731986197968
10103,388743,0.9648093251490903,false,10103,388743,0.9648093251490903
10103,1577,0.8336930685059661,false,10103,1577,0.8336930685059661
10103,340267,0.8224958730284244,false,10103,340267,0.8224958730284244
10103,200879,0.9755958471605153,false,10103,200879,0.9755958471605153
10103,1510,0.9872398530044947,false,10103,1510,0.9872398530044947
10103,278,0.7599386854970506,false,10103,278,0.7599386854970506
10103,57111,0.9907152451786403,false,10103,57111,0.9907152451786403
10103,116844,0.8104862294897844,false,10103,116844,0.8104862294897844
10103,10129,0.8820513543750368,false,10103,10129,0.8820513543750368
10103,4586,0.9802201593602203,false,10103,4586,0.9802201593602203
10103,10551,0.9860353454784776,false,10103,10551,0.9860353454784776
10103,117155,0.8856525442387191,false,10103,117155,0.8856525442387191
10103,112268155,0.932070630104876,false,10103,112268155,0.932070630104876
10103,1152,0.9347686031090181,false,10103,1152,0.9347686031090181
10103,79083,0.9709470054111835,false,10103,79083,0.9709470054111835
10103,1556,0.8267864126838166,false,10103,1556,0.8267864126838166
10103,55930,0.9444902160300909,false,10103,55930,0.9444902160300909
10103,22996,0.9477137798281752,false,10103,22996,0.9477137798281752
10103,7113,0.7885835302898889,false,10103,7113,0.7885835302898889
10103,54861,0.8076147360097037,false,10103,54861,0.8076147360097037
10103,222256,0.8030749800329146,false,10103,222256,0.8030749800329146
10103,100529240,0.9874093579052322,false,10103,100529240,0.9874093579052322
10103,113218482,0.9433367583094047,false,10103,113218482,0.9433367583094047
10103,647024,0.9725735848130306,false,10103,647024,0.9725735848130306
10103,255928,0.9815188690748567,false,10103,255928,0.9815188690748567
10103,8537,0.991460938549326,false,10103,8537,0.991460938549326
10103,10018,0.8118443962364925,false,10103,10018,0.8118443962364925
10103,115019,0.8427820385156415,false,10103,115019,0.8427820385156415
10103,3434,0.8507953566263972,false,10103,3434,0.8507953566263972
10103,168374,0.8789976631108938,false,10103,168374,0.8789976631108938
10103,143884,0.8250245155562344,false,10103,143884,0.8250245155562344
10103,3993,0.8539871649093986,false,10103,3993,0.8539871649093986
10103,389852,0.9111349171558485,false,10103,389852,0.9111349171558485
10103,164312,0.9853389193758917,false,10103,164312,0.9853389193758917
10103,2065,0.8701935576570662,false,10103,2065,0.8701935576570662
10103,135656,0.9784196010624363,false,10103,135656,0.9784196010624363
10103,94059,0.8713792538533482,false,10103,94059,0.8713792538533482
10103,26769,0.8019857335775205,false,10103,26769,0.8019857335775205
10103,3960,0.840392000892541,false,10103,3960,0.840392000892541
10103,692213,0.7543867942959752,false,10103,692213,0.7543867942959752
10103,153643,0.9261341554789124,false,10103,153643,0.9261341554789124
10103,112268422,0.8797411924770207,false,10103,112268422,0.8797411924770207
10103,259294,0.8892233594978812,false,10103,259294,0.8892233594978812
10103,2266,0.9802528899070161,false,10103,2266,0.9802528899070161
10103,745,0.9253690252793471,false,10103,745,0.9253690252793471
3856,1048,0.8046755302073565,false,3856,1048,0.8046755302073565
3856,100419743,0.804782441449182,false,3856,100419743,0.804782441449182
3856,3983,0.8914380048038784,false,3856,3983,0.8914380048038784
3856,3694,0.8075474873156394,false,3856,3694,0.8075474873156394
3856,285989,0.8405958552678119,false,3856,285989,0.8405958552678119
3856,2627,0.9060695173238842,false,3856,2627,0.9060695173238842
3856,1555,0.8792960261271877,false,3856,1555,0.8792960261271877
3856,201456,0.8388296407793299,false,3856,201456,0.8388296407793299
3856,57186,0.8763574212232629,false,3856,57186,0.8763574212232629
3856,6473,0.8047824414491818,false,3856,6473,0.8047824414491818
3856,102723508,0.8342860366022492,false,3856,102723508,0.8342860366022492
3856,100506658,0.8427375991374583,false,3856,100506658,0.8427375991374583
3856,341676,0.903692464563568,false,3856,341676,0.903692464563568
3856,10595,0.9467001916400534,false,3856,10595,0.9467001916400534
3856,4583,0.8326888361411338,false,3856,4583,0.8326888361411338
3856,55567,0.8017163235020086,false,3856,55567,0.8017163235020086
3856,5961,0.8292161466875058,false,3856,5961,0.8292161466875058
3856,692072,0.8159189614720659,false,3856,692072,0.8159189614720659
3856,55808,0.8326218418850136,false,3856,55808,0.8326218418850136
3856,999,0.9412005696568835,false,3856,999,0.9412005696568835
3856,126353,0.7859349284393405,false,3856,126353,0.7859349284393405
3856,26226,0.875793381563008,false,3856,26226,0.875793381563008
3856,388743,0.7987416002410554,false,3856,388743,0.7987416002410554
3856,340267,0.8770232725277964,false,3856,340267,0.8770232725277964
3856,200879,0.8064411529418793,false,3856,200879,0.8064411529418793
3856,1510,0.8342684770466968,false,3856,1510,0.8342684770466968
3856,6337,0.8876866684088548,false,3856,6337,0.8876866684088548
3856,57111,0.8451385373773457,false,3856,57111,0.8451385373773457
3856,116844,0.9246252518175829,false,3856,116844,0.9246252518175829
3856,4586,0.8069174706759517,false,3856,4586,0.8069174706759517
3856,10551,0.8076996763272879,false,3856,10551,0.8076996763272879
3856,688,0.8304320668409244,false,3856,688,0.8304320668409244
3856,117155,0.7971426337917008,false,3856,117155,0.7971426337917008
3856,112268155,0.8490729077890952,false,3856,112268155,0.8490729077890952
3856,1152,0.8816520364585757,false,3856,1152,0.8816520364585757
3856,79083,0.8158220079417497,false,3856,79083,0.8158220079417497
3856,1556,0.88478686940961,false,3856,1556,0.88478686940961
3856,22996,0.8032745988010255,false,3856,22996,0.8032745988010255
3856,7113,0.7954249076279944,false,3856,7113,0.7954249076279944
3856,54861,0.8295154386803936,false,3856,54861,0.8295154386803936
3856,222256,0.9539567203732782,false,3856,222256,0.9539567203732782
3856,100529240,0.7586389572228261,false,3856,100529240,0.7586389572228261
3856,113218482,0.8840069699933878,false,3856,113218482,0.8840069699933878
3856,647024,0.9286532876078142,false,3856,647024,0.9286532876078142
3856,255928,0.8097937850848265,false,3856,255928,0.8097937850848265
3856,8537,0.8315112646639685,false,3856,8537,0.8315112646639685
3856,115019,0.7894675561224299,false,3856,115019,0.7894675561224299
3856,3434,0.7733139608294788,false,3856,3434,0.7733139608294788
3856,168374,0.8121354822247773,false,3856,168374,0.8121354822247773
3856,164312,0.8237339839300624,false,3856,164312,0.8237339839300624
3856,84239,0.7824064414459337,false,3856,84239,0.7824064414459337
3856,135656,0.8048257900483654,false,3856,135656,0.8048257900483654
3856,3880,0.957148002008619,false,3856,3880,0.957148002008619
3856,79784,0.7627104634666899,false,3856,79784,0.7627104634666899
3856,153643,0.9777057952968069,false,3856,153643,0.9777057952968069
3856,2266,0.7582604677325254,false,3856,2266,0.7582604677325254
3856,745,0.9066918045829717,false,3856,745,0.9066918045829717
33,375612,0.9835370890930109,false,33,375612,0.9835370890930109
33,10529,0.9019895469431364,false,33,10529,0.9019895469431364
33,286207,0.7556222725164421,false,33,286207,0.7556222725164421
33,9914,0.9681605759936608,false,33,9914,0.9681605759936608
33,56241,0.9138250899967341,false,33,56241,0.9138250899967341
33,163720,0.9370335217866402,false,33,163720,0.9370335217866402
33,722,0.9942995051055221,false,33,722,0.9942995051055221
33,6751,0.7821842032709135,false,33,6751,0.7821842032709135
33,79908,0.9736896933818053,false,33,79908,0.9736896933818053
33,388323,0.899730776199989,false,33,388323,0.899730776199989
33,51185,0.8697224097631662,false,33,51185,0.8697224097631662
33,130367,0.9288094444439038,false,33,130367,0.9288094444439038
33,285335,0.8542081354053469,false,33,285335,0.8542081354053469
33,146177,0.9462811078271455,false,33,146177,0.9462811078271455
33,728226,0.984666736654686,false,33,728226,0.984666736654686
33,81615,0.9670719882544633,false,33,81615,0.9670719882544633
33,200373,0.9368005071157797,false,33,200373,0.9368005071157797
33,102723382,0.9141366733686225,false,33,102723382,0.9141366733686225
33,474354,0.9663088804682909,false,33,474354,0.9663088804682909
33,221395,0.8900717596477673,false,33,221395,0.8900717596477673
33,54842,0.9297543871839101,false,33,54842,0.9297543871839101
33,107985317,0.9888627527023023,false,33,107985317,0.9888627527023023
33,128602,0.9832578385475946,false,33,128602,0.9832578385475946
33,54997,0.8650913992735657,false,33,54997,0.8650913992735657
33,2595,0.9697981890072671,false,33,2595,0.9697981890072671
33,9223,0.9149085625245732,false,33,9223,0.9149085625245732
33,253970,0.9721055576197521,false,33,253970,0.9721055576197521
33,503645,0.9317872121025925,false,33,503645,0.9317872121025925
33,4070,0.9409066655492444,false,33,4070,0.9409066655492444
33,346007,0.955425191488123,false,33,346007,0.955425191488123
33,116984,0.9613968142482925,false,33,116984,0.9613968142482925
33,825,0.9804212262766377,false,33,825,0.9804212262766377
33,137872,0.8609530858792575,false,33,137872,0.8609530858792575
33,100033430,0.7592717540340684,false,33,100033430,0.7592717540340684
33,124944,0.9064959484340023,false,33,124944,0.9064959484340023
33,93517,0.9885777430234157,false,33,93517,0.9885777430234157
33,130271,0.7720348980242826,false,33,130271,0.7720348980242826
33,101927516,0.9968236349347985,false,33,101927516,0.9968236349347985
33,285,0.9528960164041128,false,33,285,0.9528960164041128
33,27074,0.9470729250214673,false,33,27074,0.9470729250214673
33,100996506,0.8981695711116526,false,33,100996506,0.8981695711116526
33,66002,0.9160515859059822,false,33,66002,0.9160515859059822
33,79632,0.9517706713467141,false,33,79632,0.9517706713467141
33,100505495,0.97708634965955,false,33,100505495,0.97708634965955
33,7620,0.8055382724245459,false,33,7620,0.8055382724245459
33,4179,0.7637143338828263,false,33,4179,0.7637143338828263
33,9476,0.9492655530703996,false,33,9476,0.9492655530703996
33,151531,0.9000794897305838,false,33,151531,0.9000794897305838
33,105371242,0.80520325086963,false,33,105371242,0.80520325086963
33,2122,0.9953073442658095,false,33,2122,0.9953073442658095
33,84059,0.935640299913649,false,33,84059,0.935640299913649
33,121512,0.8291482129162002,false,33,121512,0.8291482129162002
33,6097,0.9828543705349073,false,33,6097,0.9828543705349073
33,120892,0.9817896571756357,false,33,120892,0.9817896571756357
33,113219467,0.8513933802435639,false,33,113219467,0.8513933802435639
33,123624,0.9911765539181481,false,33,123624,0.9911765539181481
33,391253,0.9915398654765579,false,33,391253,0.9915398654765579
33,693188,0.9701627751784337,false,33,693188,0.9701627751784337
33,6799,0.7820358971341311,false,33,6799,0.7820358971341311
33,353189,0.9163253847003038,false,33,353189,0.9163253847003038
33,776,0.8616061819099613,false,33,776,0.8616061819099613
33,84851,0.9488684331257341,false,33,84851,0.9488684331257341
33,84525,0.9151710999939876,false,33,84525,0.9151710999939876
33,4861,0.9878938519343906,false,33,4861,0.9878938519343906
33,10203,0.9791308218098533,false,33,10203,0.9791308218098533
33,1080,0.9282117264263314,false,33,1080,0.9282117264263314
33,65217,0.7820464175499567,false,33,65217,0.7820464175499567
33,105372793,0.9153928545547999,false,33,105372793,0.9153928545547999
33,56955,0.9872382548243555,false,33,56955,0.9872382548243555
33,653509,0.8544132753784188,false,33,653509,0.8544132753784188
33,55282,0.9165565850870717,false,33,55282,0.9165565850870717
33,79098,0.9756450257419885,false,33,79098,0.9756450257419885
33,144535,0.9583591077428897,false,33,144535,0.9583591077428897
33,649946,0.9569529317827651,false,33,649946,0.9569529317827651
33,144571,0.9863666968602356,false,33,144571,0.9863666968602356
33,165186,0.9931144719463826,false,33,165186,0.9931144719463826
33,102465485,0.9518905076005763,false,33,102465485,0.9518905076005763
33,100033436,0.9738725147297761,false,33,100033436,0.9738725147297761
1770,11254,0.8608625225674871,false,1770,11254,0.8608625225674871
1770,286207,0.89061343003972,false,1770,286207,0.89061343003972
1770,54848,0.8277844591481438,false,1770,54848,0.8277844591481438
1770,113219467,0.8044004798658333,false,1770,113219467,0.8044004798658333
1770,26298,0.8876474153783969,false,1770,26298,0.8876474153783969
1048,100419743,0.9999999194284388,false,1048,100419743,0.9999999194284388
1048,3983,0.9731101981851341,false,1048,3983,0.9731101981851341
1048,3694,0.9091494047976458,false,1048,3694,0.9091494047976458
1048,285989,0.9677380894167192,false,1048,285989,0.9677380894167192
1048,2627,0.9682359000129473,false,1048,2627,0.9682359000129473
1048,1555,0.9737880931753057,false,1048,1555,0.9737880931753057
1048,57528,0.952347048910644,false,1048,57528,0.952347048910644
1048,201456,0.9794234575547284,false,1048,201456,0.9794234575547284
1048,57186,0.9749294967567721,false,1048,57186,0.9749294967567721
1048,6473,0.9999999194284389,false,1048,6473,0.9999999194284389
1048,102723508,0.9350400804454648,false,1048,102723508,0.9350400804454648
1048,9356,0.794175397321997,false,1048,9356,0.794175397321997
1048,641776,0.7714209112917614,false,1048,641776,0.7714209112917614
1048,100506658,0.8201190069064526,false,1048,100506658,0.8201190069064526
1048,341676,0.9674603803288407,false,1048,341676,0.9674603803288407
1048,148213,0.9374722479399009,false,1048,148213,0.9374722479399009
1048,10595,0.9219485004130937,false,1048,10595,0.9219485004130937
1048,4583,0.9166736267188702,false,1048,4583,0.9166736267188702
1048,55567,0.9540930636188113,false,1048,55567,0.9540930636188113
1048,7851,0.8903981892256819,false,1048,7851,0.8903981892256819
1048,692072,0.950624986462949,false,1048,692072,0.950624986462949
1048,55808,0.9978271289121426,false,1048,55808,0.9978271289121426
1048,999,0.9369485611838011,false,1048,999,0.9369485611838011
1048,126353,0.9611214601396012,false,1048,126353,0.9611214601396012
1048,26226,0.8068889050705029,false,1048,26226,0.8068889050705029
1048,388743,0.995226628020549,false,1048,388743,0.995226628020549
1048,1577,0.8966753170449357,false,1048,1577,0.8966753170449357
1048,340267,0.8842202042645547,false,1048,340267,0.8842202042645547
1048,200879,0.9994850784201953,false,1048,200879,0.9994850784201953
1048,1510,0.9952816140250385,false,1048,1510,0.9952816140250385
1048,102723849,0.7909440373242029,false,1048,102723849,0.7909440373242029
1048,57669,0.7825116642139639,false,1048,57669,0.7825116642139639
1048,57111,0.9948667615684238,false,1048,57111,0.9948667615684238
1048,116844,0.8217807463332837,false,1048,116844,0.8217807463332837
1048,10129,0.9188952277357101,false,1048,10129,0.9188952277357101
1048,4586,0.9999659855835741,false,1048,4586,0.9999659855835741
1048,10551,0.9988614894065364,false,1048,10551,0.9988614894065364
1048,54897,0.7923613949929367,false,1048,54897,0.7923613949929367
1048,117155,0.9533402045346225,false,1048,117155,0.9533402045346225
1048,112268155,0.9759824343613431,false,1048,112268155,0.9759824343613431
1048,1152,0.9458881356439917,false,1048,1152,0.9458881356439917
1048,79083,0.9964854023816558,false,1048,79083,0.9964854023816558
1048,1556,0.8925902764442691,false,1048,1556,0.8925902764442691
1048,55930,0.969899226480238,false,1048,55930,0.969899226480238
1048,22996,0.937032478339291,false,1048,22996,0.937032478339291
1048,7113,0.8512746272134067,false,1048,7113,0.8512746272134067
1048,54861,0.8593174069349289,false,1048,54861,0.8593174069349289
1048,222256,0.7669038531738096,false,1048,222256,0.7669038531738096
1048,100529240,0.9836187882554083,false,1048,100529240,0.9836187882554083
1048,113218482,0.9752417904039689,false,1048,113218482,0.9752417904039689
1048,647024,0.9378995841471421,false,1048,647024,0.9378995841471421
1048,255928,0.9998502436631218,false,1048,255928,0.9998502436631218
1048,8537,0.9949105045769855,false,1048,8537,0.9949105045769855
1048,10018,0.8739432566989825,false,1048,10018,0.8739432566989825
1048,115019,0.9171389004951411,false,1048,115019,0.9171389004951411
1048,3434,0.7828436384173914,false,1048,3434,0.7828436384173914
1048,168374,0.9224301701972462,false,1048,168374,0.9224301701972462
1048,143884,0.9111234522519776,false,1048,143884,0.9111234522519776
1048,3993,0.9231673387925464,false,1048,3993,0.9231673387925464
1048,389852,0.9519191803506565,false,1048,389852,0.9519191803506565
1048,164312,0.9905044249481434,false,1048,164312,0.9905044249481434
1048,84239,0.7839551133717724,false,1048,84239,0.7839551133717724
1048,2065,0.8968878399597506,false,1048,2065,0.8968878399597506
1048,135656,0.9999972989238234,false,1048,135656,0.9999972989238234
1048,94059,0.9015081618395469,false,1048,94059,0.9015081618395469
1048,3960,0.9033290158804881,false,1048,3960,0.9033290158804881
1048,23584,0.8394623384974396,false,1048,23584,0.8394623384974396
1048,692213,0.8186077446731702,false,1048,692213,0.8186077446731702
1048,153643,0.8992069436402186,false,1048,153643,0.8992069436402186
1048,112268422,0.8950230446567404,false,1048,112268422,0.8950230446567404
1048,259294,0.9521608927294162,false,1048,259294,0.9521608927294162
1048,2266,0.9911960471092256,false,1048,2266,0.9911960471092256
1048,745,0.9529228548485527,false,1048,745,0.9529228548485527
100419743,3983,0.9731165141167094,false,100419743,3983,0.9731165141167094
100419743,3694,0.9091330533467245,false,100419743,3694,0.9091330533467245
100419743,285989,0.9678009394212059,false,100419743,285989,0.9678009394212059
100419743,2627,0.968231705664607,false,100419743,2627,0.968231705664607
100419743,1555,0.9737945012464662,false,100419743,1555,0.9737945012464662
100419743,57528,0.9523891977617882,false,100419743,57528,0.9523891977617882
100419743,201456,0.9794169460763212,false,100419743,201456,0.9794169460763212
100419743,57186,0.9749155135875992,false,100419743,57186,0.9749155135875992
100419743,6473,1.0,false,100419743,6473,1.0
100419743,102723508,0.935019095451603,false,100419743,102723508,0.935019095451603
100419743,9356,0.7941755916153889,false,100419743,9356,0.7941755916153889
100419743,641776,0.7714768424619294,false,100419743,641776,0.7714768424619294
100419743,100506658,0.8201998909141649,false,100419743,100506658,0.8201998909141649
100419743,341676,0.9674789480843383,false,100419743,341676,0.9674789480843383
100419743,148213,0.9375378929984697,false,100419743,148213,0.9375378929984697
100419743,10595,0.9220210997666286,false,100419743,10595,0.9220210997666286
100419743,4583,0.9167797249420794,false,100419743,4583,0.9167797249420794
100419743,55567,0.9541298718359249,false,100419743,55567,0.9541298718359249
100419743,7851,0.8904586569097769,false,100419743,7851,0.8904586569097769
100419743,692072,0.9506613492418599,false,100419743,692072,0.9506613492418599
100419743,55808,0.9978224423602571,false,100419743,55808,0.9978224423602571
100419743,999,0.9369926640576637,false,100419743,999,0.9369926640576637
100419743,126353,0.9611574541498642,false,100419743,126353,0.9611574541498642
100419743,26226,0.8068889239897323,false,100419743,26226,0.8068889239897323
100419743,388743,0.9952473838434495,false,100419743,388743,0.9952473838434495
100419743,1577,0.8967325400279099,false,100419743,1577,0.8967325400279099
100419743,340267,0.8843297033526717,false,100419743,340267,0.8843297033526717
100419743,200879,0.9994765889401203,false,100419743,200879,0.9994765889401203
100419743,1510,0.9952924143262142,false,100419743,1510,0.9952924143262142
100419743,102723849,0.7910106930582149,false,100419743,102723849,0.7910106930582149
100419743,57669,0.7825523271899001,false,100419743,57669,0.7825523271899001
100419743,57111,0.9948690561543053,false,100419743,57111,0.9948690561543053
100419743,116844,0.8218852474928594,false,100419743,116844,0.8218852474928594
100419743,10129,0.9189907279998208,false,100419743,10129,0.9189907279998208
100419743,4586,0.9999669734144137,false,100419743,4586,0.9999669734144137
100419743,10551,0.9988697639047073,false,100419743,10551,0.9988697639047073
100419743,54897,0.79224964067221,false,100419743,54897,0.79224964067221
100419743,117155,0.9533935556992792,false,100419743,117155,0.9533935556992792
100419743,112268155,0.9760136613310443,false,100419743,112268155,0.9760136613310443
100419743,1152,0.9458511259137851,false,100419743,1152,0.9458511259137851
100419743,79083,0.9964632237714373,false,100419743,79083,0.9964632237714373
100419743,1556,0.8926286866738287,false,100419743,1556,0.8926286866738287
100419743,55930,0.9699700297746083,false,100419743,55930,0.9699700297746083
100419743,22996,0.93707740834237,false,100419743,22996,0.93707740834237
100419743,7113,0.8513739481480967,false,100419743,7113,0.8513739481480967
100419743,54861,0.8593336139147139,false,100419743,54861,0.8593336139147139
100419743,222256,0.7669838657827037,false,100419743,222256,0.7669838657827037
100419743,100529240,0.9836029810866795,false,100419743,100529240,0.9836029810866795
100419743,113218482,0.9752654630279776,false,100419743,113218482,0.9752654630279776
100419743,647024,0.9379496958800878,false,100419743,647024,0.9379496958800878
100419743,255928,0.9998505497936743,false,100419743,255928,0.9998505497936743
100419743,8537,0.9949131641495769,false,100419743,8537,0.9949131641495769
100419743,10018,0.8740563550300392,false,100419743,10018,0.8740563550300392
100419743,115019,0.9172145187326948,false,100419743,115019,0.9172145187326948
100419743,3434,0.7827294527750716,false,100419743,3434,0.7827294527750716
100419743,168374,0.9224877271383622,false,100419743,168374,0.9224877271383622
100419743,143884,0.9111490656351249,false,100419743,143884,0.9111490656351249
100419743,3993,0.9232545605007095,false,100419743,3993,0.9232545605007095
100419743,389852,0.9519464616493772,false,100419743,389852,0.9519464616493772
100419743,164312,0.9904744441904115,false,100419743,164312,0.9904744441904115
100419743,84239,0.7840217101275789,false,100419743,84239,0.7840217101275789
100419743,2065,0.8969446888492421,false,100419743,2065,0.8969446888492421
100419743,135656,0.99999725382906,false,100419743,135656,0.99999725382906
100419743,94059,0.9015984750042602,false,100419743,94059,0.9015984750042602
100419743,3960,0.9033818124551576,false,100419743,3960,0.9033818124551576
100419743,23584,0.8395085905612204,false,100419743,23584,0.8395085905612204
100419743,692213,0.8187333288381194,false,100419743,692213,0.8187333288381194
100419743,153643,0.8992682539836577,false,100419743,153643,0.8992682539836577
100419743,112268422,0.8950947276041056,false,100419743,112268422,0.8950947276041056
100419743,259294,0.9521894466401708,false,100419743,259294,0.9521894466401708
100419743,2266,0.9911591705142314,false,100419743,2266,0.9911591705142314
100419743,745,0.9529234638401574,false,100419743,745,0.9529234638401574
10917,103504738,0.7528666274919391,false,10917,103504738,0.7528666274919391
10917,100129940,0.8225481719714886,false,10917,100129940,0.8225481719714886
10917,718,0.7640468989241994,false,10917,718,0.7640468989241994
10917,25804,0.8768062816812373,false,10917,25804,0.8768062816812373
10917,6441,0.930018041263492,false,10917,6441,0.930018041263492
10917,8091,0.8831267275589625,false,10917,8091,0.8831267275589625
10917,3207,0.898543087544529,false,10917,3207,0.898543087544529
10917,7356,0.8914796814585726,false,10917,7356,0.8914796814585726
10917,109729127,0.7673816093278975,false,10917,109729127,0.7673816093278975
10917,400578,0.7874134802653726,false,10917,400578,0.7874134802653726
10917,728276,0.767995916181683,false,10917,728276,0.767995916181683
10917,100506755,0.8480248628252679,false,10917,100506755,0.8480248628252679
10917,10586,0.7543406272476111,false,10917,10586,0.7543406272476111
10917,654433,0.7855903455599444,false,10917,654433,0.7855903455599444
10917,140766,0.8527879046952688,false,10917,140766,0.8527879046952688
10917,105,0.9027932117010687,false,10917,105,0.9027932117010687
10917,57477,0.8557375127322597,false,10917,57477,0.8557375127322597
10917,123872,0.8684536746487911,false,10917,123872,0.8684536746487911
103504738,100506686,0.9045768792973835,false,103504738,100506686,0.9045768792973835
103504738,110806280,0.79424450600332,false,103504738,110806280,0.79424450600332
103504738,718,0.84136363507793,false,103504738,718,0.84136363507793
103504738,6441,0.7778150776509716,false,103504738,6441,0.7778150776509716
103504738,8091,0.8887521142194642,false,103504738,8091,0.8887521142194642
103504738,3207,0.9477628414377691,false,103504738,3207,0.9477628414377691
103504738,109729184,0.9653605312942075,false,103504738,109729184,0.9653605312942075
103504738,387882,0.7858340857624198,false,103504738,387882,0.7858340857624198
103504738,102723635,0.9812225191448772,false,103504738,102723635,0.9812225191448772
103504738,5545,0.7759317849773586,false,103504738,5545,0.7759317849773586
103504738,100506755,0.7956960775836338,false,103504738,100506755,0.7956960775836338
103504738,10586,0.9476680725191863,false,103504738,10586,0.9476680725191863
103504738,1471,0.9307358495705373,false,103504738,1471,0.9307358495705373
103504738,2619,0.9076798073600121,false,103504738,2619,0.9076798073600121
103504738,140766,0.9640849829400212,false,103504738,140766,0.9640849829400212
103504738,57710,0.9373693343579991,false,103504738,57710,0.9373693343579991
103504738,9370,0.79424450600332,false,103504738,9370,0.79424450600332
103504738,80381,0.8237679690732357,false,103504738,80381,0.8237679690732357
103504738,123872,0.7603204997104219,false,103504738,123872,0.7603204997104219
103504738,105373265,0.8419590763360864,false,103504738,105373265,0.8419590763360864
103504738,100874095,0.79424450600332,false,103504738,100874095,0.79424450600332
2922,7125,1.0,false,2922,7125,1.0
2922,1132,1.0,false,2922,1132,1.0
2922,89,1.0,false,2922,89,1.0
2922,57526,0.9053418593310791,false,2922,57526,0.9053418593310791
2922,4693,1.0,false,2922,4693,1.0
2922,101929066,1.0,false,2922,101929066,1.0
2922,2696,0.9310797377483427,false,2922,2696,0.9310797377483427
2922,102466759,1.0,false,2922,102466759,1.0
2922,54084,0.9999999999999998,false,2922,54084,0.9999999999999998
2922,339983,0.9999999999999999,false,2922,339983,0.9999999999999999
2922,606,1.0,false,2922,606,1.0
2922,100133669,0.9999999999999999,false,2922,100133669,0.9999999999999999
2922,7473,1.0,false,2922,7473,1.0
2922,1180,1.0,false,2922,1180,1.0
2922,200407,0.9924038663952792,false,2922,200407,0.9924038663952792
2922,766,1.0,false,2922,766,1.0
2922,65998,0.8358213643860699,false,2922,65998,0.8358213643860699
2922,388327,1.0,false,2922,388327,1.0
2922,3780,0.9999999999999999,false,2922,3780,0.9999999999999999
2922,100126311,0.9999999999999999,false,2922,100126311,0.9999999999999999
2922,23562,1.0,false,2922,23562,1.0
2922,1746,1.0,false,2922,1746,1.0
2922,57524,0.9999999999999997,false,2922,57524,0.9999999999999997
2922,10331,1.0,false,2922,10331,1.0
2922,256076,0.8639211505072736,false,2922,256076,0.8639211505072736
2922,84867,1.0,false,2922,84867,1.0
2922,100130701,0.8878856568027692,false,2922,100130701,0.8878856568027692
2922,284680,0.9827242789356608,false,2922,284680,0.9827242789356608
2922,9771,0.7695391096496836,false,2922,9771,0.7695391096496836
2922,128218,0.9349831907588437,false,2922,128218,0.9349831907588437
2922,222183,1.0,false,2922,222183,1.0
2922,7546,0.9999999999999998,false,2922,7546,0.9999999999999998
2922,9699,1.0,false,2922,9699,1.0
2922,101928580,1.0,false,2922,101928580,1.0
2922,105373265,0.8529273885761164,false,2922,105373265,0.8529273885761164
2922,9211,0.9993716660495695,false,2922,9211,0.9993716660495695
2922,100874002,0.9924038663952792,false,2922,100874002,0.9924038663952792
2922,440590,1.0,false,2922,440590,1.0
2922,1515,1.0,false,2922,1515,1.0
2922,4606,1.0,false,2922,4606,1.0
79838,503640,0.9164600367774967,false,79838,503640,0.9164600367774967
79838,259290,0.8643298085342854,false,79838,259290,0.8643298085342854
79838,6751,0.888673295754896,false,79838,6751,0.888673295754896
79838,51185,0.80521724579095,false,79838,51185,0.80521724579095
79838,130367,0.8607051232266413,false,79838,130367,0.8607051232266413
79838,285335,0.8938059911916114,false,79838,285335,0.8938059911916114
79838,9356,0.7870491982939284,false,79838,9356,0.7870491982939284
79838,641776,0.8660354049424758,false,79838,641776,0.8660354049424758
79838,200373,0.8039412188892002,false,79838,200373,0.8039412188892002
79838,6103,0.7774013624265975,false,79838,6103,0.7774013624265975
79838,54997,0.8656050898753118,false,79838,54997,0.8656050898753118
79838,7851,0.7977283960741233,false,79838,7851,0.7977283960741233
79838,109136579,0.9536358153040979,false,79838,109136579,0.9536358153040979
79838,64332,0.941804977661101,false,79838,64332,0.941804977661101
79838,137872,0.8830549112758389,false,79838,137872,0.8830549112758389
79838,1577,0.79109348686155,false,79838,1577,0.79109348686155
79838,100033430,0.9158961577229197,false,79838,100033430,0.9158961577229197
79838,102723849,0.8506719221781953,false,79838,102723849,0.8506719221781953
79838,89765,0.9283297231748209,false,79838,89765,0.9283297231748209
79838,619383,0.8434820844049847,false,79838,619383,0.8434820844049847
79838,378938,0.9546127110402087,false,79838,378938,0.9546127110402087
79838,285,0.7574625384778828,false,79838,285,0.7574625384778828
79838,66002,0.8276654764955169,false,79838,66002,0.8276654764955169
79838,7620,0.8629668736747802,false,79838,7620,0.8629668736747802
79838,7113,0.7722781453604015,false,79838,7113,0.7722781453604015
79838,105180391,0.8832962065177311,false,79838,105180391,0.8832962065177311
79838,151531,0.8438299090231518,false,79838,151531,0.8438299090231518
79838,10018,0.815498198043589,false,79838,10018,0.815498198043589
79838,201625,0.8186943785367733,false,79838,201625,0.8186943785367733
79838,105180390,0.8752366409873928,false,79838,105180390,0.8752366409873928
79838,692058,0.8794016880189506,false,79838,692058,0.8794016880189506
79838,645843,0.9683636251481003,false,79838,645843,0.9683636251481003
79838,121512,0.9041254672686085,false,79838,121512,0.9041254672686085
79838,3993,0.7553254333739036,false,79838,3993,0.7553254333739036
79838,2065,0.7694728259811264,false,79838,2065,0.7694728259811264
79838,776,0.76243108743521,false,79838,776,0.76243108743521
79838,3960,0.7878842598188237,false,79838,3960,0.7878842598188237
79838,284323,0.9032578812982236,false,79838,284323,0.9032578812982236
79838,65217,0.7900385191606654,false,79838,65217,0.7900385191606654
79838,692213,0.8743112295825136,false,79838,692213,0.8743112295825136
79838,440352,0.805189649005723,false,79838,440352,0.805189649005723
375612,10529,0.9062703868189969,false,375612,10529,0.9062703868189969
375612,503640,0.7652953828010939,false,375612,503640,0.7652953828010939
375612,9914,0.9400292445739356,false,375612,9914,0.9400292445739356
375612,56241,0.8566867739619404,false,375612,56241,0.8566867739619404
375612,163720,0.9193526329987978,false,375612,163720,0.9193526329987978
375612,722,0.987267810039715,false,375612,722,0.987267810039715
375612,6751,0.8474770589186016,false,375612,6751,0.8474770589186016
375612,79908,0.9951513980497678,false,375612,79908,0.9951513980497678
375612,388323,0.8788588527033339,false,375612,388323,0.8788588527033339
375612,51185,0.8663081265753182,false,375612,51185,0.8663081265753182
375612,130367,0.9295996344620355,false,375612,130367,0.9295996344620355
375612,285335,0.8530626103106299,false,375612,285335,0.8530626103106299
375612,146177,0.9121953921425336,false,375612,146177,0.9121953921425336
375612,728226,0.9994893069076222,false,375612,728226,0.9994893069076222
375612,81615,0.9413336626525957,false,375612,81615,0.9413336626525957
375612,200373,0.9413687132044924,false,375612,200373,0.9413687132044924
375612,5787,0.7617102249713702,false,375612,5787,0.7617102249713702
375612,102723382,0.8897436056942747,false,375612,102723382,0.8897436056942747
375612,474354,0.979562936233861,false,375612,474354,0.979562936233861
375612,221395,0.8941916415655128,false,375612,221395,0.8941916415655128
375612,54842,0.8899644736932671,false,375612,54842,0.8899644736932671
375612,107985317,0.9975653225072815,false,375612,107985317,0.9975653225072815
375612,128602,0.9752994905942166,false,375612,128602,0.9752994905942166
375612,54997,0.912114960621575,false,375612,54997,0.912114960621575
375612,2595,0.9471259690760565,false,375612,2595,0.9471259690760565
375612,9223,0.9221832099934018,false,375612,9223,0.9221832099934018
375612,253970,0.9422374596185656,false,375612,253970,0.9422374596185656
375612,503645,0.9334734937213173,false,375612,503645,0.9334734937213173
375612,4070,0.8911720506454173,false,375612,4070,0.8911720506454173
375612,346007,0.946442761621051,false,375612,346007,0.946442761621051
375612,116984,0.9534432351794583,false,375612,116984,0.9534432351794583
375612,825,0.9675060595230598,false,375612,825,0.9675060595230598
375612,137872,0.903766752695147,false,375612,137872,0.903766752695147
375612,100033430,0.811058987721243,false,375612,100033430,0.811058987721243
375612,124944,0.8913508734923198,false,375612,124944,0.8913508734923198
375612,93517,0.999004581917304,false,375612,93517,0.999004581917304
375612,130271,0.7949809579768048,false,375612,130271,0.7949809579768048
375612,101927516,0.9899018563880887,false,375612,101927516,0.9899018563880887
375612,285,0.9743604243511682,false,375612,285,0.9743604243511682
375612,27074,0.9401530245507331,false,375612,27074,0.9401530245507331
375612,100996506,0.9021145292986771,false,375612,100996506,0.9021145292986771
375612,66002,0.9520268181500949,false,375612,66002,0.9520268181500949
375612,79632,0.909938210253663,false,375612,79632,0.909938210253663
375612,100505495,0.9964925418390407,false,375612,100505495,0.9964925418390407
375612,7620,0.8706060635241529,false,375612,7620,0.8706060635241529
375612,9476,0.921830575436424,false,375612,9476,0.921830575436424
375612,151531,0.936304449944483,false,375612,151531,0.936304449944483
375612,105371242,0.8588823711663133,false,375612,105371242,0.8588823711663133
375612,692058,0.7937104773801842,false,375612,692058,0.7937104773801842
375612,2122,0.9917829692756183,false,375612,2122,0.9917829692756183
375612,84059,0.885129299588769,false,375612,84059,0.885129299588769
375612,121512,0.8772300627666804,false,375612,121512,0.8772300627666804
375612,6097,0.9550187464419423,false,375612,6097,0.9550187464419423
375612,120892,0.9389284576645184,false,375612,120892,0.9389284576645184
375612,113219467,0.7925535773225991,false,375612,113219467,0.7925535773225991
375612,123624,0.9875635305615091,false,375612,123624,0.9875635305615091
375612,391253,0.9841492569741916,false,375612,391253,0.9841492569741916
375612,693188,0.9696645596954954,false,375612,693188,0.9696645596954954
375612,353189,0.9049650444569225,false,375612,353189,0.9049650444569225
375612,776,0.9249990547798654,false,375612,776,0.9249990547798654
375612,84851,0.936030144099385,false,375612,84851,0.936030144099385
375612,84525,0.8670783049683551,false,375612,84525,0.8670783049683551
375612,4861,0.9986499193142082,false,375612,4861,0.9986499193142082
375612,10203,0.9847162747006805,false,375612,10203,0.9847162747006805
375612,1080,0.8527748596358341,false,375612,1080,0.8527748596358341
375612,65217,0.8660910990257467,false,375612,65217,0.8660910990257467
375612,105372793,0.9028062934907319,false,375612,105372793,0.9028062934907319
375612,56955,0.9934915270983549,false,375612,56955,0.9934915270983549
375612,653509,0.7725309873334355,false,375612,653509,0.7725309873334355
375612,55282,0.9065108102186337,false,375612,55282,0.9065108102186337
375612,79098,0.9867268060261492,false,375612,79098,0.9867268060261492
375612,144535,0.8983425370979465,false,375612,144535,0.8983425370979465
375612,649946,0.9379801305255964,false,375612,649946,0.9379801305255964
375612,144571,0.9543839837384019,false,375612,144571,0.9543839837384019
375612,165186,0.994825465086467,false,375612,165186,0.994825465086467
375612,102465485,0.9196700893942481,false,375612,102465485,0.9196700893942481
375612,100033436,0.9552526235531524,false,375612,100033436,0.9552526235531524
10529,503640,0.7959173983543952,false,10529,503640,0.7959173983543952
10529,286207,0.8500815516608456,false,10529,286207,0.8500815516608456
10529,9914,0.8088640162757627,false,10529,9914,0.8088640162757627
10529,163720,0.7507918498937463,false,10529,163720,0.7507918498937463
10529,722,0.8643662902667336,false,10529,722,0.8643662902667336
10529,6751,0.8177901253218651,false,10529,6751,0.8177901253218651
10529,79908,0.932026698346649,false,10529,79908,0.932026698346649
10529,388323,0.966325110247457,false,10529,388323,0.966325110247457
10529,51185,0.9913672606245689,false,10529,51185,0.9913672606245689
10529,130367,0.9023945898028956,false,10529,130367,0.9023945898028956
10529,285335,0.9228612509754975,false,10529,285335,0.9228612509754975
10529,728226,0.9041626530681381,false,10529,728226,0.9041626530681381
10529,81615,0.8160807892252677,false,10529,81615,0.8160807892252677
10529,200373,0.9552867843814848,false,10529,200373,0.9552867843814848
10529,102723382,0.9533381223952702,false,10529,102723382,0.9533381223952702
10529,474354,0.9637645011456089,false,10529,474354,0.9637645011456089
10529,54842,0.7570876661532926,false,10529,54842,0.7570876661532926
10529,107985317,0.9233853747813418,false,10529,107985317,0.9233853747813418
10529,128602,0.8481761598951749,false,10529,128602,0.8481761598951749
10529,54997,0.8710680811286576,false,10529,54997,0.8710680811286576
10529,2595,0.8238801375243341,false,10529,2595,0.8238801375243341
10529,253970,0.8202514630727895,false,10529,253970,0.8202514630727895
10529,109136579,0.7926162209249642,false,10529,109136579,0.7926162209249642
10529,503645,0.8180826470702742,false,10529,503645,0.8180826470702742
10529,4070,0.7834797836646102,false,10529,4070,0.7834797836646102
10529,346007,0.9562070595030163,false,10529,346007,0.9562070595030163
10529,116984,0.880816544292451,false,10529,116984,0.880816544292451
10529,825,0.8401426153374238,false,10529,825,0.8401426153374238
10529,137872,0.9048639802240915,false,10529,137872,0.9048639802240915
10529,100033430,0.7902070128083808,false,10529,100033430,0.7902070128083808
10529,93517,0.9146188682011267,false,10529,93517,0.9146188682011267
10529,101927516,0.9266476026739205,false,10529,101927516,0.9266476026739205
10529,378938,0.7854662298474588,false,10529,378938,0.7854662298474588
10529,285,0.9671409525360428,false,10529,285,0.9671409525360428
10529,27074,0.8155455583521938,false,10529,27074,0.8155455583521938
10529,100996506,0.9624098655719991,false,10529,100996506,0.9624098655719991
10529,66002,0.9060969470864789,false,10529,66002,0.9060969470864789
10529,79632,0.8066958551137597,false,10529,79632,0.8066958551137597
10529,100505495,0.9207323431721002,false,10529,100505495,0.9207323431721002
10529,7620,0.8881146261712182,false,10529,7620,0.8881146261712182
10529,4179,0.8452417722276674,false,10529,4179,0.8452417722276674
10529,9476,0.8023426514606522,false,10529,9476,0.8023426514606522
10529,151531,0.8903228537283944,false,10529,151531,0.8903228537283944
10529,201625,0.895803657678776,false,10529,201625,0.895803657678776
10529,692058,0.9315208674425914,false,10529,692058,0.9315208674425914
10529,2122,0.8995484056857147,false,10529,2122,0.8995484056857147
10529,84059,0.7504697910588873,false,10529,84059,0.7504697910588873
10529,121512,0.8665701842982945,false,10529,121512,0.8665701842982945
10529,6097,0.8143021049348672,false,10529,6097,0.8143021049348672
10529,120892,0.8728685232362924,false,10529,120892,0.8728685232362924
10529,113219467,0.7786136943943776,false,10529,113219467,0.7786136943943776
10529,123624,0.8881342784593863,false,10529,123624,0.8881342784593863
10529,391253,0.9014148522911914,false,10529,391253,0.9014148522911914
10529,693188,0.9358128888750534,false,10529,693188,0.9358128888750534
10529,353189,0.8274876012091174,false,10529,353189,0.8274876012091174
10529,776,0.8249838018140033,false,10529,776,0.8249838018140033
10529,84851,0.9844749694082532,false,10529,84851,0.9844749694082532
10529,4861,0.9195964978549117,false,10529,4861,0.9195964978549117
10529,10203,0.8372005692044651,false,10529,10203,0.8372005692044651
10529,1080,0.8148231504948732,false,10529,1080,0.8148231504948732
10529,65217,0.853812280369548,false,10529,65217,0.853812280369548
10529,105372793,0.9736056549078248,false,10529,105372793,0.9736056549078248
10529,56955,0.8774664824043498,false,10529,56955,0.8774664824043498
10529,79098,0.8734199445904591,false,10529,79098,0.8734199445904591
10529,144535,0.8891366079436531,false,10529,144535,0.8891366079436531
10529,649946,0.8831363158196495,false,10529,649946,0.8831363158196495
10529,144571,0.848356417401955,false,10529,144571,0.848356417401955
10529,165186,0.8957531045495304,false,10529,165186,0.8957531045495304
10529,102465485,0.8796359574789169,false,10529,102465485,0.8796359574789169
10529,100033436,0.9603775527940169,false,10529,100033436,0.9603775527940169
11254,60494,0.7929688585798534,false,11254,60494,0.7929688585798534
11254,25804,0.8156485817423517,false,11254,25804,0.8156485817423517
11254,54848,0.7611310981238768,false,11254,54848,0.7611310981238768
11254,1767,0.7680075763183305,false,11254,1767,0.7680075763183305
11254,112577518,0.7601263617919118,false,11254,112577518,0.7601263617919118
3983,3694,0.8791491705391794,false,3983,3694,0.8791491705391794
3983,285989,0.9745402859416729,false,3983,285989,0.9745402859416729
3983,2627,0.9940066797752833,false,3983,2627,0.9940066797752833
3983,1555,0.9640709708791031,false,3983,1555,0.9640709708791031
3983,57528,0.9197567815049872,false,3983,57528,0.9197567815049872
3983,201456,0.9934569179162895,false,3983,201456,0.9934569179162895
3983,57186,0.9959585928583355,false,3983,57186,0.9959585928583355
3983,6473,0.9731165141167094,false,3983,6473,0.9731165141167094
3983,102723508,0.9800829571740711,false,3983,102723508,0.9800829571740711
3983,100506658,0.9006275413233208,false,3983,100506658,0.9006275413233208
3983,341676,0.9748938941564466,false,3983,341676,0.9748938941564466
3983,148213,0.8486457195932618,false,3983,148213,0.8486457195932618
3983,10595,0.9470156068630248,false,3983,10595,0.9470156068630248
3983,4583,0.872817202309461,false,3983,4583,0.872817202309461
3983,55567,0.9114677916145899,false,3983,55567,0.9114677916145899
3983,5961,0.8549888185444406,false,3983,5961,0.8549888185444406
3983,7851,0.838182113594043,false,3983,7851,0.838182113594043
3983,692072,0.9481537432049608,false,3983,692072,0.9481537432049608
3983,55808,0.9805503097603211,false,3983,55808,0.9805503097603211
3983,999,0.958654511775099,false,3983,999,0.958654511775099
3983,126353,0.9107838050351763,false,3983,126353,0.9107838050351763
3983,26226,0.9160591709336918,false,3983,26226,0.9160591709336918
3983,388743,0.9639774303780803,false,3983,388743,0.9639774303780803
3983,1577,0.8444573699199969,false,3983,1577,0.8444573699199969
3983,340267,0.9366169930988192,false,3983,340267,0.9366169930988192
3983,200879,0.9757743799400648,false,3983,200879,0.9757743799400648
3983,1510,0.9697724337859196,false,3983,1510,0.9697724337859196
3983,6337,0.8357247259098638,false,3983,6337,0.8357247259098638
3983,57669,0.8284897907950323,false,3983,57669,0.8284897907950323
3983,57111,0.9779918289584144,false,3983,57111,0.9779918289584144
3983,116844,0.9103203914950163,false,3983,116844,0.9103203914950163
3983,10129,0.8951019002641545,false,3983,10129,0.8951019002641545
3983,4586,0.9729013791075151,false,3983,4586,0.9729013791075151
3983,10551,0.968059103857745,false,3983,10551,0.968059103857745
3983,54897,0.8839515282668935,false,3983,54897,0.8839515282668935
3983,117155,0.957984519870898,false,3983,117155,0.957984519870898
3983,112268155,0.9768510038381867,false,3983,112268155,0.9768510038381867
3983,1152,0.9852363244178111,false,3983,1152,0.9852363244178111
3983,79083,0.9831676590063154,false,3983,79083,0.9831676590063154
3983,1556,0.9562076460164346,false,3983,1556,0.9562076460164346
3983,55930,0.9229290538747557,false,3983,55930,0.9229290538747557
3983,22996,0.9275695943630529,false,3983,22996,0.9275695943630529
3983,7113,0.8569303391820071,false,3983,7113,0.8569303391820071
3983,54861,0.9340027070213947,false,3983,54861,0.9340027070213947
3983,222256,0.8675550654515339,false,3983,222256,0.8675550654515339
3983,100529240,0.9384325533599972,false,3983,100529240,0.9384325533599972
3983,113218482,0.9980085282221232,false,3983,113218482,0.9980085282221232
3983,647024,0.9538569394102233,false,3983,647024,0.9538569394102233
3983,255928,0.9730930315650406,false,3983,255928,0.9730930315650406
3983,8537,0.9689900708448894,false,3983,8537,0.9689900708448894
3983,10018,0.7952064703301095,false,3983,10018,0.7952064703301095
3983,115019,0.9179779111990409,false,3983,115019,0.9179779111990409
3983,3434,0.8118359254806788,false,3983,3434,0.8118359254806788
3983,168374,0.9082468521825835,false,3983,168374,0.9082468521825835
3983,143884,0.8463937863759436,false,3983,143884,0.8463937863759436
3983,3993,0.8974595701179664,false,3983,3993,0.8974595701179664
3983,389852,0.8915245080734272,false,3983,389852,0.8915245080734272
3983,164312,0.970947148210305,false,3983,164312,0.970947148210305
3983,84239,0.8339224228094242,false,3983,84239,0.8339224228094242
3983,2065,0.827664172566528,false,3983,2065,0.827664172566528
3983,135656,0.9731280517401271,false,3983,135656,0.9731280517401271
3983,3880,0.8135094390908052,false,3983,3880,0.8135094390908052
3983,94059,0.8216165469144959,false,3983,94059,0.8216165469144959
3983,3960,0.8317186402786085,false,3983,3960,0.8317186402786085
3983,23584,0.873772061260827,false,3983,23584,0.873772061260827
3983,153643,0.9502762835384593,false,3983,153643,0.9502762835384593
3983,112268422,0.8775043149709651,false,3983,112268422,0.8775043149709651
3983,259294,0.8948773490327383,false,3983,259294,0.8948773490327383
3983,2266,0.9527311747577758,false,3983,2266,0.9527311747577758
3983,745,0.9969764566709373,false,3983,745,0.9969764566709373
3694,285989,0.8142187180477145,false,3694,285989,0.8142187180477145
3694,2627,0.91905026824422,false,3694,2627,0.91905026824422
3694,1555,0.9570881027778435,false,3694,1555,0.9570881027778435
3694,57528,0.8764614813946895,false,3694,57528,0.8764614813946895
3694,201456,0.8620273297922907,false,3694,201456,0.8620273297922907
3694,57186,0.9066957024163775,false,3694,57186,0.9066957024163775
3694,6473,0.9091330533467243,false,3694,6473,0.9091330533467243
3694,102723508,0.7983497924172757,false,3694,102723508,0.7983497924172757
3694,9356,0.7762359118779223,false,3694,9356,0.7762359118779223
3694,641776,0.7731863838703792,false,3694,641776,0.7731863838703792
3694,341676,0.9128129127914079,false,3694,341676,0.9128129127914079
3694,148213,0.838417594384623,false,3694,148213,0.838417594384623
3694,10595,0.874997005879809,false,3694,10595,0.874997005879809
3694,4583,0.9403339031009798,false,3694,4583,0.9403339031009798
3694,55567,0.8755205271729417,false,3694,55567,0.8755205271729417
3694,7851,0.8803988711848061,false,3694,7851,0.8803988711848061
3694,692072,0.8993272231569724,false,3694,692072,0.8993272231569724
3694,55808,0.9237621709320215,false,3694,55808,0.9237621709320215
3694,999,0.90954683518502,false,3694,999,0.90954683518502
3694,126353,0.9641857236920374,false,3694,126353,0.9641857236920374
3694,388743,0.9132982284093953,false,3694,388743,0.9132982284093953
3694,1577,0.87677153767976,false,3694,1577,0.87677153767976
3694,340267,0.7507379491960935,false,3694,340267,0.7507379491960935
3694,200879,0.9144320509104569,false,3694,200879,0.9144320509104569
3694,1510,0.9408574124842197,false,3694,1510,0.9408574124842197
3694,102723849,0.7882754892117056,false,3694,102723849,0.7882754892117056
3694,57111,0.9264586382392302,false,3694,57111,0.9264586382392302
3694,4586,0.9109323539764371,false,3694,4586,0.9109323539764371
3694,10551,0.9097501801793603,false,3694,10551,0.9097501801793603
3694,117155,0.8028527201599349,false,3694,117155,0.8028527201599349
3694,112268155,0.9084047910938068,false,3694,112268155,0.9084047910938068
3694,1152,0.8525399564651543,false,3694,1152,0.8525399564651543
3694,79083,0.9092835449639988,false,3694,79083,0.9092835449639988
3694,1556,0.8088139171422286,false,3694,1556,0.8088139171422286
3694,55930,0.8221868139325339,false,3694,55930,0.8221868139325339
3694,22996,0.7641072046045326,false,3694,22996,0.7641072046045326
3694,7113,0.8559607232544564,false,3694,7113,0.8559607232544564
3694,100529240,0.8812936942288988,false,3694,100529240,0.8812936942288988
3694,113218482,0.8659038817845394,false,3694,113218482,0.8659038817845394
3694,647024,0.890871745483502,false,3694,647024,0.890871745483502
3694,255928,0.9148486295330192,false,3694,255928,0.9148486295330192
3694,8537,0.9384168423186827,false,3694,8537,0.9384168423186827
3694,115019,0.8354172589515315,false,3694,115019,0.8354172589515315
3694,3434,0.7945870179288335,false,3694,3434,0.7945870179288335
3694,1043,0.7908874518965321,false,3694,1043,0.7908874518965321
3694,168374,0.9292597658828267,false,3694,168374,0.9292597658828267
3694,143884,0.7579023797969866,false,3694,143884,0.7579023797969866
3694,3993,0.8313413176310452,false,3694,3993,0.8313413176310452
3694,389852,0.9218144203197896,false,3694,389852,0.9218144203197896
3694,164312,0.9400411186793536,false,3694,164312,0.9400411186793536
3694,84239,0.7772752404246267,false,3694,84239,0.7772752404246267
3694,2065,0.9290816389967412,false,3694,2065,0.9290816389967412
3694,1513,0.8360810152878179,false,3694,1513,0.8360810152878179
3694,135656,0.9097657108630458,false,3694,135656,0.9097657108630458
3694,3960,0.8536595619420555,false,3694,3960,0.8536595619420555
3694,153643,0.8797192880906136,false,3694,153643,0.8797192880906136
3694,259294,0.8569692111269377,false,3694,259294,0.8569692111269377
3694,2266,0.8947134323333119,false,3694,2266,0.8947134323333119
3694,745,0.8629711466564443,false,3694,745,0.8629711466564443
285989,2627,0.949970848020601,false,285989,2627,0.949970848020601
285989,1555,0.9233519985245668,false,285989,1555,0.9233519985245668
285989,57528,0.9436968526252236,false,285989,57528,0.9436968526252236
285989,201456,0.9809691276984795,false,285989,201456,0.9809691276984795
285989,57186,0.9601261818806727,false,285989,57186,0.9601261818806727
285989,6473,0.9678009394212059,false,285989,6473,0.9678009394212059
285989,102723508,0.9595402794019825,false,285989,102723508,0.9595402794019825
285989,100506658,0.9117613886384626,false,285989,100506658,0.9117613886384626
285989,341676,0.9399324246285524,false,285989,341676,0.9399324246285524
285989,148213,0.9047247137375014,false,285989,148213,0.9047247137375014
285989,10595,0.9181880216655101,false,285989,10595,0.9181880216655101
285989,4583,0.8749709315976323,false,285989,4583,0.8749709315976323
285989,55567,0.9090993123718638,false,285989,55567,0.9090993123718638
285989,5961,0.8256850219107552,false,285989,5961,0.8256850219107552
285989,7851,0.8630599593030832,false,285989,7851,0.8630599593030832
285989,692072,0.9474169003717856,false,285989,692072,0.9474169003717856
285989,55808,0.9623729821182296,false,285989,55808,0.9623729821182296
285989,999,0.9165131346861967,false,285989,999,0.9165131346861967
285989,126353,0.9034751231111818,false,285989,126353,0.9034751231111818
285989,26226,0.8696876768864322,false,285989,26226,0.8696876768864322
285989,388743,0.9689497280232289,false,285989,388743,0.9689497280232289
285989,1577,0.8711581343024323,false,285989,1577,0.8711581343024323
285989,340267,0.9619971280131312,false,285989,340267,0.9619971280131312
285989,200879,0.9650064412839175,false,285989,200879,0.9650064412839175
285989,1510,0.9543278721654203,false,285989,1510,0.9543278721654203
285989,102723849,0.7792820066299043,false,285989,102723849,0.7792820066299043
285989,57669,0.868678720370608,false,285989,57669,0.868678720370608
285989,278,0.7613259258451304,false,285989,278,0.7613259258451304
285989,57111,0.9577847510468215,false,285989,57111,0.9577847510468215
285989,116844,0.9110421499427019,false,285989,116844,0.9110421499427019
285989,10129,0.9668295236100692,false,285989,10129,0.9668295236100692
285989,4586,0.9670343281062174,false,285989,4586,0.9670343281062174
285989,10551,0.9646890019634701,false,285989,10551,0.9646890019634701
285989,54897,0.8127922515591665,false,285989,54897,0.8127922515591665
285989,117155,0.9888318302674383,false,285989,117155,0.9888318302674383
285989,112268155,0.9712535989184361,false,285989,112268155,0.9712535989184361
285989,1152,0.9343582063792496,false,285989,1152,0.9343582063792496
285989,79083,0.9635312616280894,false,285989,79083,0.9635312616280894
285989,1556,0.9376828899276385,false,285989,1556,0.9376828899276385
285989,55930,0.971064164700283,false,285989,55930,0.971064164700283
285989,22996,0.9454624013301524,false,285989,22996,0.9454624013301524
285989,7113,0.8666187830948837,false,285989,7113,0.8666187830948837
285989,54861,0.9318339597802549,false,285989,54861,0.9318339597802549
285989,222256,0.8221773625000127,false,285989,222256,0.8221773625000127
285989,100529240,0.9324687594693783,false,285989,100529240,0.9324687594693783
285989,113218482,0.9864923069125368,false,285989,113218482,0.9864923069125368
285989,647024,0.9207864551386855,false,285989,647024,0.9207864551386855
285989,255928,0.9653422067722952,false,285989,255928,0.9653422067722952
285989,8537,0.9499460602292527,false,285989,8537,0.9499460602292527
285989,10018,0.8838181947271171,false,285989,10018,0.8838181947271171
285989,115019,0.9444270084288265,false,285989,115019,0.9444270084288265
285989,168374,0.9024222938497126,false,285989,168374,0.9024222938497126
285989,143884,0.9090319294861084,false,285989,143884,0.9090319294861084
285989,3993,0.9418937268958624,false,285989,3993,0.9418937268958624
285989,389852,0.9045555694592163,false,285989,389852,0.9045555694592163
285989,164312,0.9359537827328196,false,285989,164312,0.9359537827328196
285989,84239,0.8245141343318695,false,285989,84239,0.8245141343318695
285989,2065,0.8378394384520141,false,285989,2065,0.8378394384520141
285989,135656,0.96764995609605,false,285989,135656,0.96764995609605
285989,94059,0.9101947283523438,false,285989,94059,0.9101947283523438
285989,26769,0.754130318022445,false,285989,26769,0.754130318022445
285989,3960,0.8737458712308261,false,285989,3960,0.8737458712308261
285989,23584,0.8982057372932651,false,285989,23584,0.8982057372932651
285989,692213,0.8211224594863498,false,285989,692213,0.8211224594863498
285989,153643,0.9011907597070905,false,285989,153643,0.9011907597070905
285989,112268422,0.9371150765980012,false,285989,112268422,0.9371150765980012
285989,259294,0.9306972506936797,false,285989,259294,0.9306972506936797
285989,2266,0.9382539892231019,false,285989,2266,0.9382539892231019
285989,745,0.961309024460897,false,285989,745,0.961309024460897
285989,440352,0.787881616089023,false,285989,440352,0.787881616089023
2627,1555,0.9796250077661631,false,2627,1555,0.9796250077661631
2627,57528,0.9105876122781125,false,2627,57528,0.9105876122781125
2627,201456,0.9806508155531204,false,2627,201456,0.9806508155531204
2627,57186,0.9964163667841199,false,2627,57186,0.9964163667841199
2627,6473,0.9682317056646074,false,2627,6473,0.9682317056646074
2627,102723508,0.9615268120807112,false,2627,102723508,0.9615268120807112
2627,100506658,0.8738426045400596,false,2627,100506658,0.8738426045400596
2627,341676,0.9815954361230486,false,2627,341676,0.9815954361230486
2627,148213,0.8354949028880978,false,2627,148213,0.8354949028880978
2627,10595,0.9540866982038657,false,2627,10595,0.9540866982038657
2627,4583,0.8916638616446112,false,2627,4583,0.8916638616446112
2627,55567,0.912535819236289,false,2627,55567,0.912535819236289
2627,5961,0.827026874584249,false,2627,5961,0.827026874584249
2627,7851,0.8419597855809421,false,2627,7851,0.8419597855809421
2627,692072,0.9459651110258878,false,2627,692072,0.9459651110258878
2627,55808,0.9806466496710349,false,2627,55808,0.9806466496710349
2627,999,0.9713715024558633,false,2627,999,0.9713715024558633
2627,126353,0.9256923142100144,false,2627,126353,0.9256923142100144
2627,26226,0.9029401551482038,false,2627,26226,0.9029401551482038
2627,388743,0.9589333021600491,false,2627,388743,0.9589333021600491
2627,1577,0.8460014042935097,false,2627,1577,0.8460014042935097
2627,340267,0.9112908579196738,false,2627,340267,0.9112908579196738
2627,200879,0.9724395321845812,false,2627,200879,0.9724395321845812
2627,1510,0.9740450457745001,false,2627,1510,0.9740450457745001
2627,6337,0.8449416372136406,false,2627,6337,0.8449416372136406
2627,57669,0.7874419072787363,false,2627,57669,0.7874419072787363
2627,57111,0.9800705057269526,false,2627,57111,0.9800705057269526
2627,116844,0.8843119309823185,false,2627,116844,0.8843119309823185
2627,10129,0.8519964262012474,false,2627,10129,0.8519964262012474
2627,4586,0.9685613308440826,false,2627,4586,0.9685613308440826
2627,10551,0.9639814715252241,false,2627,10551,0.9639814715252241
2627,54897,0.8718765161615544,false,2627,54897,0.8718765161615544
2627,117155,0.9314394635143367,false,2627,117155,0.9314394635143367
2627,112268155,0.973325473846601,false,2627,112268155,0.973325473846601
2627,1152,0.9829907776703415,false,2627,1152,0.9829907776703415
2627,79083,0.9800016674588761,false,2627,79083,0.9800016674588761
2627,1556,0.9458357217668275,false,2627,1556,0.9458357217668275
2627,55930,0.9000359856077396,false,2627,55930,0.9000359856077396
2627,22996,0.9041884979999566,false,2627,22996,0.9041884979999566
2627,7113,0.8621698431506347,false,2627,7113,0.8621698431506347
2627,54861,0.8977739734416296,false,2627,54861,0.8977739734416296
2627,222256,0.8641457268337629,false,2627,222256,0.8641457268337629
2627,100529240,0.9338108606988441,false,2627,100529240,0.9338108606988441
2627,113218482,0.9869929980971984,false,2627,113218482,0.9869929980971984
2627,647024,0.9620731782251861,false,2627,647024,0.9620731782251861
2627,255928,0.9698661105660846,false,2627,255928,0.9698661105660846
2627,8537,0.973687550219743,false,2627,8537,0.973687550219743
2627,10018,0.7691390705359237,false,2627,10018,0.7691390705359237
2627,115019,0.9045570022556624,false,2627,115019,0.9045570022556624
2627,3434,0.8428722730582394,false,2627,3434,0.8428722730582394
2627,168374,0.9191664335492264,false,2627,168374,0.9191664335492264
2627,143884,0.816618827299258,false,2627,143884,0.816618827299258
2627,3993,0.8813153670965151,false,2627,3993,0.8813153670965151
2627,389852,0.8955465489344295,false,2627,389852,0.8955465489344295
2627,164312,0.9785535309860834,false,2627,164312,0.9785535309860834
2627,84239,0.8348641804802216,false,2627,84239,0.8348641804802216
2627,2065,0.8447432650669292,false,2627,2065,0.8447432650669292
2627,135656,0.9683742655304999,false,2627,135656,0.9683742655304999
2627,3880,0.8232634049834243,false,2627,3880,0.8232634049834243
2627,94059,0.7844907372587515,false,2627,94059,0.7844907372587515
2627,3960,0.826456275527073,false,2627,3960,0.826456275527073
2627,23584,0.8483703384463185,false,2627,23584,0.8483703384463185
2627,153643,0.9633002682072856,false,2627,153643,0.9633002682072856
2627,112268422,0.8333163151631144,false,2627,112268422,0.8333163151631144
2627,259294,0.8816213199366211,false,2627,259294,0.8816213199366211
2627,2266,0.9492107314607079,false,2627,2266,0.9492107314607079
2627,745,0.9920218397777968,false,2627,745,0.9920218397777968
503640,259290,0.8939378301301403,false,503640,259290,0.8939378301301403
503640,6751,0.9848234598462517,false,503640,6751,0.9848234598462517
503640,79908,0.8190362008268781,false,503640,79908,0.8190362008268781
503640,51185,0.812789973939971,false,503640,51185,0.812789973939971
503640,130367,0.8734319057285173,false,503640,130367,0.8734319057285173
503640,285335,0.8713175314098554,false,503640,285335,0.8713175314098554
503640,9356,0.8757785123039024,false,503640,9356,0.8757785123039024
503640,641776,0.9093813658201467,false,503640,641776,0.9093813658201467
503640,728226,0.7591892255008367,false,503640,728226,0.7591892255008367
503640,200373,0.8442322659454439,false,503640,200373,0.8442322659454439
503640,474354,0.7814059580115558,false,503640,474354,0.7814059580115558
503640,107985317,0.7774163483145614,false,503640,107985317,0.7774163483145614
503640,54997,0.954983440975363,false,503640,54997,0.954983440975363
503640,115677,0.7745193452536953,false,503640,115677,0.7745193452536953
503640,7851,0.7772756687547697,false,503640,7851,0.7772756687547697
503640,109136579,0.97758421624125,false,503640,109136579,0.97758421624125
503640,503645,0.7831289189282212,false,503640,503645,0.7831289189282212
503640,64332,0.9180845053369989,false,503640,64332,0.9180845053369989
503640,116984,0.783986387140366,false,503640,116984,0.783986387140366
503640,137872,0.9585900566550097,false,503640,137872,0.9585900566550097
503640,1577,0.7737416543723246,false,503640,1577,0.7737416543723246
503640,100033430,0.967321405515743,false,503640,100033430,0.967321405515743
503640,102723849,0.8559217464930026,false,503640,102723849,0.8559217464930026
503640,93517,0.7686288352432945,false,503640,93517,0.7686288352432945
503640,89765,0.8964004363726217,false,503640,89765,0.8964004363726217
503640,619383,0.8398652528838586,false,503640,619383,0.8398652528838586
503640,378938,0.97743164605861,false,503640,378938,0.97743164605861
503640,285,0.8527803145053116,false,503640,285,0.8527803145053116
503640,27074,0.7772287252240818,false,503640,27074,0.7772287252240818
503640,66002,0.9201983143064401,false,503640,66002,0.9201983143064401
503640,100505495,0.7512681049441907,false,503640,100505495,0.7512681049441907
503640,7620,0.975377789740635,false,503640,7620,0.975377789740635
503640,105180391,0.9462482986965145,false,503640,105180391,0.9462482986965145
503640,151531,0.926432761237619,false,503640,151531,0.926432761237619
503640,10018,0.7753875821888425,false,503640,10018,0.7753875821888425
503640,105180390,0.9311188135365902,false,503640,105180390,0.9311188135365902
503640,692058,0.9315299221467443,false,503640,692058,0.9315299221467443
503640,645843,0.9310843434851731,false,503640,645843,0.9310843434851731
503640,121512,0.9740372005388827,false,503640,121512,0.9740372005388827
503640,123624,0.7565630238391909,false,503640,123624,0.7565630238391909
503640,776,0.9157645630938228,false,503640,776,0.9157645630938228
503640,4861,0.7748953666972695,false,503640,4861,0.7748953666972695
503640,3960,0.7880430649837414,false,503640,3960,0.7880430649837414
503640,284323,0.9917559308695786,false,503640,284323,0.9917559308695786
503640,65217,0.9569586278906971,false,503640,65217,0.9569586278906971
503640,692213,0.8458984709991615,false,503640,692213,0.8458984709991615
503640,79098,0.7863730423760418,false,503640,79098,0.7863730423760418
286207,388323,0.9120903032967165,false,286207,388323,0.9120903032967165
286207,51185,0.8745002945983495,false,286207,51185,0.8745002945983495
286207,285335,0.8210123196138097,false,286207,285335,0.8210123196138097
286207,200373,0.8153681154444172,false,286207,200373,0.8153681154444172
286207,102723382,0.8379487647568837,false,286207,102723382,0.8379487647568837
286207,474354,0.7850308112240185,false,286207,474354,0.7850308112240185
286207,4070,0.7875390589894415,false,286207,4070,0.7875390589894415
286207,346007,0.7657634554909217,false,286207,346007,0.7657634554909217
286207,101927516,0.7602243023749382,false,286207,101927516,0.7602243023749382
286207,285,0.7527160575044449,false,286207,285,0.7527160575044449
286207,100996506,0.7956820720321006,false,286207,100996506,0.7956820720321006
286207,54848,0.772141444273633,false,286207,54848,0.772141444273633
286207,4179,0.7708598897438013,false,286207,4179,0.7708598897438013
286207,201625,0.8147909721020493,false,286207,201625,0.8147909721020493
286207,120892,0.7966844023536742,false,286207,120892,0.7966844023536742
286207,113219467,0.8760143071138538,false,286207,113219467,0.8760143071138538
286207,391253,0.7579258248115257,false,286207,391253,0.7579258248115257
286207,693188,0.8072650026660373,false,286207,693188,0.8072650026660373
286207,353189,0.7639428088397123,false,286207,353189,0.7639428088397123
286207,84851,0.8663379435748779,false,286207,84851,0.8663379435748779
286207,1080,0.8651627834384218,false,286207,1080,0.8651627834384218
286207,105372793,0.8600277856484245,false,286207,105372793,0.8600277856484245
286207,144535,0.8566924878666462,false,286207,144535,0.8566924878666462
286207,26298,0.9280960477180278,false,286207,26298,0.9280960477180278
286207,100033436,0.8250229027123491,false,286207,100033436,0.8250229027123491
9914,56241,0.9617845902274488,false,9914,56241,0.9617845902274488
9914,163720,0.982590646523551,false,9914,163720,0.982590646523551
9914,722,0.975391879766054,false,9914,722,0.975391879766054
9914,79908,0.9207043514513388,false,9914,79908,0.9207043514513388
9914,388323,0.7958437046923096,false,9914,388323,0.7958437046923096
9914,51185,0.7692768163422502,false,9914,51185,0.7692768163422502
9914,130367,0.8832706330478138,false,9914,130367,0.8832706330478138
9914,146177,0.9451923645050333,false,9914,146177,0.9451923645050333
9914,728226,0.9365068302875724,false,9914,728226,0.9365068302875724
9914,81615,0.9987414672626034,false,9914,81615,0.9987414672626034
9914,200373,0.8427720669309218,false,9914,200373,0.8427720669309218
9914,102723382,0.8674947120582411,false,9914,102723382,0.8674947120582411
9914,474354,0.8825730389999181,false,9914,474354,0.8825730389999181
9914,1040,0.8030557568865657,false,9914,1040,0.8030557568865657
9914,221395,0.8925629093252389,false,9914,221395,0.8925629093252389
9914,54842,0.9414739617137451,false,9914,54842,0.9414739617137451
9914,107985317,0.9435911188974629,false,9914,107985317,0.9435911188974629
9914,128602,0.9911160222585873,false,9914,128602,0.9911160222585873
9914,54997,0.8164110828189441,false,9914,54997,0.8164110828189441
9914,2595,0.9983971702600453,false,9914,2595,0.9983971702600453
9914,9223,0.9462923969689835,false,9914,9223,0.9462923969689835
9914,253970,0.9637158607961696,false,9914,253970,0.9637158607961696
9914,503645,0.9607574347063585,false,9914,503645,0.9607574347063585
9914,4070,0.889367620934871,false,9914,4070,0.889367620934871
9914,346007,0.9309095198222844,false,9914,346007,0.9309095198222844
9914,116984,0.9678799929563848,false,9914,116984,0.9678799929563848
9914,825,0.9879680466710423,false,9914,825,0.9879680466710423
9914,137872,0.80750926125684,false,9914,137872,0.80750926125684
9914,124944,0.8383393233939885,false,9914,124944,0.8383393233939885
9914,93517,0.9446635785795677,false,9914,93517,0.9446635785795677
9914,130271,0.8721906270629162,false,9914,130271,0.8721906270629162
9914,101927516,0.9548969847514036,false,9914,101927516,0.9548969847514036
9914,285,0.8773572720723255,false,9914,285,0.8773572720723255
9914,27074,0.9258220380106161,false,9914,27074,0.9258220380106161
9914,100996506,0.8275474302106286,false,9914,100996506,0.8275474302106286
9914,66002,0.861842385889451,false,9914,66002,0.861842385889451
9914,79632,0.9372839923973559,false,9914,79632,0.9372839923973559
9914,100505495,0.9272786830268316,false,9914,100505495,0.9272786830268316
9914,9476,0.8928394960291558,false,9914,9476,0.8928394960291558
9914,151531,0.8327193274464064,false,9914,151531,0.8327193274464064
9914,2122,0.9626440531938136,false,9914,2122,0.9626440531938136
9914,84059,0.9748131886990163,false,9914,84059,0.9748131886990163
9914,121512,0.772743263048606,false,9914,121512,0.772743263048606
9914,6097,0.9853884596226576,false,9914,6097,0.9853884596226576
9914,120892,0.9588458174550784,false,9914,120892,0.9588458174550784
9914,113219467,0.7514098407980216,false,9914,113219467,0.7514098407980216
9914,123624,0.9667117122036588,false,9914,123624,0.9667117122036588
9914,391253,0.9373903499290428,false,9914,391253,0.9373903499290428
9914,693188,0.8839346360845443,false,9914,693188,0.8839346360845443
9914,6799,0.8175344699318712,false,9914,6799,0.8175344699318712
9914,353189,0.8233056732513305,false,9914,353189,0.8233056732513305
9914,776,0.8357602753787535,false,9914,776,0.8357602753787535
9914,84851,0.8721175778025125,false,9914,84851,0.8721175778025125
9914,84525,0.9827371804558576,false,9914,84525,0.9827371804558576
9914,4861,0.9429001487504554,false,9914,4861,0.9429001487504554
9914,10203,0.9530811194774543,false,9914,10203,0.9530811194774543
9914,1080,0.891126452095887,false,9914,1080,0.891126452095887
9914,105372793,0.8375492564796202,false,9914,105372793,0.8375492564796202
9914,56955,0.9712515118036168,false,9914,56955,0.9712515118036168
9914,653509,0.8768628944478618,false,9914,653509,0.8768628944478618
9914,55282,0.9760150516436981,false,9914,55282,0.9760150516436981
9914,79098,0.9311245326352545,false,9914,79098,0.9311245326352545
9914,144535,0.9365699071167012,false,9914,144535,0.9365699071167012
9914,649946,0.9742266291653735,false,9914,649946,0.9742266291653735
9914,144571,0.9868035943430407,false,9914,144571,0.9868035943430407
9914,165186,0.9692014075909563,false,9914,165186,0.9692014075909563
9914,102465485,0.9704429182863569,false,9914,102465485,0.9704429182863569
9914,100033436,0.927579537374708,false,9914,100033436,0.927579537374708
7125,1132,1.0,false,7125,1132,1.0
7125,89,1.0,false,7125,89,1.0
7125,57526,0.9053418593310791,false,7125,57526,0.9053418593310791
7125,4693,1.0,false,7125,4693,1.0
7125,101929066,1.0,false,7125,101929066,1.0
7125,2696,0.9310797377483425,false,7125,2696,0.9310797377483425
7125,102466759,1.0,false,7125,102466759,1.0
7125,54084,1.0,false,7125,54084,1.0
7125,339983,1.0,false,7125,339983,1.0
7125,606,1.0,false,7125,606,1.0
7125,100133669,1.0,false,7125,100133669,1.0
7125,7473,0.9999999999999997,false,7125,7473,0.9999999999999997
7125,1180,1.0,false,7125,1180,1.0
7125,200407,0.9924038663952793,false,7125,200407,0.9924038663952793
7125,766,1.0,false,7125,766,1.0
7125,65998,0.8358213643860701,false,7125,65998,0.8358213643860701
7125,388327,1.0,false,7125,388327,1.0
7125,3780,1.0,false,7125,3780,1.0
7125,100126311,1.0,false,7125,100126311,1.0
7125,23562,1.0,false,7125,23562,1.0
7125,1746,1.0,false,7125,1746,1.0
7125,57524,0.9999999999999998,false,7125,57524,0.9999999999999998
7125,10331,1.0,false,7125,10331,1.0
7125,256076,0.8639211505072738,false,7125,256076,0.8639211505072738
7125,84867,1.0,false,7125,84867,1.0
7125,100130701,0.8878856568027692,false,7125,100130701,0.8878856568027692
7125,284680,0.9827242789356609,false,7125,284680,0.9827242789356609
7125,9771,0.7695391096496836,false,7125,9771,0.7695391096496836
7125,128218,0.9349831907588436,false,7125,128218,0.9349831907588436
7125,222183,1.0,false,7125,222183,1.0
7125,7546,1.0,false,7125,7546,1.0
7125,9699,1.0,false,7125,9699,1.0
7125,101928580,1.0,false,7125,101928580,1.0
7125,105373265,0.8529273885761167,false,7125,105373265,0.8529273885761167
7125,9211,0.9993716660495694,false,7125,9211,0.9993716660495694
7125,100874002,0.9924038663952793,false,7125,100874002,0.9924038663952793
7125,440590,1.0,false,7125,440590,1.0
7125,1515,1.0,false,7125,1515,1.0
7125,4606,1.0,false,7125,4606,1.0
259290,57528,0.7514082965617453,false,259290,57528,0.7514082965617453
259290,6751,0.8400015446451562,false,259290,6751,0.8400015446451562
259290,9356,0.8402261940572803,false,259290,9356,0.8402261940572803
259290,641776,0.8584434199442181,false,259290,641776,0.8584434199442181
259290,148213,0.761546956872399,false,259290,148213,0.761546956872399
259290,54997,0.7977696074236049,false,259290,54997,0.7977696074236049
259290,7851,0.777996994856827,false,259290,7851,0.777996994856827
259290,109136579,0.9493524043010669,false,259290,109136579,0.9493524043010669
259290,64332,0.8912212993427772,false,259290,64332,0.8912212993427772
259290,137872,0.8326265411495556,false,259290,137872,0.8326265411495556
259290,1577,0.7841022635329506,false,259290,1577,0.7841022635329506
259290,100033430,0.7743173749395449,false,259290,100033430,0.7743173749395449
259290,102723849,0.8349785979385779,false,259290,102723849,0.8349785979385779
259290,619383,0.9093935737129888,false,259290,619383,0.9093935737129888
259290,378938,0.9499403387421624,false,259290,378938,0.9499403387421624
259290,7620,0.8639801274204754,false,259290,7620,0.8639801274204754
259290,105180391,0.885419403577953,false,259290,105180391,0.885419403577953
259290,10018,0.8810424537062205,false,259290,10018,0.8810424537062205
259290,201625,0.7713744999726373,false,259290,201625,0.7713744999726373
259290,105180390,0.8761924001930153,false,259290,105180390,0.8761924001930153
259290,692058,0.8413330338007903,false,259290,692058,0.8413330338007903
259290,645843,0.9235783020546998,false,259290,645843,0.9235783020546998
259290,143884,0.8451601652414522,false,259290,143884,0.8451601652414522
259290,121512,0.8334508811685919,false,259290,121512,0.8334508811685919
259290,3993,0.7951385434741305,false,259290,3993,0.7951385434741305
259290,776,0.7604099100767913,false,259290,776,0.7604099100767913
259290,94059,0.7567377698580754,false,259290,94059,0.7567377698580754
259290,3960,0.817431941617046,false,259290,3960,0.817431941617046
259290,284323,0.8960722164349161,false,259290,284323,0.8960722164349161
259290,65217,0.8415612909327703,false,259290,65217,0.8415612909327703
259290,692213,0.908520014105777,false,259290,692213,0.908520014105777
259290,259294,0.7794876762428405,false,259290,259294,0.7794876762428405
259290,440352,0.8572877795502285,false,259290,440352,0.8572877795502285
1132,89,1.0,false,1132,89,1.0
1132,57526,0.9053418593310791,false,1132,57526,0.9053418593310791
1132,4693,1.0,false,1132,4693,1.0
1132,101929066,1.0,false,1132,101929066,1.0
1132,2696,0.9310797377483423,false,1132,2696,0.9310797377483423
1132,102466759,1.0,false,1132,102466759,1.0
1132,54084,0.9999999999999997,false,1132,54084,0.9999999999999997
1132,339983,1.0,false,1132,339983,1.0
1132,606,1.0,false,1132,606,1.0
1132,100133669,1.0,false,1132,100133669,1.0
1132,7473,0.9999999999999999,false,1132,7473,0.9999999999999999
1132,1180,1.0,false,1132,1180,1.0
1132,200407,0.9924038663952793,false,1132,200407,0.9924038663952793
1132,766,1.0,false,1132,766,1.0
1132,65998,0.8358213643860702,false,1132,65998,0.8358213643860702
1132,388327,0.9999999999999998,false,1132,388327,0.9999999999999998
1132,3780,1.0,false,1132,3780,1.0
1132,100126311,1.0,false,1132,100126311,1.0
1132,23562,1.0,false,1132,23562,1.0
1132,1746,1.0,false,1132,1746,1.0
1132,57524,1.0,false,1132,57524,1.0
1132,10331,1.0,false,1132,10331,1.0
1132,256076,0.8639211505072738,false,1132,256076,0.8639211505072738
1132,84867,1.0,false,1132,84867,1.0
1132,100130701,0.887885656802769,false,1132,100130701,0.887885656802769
1132,284680,0.9827242789356606,false,1132,284680,0.9827242789356606
1132,9771,0.7695391096496836,false,1132,9771,0.7695391096496836
1132,128218,0.934983190758844,false,1132,128218,0.934983190758844
1132,222183,1.0,false,1132,222183,1.0
1132,7546,0.9999999999999998,false,1132,7546,0.9999999999999998
1132,9699,1.0,false,1132,9699,1.0
1132,101928580,1.0,false,1132,101928580,1.0
1132,105373265,0.8529273885761164,false,1132,105373265,0.8529273885761164
1132,9211,0.9993716660495695,false,1132,9211,0.9993716660495695
1132,100874002,0.9924038663952793,false,1132,100874002,0.9924038663952793
1132,440590,0.9999999999999998,false,1132,440590,0.9999999999999998
1132,1515,1.0,false,1132,1515,1.0
1132,4606,1.0,false,1132,4606,1.0
5694,60494,0.9455072902714672,false,5694,60494,0.9455072902714672
5694,7033,0.9393542928172384,false,5694,7033,0.9393542928172384
5694,94025,0.9105045616691476,false,5694,94025,0.9105045616691476
5694,727897,0.8368693921677993,false,5694,727897,0.8368693921677993
5694,100506755,0.8194499329227801,false,5694,100506755,0.8194499329227801
5694,2619,0.7685546412375918,false,5694,2619,0.7685546412375918
5694,4057,0.8952894898717134,false,5694,4057,0.8952894898717134
5694,112577518,0.9165244909908813,false,5694,112577518,0.9165244909908813
5694,563,0.8785239933380384,false,5694,563,0.8785239933380384
5694,4069,0.7847463624455495,false,5694,4069,0.7847463624455495
5694,498,0.8026430573926975,false,5694,498,0.8026430573926975
5694,123872,0.8196186233413865,false,5694,123872,0.8196186233413865
5694,219793,0.9528625376485331,false,5694,219793,0.9528625376485331
1555,57528,0.8984626661205127,false,1555,57528,0.8984626661205127
1555,201456,0.9461040942148773,false,1555,201456,0.9461040942148773
1555,57186,0.9683657738607149,false,1555,57186,0.9683657738607149
1555,6473,0.973794501246466,false,1555,6473,0.973794501246466
1555,102723508,0.8965802728048566,false,1555,102723508,0.8965802728048566
1555,100506658,0.7787418915208736,false,1555,100506658,0.7787418915208736
1555,341676,0.9913455500811086,false,1555,341676,0.9913455500811086
1555,148213,0.8772084778539528,false,1555,148213,0.8772084778539528
1555,10595,0.9660778938542486,false,1555,10595,0.9660778938542486
1555,4583,0.9442822945752437,false,1555,4583,0.9442822945752437
1555,55567,0.962197292713846,false,1555,55567,0.962197292713846
1555,7851,0.8477570966255519,false,1555,7851,0.8477570966255519
1555,692072,0.9195505458588817,false,1555,692072,0.9195505458588817
1555,55808,0.9850688054004799,false,1555,55808,0.9850688054004799
1555,999,0.9824988281753202,false,1555,999,0.9824988281753202
1555,126353,0.9592430404678821,false,1555,126353,0.9592430404678821
1555,26226,0.8004450268363418,false,1555,26226,0.8004450268363418
1555,388743,0.9635823548177963,false,1555,388743,0.9635823548177963
1555,1577,0.8497893012407624,false,1555,1577,0.8497893012407624
1555,340267,0.8484773020172404,false,1555,340267,0.8484773020172404
1555,200879,0.9745707980593957,false,1555,200879,0.9745707980593957
1555,1510,0.9888885539732493,false,1555,1510,0.9888885539732493
1555,6337,0.7502707527812301,false,1555,6337,0.7502707527812301
1555,57111,0.9906391839438718,false,1555,57111,0.9906391839438718
1555,116844,0.8258557701413064,false,1555,116844,0.8258557701413064
1555,10129,0.8436759990746,false,1555,10129,0.8436759990746
1555,4586,0.9753054811637837,false,1555,4586,0.9753054811637837
1555,10551,0.9772364864783145,false,1555,10551,0.9772364864783145
1555,688,0.7501061922893076,false,1555,688,0.7501061922893076
1555,54897,0.7662964812263424,false,1555,54897,0.7662964812263424
1555,117155,0.8908180901642362,false,1555,117155,0.8908180901642362
1555,112268155,0.952170551204635,false,1555,112268155,0.952170551204635
1555,1152,0.9518684615611597,false,1555,1152,0.9518684615611597
1555,79083,0.9740805248401163,false,1555,79083,0.9740805248401163
1555,1556,0.8732669214348153,false,1555,1556,0.8732669214348153
1555,55930,0.9155889802315598,false,1555,55930,0.9155889802315598
1555,22996,0.9143683580040161,false,1555,22996,0.9143683580040161
1555,7113,0.8343317008009877,false,1555,7113,0.8343317008009877
1555,54861,0.8180303438672717,false,1555,54861,0.8180303438672717
1555,222256,0.8277534877054463,false,1555,222256,0.8277534877054463
1555,100529240,0.9630449859554697,false,1555,100529240,0.9630449859554697
1555,113218482,0.9565468538326724,false,1555,113218482,0.9565468538326724
1555,647024,0.9778784984085591,false,1555,647024,0.9778784984085591
1555,255928,0.9774168873896868,false,1555,255928,0.9774168873896868
1555,8537,0.9908311326612503,false,1555,8537,0.9908311326612503
1555,10018,0.7861251056470682,false,1555,10018,0.7861251056470682
1555,115019,0.8673327019896648,false,1555,115019,0.8673327019896648
1555,3434,0.863590358881006,false,1555,3434,0.863590358881006
1555,168374,0.9126536796372358,false,1555,168374,0.9126536796372358
1555,143884,0.8058006205106388,false,1555,143884,0.8058006205106388
1555,3993,0.8631150463663197,false,1555,3993,0.8631150463663197
1555,389852,0.9150353360487241,false,1555,389852,0.9150353360487241
1555,164312,0.9895524036626109,false,1555,164312,0.9895524036626109
1555,84239,0.7621290987567877,false,1555,84239,0.7621290987567877
1555,2065,0.8822203498044021,false,1555,2065,0.8822203498044021
1555,1513,0.7608102007373427,false,1555,1513,0.7608102007373427
1555,135656,0.9738488066224414,false,1555,135656,0.9738488066224414
1555,3880,0.7610589738071012,false,1555,3880,0.7610589738071012
1555,94059,0.8151239780491842,false,1555,94059,0.8151239780491842
1555,3960,0.8401145513537244,false,1555,3960,0.8401145513537244
1555,23584,0.7654659354741857,false,1555,23584,0.7654659354741857
1555,153643,0.955391264436274,false,1555,153643,0.955391264436274
1555,112268422,0.8308890301693052,false,1555,112268422,0.8308890301693052
1555,259294,0.8830831297999528,false,1555,259294,0.8830831297999528
1555,2266,0.9654115190354834,false,1555,2266,0.9654115190354834
1555,745,0.9509452023048641,false,1555,745,0.9509452023048641
56241,163720,0.9342889530552068,false,56241,163720,0.9342889530552068
56241,722,0.9269087122358167,false,56241,722,0.9269087122358167
56241,79908,0.8144980944636708,false,56241,79908,0.8144980944636708
56241,130367,0.7604710614675888,false,56241,130367,0.7604710614675888
56241,146177,0.970413911686122,false,56241,146177,0.970413911686122
56241,728226,0.8579528410434504,false,56241,728226,0.8579528410434504
56241,81615,0.9501532205728935,false,56241,81615,0.9501532205728935
56241,102723382,0.7824860667907962,false,56241,102723382,0.7824860667907962
56241,474354,0.7837528249969477,false,56241,474354,0.7837528249969477
56241,221395,0.9073341533875917,false,56241,221395,0.9073341533875917
56241,54842,0.9063649480741375,false,56241,54842,0.9063649480741375
56241,107985317,0.8562516315150427,false,56241,107985317,0.8562516315150427
56241,128602,0.9316453996780649,false,56241,128602,0.9316453996780649
56241,2595,0.9461222151527936,false,56241,2595,0.9461222151527936
56241,9223,0.9331935046891979,false,56241,9223,0.9331935046891979
56241,253970,0.9238944078273511,false,56241,253970,0.9238944078273511
56241,503645,0.8609506533611015,false,56241,503645,0.8609506533611015
56241,4070,0.904284433271729,false,56241,4070,0.904284433271729
56241,346007,0.8230528503905582,false,56241,346007,0.8230528503905582
56241,116984,0.868112406026181,false,56241,116984,0.868112406026181
56241,825,0.9475396861939158,false,56241,825,0.9475396861939158
56241,124944,0.8704034150933148,false,56241,124944,0.8704034150933148
56241,93517,0.861360102252011,false,56241,93517,0.861360102252011
56241,130271,0.7934736880824784,false,56241,130271,0.7934736880824784
56241,101927516,0.8858520688605929,false,56241,101927516,0.8858520688605929
56241,285,0.7510118570388655,false,56241,285,0.7510118570388655
56241,27074,0.8561145659399823,false,56241,27074,0.8561145659399823
56241,54848,0.7770407720832245,false,56241,54848,0.7770407720832245
56241,79632,0.9024684944595748,false,56241,79632,0.9024684944595748
56241,100505495,0.8406074683825814,false,56241,100505495,0.8406074683825814
56241,9476,0.8771318877719761,false,56241,9476,0.8771318877719761
56241,2122,0.8920284042508111,false,56241,2122,0.8920284042508111
56241,84059,0.952442986778544,false,56241,84059,0.952442986778544
56241,6097,0.9586360348022803,false,56241,6097,0.9586360348022803
56241,120892,0.9177111044589922,false,56241,120892,0.9177111044589922
56241,113219467,0.7918842680107241,false,56241,113219467,0.7918842680107241
56241,123624,0.8931430207943541,false,56241,123624,0.8931430207943541
56241,391253,0.8766598917379359,false,56241,391253,0.8766598917379359
56241,693188,0.8218680947389073,false,56241,693188,0.8218680947389073
56241,6799,0.9088077054717028,false,56241,6799,0.9088077054717028
56241,353189,0.7781531559663639,false,56241,353189,0.7781531559663639
56241,84851,0.7778030426626528,false,56241,84851,0.7778030426626528
56241,84525,0.9662213640884763,false,56241,84525,0.9662213640884763
56241,4861,0.8564503589964554,false,56241,4861,0.8564503589964554
56241,10203,0.9137432737022032,false,56241,10203,0.9137432737022032
56241,1080,0.8939484967951092,false,56241,1080,0.8939484967951092
56241,56955,0.8998169057546869,false,56241,56955,0.8998169057546869
56241,653509,0.9402810911202361,false,56241,653509,0.9402810911202361
56241,55282,0.9554632018183579,false,56241,55282,0.9554632018183579
56241,79098,0.853944696311602,false,56241,79098,0.853944696311602
56241,144535,0.8938864072925566,false,56241,144535,0.8938864072925566
56241,649946,0.8815057832983786,false,56241,649946,0.8815057832983786
56241,144571,0.9610084673402222,false,56241,144571,0.9610084673402222
56241,165186,0.8969559682230981,false,56241,165186,0.8969559682230981
56241,102465485,0.9051190940803914,false,56241,102465485,0.9051190940803914
56241,100033436,0.8474466890001081,false,56241,100033436,0.8474466890001081
89,57526,0.9053418593310792,false,89,57526,0.9053418593310792
89,4693,1.0,false,89,4693,1.0
89,101929066,1.0,false,89,101929066,1.0
89,2696,0.9310797377483425,false,89,2696,0.9310797377483425
89,102466759,1.0,false,89,102466759,1.0
89,54084,1.0,false,89,54084,1.0
89,339983,1.0,false,89,339983,1.0
89,606,1.0,false,89,606,1.0
89,100133669,1.0,false,89,100133669,1.0
89,7473,1.0,false,89,7473,1.0
89,1180,1.0,false,89,1180,1.0
89,200407,0.9924038663952792,false,89,200407,0.9924038663952792
89,766,1.0,false,89,766,1.0
89,65998,0.83582136438607,false,89,65998,0.83582136438607
89,388327,0.9999999999999998,false,89,388327,0.9999999999999998
89,3780,1.0,false,89,3780,1.0
89,100126311,1.0,false,89,100126311,1.0
89,23562,1.0,false,89,23562,1.0
89,1746,1.0,false,89,1746,1.0
89,57524,1.0,false,89,57524,1.0
89,10331,1.0,false,89,10331,1.0
89,256076,0.8639211505072737,false,89,256076,0.8639211505072737
89,84867,1.0,false,89,84867,1.0
89,100130701,0.887885656802769,false,89,100130701,0.887885656802769
89,284680,0.9827242789356608,false,89,284680,0.9827242789356608
89,9771,0.7695391096496835,false,89,9771,0.7695391096496835
89,128218,0.934983190758844,false,89,128218,0.934983190758844
89,222183,1.0,false,89,222183,1.0
89,7546,0.9999999999999998,false,89,7546,0.9999999999999998
89,9699,1.0,false,89,9699,1.0
89,101928580,1.0,false,89,101928580,1.0
89,105373265,0.8529273885761165,false,89,105373265,0.8529273885761165
89,9211,0.9993716660495693,false,89,9211,0.9993716660495693
89,100874002,0.9924038663952792,false,89,100874002,0.9924038663952792
89,440590,0.9999999999999999,false,89,440590,0.9999999999999999
89,1515,1.0,false,89,1515,1.0
89,4606,1.0,false,89,4606,1.0
57528,201456,0.9431907913012552,false,57528,201456,0.9431907913012552
57528,57186,0.9310614602177731,false,57528,57186,0.9310614602177731
57528,6473,0.9523891977617882,false,57528,6473,0.9523891977617882
57528,102723508,0.9033370251771704,false,57528,102723508,0.9033370251771704
57528,9356,0.916078853095659,false,57528,9356,0.916078853095659
57528,641776,0.9077101929440569,false,57528,641776,0.9077101929440569
57528,100506658,0.8673905932211198,false,57528,100506658,0.8673905932211198
57528,341676,0.8727597670451345,false,57528,341676,0.8727597670451345
57528,148213,0.9482785085474759,false,57528,148213,0.9482785085474759
57528,10595,0.8233530561511148,false,57528,10595,0.8233530561511148
57528,4583,0.9031411328686649,false,57528,4583,0.9031411328686649
57528,55567,0.8453803028479786,false,57528,55567,0.8453803028479786
57528,7851,0.9783089378246866,false,57528,7851,0.9783089378246866
57528,692072,0.9889608833968977,false,57528,692072,0.9889608833968977
57528,55808,0.9413065818401596,false,57528,55808,0.9413065818401596
57528,999,0.8417017886927817,false,57528,999,0.8417017886927817
57528,126353,0.959201022222748,false,57528,126353,0.959201022222748
57528,26226,0.7883747687108874,false,57528,26226,0.7883747687108874
57528,64332,0.8462669732728161,false,57528,64332,0.8462669732728161
57528,388743,0.9762353172692467,false,57528,388743,0.9762353172692467
57528,1577,0.9823243088404948,false,57528,1577,0.9823243088404948
57528,340267,0.9114893756406518,false,57528,340267,0.9114893756406518
57528,200879,0.9534892401414224,false,57528,200879,0.9534892401414224
57528,1510,0.9467123439665737,false,57528,1510,0.9467123439665737
57528,102723849,0.9355480259870196,false,57528,102723849,0.9355480259870196
57528,57669,0.8764056378919168,false,57528,57669,0.8764056378919168
57528,57111,0.9279212724802042,false,57528,57111,0.9279212724802042
57528,10129,0.8853536104651034,false,57528,10129,0.8853536104651034
57528,4586,0.9510285331614947,false,57528,4586,0.9510285331614947
57528,10551,0.9435170565106665,false,57528,10551,0.9435170565106665
57528,117155,0.9691912215788118,false,57528,117155,0.9691912215788118
57528,112268155,0.9797806155245012,false,57528,112268155,0.9797806155245012
57528,1152,0.8470438363051207,false,57528,1152,0.8470438363051207
57528,79083,0.9430411583909352,false,57528,79083,0.9430411583909352
57528,1556,0.9117892538719775,false,57528,1556,0.9117892538719775
57528,55930,0.9437177905635787,false,57528,55930,0.9437177905635787
57528,22996,0.8224732595741131,false,57528,22996,0.8224732595741131
57528,7113,0.9498308555195355,false,57528,7113,0.9498308555195355
57528,54861,0.7932865494969853,false,57528,54861,0.7932865494969853
57528,105180391,0.8629646533237059,false,57528,105180391,0.8629646533237059
57528,100529240,0.891335144761178,false,57528,100529240,0.891335144761178
57528,113218482,0.9326276363871088,false,57528,113218482,0.9326276363871088
57528,647024,0.8331797791848806,false,57528,647024,0.8331797791848806
57528,255928,0.9500077714571531,false,57528,255928,0.9500077714571531
57528,8537,0.9348406548248435,false,57528,8537,0.9348406548248435
57528,10018,0.9483294546674391,false,57528,10018,0.9483294546674391
57528,115019,0.9852154691554794,false,57528,115019,0.9852154691554794
57528,105180390,0.8858003046829414,false,57528,105180390,0.8858003046829414
57528,168374,0.9758258931218952,false,57528,168374,0.9758258931218952
57528,645843,0.7908483496356448,false,57528,645843,0.7908483496356448
57528,143884,0.9659704916261389,false,57528,143884,0.9659704916261389
57528,3993,0.9919527637324481,false,57528,3993,0.9919527637324481
57528,389852,0.9850541534842555,false,57528,389852,0.9850541534842555
57528,164312,0.9194675206498284,false,57528,164312,0.9194675206498284
57528,84239,0.8955517007656516,false,57528,84239,0.8955517007656516
57528,2065,0.9528409722376391,false,57528,2065,0.9528409722376391
57528,135656,0.9528992190449302,false,57528,135656,0.9528992190449302
57528,94059,0.8850961038223549,false,57528,94059,0.8850961038223549
57528,3960,0.9800957870648501,false,57528,3960,0.9800957870648501
57528,23584,0.9314544866188237,false,57528,23584,0.9314544866188237
57528,692213,0.9215682321098588,false,57528,692213,0.9215682321098588
57528,153643,0.8142328742746434,false,57528,153643,0.8142328742746434
57528,112268422,0.8086373819478162,false,57528,112268422,0.8086373819478162
57528,259294,0.9921208852791582,false,57528,259294,0.9921208852791582
57528,2266,0.912601157724183,false,57528,2266,0.912601157724183
57528,745,0.896009685735997,false,57528,745,0.896009685735997
57528,440352,0.8723224118275111,false,57528,440352,0.8723224118275111
201456,57186,0.991939868693506,false,201456,57186,0.991939868693506
201456,6473,0.9794169460763211,false,201456,6473,0.9794169460763211
201456,102723508,0.9871474363806594,false,201456,102723508,0.9871474363806594
201456,9356,0.754453665900984,false,201456,9356,0.754453665900984
201456,100506658,0.9046379897763323,false,201456,100506658,0.9046379897763323
201456,341676,0.9528673871539073,false,201456,341676,0.9528673871539073
201456,148213,0.8740754348660869,false,201456,148213,0.8740754348660869
201456,10595,0.910660675304873,false,201456,10595,0.910660675304873
201456,4583,0.8556149636169713,false,201456,4583,0.8556149636169713
201456,55567,0.8971357116718137,false,201456,55567,0.8971357116718137
201456,5961,0.8447048001996403,false,201456,5961,0.8447048001996403
201456,7851,0.8622769980563691,false,201456,7851,0.8622769980563691
201456,692072,0.9597712142986509,false,201456,692072,0.9597712142986509
201456,55808,0.9804684326587917,false,201456,55808,0.9804684326587917
201456,999,0.9250128104909829,false,201456,999,0.9250128104909829
201456,126353,0.9123879608892544,false,201456,126353,0.9123879608892544
201456,26226,0.9046426112281816,false,201456,26226,0.9046426112281816
201456,388743,0.973928131346578,false,201456,388743,0.973928131346578
201456,1577,0.8701325342608307,false,201456,1577,0.8701325342608307
201456,340267,0.936694879260894,false,201456,340267,0.936694879260894
201456,200879,0.9822214206403455,false,201456,200879,0.9822214206403455
201456,1510,0.9676961840854487,false,201456,1510,0.9676961840854487
201456,102723849,0.7780975338200565,false,201456,102723849,0.7780975338200565
201456,6337,0.7951229179824958,false,201456,6337,0.7951229179824958
201456,57669,0.8656919574871118,false,201456,57669,0.8656919574871118
201456,57111,0.9730374708325745,false,201456,57111,0.9730374708325745
201456,116844,0.8820710922639263,false,201456,116844,0.8820710922639263
201456,10129,0.9119316294908033,false,201456,10129,0.9119316294908033
201456,4586,0.9784369012525205,false,201456,4586,0.9784369012525205
201456,10551,0.971538110867412,false,201456,10551,0.971538110867412
201456,54897,0.8884064537550211,false,201456,54897,0.8884064537550211
201456,117155,0.9763489850262598,false,201456,117155,0.9763489850262598
201456,112268155,0.982224582272982,false,201456,112268155,0.982224582272982
201456,1152,0.9709793551646564,false,201456,1152,0.9709793551646564
201456,79083,0.9880702512234388,false,201456,79083,0.9880702512234388
201456,1556,0.9546524878838323,false,201456,1556,0.9546524878838323
201456,55930,0.9374853939579245,false,201456,55930,0.9374853939579245
201456,22996,0.9196812523690964,false,201456,22996,0.9196812523690964
201456,7113,0.8635347917362152,false,201456,7113,0.8635347917362152
201456,54861,0.932139045289051,false,201456,54861,0.932139045289051
201456,222256,0.8138539831202063,false,201456,222256,0.8138539831202063
201456,100529240,0.9411858170505695,false,201456,100529240,0.9411858170505695
201456,113218482,0.9949901254903246,false,201456,113218482,0.9949901254903246
201456,647024,0.9212665392721942,false,201456,647024,0.9212665392721942
201456,255928,0.9777535356064501,false,201456,255928,0.9777535356064501
201456,8537,0.9656077665103759,false,201456,8537,0.9656077665103759
201456,10018,0.8322491019534279,false,201456,10018,0.8322491019534279
201456,115019,0.9357721947288904,false,201456,115019,0.9357721947288904
201456,3434,0.7675921565969773,false,201456,3434,0.7675921565969773
201456,168374,0.9130858999790099,false,201456,168374,0.9130858999790099
201456,143884,0.8940246913453362,false,201456,143884,0.8940246913453362
201456,3993,0.9207060992482532,false,201456,3993,0.9207060992482532
201456,389852,0.9113899469300966,false,201456,389852,0.9113899469300966
201456,164312,0.9675182763645952,false,201456,164312,0.9675182763645952
201456,84239,0.8421605116567591,false,201456,84239,0.8421605116567591
201456,2065,0.8402337258987173,false,201456,2065,0.8402337258987173
201456,135656,0.9794726455901347,false,201456,135656,0.9794726455901347
201456,3880,0.7516731980427759,false,201456,3880,0.7516731980427759
201456,94059,0.850515920015378,false,201456,94059,0.850515920015378
201456,3960,0.8647214101903968,false,201456,3960,0.8647214101903968
201456,23584,0.9021790982485229,false,201456,23584,0.9021790982485229
201456,692213,0.7659803735199932,false,201456,692213,0.7659803735199932
201456,153643,0.9093929241267321,false,201456,153643,0.9093929241267321
201456,112268422,0.8861450446308891,false,201456,112268422,0.8861450446308891
201456,259294,0.9267168944290509,false,201456,259294,0.9267168944290509
201456,2266,0.9600306776605113,false,201456,2266,0.9600306776605113
201456,745,0.9862701445513073,false,201456,745,0.9862701445513073
201456,440352,0.7548708289657889,false,201456,440352,0.7548708289657889
60494,7033,0.9343321261369768,false,60494,7033,0.9343321261369768
60494,25976,0.7689330356161892,false,60494,25976,0.7689330356161892
60494,94025,0.9185135853009428,false,60494,94025,0.9185135853009428
60494,727897,0.878078774878073,false,60494,727897,0.878078774878073
60494,100506755,0.7831740899809606,false,60494,100506755,0.7831740899809606
60494,1767,0.8506271072036161,false,60494,1767,0.8506271072036161
60494,4057,0.9201390433026133,false,60494,4057,0.9201390433026133
60494,112577518,0.9572813928647151,false,60494,112577518,0.9572813928647151
60494,563,0.9178469828100961,false,60494,563,0.9178469828100961
60494,4069,0.7870715152841172,false,60494,4069,0.7870715152841172
60494,498,0.7813800921495921,false,60494,498,0.7813800921495921
60494,123872,0.8204512143156439,false,60494,123872,0.8204512143156439
60494,219793,0.8453031833795308,false,60494,219793,0.8453031833795308
163720,722,0.9539507676006947,false,163720,722,0.9539507676006947
163720,6751,0.7753037192749159,false,163720,6751,0.7753037192749159
163720,79908,0.9038371331274435,false,163720,79908,0.9038371331274435
163720,130367,0.8992469140133441,false,163720,130367,0.8992469140133441
163720,146177,0.9288255689487355,false,163720,146177,0.9288255689487355
163720,728226,0.9156949083880521,false,163720,728226,0.9156949083880521
163720,81615,0.987584946564345,false,163720,81615,0.987584946564345
163720,200373,0.8266711936316964,false,163720,200373,0.8266711936316964
163720,5787,0.8187094469978843,false,163720,5787,0.8187094469978843
163720,102723382,0.7791818347043067,false,163720,102723382,0.7791818347043067
163720,474354,0.8416686464553932,false,163720,474354,0.8416686464553932
163720,1040,0.7628307257861652,false,163720,1040,0.7628307257861652
163720,221395,0.9069726960649311,false,163720,221395,0.9069726960649311
163720,54842,0.965169769768659,false,163720,54842,0.965169769768659
163720,107985317,0.9227665603746785,false,163720,107985317,0.9227665603746785
163720,128602,0.9783102237333451,false,163720,128602,0.9783102237333451
163720,54997,0.8494241369110606,false,163720,54997,0.8494241369110606
163720,2595,0.9867188028201148,false,163720,2595,0.9867188028201148
163720,115677,0.7570715148465121,false,163720,115677,0.7570715148465121
163720,9223,0.9293194197919957,false,163720,9223,0.9293194197919957
163720,253970,0.9679286665689301,false,163720,253970,0.9679286665689301
163720,503645,0.9810273008771223,false,163720,503645,0.9810273008771223
163720,4070,0.8646215094124141,false,163720,4070,0.8646215094124141
163720,346007,0.8818490774624734,false,163720,346007,0.8818490774624734
163720,116984,0.9682954486748855,false,163720,116984,0.9682954486748855
163720,825,0.9552570980394443,false,163720,825,0.9552570980394443
163720,137872,0.8273357068392891,false,163720,137872,0.8273357068392891
163720,124944,0.7958723840175574,false,163720,124944,0.7958723840175574
163720,93517,0.924154657716677,false,163720,93517,0.924154657716677
163720,130271,0.9286782031464876,false,163720,130271,0.9286782031464876
163720,101927516,0.9179813925523691,false,163720,101927516,0.9179813925523691
163720,285,0.8540502712911457,false,163720,285,0.8540502712911457
163720,27074,0.953026284123147,false,163720,27074,0.953026284123147
163720,66002,0.8782420766013547,false,163720,66002,0.8782420766013547
163720,79632,0.9449685757550247,false,163720,79632,0.9449685757550247
163720,100505495,0.8935126122426487,false,163720,100505495,0.8935126122426487
163720,7620,0.75714344723352,false,163720,7620,0.75714344723352
163720,9476,0.8893095297754657,false,163720,9476,0.8893095297754657
163720,151531,0.8568413271914719,false,163720,151531,0.8568413271914719
163720,2122,0.946579098764339,false,163720,2122,0.946579098764339
163720,84059,0.9801859831884512,false,163720,84059,0.9801859831884512
163720,121512,0.8092746159406851,false,163720,121512,0.8092746159406851
163720,6097,0.974879951123578,false,163720,6097,0.974879951123578
163720,120892,0.9375216958095697,false,163720,120892,0.9375216958095697
163720,123624,0.9586391740242571,false,163720,123624,0.9586391740242571
163720,391253,0.9179247035141113,false,163720,391253,0.9179247035141113
163720,693188,0.829499205689376,false,163720,693188,0.829499205689376
163720,6799,0.8230955739094982,false,163720,6799,0.8230955739094982
163720,353189,0.8256054581499348,false,163720,353189,0.8256054581499348
163720,776,0.8691403544200618,false,163720,776,0.8691403544200618
163720,84851,0.8043341645001955,false,163720,84851,0.8043341645001955
163720,84525,0.9811672665639595,false,163720,84525,0.9811672665639595
163720,4861,0.9220801833725195,false,163720,4861,0.9220801833725195
163720,10203,0.9284471495663429,false,163720,10203,0.9284471495663429
163720,1080,0.8531757078815998,false,163720,1080,0.8531757078815998
163720,56955,0.9545735374161511,false,163720,56955,0.9545735374161511
163720,653509,0.8760868011533434,false,163720,653509,0.8760868011533434
163720,55282,0.9717540381247842,false,163720,55282,0.9717540381247842
163720,79098,0.9336287115591084,false,163720,79098,0.9336287115591084
163720,144535,0.8947326283743965,false,163720,144535,0.8947326283743965
163720,649946,0.9590168801468432,false,163720,649946,0.9590168801468432
163720,144571,0.9465892601268817,false,163720,144571,0.9465892601268817
163720,165186,0.948106488934915,false,163720,165186,0.948106488934915
163720,102465485,0.9210177949382408,false,163720,102465485,0.9210177949382408
163720,100033436,0.8667653871545551,false,163720,100033436,0.8667653871545551
722,6751,0.7833402142148385,false,722,6751,0.7833402142148385
722,79908,0.9716469373556343,false,722,79908,0.9716469373556343
722,388323,0.8578268095114803,false,722,388323,0.8578268095114803
722,51185,0.8231083920254779,false,722,51185,0.8231083920254779
722,130367,0.9135386571051513,false,722,130367,0.9135386571051513
722,285335,0.8154892057651957,false,722,285335,0.8154892057651957
722,146177,0.9606156048445039,false,722,146177,0.9606156048445039
722,728226,0.9877768437178376,false,722,728226,0.9877768437178376
722,81615,0.9733544924359386,false,722,81615,0.9733544924359386
722,200373,0.9114008032582771,false,722,200373,0.9114008032582771
722,5787,0.7713471423749376,false,722,5787,0.7713471423749376
722,102723382,0.8815799263317727,false,722,102723382,0.8815799263317727
722,474354,0.9513215906573311,false,722,474354,0.9513215906573311
722,221395,0.9272255154230552,false,722,221395,0.9272255154230552
722,54842,0.9299499817628972,false,722,54842,0.9299499817628972
722,107985317,0.9864460947914596,false,722,107985317,0.9864460947914596
722,128602,0.9919550770781702,false,722,128602,0.9919550770781702
722,54997,0.8643126974276901,false,722,54997,0.8643126974276901
722,2595,0.9761668150774281,false,722,2595,0.9761668150774281
722,9223,0.9493420569006212,false,722,9223,0.9493420569006212
722,253970,0.9713109518033325,false,722,253970,0.9713109518033325
722,503645,0.9415528990818388,false,722,503645,0.9415528990818388
722,4070,0.9299641430486671,false,722,4070,0.9299641430486671
722,346007,0.9365107612824135,false,722,346007,0.9365107612824135
722,116984,0.9587263797476823,false,722,116984,0.9587263797476823
722,825,0.9892130209510183,false,722,825,0.9892130209510183
722,137872,0.8512567944817249,false,722,137872,0.8512567944817249
722,100033430,0.7524274444010796,false,722,100033430,0.7524274444010796
722,124944,0.9146096210848034,false,722,124944,0.9146096210848034
722,93517,0.9887440775025756,false,722,93517,0.9887440775025756
722,130271,0.8165779353084224,false,722,130271,0.8165779353084224
722,101927516,0.9894430055270486,false,722,101927516,0.9894430055270486
722,285,0.9382897320628146,false,722,285,0.9382897320628146
722,27074,0.9503579062468787,false,722,27074,0.9503579062468787
722,100996506,0.8715056606973934,false,722,100996506,0.8715056606973934
722,66002,0.9130273432011005,false,722,66002,0.9130273432011005
722,79632,0.9435845584087784,false,722,79632,0.9435845584087784
722,100505495,0.9783997185550297,false,722,100505495,0.9783997185550297
722,7620,0.7981279283179803,false,722,7620,0.7981279283179803
722,9476,0.94445291202978,false,722,9476,0.94445291202978
722,151531,0.8954794408977238,false,722,151531,0.8954794408977238
722,105371242,0.8315396505896542,false,722,105371242,0.8315396505896542
722,2122,0.9940958965326445,false,722,2122,0.9940958965326445
722,84059,0.9373863200365254,false,722,84059,0.9373863200365254
722,121512,0.8222195668165045,false,722,121512,0.8222195668165045
722,6097,0.9882436527654628,false,722,6097,0.9882436527654628
722,120892,0.9666326914889901,false,722,120892,0.9666326914889901
722,113219467,0.8205444332912926,false,722,113219467,0.8205444332912926
722,123624,0.9917415302302494,false,722,123624,0.9917415302302494
722,391253,0.9854687799022231,false,722,391253,0.9854687799022231
722,693188,0.9556641424597151,false,722,693188,0.9556641424597151
722,6799,0.7855272613528101,false,722,6799,0.7855272613528101
722,353189,0.9038120342260518,false,722,353189,0.9038120342260518
722,776,0.8791561789845694,false,722,776,0.8791561789845694
722,84851,0.9172183773217023,false,722,84851,0.9172183773217023
722,84525,0.9251471803291167,false,722,84525,0.9251471803291167
722,4861,0.9870205093217648,false,722,4861,0.9870205093217648
722,10203,0.99270248422179,false,722,10203,0.99270248422179
722,1080,0.8994180209276557,false,722,1080,0.8994180209276557
722,65217,0.7862398647864437,false,722,65217,0.7862398647864437
722,105372793,0.8812010911745901,false,722,105372793,0.8812010911745901
722,56955,0.9952069383630512,false,722,56955,0.9952069383630512
722,653509,0.8554588438405099,false,722,653509,0.8554588438405099
722,55282,0.9462784612571694,false,722,55282,0.9462784612571694
722,79098,0.9802397720646727,false,722,79098,0.9802397720646727
722,144535,0.92940434773001,false,722,144535,0.92940434773001
722,649946,0.9501463918919628,false,722,649946,0.9501463918919628
722,144571,0.9855919841923146,false,722,144571,0.9855919841923146
722,165186,0.995927054691284,false,722,165186,0.995927054691284
722,102465485,0.9412058738973136,false,722,102465485,0.9412058738973136
722,100033436,0.9515193143345172,false,722,100033436,0.9515193143345172
57186,6473,0.9749155135875993,false,57186,6473,0.9749155135875993
57186,102723508,0.9764196093593709,false,57186,102723508,0.9764196093593709
57186,100506658,0.88999538922491,false,57186,100506658,0.88999538922491
57186,341676,0.9685684119530974,false,57186,341676,0.9685684119530974
57186,148213,0.8508842403038444,false,57186,148213,0.8508842403038444
57186,10595,0.9309940467445309,false,57186,10595,0.9309940467445309
57186,4583,0.8774021907958128,false,57186,4583,0.8774021907958128
57186,55567,0.8999398777205425,false,57186,55567,0.8999398777205425
57186,5961,0.8360961816014362,false,57186,5961,0.8360961816014362
57186,7851,0.8610141668047828,false,57186,7851,0.8610141668047828
57186,692072,0.9601672210187703,false,57186,692072,0.9601672210187703
57186,55808,0.9831877659618261,false,57186,55808,0.9831877659618261
57186,999,0.950353653576657,false,57186,999,0.950353653576657
57186,126353,0.9264096889190385,false,57186,126353,0.9264096889190385
57186,26226,0.9093877404528026,false,57186,26226,0.9093877404528026
57186,388743,0.9682998094021898,false,57186,388743,0.9682998094021898
57186,1577,0.8663255320611307,false,57186,1577,0.8663255320611307
57186,340267,0.9212566457946229,false,57186,340267,0.9212566457946229
57186,200879,0.9796422301232344,false,57186,200879,0.9796422301232344
57186,1510,0.9741479939214049,false,57186,1510,0.9741479939214049
57186,102723849,0.771161645657813,false,57186,102723849,0.771161645657813
57186,6337,0.8305105732555137,false,57186,6337,0.8305105732555137
57186,57669,0.8268824883467278,false,57186,57669,0.8268824883467278
57186,57111,0.9785999423979627,false,57186,57111,0.9785999423979627
57186,116844,0.874006618593229,false,57186,116844,0.874006618593229
57186,10129,0.86657997215746,false,57186,10129,0.86657997215746
57186,4586,0.9745971106958128,false,57186,4586,0.9745971106958128
57186,10551,0.9678597295854509,false,57186,10551,0.9678597295854509
57186,54897,0.8891856056051248,false,57186,54897,0.8891856056051248
57186,117155,0.9513413444300174,false,57186,117155,0.9513413444300174
57186,112268155,0.9826225828077303,false,57186,112268155,0.9826225828077303
57186,1152,0.9796265504535229,false,57186,1152,0.9796265504535229
57186,79083,0.9870387436152938,false,57186,79083,0.9870387436152938
57186,1556,0.9560237507978959,false,57186,1556,0.9560237507978959
57186,55930,0.9108747463578223,false,57186,55930,0.9108747463578223
57186,22996,0.8999829887774752,false,57186,22996,0.8999829887774752
57186,7113,0.8732297231277675,false,57186,7113,0.8732297231277675
57186,54861,0.9076600321524239,false,57186,54861,0.9076600321524239
57186,222256,0.8340763145160865,false,57186,222256,0.8340763145160865
57186,100529240,0.9351381076590902,false,57186,100529240,0.9351381076590902
57186,113218482,0.9913609928981185,false,57186,113218482,0.9913609928981185
57186,647024,0.9411198780952341,false,57186,647024,0.9411198780952341
57186,255928,0.9752326548004215,false,57186,255928,0.9752326548004215
57186,8537,0.9725978967049284,false,57186,8537,0.9725978967049284
57186,10018,0.7950692347730296,false,57186,10018,0.7950692347730296
57186,115019,0.9240153401717829,false,57186,115019,0.9240153401717829
57186,3434,0.8128566111940484,false,57186,3434,0.8128566111940484
57186,168374,0.9267099085713907,false,57186,168374,0.9267099085713907
57186,143884,0.8528193542449961,false,57186,143884,0.8528193542449961
57186,3993,0.9022578632819253,false,57186,3993,0.9022578632819253
57186,389852,0.9101366397604168,false,57186,389852,0.9101366397604168
57186,164312,0.9781071438924168,false,57186,164312,0.9781071438924168
57186,84239,0.8519145528486038,false,57186,84239,0.8519145528486038
57186,2065,0.8524911649052259,false,57186,2065,0.8524911649052259
57186,135656,0.9751022936143,false,57186,135656,0.9751022936143
57186,3880,0.7906921787455572,false,57186,3880,0.7906921787455572
57186,94059,0.8028694044011349,false,57186,94059,0.8028694044011349
57186,3960,0.8504649384191779,false,57186,3960,0.8504649384191779
57186,23584,0.879856147191634,false,57186,23584,0.879856147191634
57186,153643,0.939506465412227,false,57186,153643,0.939506465412227
57186,112268422,0.8413609252423792,false,57186,112268422,0.8413609252423792
57186,259294,0.9061042244043568,false,57186,259294,0.9061042244043568
57186,2266,0.9551923082442353,false,57186,2266,0.9551923082442353
57186,745,0.9923716433767479,false,57186,745,0.9923716433767479
57526,4693,0.9053418593310791,false,57526,4693,0.9053418593310791
57526,101929066,0.9053418593310794,false,57526,101929066,0.9053418593310794
57526,2696,0.9494822391862272,false,57526,2696,0.9494822391862272
57526,102466759,0.905341859331079,false,57526,102466759,0.905341859331079
57526,54084,0.9053418593310788,false,57526,54084,0.9053418593310788
57526,339983,0.905341859331079,false,57526,339983,0.905341859331079
57526,606,0.905341859331079,false,57526,606,0.905341859331079
57526,100133669,0.905341859331079,false,57526,100133669,0.905341859331079
57526,7473,0.9053418593310788,false,57526,7473,0.9053418593310788
57526,1180,0.905341859331079,false,57526,1180,0.905341859331079
57526,200407,0.8854033404557897,false,57526,200407,0.8854033404557897
57526,766,0.905341859331079,false,57526,766,0.905341859331079
57526,388327,0.905341859331079,false,57526,388327,0.905341859331079
57526,3780,0.905341859331079,false,57526,3780,0.905341859331079
57526,100126311,0.905341859331079,false,57526,100126311,0.905341859331079
57526,23562,0.905341859331079,false,57526,23562,0.905341859331079
57526,1746,0.9053418593310794,false,57526,1746,0.9053418593310794
57526,57524,0.9053418593310789,false,57526,57524,0.9053418593310789
57526,10331,0.9053418593310794,false,57526,10331,0.9053418593310794
57526,84867,0.905341859331079,false,57526,84867,0.905341859331079
57526,100130701,0.834636715461801,false,57526,100130701,0.834636715461801
57526,284680,0.8700517812094463,false,57526,284680,0.8700517812094463
57526,128218,0.8000237254251361,false,57526,128218,0.8000237254251361
57526,222183,0.905341859331079,false,57526,222183,0.905341859331079
57526,7546,0.905341859331079,false,57526,7546,0.905341859331079
57526,285429,0.8174661727153886,false,57526,285429,0.8174661727153886
57526,9699,0.905341859331079,false,57526,9699,0.905341859331079
57526,101928580,0.9053418593310794,false,57526,101928580,0.9053418593310794
57526,9211,0.9198254618591309,false,57526,9211,0.9198254618591309
57526,100874002,0.8854033404557897,false,57526,100874002,0.8854033404557897
57526,440590,0.905341859331079,false,57526,440590,0.905341859331079
57526,1515,0.905341859331079,false,57526,1515,0.905341859331079
57526,4606,0.9053418593310794,false,57526,4606,0.9053418593310794
2327,1040,0.7628327605416224,false,2327,1040,0.7628327605416224
6751,79908,0.8868048360406899,false,6751,79908,0.8868048360406899
6751,51185,0.8222707422671379,false,6751,51185,0.8222707422671379
6751,130367,0.9254585256728893,false,6751,130367,0.9254585256728893
6751,285335,0.8881665527326794,false,6751,285335,0.8881665527326794
6751,9356,0.8211003221495485,false,6751,9356,0.8211003221495485
6751,641776,0.8554167645161156,false,6751,641776,0.8554167645161156
6751,728226,0.8425774391202714,false,6751,728226,0.8425774391202714
6751,81615,0.7517835098051932,false,6751,81615,0.7517835098051932
6751,200373,0.8872863229736571,false,6751,200373,0.8872863229736571
6751,474354,0.8396234826003629,false,6751,474354,0.8396234826003629
6751,54842,0.7697100905669032,false,6751,54842,0.7697100905669032
6751,107985317,0.8554214145310023,false,6751,107985317,0.8554214145310023
6751,128602,0.7939356389507669,false,6751,128602,0.7939356389507669
6751,54997,0.9888219045613362,false,6751,54997,0.9888219045613362
6751,2595,0.760799778977896,false,6751,2595,0.760799778977896
6751,115677,0.8362912123229431,false,6751,115677,0.8362912123229431
6751,253970,0.7866434160074367,false,6751,253970,0.7866434160074367
6751,109136579,0.9400217481901862,false,6751,109136579,0.9400217481901862
6751,503645,0.8669415453367648,false,6751,503645,0.8669415453367648
6751,64332,0.8946316845864162,false,6751,64332,0.8946316845864162
6751,346007,0.7960268345391179,false,6751,346007,0.7960268345391179
6751,116984,0.8613679229958413,false,6751,116984,0.8613679229958413
6751,137872,0.9812500996369408,false,6751,137872,0.9812500996369408
6751,100033430,0.980444423585153,false,6751,100033430,0.980444423585153
6751,102723849,0.8153255492627085,false,6751,102723849,0.8153255492627085
6751,93517,0.8496983329250727,false,6751,93517,0.8496983329250727
6751,89765,0.9082152243971089,false,6751,89765,0.9082152243971089
6751,130271,0.7539650717896544,false,6751,130271,0.7539650717896544
6751,101927516,0.7992790511460249,false,6751,101927516,0.7992790511460249
6751,378938,0.9391150805253272,false,6751,378938,0.9391150805253272
6751,285,0.9003182960375954,false,6751,285,0.9003182960375954
6751,27074,0.8661651449633758,false,6751,27074,0.8661651449633758
6751,66002,0.9660205105009012,false,6751,66002,0.9660205105009012
6751,79632,0.7690291039916312,false,6751,79632,0.7690291039916312
6751,100505495,0.8284901823459984,false,6751,100505495,0.8284901823459984
6751,7620,0.9817607850360061,false,6751,7620,0.9817607850360061
6751,105180391,0.9094738873110141,false,6751,105180391,0.9094738873110141
6751,151531,0.9694942803729726,false,6751,151531,0.9694942803729726
6751,105180390,0.88202308009585,false,6751,105180390,0.88202308009585
6751,692058,0.9051294677212478,false,6751,692058,0.9051294677212478
6751,645843,0.9078826313099241,false,6751,645843,0.9078826313099241
6751,2122,0.8339268623253017,false,6751,2122,0.8339268623253017
6751,121512,0.9936939373262084,false,6751,121512,0.9936939373262084
6751,120892,0.7534683136229289,false,6751,120892,0.7534683136229289
6751,123624,0.8454537229347996,false,6751,123624,0.8454537229347996
6751,391253,0.8191048002518332,false,6751,391253,0.8191048002518332
6751,693188,0.760773441170305,false,6751,693188,0.760773441170305
6751,353189,0.7946501601469509,false,6751,353189,0.7946501601469509
6751,776,0.9654450818761574,false,6751,776,0.9654450818761574
6751,84851,0.7609761317888148,false,6751,84851,0.7609761317888148
6751,4861,0.8539242090161199,false,6751,4861,0.8539242090161199
6751,10203,0.760219296328854,false,6751,10203,0.760219296328854
6751,284323,0.9757242827364241,false,6751,284323,0.9757242827364241
6751,65217,0.9666606072333337,false,6751,65217,0.9666606072333337
6751,56955,0.8235307471810104,false,6751,56955,0.8235307471810104
6751,692213,0.7554529218375704,false,6751,692213,0.7554529218375704
6751,79098,0.8718422421605454,false,6751,79098,0.8718422421605454
6751,649946,0.8115648750853789,false,6751,649946,0.8115648750853789
6751,165186,0.8235464745655313,false,6751,165186,0.8235464745655313
6751,100033436,0.7548610801321733,false,6751,100033436,0.7548610801321733
79908,388323,0.8869256519054898,false,79908,388323,0.8869256519054898
79908,51185,0.9010725132534079,false,79908,51185,0.9010725132534079
79908,130367,0.9514309983990713,false,79908,130367,0.9514309983990713
79908,285335,0.8908137770434466,false,79908,285335,0.8908137770434466
79908,146177,0.8753757038612864,false,79908,146177,0.8753757038612864
79908,728226,0.9938688839235994,false,79908,728226,0.9938688839235994
79908,81615,0.9261349831680069,false,79908,81615,0.9261349831680069
79908,200373,0.9623115417090575,false,79908,200373,0.9623115417090575
79908,102723382,0.8935164440829885,false,79908,102723382,0.8935164440829885
79908,474354,0.98611543099052,false,79908,474354,0.98611543099052
79908,221395,0.8549377794893297,false,79908,221395,0.8549377794893297
79908,54842,0.8818277121890997,false,79908,54842,0.8818277121890997
79908,107985317,0.9966778247327025,false,79908,107985317,0.9966778247327025
79908,128602,0.9617367840924238,false,79908,128602,0.9617367840924238
79908,54997,0.9418605415562107,false,79908,54997,0.9418605415562107
79908,2595,0.9327488214346468,false,79908,2595,0.9327488214346468
79908,9223,0.8843750626081575,false,79908,9223,0.8843750626081575
79908,253970,0.9321893130088447,false,79908,253970,0.9321893130088447
79908,109136579,0.7538063240384123,false,79908,109136579,0.7538063240384123
79908,503645,0.9353971002263017,false,79908,503645,0.9353971002263017
79908,4070,0.8698153529272408,false,79908,4070,0.8698153529272408
79908,346007,0.9541060312691799,false,79908,346007,0.9541060312691799
79908,116984,0.9582641346460284,false,79908,116984,0.9582641346460284
79908,825,0.9458867894543183,false,79908,825,0.9458867894543183
79908,137872,0.938929304751135,false,79908,137872,0.938929304751135
79908,100033430,0.8530144392548017,false,79908,100033430,0.8530144392548017
79908,124944,0.8545731697563788,false,79908,124944,0.8545731697563788
79908,93517,0.9958497346715868,false,79908,93517,0.9958497346715868
79908,89765,0.7589383702595661,false,79908,89765,0.7589383702595661
79908,130271,0.7817020257913974,false,79908,130271,0.7817020257913974
79908,101927516,0.9839477485688166,false,79908,101927516,0.9839477485688166
79908,285,0.9905391269944335,false,79908,285,0.9905391269944335
79908,27074,0.9403320487385841,false,79908,27074,0.9403320487385841
79908,100996506,0.9084508209243128,false,79908,100996506,0.9084508209243128
79908,66002,0.9740421062320727,false,79908,66002,0.9740421062320727
79908,79632,0.9035586400334831,false,79908,79632,0.9035586400334831
79908,100505495,0.9917997699840563,false,79908,100505495,0.9917997699840563
79908,7620,0.9112263527081716,false,79908,7620,0.9112263527081716
79908,9476,0.9085722389938669,false,79908,9476,0.9085722389938669
79908,151531,0.9604726119185901,false,79908,151531,0.9604726119185901
79908,105371242,0.8271195625647602,false,79908,105371242,0.8271195625647602
79908,692058,0.8482567408913789,false,79908,692058,0.8482567408913789
79908,2122,0.9864117842948752,false,79908,2122,0.9864117842948752
79908,84059,0.8689416651180932,false,79908,84059,0.8689416651180932
79908,121512,0.9152669596733201,false,79908,121512,0.9152669596733201
79908,6097,0.9355778206097326,false,79908,6097,0.9355778206097326
79908,120892,0.9322846978788448,false,79908,120892,0.9322846978788448
79908,113219467,0.7669357644542478,false,79908,113219467,0.7669357644542478
79908,123624,0.9832158158826725,false,79908,123624,0.9832158158826725
79908,391253,0.978956960106211,false,79908,391253,0.978956960106211
79908,693188,0.9645868445328288,false,79908,693188,0.9645868445328288
79908,353189,0.9057237209052015,false,79908,353189,0.9057237209052015
79908,776,0.9423265745102684,false,79908,776,0.9423265745102684
79908,84851,0.9453540744326342,false,79908,84851,0.9453540744326342
79908,84525,0.8436955675573895,false,79908,84525,0.8436955675573895
79908,4861,0.996787936081347,false,79908,4861,0.996787936081347
79908,10203,0.9629442663199216,false,79908,10203,0.9629442663199216
79908,284323,0.7675695701348603,false,79908,284323,0.7675695701348603
79908,1080,0.8408551763880466,false,79908,1080,0.8408551763880466
79908,65217,0.9010526669706828,false,79908,65217,0.9010526669706828
79908,105372793,0.9099495276671391,false,79908,105372793,0.9099495276671391
79908,56955,0.9832870146961069,false,79908,56955,0.9832870146961069
79908,55282,0.8740884748289465,false,79908,55282,0.8740884748289465
79908,79098,0.9840552492084682,false,79908,79098,0.9840552492084682
79908,144535,0.8959433234083635,false,79908,144535,0.8959433234083635
79908,649946,0.9402128350269575,false,79908,649946,0.9402128350269575
79908,144571,0.9327320108816738,false,79908,144571,0.9327320108816738
79908,165186,0.9867672985687418,false,79908,165186,0.9867672985687418
79908,102465485,0.9113278162272552,false,79908,102465485,0.9113278162272552
79908,100033436,0.9560837054710406,false,79908,100033436,0.9560837054710406
5544,100506686,0.8694737354140039,false,5544,100506686,0.8694737354140039
5544,110806280,0.9204905561661278,false,5544,110806280,0.9204905561661278
5544,400578,0.8405382769720658,false,5544,400578,0.8405382769720658
5544,102723635,0.7610149309667187,false,5544,102723635,0.7610149309667187
5544,688,0.7875250250104247,false,5544,688,0.7875250250104247
5544,5545,0.924808659315084,false,5544,5545,0.924808659315084
5544,10586,0.825142215803126,false,5544,10586,0.825142215803126
5544,4585,0.7770938352127373,false,5544,4585,0.7770938352127373
5544,2619,0.8621745159875533,false,5544,2619,0.8621745159875533
5544,654433,0.8517690654630954,false,5544,654433,0.8517690654630954
5544,1043,0.8181962272126198,false,5544,1043,0.8181962272126198
5544,9370,0.9204905561661278,false,5544,9370,0.9204905561661278
5544,4069,0.8521475453458157,false,5544,4069,0.8521475453458157
5544,100874095,0.9204905561661278,false,5544,100874095,0.9204905561661278
6473,102723508,0.9350190954516033,false,6473,102723508,0.9350190954516033
6473,9356,0.794175591615389,false,6473,9356,0.794175591615389
6473,641776,0.7714768424619295,false,6473,641776,0.7714768424619295
6473,100506658,0.820199890914165,false,6473,100506658,0.820199890914165
6473,341676,0.9674789480843384,false,6473,341676,0.9674789480843384
6473,148213,0.9375378929984697,false,6473,148213,0.9375378929984697
6473,10595,0.9220210997666289,false,6473,10595,0.9220210997666289
6473,4583,0.9167797249420792,false,6473,4583,0.9167797249420792
6473,55567,0.9541298718359249,false,6473,55567,0.9541298718359249
6473,7851,0.8904586569097769,false,6473,7851,0.8904586569097769
6473,692072,0.9506613492418599,false,6473,692072,0.9506613492418599
6473,55808,0.9978224423602575,false,6473,55808,0.9978224423602575
6473,999,0.936992664057664,false,6473,999,0.936992664057664
6473,126353,0.9611574541498642,false,6473,126353,0.9611574541498642
6473,26226,0.8068889239897324,false,6473,26226,0.8068889239897324
6473,388743,0.9952473838434492,false,6473,388743,0.9952473838434492
6473,1577,0.8967325400279099,false,6473,1577,0.8967325400279099
6473,340267,0.8843297033526717,false,6473,340267,0.8843297033526717
6473,200879,0.9994765889401205,false,6473,200879,0.9994765889401205
6473,1510,0.9952924143262143,false,6473,1510,0.9952924143262143
6473,102723849,0.7910106930582148,false,6473,102723849,0.7910106930582148
6473,57669,0.7825523271899001,false,6473,57669,0.7825523271899001
6473,57111,0.9948690561543052,false,6473,57111,0.9948690561543052
6473,116844,0.8218852474928597,false,6473,116844,0.8218852474928597
6473,10129,0.9189907279998211,false,6473,10129,0.9189907279998211
6473,4586,0.9999669734144138,false,6473,4586,0.9999669734144138
6473,10551,0.9988697639047077,false,6473,10551,0.9988697639047077
6473,54897,0.7922496406722103,false,6473,54897,0.7922496406722103
6473,117155,0.9533935556992793,false,6473,117155,0.9533935556992793
6473,112268155,0.9760136613310443,false,6473,112268155,0.9760136613310443
6473,1152,0.9458511259137855,false,6473,1152,0.9458511259137855
6473,79083,0.996463223771437,false,6473,79083,0.996463223771437
6473,1556,0.8926286866738287,false,6473,1556,0.8926286866738287
6473,55930,0.9699700297746081,false,6473,55930,0.9699700297746081
6473,22996,0.9370774083423703,false,6473,22996,0.9370774083423703
6473,7113,0.8513739481480966,false,6473,7113,0.8513739481480966
6473,54861,0.8593336139147139,false,6473,54861,0.8593336139147139
6473,222256,0.7669838657827038,false,6473,222256,0.7669838657827038
6473,100529240,0.9836029810866795,false,6473,100529240,0.9836029810866795
6473,113218482,0.9752654630279777,false,6473,113218482,0.9752654630279777
6473,647024,0.9379496958800877,false,6473,647024,0.9379496958800877
6473,255928,0.9998505497936743,false,6473,255928,0.9998505497936743
6473,8537,0.9949131641495769,false,6473,8537,0.9949131641495769
6473,10018,0.8740563550300393,false,6473,10018,0.8740563550300393
6473,115019,0.9172145187326949,false,6473,115019,0.9172145187326949
6473,3434,0.7827294527750718,false,6473,3434,0.7827294527750718
6473,168374,0.9224877271383622,false,6473,168374,0.9224877271383622
6473,143884,0.9111490656351249,false,6473,143884,0.9111490656351249
6473,3993,0.9232545605007096,false,6473,3993,0.9232545605007096
6473,389852,0.9519464616493772,false,6473,389852,0.9519464616493772
6473,164312,0.9904744441904114,false,6473,164312,0.9904744441904114
6473,84239,0.784021710127579,false,6473,84239,0.784021710127579
6473,2065,0.8969446888492423,false,6473,2065,0.8969446888492423
6473,135656,0.99999725382906,false,6473,135656,0.99999725382906
6473,94059,0.9015984750042603,false,6473,94059,0.9015984750042603
6473,3960,0.9033818124551578,false,6473,3960,0.9033818124551578
6473,23584,0.8395085905612204,false,6473,23584,0.8395085905612204
6473,692213,0.8187333288381197,false,6473,692213,0.8187333288381197
6473,153643,0.8992682539836573,false,6473,153643,0.8992682539836573
6473,112268422,0.8950947276041058,false,6473,112268422,0.8950947276041058
6473,259294,0.952189446640171,false,6473,259294,0.952189446640171
6473,2266,0.9911591705142315,false,6473,2266,0.9911591705142315
6473,745,0.9529234638401574,false,6473,745,0.9529234638401574
10579,3875,0.9466146057593869,false,10579,3875,0.9466146057593869
10579,117156,0.8054911550323631,false,10579,117156,0.8054911550323631
10579,220136,0.832762719675054,false,10579,220136,0.832762719675054
10579,1286,0.7851996301720495,false,10579,1286,0.7851996301720495
10579,79784,0.8682846336357739,false,10579,79784,0.8682846336357739
388323,51185,0.9463628198137305,false,388323,51185,0.9463628198137305
388323,130367,0.8202869418566229,false,388323,130367,0.8202869418566229
388323,285335,0.8522245923186759,false,388323,285335,0.8522245923186759
388323,146177,0.7607078654109652,false,388323,146177,0.7607078654109652
388323,728226,0.881339162277766,false,388323,728226,0.881339162277766
388323,81615,0.7912652208167192,false,388323,81615,0.7912652208167192
388323,200373,0.9101995033128657,false,388323,200373,0.9101995033128657
388323,102723382,0.9672131841765482,false,388323,102723382,0.9672131841765482
388323,474354,0.945865693761041,false,388323,474354,0.945865693761041
388323,107985317,0.8931668444842963,false,388323,107985317,0.8931668444842963
388323,128602,0.8220537138238986,false,388323,128602,0.8220537138238986
388323,2595,0.797420852568018,false,388323,2595,0.797420852568018
388323,253970,0.8000000588171915,false,388323,253970,0.8000000588171915
388323,4070,0.8310533650087062,false,388323,4070,0.8310533650087062
388323,346007,0.9237220883177605,false,388323,346007,0.9237220883177605
388323,116984,0.8156894428082646,false,388323,116984,0.8156894428082646
388323,825,0.8412560041314256,false,388323,825,0.8412560041314256
388323,137872,0.7810516310269302,false,388323,137872,0.7810516310269302
388323,124944,0.8096780808656655,false,388323,124944,0.8096780808656655
388323,93517,0.8870211488802551,false,388323,93517,0.8870211488802551
388323,101927516,0.9195396399424443,false,388323,101927516,0.9195396399424443
388323,285,0.9154637203270805,false,388323,285,0.9154637203270805
388323,27074,0.7609606895447942,false,388323,27074,0.7609606895447942
388323,100996506,0.9689288962446196,false,388323,100996506,0.9689288962446196
388323,66002,0.8096332394796503,false,388323,66002,0.8096332394796503
388323,79632,0.7884265682925004,false,388323,79632,0.7884265682925004
388323,100505495,0.9007473001277453,false,388323,100505495,0.9007473001277453
388323,7620,0.7523987282142225,false,388323,7620,0.7523987282142225
388323,4179,0.9086326222318077,false,388323,4179,0.9086326222318077
388323,9476,0.8149518042021057,false,388323,9476,0.8149518042021057
388323,151531,0.7934637233490096,false,388323,151531,0.7934637233490096
388323,201625,0.8214094413513084,false,388323,201625,0.8214094413513084
388323,105371242,0.7557633276201745,false,388323,105371242,0.7557633276201745
388323,692058,0.8209392541674545,false,388323,692058,0.8209392541674545
388323,2122,0.8757855485456724,false,388323,2122,0.8757855485456724
388323,6097,0.8115487728205549,false,388323,6097,0.8115487728205549
388323,120892,0.8709643864356588,false,388323,120892,0.8709643864356588
388323,113219467,0.897983651751845,false,388323,113219467,0.897983651751845
388323,123624,0.8551677476969365,false,388323,123624,0.8551677476969365
388323,391253,0.8915052886424439,false,388323,391253,0.8915052886424439
388323,693188,0.9544521155552246,false,388323,693188,0.9544521155552246
388323,353189,0.8218363979233656,false,388323,353189,0.8218363979233656
388323,84851,0.9849088243504063,false,388323,84851,0.9849088243504063
388323,4861,0.8900610244669865,false,388323,4861,0.8900610244669865
388323,10203,0.8414361762572122,false,388323,10203,0.8414361762572122
388323,1080,0.8577993095158437,false,388323,1080,0.8577993095158437
388323,105372793,0.9895104738420297,false,388323,105372793,0.9895104738420297
388323,56955,0.8503921208309932,false,388323,56955,0.8503921208309932
388323,79098,0.8352963116138453,false,388323,79098,0.8352963116138453
388323,144535,0.8983119380057081,false,388323,144535,0.8983119380057081
388323,649946,0.8308669808560745,false,388323,649946,0.8308669808560745
388323,144571,0.8661471281481555,false,388323,144571,0.8661471281481555
388323,26298,0.7997758452207016,false,388323,26298,0.7997758452207016
388323,165186,0.8724736981072296,false,388323,165186,0.8724736981072296
388323,102465485,0.8695990863853462,false,388323,102465485,0.8695990863853462
388323,100033436,0.9607548517296524,false,388323,100033436,0.9607548517296524
730,124944,0.7566199735167778,false,730,124944,0.7566199735167778
730,105371242,0.8502055212979086,false,730,105371242,0.8502055212979086
730,9411,0.8819104533999462,false,730,9411,0.8819104533999462
102723508,100506658,0.9371585033907337,false,102723508,100506658,0.9371585033907337
102723508,341676,0.9137928562172417,false,102723508,341676,0.9137928562172417
102723508,148213,0.7948310904316146,false,102723508,148213,0.7948310904316146
102723508,10595,0.8725698985174289,false,102723508,10595,0.8725698985174289
102723508,4583,0.775304822564648,false,102723508,4583,0.775304822564648
102723508,55567,0.8270011217063675,false,102723508,55567,0.8270011217063675
102723508,5961,0.9125397258579069,false,102723508,5961,0.9125397258579069
102723508,7851,0.8070777330186862,false,102723508,7851,0.8070777330186862
102723508,692072,0.9336999135088859,false,102723508,692072,0.9336999135088859
102723508,55808,0.9387777247243585,false,102723508,55808,0.9387777247243585
102723508,999,0.8870728452922035,false,102723508,999,0.8870728452922035
102723508,126353,0.8435311714419436,false,102723508,126353,0.8435311714419436
102723508,26226,0.953260379107174,false,102723508,26226,0.953260379107174
102723508,388743,0.9270139937571071,false,102723508,388743,0.9270139937571071
102723508,1577,0.8163068537684454,false,102723508,1577,0.8163068537684454
102723508,340267,0.94255103303858,false,102723508,340267,0.94255103303858
102723508,200879,0.9406117407564396,false,102723508,200879,0.9406117407564396
102723508,1510,0.9171204673313696,false,102723508,1510,0.9171204673313696
102723508,6337,0.8522979465613671,false,102723508,6337,0.8522979465613671
102723508,57669,0.8999045730880236,false,102723508,57669,0.8999045730880236
102723508,57111,0.9279852007741531,false,102723508,57111,0.9279852007741531
102723508,116844,0.8994641276548696,false,102723508,116844,0.8994641276548696
102723508,10129,0.8768113322451012,false,102723508,10129,0.8768113322451012
102723508,4586,0.9333018983772351,false,102723508,4586,0.9333018983772351
102723508,10551,0.9219580362519934,false,102723508,10551,0.9219580362519934
102723508,54897,0.943311401327473,false,102723508,54897,0.943311401327473
102723508,117155,0.9618532826955158,false,102723508,117155,0.9618532826955158
102723508,112268155,0.9547955864250027,false,102723508,112268155,0.9547955864250027
102723508,1152,0.9657108884323774,false,102723508,1152,0.9657108884323774
102723508,79083,0.9541031950436616,false,102723508,79083,0.9541031950436616
102723508,1556,0.970592051144706,false,102723508,1556,0.970592051144706
102723508,55930,0.8817714885217957,false,102723508,55930,0.8817714885217957
102723508,22996,0.8806845272419783,false,102723508,22996,0.8806845272419783
102723508,7113,0.8367910797160552,false,102723508,7113,0.8367910797160552
102723508,54861,0.9629436082055156,false,102723508,54861,0.9629436082055156
102723508,222256,0.8249101472393012,false,102723508,222256,0.8249101472393012
102723508,100529240,0.8835713304791527,false,102723508,100529240,0.8835713304791527
102723508,113218482,0.9800934200107618,false,102723508,113218482,0.9800934200107618
102723508,647024,0.8801125297859139,false,102723508,647024,0.8801125297859139
102723508,255928,0.9322004031398456,false,102723508,255928,0.9322004031398456
102723508,8537,0.9145999247533002,false,102723508,8537,0.9145999247533002
102723508,10018,0.7670062174074213,false,102723508,10018,0.7670062174074213
102723508,115019,0.9152656860711419,false,102723508,115019,0.9152656860711419
102723508,168374,0.8716808660938595,false,102723508,168374,0.8716808660938595
102723508,143884,0.851570611914727,false,102723508,143884,0.851570611914727
102723508,3993,0.8839247342502615,false,102723508,3993,0.8839247342502615
102723508,389852,0.8488394714123692,false,102723508,389852,0.8488394714123692
102723508,164312,0.9233210698898328,false,102723508,164312,0.9233210698898328
102723508,84239,0.8531117967765365,false,102723508,84239,0.8531117967765365
102723508,2065,0.7642027811329906,false,102723508,2065,0.7642027811329906
102723508,135656,0.9350985814385884,false,102723508,135656,0.9350985814385884
102723508,3880,0.7858958398470668,false,102723508,3880,0.7858958398470668
102723508,94059,0.7826906325476356,false,102723508,94059,0.7826906325476356
102723508,3960,0.8027622450465756,false,102723508,3960,0.8027622450465756
102723508,23584,0.9182408882608026,false,102723508,23584,0.9182408882608026
102723508,153643,0.8876515282713998,false,102723508,153643,0.8876515282713998
102723508,112268422,0.8535910840497221,false,102723508,112268422,0.8535910840497221
102723508,259294,0.8761118755504663,false,102723508,259294,0.8761118755504663
102723508,2266,0.9111262034772911,false,102723508,2266,0.9111262034772911
102723508,745,0.9835101051531309,false,102723508,745,0.9835101051531309
102723508,440352,0.7599110463772125,false,102723508,440352,0.7599110463772125
28984,278,0.869380408369432,false,28984,278,0.869380408369432
28984,276,0.8366034480096479,false,28984,276,0.8366034480096479
28984,79740,0.8967303814149474,false,28984,79740,0.8967303814149474
51185,130367,0.9093240457587541,false,51185,130367,0.9093240457587541
51185,285335,0.951333878067184,false,51185,285335,0.951333878067184
51185,728226,0.8651749029152639,false,51185,728226,0.8651749029152639
51185,81615,0.7810513279006348,false,51185,81615,0.7810513279006348
51185,200373,0.9563201700337606,false,51185,200373,0.9563201700337606
51185,102723382,0.9221486840767573,false,51185,102723382,0.9221486840767573
51185,474354,0.9359780969943747,false,51185,474354,0.9359780969943747
51185,54842,0.7529011729566795,false,51185,54842,0.7529011729566795
51185,107985317,0.8913139529755242,false,51185,107985317,0.8913139529755242
51185,128602,0.8078781891627117,false,51185,128602,0.8078781891627117
51185,54997,0.8675915955974789,false,51185,54997,0.8675915955974789
51185,2595,0.7881502909359304,false,51185,2595,0.7881502909359304
51185,253970,0.804376801167245,false,51185,253970,0.804376801167245
51185,109136579,0.8255865564108369,false,51185,109136579,0.8255865564108369
51185,503645,0.7953864885153883,false,51185,503645,0.7953864885153883
51185,4070,0.7669368634110737,false,51185,4070,0.7669368634110737
51185,346007,0.9287232260047784,false,51185,346007,0.9287232260047784
51185,116984,0.8621397774617138,false,51185,116984,0.8621397774617138
51185,825,0.7886316847102839,false,51185,825,0.7886316847102839
51185,137872,0.9047613170946117,false,51185,137872,0.9047613170946117
51185,100033430,0.8125024938423391,false,51185,100033430,0.8125024938423391
51185,93517,0.8794839218809564,false,51185,93517,0.8794839218809564
51185,89765,0.7521696186574108,false,51185,89765,0.7521696186574108
51185,101927516,0.8923131378224448,false,51185,101927516,0.8923131378224448
51185,378938,0.8193004997477127,false,51185,378938,0.8193004997477127
51185,285,0.9483776113509157,false,51185,285,0.9483776113509157
51185,27074,0.806973460291345,false,51185,27074,0.806973460291345
51185,100996506,0.9223155194990608,false,51185,100996506,0.9223155194990608
51185,66002,0.8956840341162486,false,51185,66002,0.8956840341162486
51185,79632,0.8035342845973347,false,51185,79632,0.8035342845973347
51185,100505495,0.8759315049340348,false,51185,100505495,0.8759315049340348
51185,7620,0.8837103885380138,false,51185,7620,0.8837103885380138
51185,4179,0.795871107967182,false,51185,4179,0.795871107967182
51185,9476,0.788650924750723,false,51185,9476,0.788650924750723
51185,151531,0.8871407853013935,false,51185,151531,0.8871407853013935
51185,201625,0.9288362716014706,false,51185,201625,0.9288362716014706
51185,692058,0.9479960529149967,false,51185,692058,0.9479960529149967
51185,2122,0.8696205452619662,false,51185,2122,0.8696205452619662
51185,121512,0.8733598611474569,false,51185,121512,0.8733598611474569
51185,6097,0.7816465524716422,false,51185,6097,0.7816465524716422
51185,120892,0.8604585981811969,false,51185,120892,0.8604585981811969
51185,113219467,0.7506202020541629,false,51185,113219467,0.7506202020541629
51185,123624,0.8606474356427811,false,51185,123624,0.8606474356427811
51185,391253,0.8764739592509073,false,51185,391253,0.8764739592509073
51185,693188,0.9010180757809063,false,51185,693188,0.9010180757809063
51185,353189,0.8265629108844845,false,51185,353189,0.8265629108844845
51185,776,0.7977443269982292,false,51185,776,0.7977443269982292
51185,84851,0.9633447947645041,false,51185,84851,0.9633447947645041
51185,4861,0.8855105824665813,false,51185,4861,0.8855105824665813
51185,10203,0.7840936174046675,false,51185,10203,0.7840936174046675
51185,1080,0.8139499970257046,false,51185,1080,0.8139499970257046
51185,65217,0.833782903351847,false,51185,65217,0.833782903351847
51185,105372793,0.9444807215605954,false,51185,105372793,0.9444807215605954
51185,56955,0.8349439928052602,false,51185,56955,0.8349439928052602
51185,79098,0.8469413922149325,false,51185,79098,0.8469413922149325
51185,144535,0.8831544468860384,false,51185,144535,0.8831544468860384
51185,649946,0.8610055259089521,false,51185,649946,0.8610055259089521
51185,144571,0.8058367033042271,false,51185,144571,0.8058367033042271
51185,165186,0.8573059152186275,false,51185,165186,0.8573059152186275
51185,102465485,0.8434091222030461,false,51185,102465485,0.8434091222030461
51185,100033436,0.9314303783968804,false,51185,100033436,0.9314303783968804
130367,285335,0.959322658711211,false,130367,285335,0.959322658711211
130367,146177,0.8185906565647117,false,130367,146177,0.8185906565647117
130367,728226,0.9293975069842878,false,130367,728226,0.9293975069842878
130367,81615,0.9005122429659659,false,130367,81615,0.9005122429659659
130367,200373,0.9719533237826213,false,130367,200373,0.9719533237826213
130367,102723382,0.8205723616060933,false,130367,102723382,0.8205723616060933
130367,474354,0.927007210073223,false,130367,474354,0.927007210073223
130367,221395,0.779389246518504,false,130367,221395,0.779389246518504
130367,54842,0.9314094864171144,false,130367,54842,0.9314094864171144
130367,107985317,0.9486991348980987,false,130367,107985317,0.9486991348980987
130367,128602,0.9159932545398703,false,130367,128602,0.9159932545398703
130367,6103,0.7746747981210113,false,130367,6103,0.7746747981210113
130367,54997,0.9650021888366159,false,130367,54997,0.9650021888366159
130367,2595,0.9042660469278085,false,130367,2595,0.9042660469278085
130367,9223,0.767109930943483,false,130367,9223,0.767109930943483
130367,253970,0.9438572303029927,false,130367,253970,0.9438572303029927
130367,109136579,0.8400281597641868,false,130367,109136579,0.8400281597641868
130367,503645,0.9426766955088578,false,130367,503645,0.9426766955088578
130367,4070,0.8582788671994657,false,130367,4070,0.8582788671994657
130367,64332,0.7754361402135695,false,130367,64332,0.7754361402135695
130367,346007,0.9107010819253357,false,130367,346007,0.9107010819253357
130367,116984,0.962517299939114,false,130367,116984,0.962517299939114
130367,825,0.8686184323512968,false,130367,825,0.8686184323512968
130367,137872,0.9628806797033737,false,130367,137872,0.9628806797033737
130367,100033430,0.9283769956999525,false,130367,100033430,0.9283769956999525
130367,124944,0.7502360641365652,false,130367,124944,0.7502360641365652
130367,93517,0.9416058976114942,false,130367,93517,0.9416058976114942
130367,89765,0.8948352936756766,false,130367,89765,0.8948352936756766
130367,130271,0.7695884995004072,false,130367,130271,0.7695884995004072
130367,101927516,0.9280214565208433,false,130367,101927516,0.9280214565208433
130367,378938,0.8364809744567514,false,130367,378938,0.8364809744567514
130367,285,0.9582417584888692,false,130367,285,0.9582417584888692
130367,27074,0.9691656158578363,false,130367,27074,0.9691656158578363
130367,100996506,0.8052744999910925,false,130367,100996506,0.8052744999910925
130367,66002,0.9779217291621676,false,130367,66002,0.9779217291621676
130367,79632,0.942937974174843,false,130367,79632,0.942937974174843
130367,100505495,0.9081365345347474,false,130367,100505495,0.9081365345347474
130367,7620,0.9162032794037304,false,130367,7620,0.9162032794037304
130367,9476,0.9076470214780299,false,130367,9476,0.9076470214780299
130367,151531,0.9787221345304499,false,130367,151531,0.9787221345304499
130367,201625,0.7896338786612763,false,130367,201625,0.7896338786612763
130367,692058,0.8713274646293815,false,130367,692058,0.8713274646293815
130367,645843,0.8206814372697003,false,130367,645843,0.8206814372697003
130367,2122,0.9504185280415498,false,130367,2122,0.9504185280415498
130367,84059,0.8933212561965991,false,130367,84059,0.8933212561965991
130367,121512,0.9578882599329109,false,130367,121512,0.9578882599329109
130367,6097,0.9085825110545457,false,130367,6097,0.9085825110545457
130367,120892,0.9391180337947446,false,130367,120892,0.9391180337947446
130367,123624,0.9577365237720841,false,130367,123624,0.9577365237720841
130367,391253,0.9468684374800204,false,130367,391253,0.9468684374800204
130367,693188,0.8865781139489958,false,130367,693188,0.8865781139489958
130367,353189,0.9207893298964417,false,130367,353189,0.9207893298964417
130367,776,0.9187173348791428,false,130367,776,0.9187173348791428
130367,84851,0.8941079079619617,false,130367,84851,0.8941079079619617
130367,84525,0.8406285827658042,false,130367,84525,0.8406285827658042
130367,4861,0.9442691867040283,false,130367,4861,0.9442691867040283
130367,10203,0.8739902911526938,false,130367,10203,0.8739902911526938
130367,284323,0.8343089397033434,false,130367,284323,0.8343089397033434
130367,1080,0.8640935461586022,false,130367,1080,0.8640935461586022
130367,65217,0.8695905427496767,false,130367,65217,0.8695905427496767
130367,105372793,0.8316689939784663,false,130367,105372793,0.8316689939784663
130367,56955,0.9229460305685888,false,130367,56955,0.9229460305685888
130367,653509,0.7623572210196475,false,130367,653509,0.7623572210196475
130367,55282,0.8015220158550211,false,130367,55282,0.8015220158550211
130367,79098,0.9569845460670366,false,130367,79098,0.9569845460670366
130367,144535,0.9096814201479637,false,130367,144535,0.9096814201479637
130367,649946,0.9349232942951281,false,130367,649946,0.9349232942951281
130367,144571,0.8726211259964366,false,130367,144571,0.8726211259964366
130367,165186,0.932048846201416,false,130367,165186,0.932048846201416
130367,102465485,0.8639912799894052,false,130367,102465485,0.8639912799894052
130367,100033436,0.9011755275993082,false,130367,100033436,0.9011755275993082
100506686,110806280,0.9774807606323789,false,100506686,110806280,0.9774807606323789
100506686,718,0.7561436463573061,false,100506686,718,0.7561436463573061
100506686,6441,0.8795218359928376,false,100506686,6441,0.8795218359928376
100506686,8091,0.9369755054583814,false,100506686,8091,0.9369755054583814
100506686,3207,0.9436859209509068,false,100506686,3207,0.9436859209509068
100506686,400578,0.9172921162044859,false,100506686,400578,0.9172921162044859
100506686,109729184,0.802542600662621,false,100506686,109729184,0.802542600662621
100506686,102723635,0.9644345130538857,false,100506686,102723635,0.9644345130538857
100506686,5545,0.9693553182149189,false,100506686,5545,0.9693553182149189
100506686,10586,0.9933413774458347,false,100506686,10586,0.9933413774458347
100506686,2619,0.990067838640794,false,100506686,2619,0.990067838640794
100506686,654433,0.9355164605599886,false,100506686,654433,0.9355164605599886
100506686,140766,0.8962505808964799,false,100506686,140766,0.8962505808964799
100506686,9370,0.9774807606323789,false,100506686,9370,0.9774807606323789
100506686,80381,0.8916073262156653,false,100506686,80381,0.8916073262156653
100506686,123872,0.8088600362414721,false,100506686,123872,0.8088600362414721
100506686,100874095,0.9774807606323789,false,100506686,100874095,0.9774807606323789
285335,728226,0.8570215890701147,false,285335,728226,0.8570215890701147
285335,81615,0.7684072800264724,false,285335,81615,0.7684072800264724
285335,200373,0.9768639658183272,false,285335,200373,0.9768639658183272
285335,102723382,0.7966689584820439,false,285335,102723382,0.7966689584820439
285335,474354,0.9051321699297672,false,285335,474354,0.9051321699297672
285335,54842,0.8292457390564856,false,285335,54842,0.8292457390564856
285335,107985317,0.8812157710484475,false,285335,107985317,0.8812157710484475
285335,128602,0.7961074767512253,false,285335,128602,0.7961074767512253
285335,54997,0.9145696975311255,false,285335,54997,0.9145696975311255
285335,2595,0.7739288665920653,false,285335,2595,0.7739288665920653
285335,253970,0.8516103905512974,false,285335,253970,0.8516103905512974
285335,109136579,0.8594959568476368,false,285335,109136579,0.8594959568476368
285335,503645,0.8137770203808623,false,285335,503645,0.8137770203808623
285335,4070,0.8124652503928335,false,285335,4070,0.8124652503928335
285335,346007,0.8511691246426771,false,285335,346007,0.8511691246426771
285335,116984,0.862151150462576,false,285335,116984,0.862151150462576
285335,137872,0.9271829891818558,false,285335,137872,0.9271829891818558
285335,100033430,0.9221130155075217,false,285335,100033430,0.9221130155075217
285335,93517,0.8697124474496918,false,285335,93517,0.8697124474496918
285335,89765,0.9111688189124608,false,285335,89765,0.9111688189124608
285335,101927516,0.8627479732138125,false,285335,101927516,0.8627479732138125
285335,378938,0.8560031444904437,false,285335,378938,0.8560031444904437
285335,285,0.9325594347055819,false,285335,285,0.9325594347055819
285335,27074,0.8851298779688586,false,285335,27074,0.8851298779688586
285335,100996506,0.792338477001904,false,285335,100996506,0.792338477001904
285335,66002,0.9280641250652566,false,285335,66002,0.9280641250652566
285335,79632,0.8676387725416983,false,285335,79632,0.8676387725416983
285335,100505495,0.8389435220572795,false,285335,100505495,0.8389435220572795
285335,7620,0.8923569622412577,false,285335,7620,0.8923569622412577
285335,9476,0.8578434112236506,false,285335,9476,0.8578434112236506
285335,151531,0.9429776208285116,false,285335,151531,0.9429776208285116
285335,201625,0.8448787539714594,false,285335,201625,0.8448787539714594
285335,692058,0.9261329460348342,false,285335,692058,0.9261329460348342
285335,645843,0.8005295536618419,false,285335,645843,0.8005295536618419
285335,2122,0.8720015264730256,false,285335,2122,0.8720015264730256
285335,84059,0.766844747334634,false,285335,84059,0.766844747334634
285335,121512,0.9253266443333351,false,285335,121512,0.9253266443333351
285335,6097,0.7976360056402327,false,285335,6097,0.7976360056402327
285335,120892,0.8737396239869436,false,285335,120892,0.8737396239869436
285335,123624,0.8720252951542147,false,285335,123624,0.8720252951542147
285335,391253,0.8909376613655194,false,285335,391253,0.8909376613655194
285335,693188,0.864586225088273,false,285335,693188,0.864586225088273
285335,353189,0.9118341567392564,false,285335,353189,0.9118341567392564
285335,776,0.8271579244685003,false,285335,776,0.8271579244685003
285335,84851,0.8891912792808795,false,285335,84851,0.8891912792808795
285335,4861,0.8745917658438647,false,285335,4861,0.8745917658438647
285335,10203,0.7718077413213151,false,285335,10203,0.7718077413213151
285335,284323,0.8161123731557262,false,285335,284323,0.8161123731557262
285335,1080,0.8319868248427678,false,285335,1080,0.8319868248427678
285335,65217,0.8301122157505915,false,285335,65217,0.8301122157505915
285335,105372793,0.8326682021326655,false,285335,105372793,0.8326682021326655
285335,56955,0.820617227947595,false,285335,56955,0.820617227947595
285335,79098,0.8829636377092145,false,285335,79098,0.8829636377092145
285335,144535,0.8627582366616826,false,285335,144535,0.8627582366616826
285335,649946,0.8314060253746557,false,285335,649946,0.8314060253746557
285335,144571,0.7685652396692794,false,285335,144571,0.7685652396692794
285335,26298,0.7608707003107934,false,285335,26298,0.7608707003107934
285335,165186,0.8415196528981961,false,285335,165186,0.8415196528981961
285335,102465485,0.7625028570903226,false,285335,102465485,0.7625028570903226
285335,100033436,0.8595494349234755,false,285335,100033436,0.8595494349234755
2537,168090,0.8346752895636521,false,2537,168090,0.8346752895636521
2537,653082,0.8284666858294806,false,2537,653082,0.8284666858294806
2537,7356,0.7547483400931837,false,2537,7356,0.7547483400931837
2537,109729127,0.8955104258935785,false,2537,109729127,0.8955104258935785
2537,728276,0.9655666886411514,false,2537,728276,0.9655666886411514
2537,6101,0.9441054694356075,false,2537,6101,0.9441054694356075
2537,105,0.7705083623051238,false,2537,105,0.7705083623051238
2537,1579,0.7931418597491984,false,2537,1579,0.7931418597491984
2537,57477,0.7952407491333237,false,2537,57477,0.7952407491333237
4693,101929066,1.0,false,4693,101929066,1.0
4693,2696,0.9310797377483423,false,4693,2696,0.9310797377483423
4693,102466759,1.0,false,4693,102466759,1.0
4693,54084,1.0,false,4693,54084,1.0
4693,339983,1.0,false,4693,339983,1.0
4693,606,1.0,false,4693,606,1.0
4693,100133669,1.0,false,4693,100133669,1.0
4693,7473,1.0,false,4693,7473,1.0
4693,1180,1.0,false,4693,1180,1.0
4693,200407,0.9924038663952793,false,4693,200407,0.9924038663952793
4693,766,1.0,false,4693,766,1.0
4693,65998,0.8358213643860701,false,4693,65998,0.8358213643860701
4693,388327,1.0,false,4693,388327,1.0
4693,3780,1.0,false,4693,3780,1.0
4693,100126311,1.0,false,4693,100126311,1.0
4693,23562,1.0,false,4693,23562,1.0
4693,1746,1.0,false,4693,1746,1.0
4693,57524,0.9999999999999997,false,4693,57524,0.9999999999999997
4693,10331,1.0,false,4693,10331,1.0
4693,256076,0.8639211505072737,false,4693,256076,0.8639211505072737
4693,84867,1.0,false,4693,84867,1.0
4693,100130701,0.887885656802769,false,4693,100130701,0.887885656802769
4693,284680,0.9827242789356608,false,4693,284680,0.9827242789356608
4693,9771,0.7695391096496836,false,4693,9771,0.7695391096496836
4693,128218,0.9349831907588437,false,4693,128218,0.9349831907588437
4693,222183,1.0,false,4693,222183,1.0
4693,7546,0.9999999999999998,false,4693,7546,0.9999999999999998
4693,9699,1.0,false,4693,9699,1.0
4693,101928580,1.0,false,4693,101928580,1.0
4693,105373265,0.8529273885761165,false,4693,105373265,0.8529273885761165
4693,9211,0.9993716660495694,false,4693,9211,0.9993716660495694
4693,100874002,0.9924038663952793,false,4693,100874002,0.9924038663952793
4693,440590,1.0,false,4693,440590,1.0
4693,1515,1.0,false,4693,1515,1.0
4693,4606,1.0,false,4693,4606,1.0
9356,641776,0.9882079682555964,false,9356,641776,0.9882079682555964
9356,148213,0.8810713119403082,false,9356,148213,0.8810713119403082
9356,4583,0.7715735467015983,false,9356,4583,0.7715735467015983
9356,115677,0.7700134623530237,false,9356,115677,0.7700134623530237
9356,7851,0.9565297534787173,false,9356,7851,0.9565297534787173
9356,692072,0.8723922929923852,false,9356,692072,0.8723922929923852
9356,109136579,0.8559166212610219,false,9356,109136579,0.8559166212610219
9356,55808,0.7704356007535819,false,9356,55808,0.7704356007535819
9356,126353,0.8645838589277682,false,9356,126353,0.8645838589277682
9356,64332,0.9152130771820011,false,9356,64332,0.9152130771820011
9356,388743,0.8389603315639961,false,9356,388743,0.8389603315639961
9356,1577,0.9579406844891947,false,9356,1577,0.9579406844891947
9356,100033430,0.8113423677363163,false,9356,100033430,0.8113423677363163
9356,200879,0.7977651356860841,false,9356,200879,0.7977651356860841
9356,1510,0.7871326114391076,false,9356,1510,0.7871326114391076
9356,102723849,0.9687597587093117,false,9356,102723849,0.9687597587093117
9356,57669,0.760312840323747,false,9356,57669,0.760312840323747
9356,89765,0.7638848920483579,false,9356,89765,0.7638848920483579
9356,619383,0.7792036942007378,false,9356,619383,0.7792036942007378
9356,4586,0.791776861839382,false,9356,4586,0.791776861839382
9356,10551,0.7799412563823245,false,9356,10551,0.7799412563823245
9356,378938,0.861205340680996,false,9356,378938,0.861205340680996
9356,117155,0.8066766686743814,false,9356,117155,0.8066766686743814
9356,112268155,0.828229014571165,false,9356,112268155,0.828229014571165
9356,79083,0.7764689470163904,false,9356,79083,0.7764689470163904
9356,55930,0.7905831284960411,false,9356,55930,0.7905831284960411
9356,7620,0.7641938215918255,false,9356,7620,0.7641938215918255
9356,7113,0.8682506589276545,false,9356,7113,0.8682506589276545
9356,105180391,0.9796793514381199,false,9356,105180391,0.9796793514381199
9356,255928,0.790524210608945,false,9356,255928,0.790524210608945
9356,8537,0.7695021279097222,false,9356,8537,0.7695021279097222
9356,10018,0.9080321826041203,false,9356,10018,0.9080321826041203
9356,115019,0.8736239117377559,false,9356,115019,0.8736239117377559
9356,105180390,0.9863236195317525,false,9356,105180390,0.9863236195317525
9356,168374,0.8859448751316287,false,9356,168374,0.8859448751316287
9356,645843,0.8710655042193758,false,9356,645843,0.8710655042193758
9356,143884,0.9234311220506773,false,9356,143884,0.9234311220506773
9356,121512,0.7657650635481066,false,9356,121512,0.7657650635481066
9356,3993,0.9011568700806752,false,9356,3993,0.9011568700806752
9356,389852,0.9299977713982042,false,9356,389852,0.9299977713982042
9356,164312,0.7537556739845349,false,9356,164312,0.7537556739845349
9356,84239,0.8005892581575502,false,9356,84239,0.8005892581575502
9356,2065,0.9284924831835021,false,9356,2065,0.9284924831835021
9356,135656,0.7952246681409239,false,9356,135656,0.7952246681409239
9356,94059,0.7686163690520934,false,9356,94059,0.7686163690520934
9356,3960,0.9654684357246971,false,9356,3960,0.9654684357246971
9356,284323,0.9228801623506706,false,9356,284323,0.9228801623506706
9356,65217,0.7652113206675597,false,9356,65217,0.7652113206675597
9356,23584,0.8230890954885092,false,9356,23584,0.8230890954885092
9356,692213,0.9255504553116799,false,9356,692213,0.9255504553116799
9356,259294,0.9304902940977239,false,9356,259294,0.9304902940977239
9356,2266,0.7569794372711336,false,9356,2266,0.7569794372711336
9356,440352,0.8356125692638527,false,9356,440352,0.8356125692638527
101929066,2696,0.9310797377483425,false,101929066,2696,0.9310797377483425
101929066,102466759,1.0,false,101929066,102466759,1.0
101929066,54084,1.0,false,101929066,54084,1.0
101929066,339983,1.0,false,101929066,339983,1.0
101929066,606,1.0,false,101929066,606,1.0
101929066,100133669,1.0,false,101929066,100133669,1.0
101929066,7473,1.0,false,101929066,7473,1.0
101929066,1180,1.0,false,101929066,1180,1.0
101929066,200407,0.9924038663952792,false,101929066,200407,0.9924038663952792
101929066,766,1.0,false,101929066,766,1.0
101929066,65998,0.83582136438607,false,101929066,65998,0.83582136438607
101929066,388327,0.9999999999999998,false,101929066,388327,0.9999999999999998
101929066,3780,1.0,false,101929066,3780,1.0
101929066,100126311,1.0,false,101929066,100126311,1.0
101929066,23562,1.0,false,101929066,23562,1.0
101929066,1746,1.0,false,101929066,1746,1.0
101929066,57524,1.0,false,101929066,57524,1.0
101929066,10331,1.0,false,101929066,10331,1.0
101929066,256076,0.8639211505072737,false,101929066,256076,0.8639211505072737
101929066,84867,1.0,false,101929066,84867,1.0
101929066,100130701,0.887885656802769,false,101929066,100130701,0.887885656802769
101929066,284680,0.9827242789356608,false,101929066,284680,0.9827242789356608
101929066,9771,0.7695391096496835,false,101929066,9771,0.7695391096496835
101929066,128218,0.934983190758844,false,101929066,128218,0.934983190758844
101929066,222183,1.0,false,101929066,222183,1.0
101929066,7546,0.9999999999999998,false,101929066,7546,0.9999999999999998
101929066,9699,1.0,false,101929066,9699,1.0
101929066,101928580,1.0,false,101929066,101928580,1.0
101929066,105373265,0.8529273885761165,false,101929066,105373265,0.8529273885761165
101929066,9211,0.9993716660495693,false,101929066,9211,0.9993716660495693
101929066,100874002,0.9924038663952792,false,101929066,100874002,0.9924038663952792
101929066,440590,0.9999999999999999,false,101929066,440590,0.9999999999999999
101929066,1515,1.0,false,101929066,1515,1.0
101929066,4606,1.0,false,101929066,4606,1.0
85452,6969,0.7970362342581409,false,85452,6969,0.7970362342581409
85452,653082,0.8213024012902342,false,85452,653082,0.8213024012902342
85452,1028,0.7929865476888786,false,85452,1028,0.7929865476888786
7060,632,0.7715242991507029,false,7060,632,0.7715242991507029
7060,285429,0.811170243219308,false,7060,285429,0.811170243219308
7060,498,0.8764386270917828,false,7060,498,0.8764386270917828
641776,148213,0.8860306424536374,false,641776,148213,0.8860306424536374
641776,4583,0.8057488055673483,false,641776,4583,0.8057488055673483
641776,54997,0.7719780015816166,false,641776,54997,0.7719780015816166
641776,115677,0.764507833896612,false,641776,115677,0.764507833896612
641776,7851,0.9649185813344657,false,641776,7851,0.9649185813344657
641776,692072,0.86275406329689,false,641776,692072,0.86275406329689
641776,109136579,0.9017593275682818,false,641776,109136579,0.9017593275682818
641776,126353,0.8688644573322793,false,641776,126353,0.8688644573322793
641776,64332,0.9514938117992318,false,641776,64332,0.9514938117992318
641776,388743,0.8243193418585525,false,641776,388743,0.8243193418585525
641776,137872,0.7643857229567006,false,641776,137872,0.7643857229567006
641776,1577,0.9637681761312453,false,641776,1577,0.9637681761312453
641776,100033430,0.8637571266222019,false,641776,100033430,0.8637571266222019
641776,200879,0.7722452838465917,false,641776,200879,0.7722452838465917
641776,1510,0.7734570373777929,false,641776,1510,0.7734570373777929
641776,102723849,0.9788161665616903,false,641776,102723849,0.9788161665616903
641776,89765,0.8382200278249327,false,641776,89765,0.8382200278249327
641776,619383,0.8212792761364426,false,641776,619383,0.8212792761364426
641776,4586,0.7697577244553139,false,641776,4586,0.7697577244553139
641776,10551,0.7613713555114925,false,641776,10551,0.7613713555114925
641776,378938,0.9065601374511171,false,641776,378938,0.9065601374511171
641776,117155,0.7902580535117182,false,641776,117155,0.7902580535117182
641776,112268155,0.8154735414805929,false,641776,112268155,0.8154735414805929
641776,55930,0.7880980804367881,false,641776,55930,0.7880980804367881
641776,7620,0.79895526779274,false,641776,7620,0.79895526779274
641776,7113,0.8876666060916253,false,641776,7113,0.8876666060916253
641776,105180391,0.9914448554108419,false,641776,105180391,0.9914448554108419
641776,255928,0.7688185861399862,false,641776,255928,0.7688185861399862
641776,8537,0.753108515773852,false,641776,8537,0.753108515773852
641776,10018,0.9241291404820644,false,641776,10018,0.9241291404820644
641776,115019,0.8732823469457501,false,641776,115019,0.8732823469457501
641776,105180390,0.9981663392274192,false,641776,105180390,0.9981663392274192
641776,168374,0.8930784320161556,false,641776,168374,0.8930784320161556
641776,645843,0.9186835683223521,false,641776,645843,0.9186835683223521
641776,143884,0.901652899938663,false,641776,143884,0.901652899938663
641776,121512,0.8135966843999546,false,641776,121512,0.8135966843999546
641776,3993,0.9062867845654894,false,641776,3993,0.9062867845654894
641776,389852,0.925782391005694,false,641776,389852,0.925782391005694
641776,84239,0.8021179514686784,false,641776,84239,0.8021179514686784
641776,2065,0.9445090764047697,false,641776,2065,0.9445090764047697
641776,135656,0.7725380134945182,false,641776,135656,0.7725380134945182
641776,94059,0.7707789840616106,false,641776,94059,0.7707789840616106
641776,3960,0.9678066306391201,false,641776,3960,0.9678066306391201
641776,284323,0.9446478280655942,false,641776,284323,0.9446478280655942
641776,65217,0.7797503110834649,false,641776,65217,0.7797503110834649
641776,23584,0.8032100135729378,false,641776,23584,0.8032100135729378
641776,692213,0.9512122871144426,false,641776,692213,0.9512122871144426
641776,259294,0.9171744813703423,false,641776,259294,0.9171744813703423
641776,440352,0.8475687876303887,false,641776,440352,0.8475687876303887
146177,728226,0.9182661194611474,false,146177,728226,0.9182661194611474
146177,81615,0.9355763315526465,false,146177,81615,0.9355763315526465
146177,200373,0.8120454461148032,false,146177,200373,0.8120454461148032
146177,5787,0.7874150156967644,false,146177,5787,0.7874150156967644
146177,102723382,0.7721349749806611,false,146177,102723382,0.7721349749806611
146177,474354,0.8538340036508161,false,146177,474354,0.8538340036508161
146177,221395,0.9665452202378646,false,146177,221395,0.9665452202378646
146177,54842,0.9278224041000366,false,146177,54842,0.9278224041000366
146177,107985317,0.9083728710366908,false,146177,107985317,0.9083728710366908
146177,128602,0.9429303663008811,false,146177,128602,0.9429303663008811
146177,2595,0.9343480299661241,false,146177,2595,0.9343480299661241
146177,9223,0.9401368096871928,false,146177,9223,0.9401368096871928
146177,253970,0.9556994360416042,false,146177,253970,0.9556994360416042
146177,503645,0.8644746257062496,false,146177,503645,0.8644746257062496
146177,4070,0.9613869613072048,false,146177,4070,0.9613869613072048
146177,346007,0.8213217766104283,false,146177,346007,0.8213217766104283
146177,116984,0.8751156672294222,false,146177,116984,0.8751156672294222
146177,825,0.949608685492729,false,146177,825,0.949608685492729
146177,124944,0.9512684855044554,false,146177,124944,0.9512684855044554
146177,93517,0.9146387901681255,false,146177,93517,0.9146387901681255
146177,130271,0.7674593345168014,false,146177,130271,0.7674593345168014
146177,101927516,0.9231167165281137,false,146177,101927516,0.9231167165281137
146177,285,0.8198830962175025,false,146177,285,0.8198830962175025
146177,27074,0.9146472552057946,false,146177,27074,0.9146472552057946
146177,66002,0.7915117353909883,false,146177,66002,0.7915117353909883
146177,54848,0.7925051063713586,false,146177,54848,0.7925051063713586
146177,79632,0.9366312530733117,false,146177,79632,0.9366312530733117
146177,100505495,0.8930815676354863,false,146177,100505495,0.8930815676354863
146177,9476,0.9539210392065761,false,146177,9476,0.9539210392065761
146177,151531,0.7821787935357303,false,146177,151531,0.7821787935357303
146177,105371242,0.7939469791959383,false,146177,105371242,0.7939469791959383
146177,2122,0.9359488914356177,false,146177,2122,0.9359488914356177
146177,84059,0.936891258030863,false,146177,84059,0.936891258030863
146177,6097,0.9769449698988183,false,146177,6097,0.9769449698988183
146177,120892,0.9391909803711479,false,146177,120892,0.9391909803711479
146177,113219467,0.846655477812768,false,146177,113219467,0.846655477812768
146177,123624,0.9339044357329216,false,146177,123624,0.9339044357329216
146177,391253,0.938342904630415,false,146177,391253,0.938342904630415
146177,693188,0.8906091612714013,false,146177,693188,0.8906091612714013
146177,6799,0.9043959810369447,false,146177,6799,0.9043959810369447
146177,389376,0.833486646426616,false,146177,389376,0.833486646426616
146177,353189,0.8876029712928644,false,146177,353189,0.8876029712928644
146177,84851,0.811828056215515,false,146177,84851,0.811828056215515
146177,84525,0.9232042142381703,false,146177,84525,0.9232042142381703
146177,4861,0.9095789121924709,false,146177,4861,0.9095789121924709
146177,10203,0.9600245582511994,false,146177,10203,0.9600245582511994
146177,1080,0.9124691468527533,false,146177,1080,0.9124691468527533
146177,105372793,0.7679932251756191,false,146177,105372793,0.7679932251756191
146177,56955,0.9328086423421699,false,146177,56955,0.9328086423421699
146177,653509,0.9436990565777003,false,146177,653509,0.9436990565777003
146177,55282,0.9352522008288248,false,146177,55282,0.9352522008288248
146177,79098,0.9245460967685274,false,146177,79098,0.9245460967685274
146177,144535,0.890742027924756,false,146177,144535,0.890742027924756
146177,649946,0.8653989266838767,false,146177,649946,0.8653989266838767
146177,144571,0.9600740077324958,false,146177,144571,0.9600740077324958
146177,165186,0.9318109128695696,false,146177,165186,0.9318109128695696
146177,102465485,0.8675131865465904,false,146177,102465485,0.8675131865465904
146177,100033436,0.8623209196414183,false,146177,100033436,0.8623209196414183
100506658,341676,0.8006984209659859,false,100506658,341676,0.8006984209659859
100506658,10595,0.7949417923497913,false,100506658,10595,0.7949417923497913
100506658,5961,0.9448210342169516,false,100506658,5961,0.9448210342169516
100506658,7851,0.7958656032911176,false,100506658,7851,0.7958656032911176
100506658,692072,0.9083934775727878,false,100506658,692072,0.9083934775727878
100506658,55808,0.8222811077607519,false,100506658,55808,0.8222811077607519
100506658,999,0.7957274706222164,false,100506658,999,0.7957274706222164
100506658,126353,0.7602953204915494,false,100506658,126353,0.7602953204915494
100506658,26226,0.9574929091647584,false,100506658,26226,0.9574929091647584
100506658,388743,0.8370103553505999,false,100506658,388743,0.8370103553505999
100506658,1577,0.8019054715718772,false,100506658,1577,0.8019054715718772
100506658,340267,0.9827421152156735,false,100506658,340267,0.9827421152156735
100506658,200879,0.8250797719614356,false,100506658,200879,0.8250797719614356
100506658,1510,0.807180396564636,false,100506658,1510,0.807180396564636
100506658,441251,0.8335217928019855,false,100506658,441251,0.8335217928019855
100506658,102723849,0.771631574000348,false,100506658,102723849,0.771631574000348
100506658,6337,0.8303935970902862,false,100506658,6337,0.8303935970902862
100506658,57669,0.9559408213565996,false,100506658,57669,0.9559408213565996
100506658,57111,0.8082620725200514,false,100506658,57111,0.8082620725200514
100506658,116844,0.9012373958539934,false,100506658,116844,0.9012373958539934
100506658,10129,0.8217255125325362,false,100506658,10129,0.8217255125325362
100506658,4586,0.8178958667119268,false,100506658,4586,0.8178958667119268
100506658,10551,0.8033181140935701,false,100506658,10551,0.8033181140935701
100506658,54897,0.870569771753116,false,100506658,54897,0.870569771753116
100506658,117155,0.935040300010219,false,100506658,117155,0.935040300010219
100506658,112268155,0.905704413429125,false,100506658,112268155,0.905704413429125
100506658,1152,0.8479757428996072,false,100506658,1152,0.8479757428996072
100506658,79083,0.8346933714634164,false,100506658,79083,0.8346933714634164
100506658,1556,0.9805691306125343,false,100506658,1556,0.9805691306125343
100506658,55930,0.8014440845260878,false,100506658,55930,0.8014440845260878
100506658,22996,0.7589543598915404,false,100506658,22996,0.7589543598915404
100506658,7113,0.8889826914446746,false,100506658,7113,0.8889826914446746
100506658,54861,0.9193037320063386,false,100506658,54861,0.9193037320063386
100506658,222256,0.7916528983000275,false,100506658,222256,0.7916528983000275
100506658,113218482,0.9124978530897656,false,100506658,113218482,0.9124978530897656
100506658,647024,0.7817962445804204,false,100506658,647024,0.7817962445804204
100506658,255928,0.8160766605947334,false,100506658,255928,0.8160766605947334
100506658,8537,0.7935130539112518,false,100506658,8537,0.7935130539112518
100506658,10018,0.755554607044691,false,100506658,10018,0.755554607044691
100506658,115019,0.9309317404658713,false,100506658,115019,0.9309317404658713
100506658,168374,0.8590786714034381,false,100506658,168374,0.8590786714034381
100506658,143884,0.7960652331912883,false,100506658,143884,0.7960652331912883
100506658,3993,0.8878177861582582,false,100506658,3993,0.8878177861582582
100506658,389852,0.7787982995463703,false,100506658,389852,0.7787982995463703
100506658,164312,0.7852315638802304,false,100506658,164312,0.7852315638802304
100506658,84239,0.9324328827437095,false,100506658,84239,0.9324328827437095
100506658,135656,0.8205550812550754,false,100506658,135656,0.8205550812550754
100506658,3880,0.7945612379870058,false,100506658,3880,0.7945612379870058
100506658,3960,0.7681835024665009,false,100506658,3960,0.7681835024665009
100506658,23584,0.9635219396101805,false,100506658,23584,0.9635219396101805
100506658,153643,0.831714203641051,false,100506658,153643,0.831714203641051
100506658,112268422,0.7600765423887914,false,100506658,112268422,0.7600765423887914
100506658,259294,0.8136922483879643,false,100506658,259294,0.8136922483879643
100506658,2266,0.7535222962774402,false,100506658,2266,0.7535222962774402
100506658,745,0.9116027680474241,false,100506658,745,0.9116027680474241
100506658,440352,0.8839698961778993,false,100506658,440352,0.8839698961778993
728226,81615,0.9373581210152916,false,728226,81615,0.9373581210152916
728226,200373,0.9447676839016329,false,728226,200373,0.9447676839016329
728226,5787,0.7617900419362644,false,728226,5787,0.7617900419362644
728226,102723382,0.8851987554410069,false,728226,102723382,0.8851987554410069
728226,474354,0.9808505351090916,false,728226,474354,0.9808505351090916
728226,221395,0.8997393642612341,false,728226,221395,0.8997393642612341
728226,54842,0.8928268940849351,false,728226,54842,0.8928268940849351
728226,107985317,0.9972404477223887,false,728226,107985317,0.9972404477223887
728226,128602,0.9724117099365621,false,728226,128602,0.9724117099365621
728226,54997,0.9078502507887449,false,728226,54997,0.9078502507887449
728226,2595,0.9430397359814852,false,728226,2595,0.9430397359814852
728226,9223,0.9192753729057016,false,728226,9223,0.9192753729057016
728226,253970,0.9452170723673508,false,728226,253970,0.9452170723673508
728226,503645,0.9267785556549751,false,728226,503645,0.9267785556549751
728226,4070,0.9022293758390669,false,728226,4070,0.9022293758390669
728226,346007,0.9401271253892944,false,728226,346007,0.9401271253892944
728226,116984,0.9482621991160158,false,728226,116984,0.9482621991160158
728226,825,0.964825713941787,false,728226,825,0.964825713941787
728226,137872,0.898086580460852,false,728226,137872,0.898086580460852
728226,100033430,0.811578019988571,false,728226,100033430,0.811578019988571
728226,124944,0.9028426802014657,false,728226,124944,0.9028426802014657
728226,93517,0.9988224497331023,false,728226,93517,0.9988224497331023
728226,130271,0.7832131348836306,false,728226,130271,0.7832131348836306
728226,101927516,0.9900781873632729,false,728226,101927516,0.9900781873632729
728226,285,0.9733904672274599,false,728226,285,0.9733904672274599
728226,27074,0.9429696960749795,false,728226,27074,0.9429696960749795
728226,100996506,0.897648127036056,false,728226,100996506,0.897648127036056
728226,66002,0.9494541745797812,false,728226,66002,0.9494541745797812
728226,79632,0.9147596945043516,false,728226,79632,0.9147596945043516
728226,100505495,0.995205726247537,false,728226,100505495,0.995205726247537
728226,7620,0.8634140630279189,false,728226,7620,0.8634140630279189
728226,9476,0.9317299697194872,false,728226,9476,0.9317299697194872
728226,151531,0.9361051617644902,false,728226,151531,0.9361051617644902
728226,105371242,0.8622244916567559,false,728226,105371242,0.8622244916567559
728226,692058,0.789229389710301,false,728226,692058,0.789229389710301
728226,2122,0.9923224242559264,false,728226,2122,0.9923224242559264
728226,84059,0.8847737641795106,false,728226,84059,0.8847737641795106
728226,121512,0.8727333544780564,false,728226,121512,0.8727333544780564
728226,6097,0.9565676982107044,false,728226,6097,0.9565676982107044
728226,120892,0.9419507982836802,false,728226,120892,0.9419507982836802
728226,113219467,0.8059539654059437,false,728226,113219467,0.8059539654059437
728226,123624,0.9875324302148214,false,728226,123624,0.9875324302148214
728226,391253,0.9879367686733299,false,728226,391253,0.9879367686733299
728226,693188,0.9738539346109141,false,728226,693188,0.9738539346109141
728226,353189,0.9163608652527468,false,728226,353189,0.9163608652527468
728226,776,0.9183319128926238,false,728226,776,0.9183319128926238
728226,84851,0.9356241721934573,false,728226,84851,0.9356241721934573
728226,84525,0.863114427632872,false,728226,84525,0.863114427632872
728226,4861,0.9982825969374863,false,728226,4861,0.9982825969374863
728226,10203,0.986022322687952,false,728226,10203,0.986022322687952
728226,1080,0.8609683344330962,false,728226,1080,0.8609683344330962
728226,65217,0.8576925736802904,false,728226,65217,0.8576925736802904
728226,105372793,0.9010155912066936,false,728226,105372793,0.9010155912066936
728226,56955,0.9915125499333898,false,728226,56955,0.9915125499333898
728226,653509,0.7819673581777662,false,728226,653509,0.7819673581777662
728226,55282,0.9014061436099903,false,728226,55282,0.9014061436099903
728226,79098,0.9889818782000247,false,728226,79098,0.9889818782000247
728226,144535,0.899985225612438,false,728226,144535,0.899985225612438
728226,649946,0.9312559010532145,false,728226,649946,0.9312559010532145
728226,144571,0.953970926941269,false,728226,144571,0.953970926941269
728226,165186,0.9935520290406559,false,728226,165186,0.9935520290406559
728226,102465485,0.9128184234945728,false,728226,102465485,0.9128184234945728
728226,100033436,0.9533806391443234,false,728226,100033436,0.9533806391443234
110806280,6441,0.8685168281389932,false,110806280,6441,0.8685168281389932
110806280,8091,0.8954885094134966,false,110806280,8091,0.8954885094134966
110806280,3207,0.8758420899253911,false,110806280,3207,0.8758420899253911
110806280,400578,0.9578132079246972,false,110806280,400578,0.9578132079246972
110806280,102723635,0.8888513749235423,false,110806280,102723635,0.8888513749235423
110806280,5545,0.9974840616712526,false,110806280,5545,0.9974840616712526
110806280,10586,0.946660345800276,false,110806280,10586,0.946660345800276
110806280,2619,0.9617890110020844,false,110806280,2619,0.9617890110020844
110806280,654433,0.9701560249586936,false,110806280,654433,0.9701560249586936
110806280,140766,0.8001554693390602,false,110806280,140766,0.8001554693390602
110806280,9370,1.0,false,110806280,9370,1.0
110806280,80381,0.8629948781904894,false,110806280,80381,0.8629948781904894
110806280,4069,0.7613944631008914,false,110806280,4069,0.7613944631008914
110806280,123872,0.7764660828354755,false,110806280,123872,0.7764660828354755
110806280,100874095,1.0,false,110806280,100874095,1.0
81615,200373,0.8538018483680178,false,81615,200373,0.8538018483680178
81615,102723382,0.8635118091239522,false,81615,102723382,0.8635118091239522
81615,474354,0.8846244807911646,false,81615,474354,0.8846244807911646
81615,1040,0.8110819670246496,false,81615,1040,0.8110819670246496
81615,221395,0.8849915227824986,false,81615,221395,0.8849915227824986
81615,54842,0.9496886927220287,false,81615,54842,0.9496886927220287
81615,107985317,0.9466758403484437,false,81615,107985317,0.9466758403484437
81615,128602,0.9918842557745071,false,81615,128602,0.9918842557745071
81615,54997,0.8378068740870095,false,81615,54997,0.8378068740870095
81615,2595,0.9997996083545012,false,81615,2595,0.9997996083545012
81615,9223,0.9362046756523376,false,81615,9223,0.9362046756523376
81615,253970,0.9680344035274486,false,81615,253970,0.9680344035274486
81615,503645,0.972561776092083,false,81615,503645,0.972561776092083
81615,4070,0.8837902880498089,false,81615,4070,0.8837902880498089
81615,346007,0.9345571839564001,false,81615,346007,0.9345571839564001
81615,116984,0.9779508187654996,false,81615,116984,0.9779508187654996
81615,825,0.9827397743034585,false,81615,825,0.9827397743034585
81615,137872,0.8293229442298485,false,81615,137872,0.8293229442298485
81615,124944,0.8224493996462334,false,81615,124944,0.8224493996462334
81615,93517,0.9468432245045851,false,81615,93517,0.9468432245045851
81615,130271,0.8830306223152323,false,81615,130271,0.8830306223152323
81615,101927516,0.9541548232106797,false,81615,101927516,0.9541548232106797
81615,285,0.8858224987030476,false,81615,285,0.8858224987030476
81615,27074,0.9364909119644559,false,81615,27074,0.9364909119644559
81615,100996506,0.823199483573374,false,81615,100996506,0.823199483573374
81615,66002,0.878191052649808,false,81615,66002,0.878191052649808
81615,79632,0.9434779768098235,false,81615,79632,0.9434779768098235
81615,100505495,0.9265951019780507,false,81615,100505495,0.9265951019780507
81615,7620,0.7615551879129011,false,81615,7620,0.7615551879129011
81615,9476,0.893009193446302,false,81615,9476,0.893009193446302
81615,151531,0.8504552815254315,false,81615,151531,0.8504552815254315
81615,2122,0.9651519698774653,false,81615,2122,0.9651519698774653
81615,84059,0.9783077390001714,false,81615,84059,0.9783077390001714
81615,121512,0.797554941064742,false,81615,121512,0.797554941064742
81615,6097,0.9841766009019596,false,81615,6097,0.9841766009019596
81615,120892,0.9610436144418188,false,81615,120892,0.9610436144418188
81615,123624,0.9709489578557343,false,81615,123624,0.9709489578557343
81615,391253,0.9388746214468203,false,81615,391253,0.9388746214468203
81615,693188,0.8794782229638171,false,81615,693188,0.8794782229638171
81615,6799,0.8097735850890974,false,81615,6799,0.8097735850890974
81615,353189,0.8284396400231504,false,81615,353189,0.8284396400231504
81615,776,0.8523664837099916,false,81615,776,0.8523664837099916
81615,84851,0.8723167763435267,false,81615,84851,0.8723167763435267
81615,84525,0.9829701020109346,false,81615,84525,0.9829701020109346
81615,4861,0.9455377081376016,false,81615,4861,0.9455377081376016
81615,10203,0.9474413910936048,false,81615,10203,0.9474413910936048
81615,1080,0.888603063331995,false,81615,1080,0.888603063331995
81615,105372793,0.8338606031087493,false,81615,105372793,0.8338606031087493
81615,56955,0.9719272058922618,false,81615,56955,0.9719272058922618
81615,653509,0.8706707259805019,false,81615,653509,0.8706707259805019
81615,55282,0.9711256484687085,false,81615,55282,0.9711256484687085
81615,79098,0.9364454148609004,false,81615,79098,0.9364454148609004
81615,144535,0.9379879073713769,false,81615,144535,0.9379879073713769
81615,649946,0.9816329237664164,false,81615,649946,0.9816329237664164
81615,144571,0.9807316234476614,false,81615,144571,0.9807316234476614
81615,165186,0.9700701516585033,false,81615,165186,0.9700701516585033
81615,102465485,0.9690663877671842,false,81615,102465485,0.9690663877671842
81615,100033436,0.9264043236266482,false,81615,100033436,0.9264043236266482
22943,100506380,0.9921311421811233,false,22943,100506380,0.9921311421811233
22943,4892,0.9982289942178626,false,22943,4892,0.9982289942178626
22943,25976,0.7790351132320591,false,22943,25976,0.7790351132320591
22943,160728,0.9724681117905724,false,22943,160728,0.9724681117905724
22943,4496,0.9921311421811232,false,22943,4496,0.9921311421811232
22943,388633,0.9927598036509564,false,22943,388633,0.9927598036509564
22943,3929,0.9929182660777135,false,22943,3929,0.9929182660777135
22943,100158262,0.8284515702322406,false,22943,100158262,0.8284515702322406
22943,727897,0.8140316166650684,false,22943,727897,0.8140316166650684
22943,1604,0.8877198015386714,false,22943,1604,0.8877198015386714
22943,886,0.9921311421811233,false,22943,886,0.9921311421811233
22943,632,0.9947806590255381,false,22943,632,0.9947806590255381
22943,285429,0.8285904042581566,false,22943,285429,0.8285904042581566
22943,26797,0.9931681793406736,false,22943,26797,0.9931681793406736
22943,692209,0.9933677516649023,false,22943,692209,0.9933677516649023
22943,563,0.7571064472720359,false,22943,563,0.7571064472720359
22943,83643,0.9967305007447192,false,22943,83643,0.9967305007447192
22943,498,0.7974238410392931,false,22943,498,0.7974238410392931
22943,284434,0.992671881624526,false,22943,284434,0.992671881624526
22943,1028,0.809874812181752,false,22943,1028,0.809874812181752
22943,646480,0.9911624567332024,false,22943,646480,0.9911624567332024
200373,102723382,0.8696072594270869,false,200373,102723382,0.8696072594270869
200373,474354,0.9733094738665055,false,200373,474354,0.9733094738665055
200373,221395,0.7597071528072286,false,200373,221395,0.7597071528072286
200373,54842,0.871003387621848,false,200373,54842,0.871003387621848
200373,107985317,0.957902091498492,false,200373,107985317,0.957902091498492
200373,128602,0.888206435726163,false,200373,128602,0.888206435726163
200373,54997,0.9323213894028254,false,200373,54997,0.9323213894028254
200373,2595,0.8598925203333875,false,200373,2595,0.8598925203333875
200373,253970,0.9114531864411716,false,200373,253970,0.9114531864411716
200373,109136579,0.8039310653227242,false,200373,109136579,0.8039310653227242
200373,503645,0.8718278934681758,false,200373,503645,0.8718278934681758
200373,4070,0.8808928631712408,false,200373,4070,0.8808928631712408
200373,346007,0.9166843576456987,false,200373,346007,0.9166843576456987
200373,116984,0.9160893830846432,false,200373,116984,0.9160893830846432
200373,825,0.8585707894004175,false,200373,825,0.8585707894004175
200373,137872,0.9381928758005632,false,200373,137872,0.9381928758005632
200373,100033430,0.897553606729367,false,200373,100033430,0.897553606729367
200373,124944,0.8125823210869573,false,200373,124944,0.8125823210869573
200373,93517,0.9513707268446115,false,200373,93517,0.9513707268446115
200373,89765,0.8518700586648802,false,200373,89765,0.8518700586648802
200373,101927516,0.945958734027801,false,200373,101927516,0.945958734027801
200373,378938,0.798785450578877,false,200373,378938,0.798785450578877
200373,285,0.9828071131541335,false,200373,285,0.9828071131541335
200373,27074,0.9287102925962006,false,200373,27074,0.9287102925962006
200373,100996506,0.8746437956480569,false,200373,100996506,0.8746437956480569
200373,66002,0.9613442453984476,false,200373,66002,0.9613442453984476
200373,79632,0.9092502636487487,false,200373,79632,0.9092502636487487
200373,100505495,0.9334725208809971,false,200373,100505495,0.9334725208809971
200373,7620,0.9038303624937846,false,200373,7620,0.9038303624937846
200373,9476,0.9176884387047783,false,200373,9476,0.9176884387047783
200373,151531,0.9657238073174024,false,200373,151531,0.9657238073174024
200373,201625,0.8029613343002914,false,200373,201625,0.8029613343002914
200373,692058,0.9047512535622053,false,200373,692058,0.9047512535622053
200373,2122,0.94841133179021,false,200373,2122,0.94841133179021
200373,84059,0.8287240938026176,false,200373,84059,0.8287240938026176
200373,121512,0.9245992762821176,false,200373,121512,0.9245992762821176
200373,6097,0.8839455254487344,false,200373,6097,0.8839455254487344
200373,120892,0.9291470257962601,false,200373,120892,0.9291470257962601
200373,113219467,0.793373031547396,false,200373,113219467,0.793373031547396
200373,123624,0.9442005706692299,false,200373,123624,0.9442005706692299
200373,391253,0.9617791355260621,false,200373,391253,0.9617791355260621
200373,693188,0.9487676723342185,false,200373,693188,0.9487676723342185
200373,353189,0.9476215666691504,false,200373,353189,0.9476215666691504
200373,776,0.8801706047519486,false,200373,776,0.8801706047519486
200373,84851,0.9479472556375781,false,200373,84851,0.9479472556375781
200373,84525,0.7661909604002286,false,200373,84525,0.7661909604002286
200373,4861,0.9542429955783372,false,200373,4861,0.9542429955783372
200373,10203,0.8854267279005045,false,200373,10203,0.8854267279005045
200373,284323,0.7834307132655564,false,200373,284323,0.7834307132655564
200373,1080,0.8756237206880844,false,200373,1080,0.8756237206880844
200373,65217,0.8629108013828084,false,200373,65217,0.8629108013828084
200373,105372793,0.9019977133014772,false,200373,105372793,0.9019977133014772
200373,56955,0.9143841202481664,false,200373,56955,0.9143841202481664
200373,79098,0.9525041828394221,false,200373,79098,0.9525041828394221
200373,144535,0.9078524409988187,false,200373,144535,0.9078524409988187
200373,649946,0.8912057134001592,false,200373,649946,0.8912057134001592
200373,144571,0.869462419039127,false,200373,144571,0.869462419039127
200373,26298,0.7595040461636715,false,200373,26298,0.7595040461636715
200373,165186,0.9296973553907639,false,200373,165186,0.9296973553907639
200373,102465485,0.8466715040506188,false,200373,102465485,0.8466715040506188
200373,100033436,0.9325241638232474,false,200373,100033436,0.9325241638232474
2696,102466759,0.9310797377483426,false,2696,102466759,0.9310797377483426
2696,54084,0.9310797377483424,false,2696,54084,0.9310797377483424
2696,339983,0.9310797377483424,false,2696,339983,0.9310797377483424
2696,606,0.9310797377483425,false,2696,606,0.9310797377483425
2696,100133669,0.9310797377483424,false,2696,100133669,0.9310797377483424
2696,7473,0.9310797377483424,false,2696,7473,0.9310797377483424
2696,1180,0.9310797377483426,false,2696,1180,0.9310797377483426
2696,200407,0.9335368387319287,false,2696,200407,0.9335368387319287
2696,766,0.9310797377483425,false,2696,766,0.9310797377483425
2696,65998,0.8545289021048476,false,2696,65998,0.8545289021048476
2696,388327,0.9310797377483425,false,2696,388327,0.9310797377483425
2696,3780,0.9310797377483424,false,2696,3780,0.9310797377483424
2696,100126311,0.9310797377483424,false,2696,100126311,0.9310797377483424
2696,23562,0.9310797377483425,false,2696,23562,0.9310797377483425
2696,1746,0.9310797377483426,false,2696,1746,0.9310797377483426
2696,57524,0.9310797377483423,false,2696,57524,0.9310797377483423
2696,10331,0.9310797377483426,false,2696,10331,0.9310797377483426
2696,256076,0.8587174861586644,false,2696,256076,0.8587174861586644
2696,84867,0.9310797377483425,false,2696,84867,0.9310797377483425
2696,100130701,0.9395655657733494,false,2696,100130701,0.9395655657733494
2696,284680,0.9293311863838282,false,2696,284680,0.9293311863838282
2696,128218,0.8984159596263993,false,2696,128218,0.8984159596263993
2696,222183,0.9310797377483425,false,2696,222183,0.9310797377483425
2696,7546,0.9310797377483424,false,2696,7546,0.9310797377483424
2696,9699,0.9310797377483426,false,2696,9699,0.9310797377483426
2696,101928580,0.9310797377483426,false,2696,101928580,0.9310797377483426
2696,105373265,0.8345814092963435,false,2696,105373265,0.8345814092963435
2696,9211,0.9393862316071022,false,2696,9211,0.9393862316071022
2696,100874002,0.9335368387319287,false,2696,100874002,0.9335368387319287
2696,440590,0.9310797377483422,false,2696,440590,0.9310797377483422
2696,1515,0.9310797377483425,false,2696,1515,0.9310797377483425
2696,4606,0.9310797377483426,false,2696,4606,0.9310797377483426
5787,221395,0.9116006402027783,false,5787,221395,0.9116006402027783
5787,54842,0.7520834687043658,false,5787,54842,0.7520834687043658
5787,128602,0.7788005391066651,false,5787,128602,0.7788005391066651
5787,115677,0.8846448084451982,false,5787,115677,0.8846448084451982
5787,9223,0.8490736530073161,false,5787,9223,0.8490736530073161
5787,253970,0.7571942165760726,false,5787,253970,0.7571942165760726
5787,503645,0.78375302896199,false,5787,503645,0.78375302896199
5787,130271,0.8710735749603716,false,5787,130271,0.8710735749603716
5787,27074,0.799463373919715,false,5787,27074,0.799463373919715
5787,6097,0.7706880312019229,false,5787,6097,0.7706880312019229
5787,100820829,0.7579395755770404,false,5787,100820829,0.7579395755770404
5787,123624,0.7633219607339092,false,5787,123624,0.7633219607339092
5787,776,0.8116859969272866,false,5787,776,0.8116859969272866
5787,10203,0.800426126572221,false,5787,10203,0.800426126572221
5787,56955,0.7817597406969988,false,5787,56955,0.7817597406969988
5787,55282,0.8319212925918676,false,5787,55282,0.8319212925918676
5787,79098,0.7988084175619082,false,5787,79098,0.7988084175619082
5787,165186,0.7555316663850586,false,5787,165186,0.7555316663850586
168090,6337,0.8436924663160504,false,168090,6337,0.8436924663160504
168090,728276,0.8176446679864839,false,168090,728276,0.8176446679864839
168090,6101,0.9048433723340269,false,168090,6101,0.9048433723340269
168090,1579,0.9965651934281289,false,168090,1579,0.9965651934281289
168090,57477,0.9075988881237159,false,168090,57477,0.9075988881237159
168090,3880,0.8423076809734836,false,168090,3880,0.8423076809734836
168090,79784,0.7860525015679923,false,168090,79784,0.7860525015679923
102466759,54084,0.9999999999999998,false,102466759,54084,0.9999999999999998
102466759,339983,0.9999999999999999,false,102466759,339983,0.9999999999999999
102466759,606,1.0,false,102466759,606,1.0
102466759,100133669,0.9999999999999999,false,102466759,100133669,0.9999999999999999
102466759,7473,1.0,false,102466759,7473,1.0
102466759,1180,1.0,false,102466759,1180,1.0
102466759,200407,0.9924038663952792,false,102466759,200407,0.9924038663952792
102466759,766,1.0,false,102466759,766,1.0
102466759,65998,0.8358213643860699,false,102466759,65998,0.8358213643860699
102466759,388327,1.0,false,102466759,388327,1.0
102466759,3780,0.9999999999999999,false,102466759,3780,0.9999999999999999
102466759,100126311,0.9999999999999999,false,102466759,100126311,0.9999999999999999
102466759,23562,1.0,false,102466759,23562,1.0
102466759,1746,1.0,false,102466759,1746,1.0
102466759,57524,0.9999999999999997,false,102466759,57524,0.9999999999999997
102466759,10331,1.0,false,102466759,10331,1.0
102466759,256076,0.8639211505072736,false,102466759,256076,0.8639211505072736
102466759,84867,1.0,false,102466759,84867,1.0
102466759,100130701,0.8878856568027692,false,102466759,100130701,0.8878856568027692
102466759,284680,0.9827242789356608,false,102466759,284680,0.9827242789356608
102466759,9771,0.7695391096496836,false,102466759,9771,0.7695391096496836
102466759,128218,0.9349831907588437,false,102466759,128218,0.9349831907588437
102466759,222183,1.0,false,102466759,222183,1.0
102466759,7546,0.9999999999999998,false,102466759,7546,0.9999999999999998
102466759,9699,1.0,false,102466759,9699,1.0
102466759,101928580,1.0,false,102466759,101928580,1.0
102466759,105373265,0.8529273885761164,false,102466759,105373265,0.8529273885761164
102466759,9211,0.9993716660495695,false,102466759,9211,0.9993716660495695
102466759,100874002,0.9924038663952792,false,102466759,100874002,0.9924038663952792
102466759,440590,1.0,false,102466759,440590,1.0
102466759,1515,1.0,false,102466759,1515,1.0
102466759,4606,1.0,false,102466759,4606,1.0
102723382,474354,0.9255173665787124,false,102723382,474354,0.9255173665787124
102723382,1040,0.800768969876214,false,102723382,1040,0.800768969876214
102723382,107985317,0.9023065797246201,false,102723382,107985317,0.9023065797246201
102723382,128602,0.8750946985000021,false,102723382,128602,0.8750946985000021
102723382,54997,0.7560959510019584,false,102723382,54997,0.7560959510019584
102723382,2595,0.8682420873210818,false,102723382,2595,0.8682420873210818
102723382,9223,0.7777873960428785,false,102723382,9223,0.7777873960428785
102723382,253970,0.8160782015866791,false,102723382,253970,0.8160782015866791
102723382,503645,0.8100981136023844,false,102723382,503645,0.8100981136023844
102723382,4070,0.7904275781951168,false,102723382,4070,0.7904275781951168
102723382,346007,0.9733184989465045,false,102723382,346007,0.9733184989465045
102723382,116984,0.8737614533700467,false,102723382,116984,0.8737614533700467
102723382,825,0.8964139957611931,false,102723382,825,0.8964139957611931
102723382,137872,0.7945522568723966,false,102723382,137872,0.7945522568723966
102723382,124944,0.7581743574365041,false,102723382,124944,0.7581743574365041
102723382,93517,0.8964674667650055,false,102723382,93517,0.8964674667650055
102723382,101927516,0.9317865501066828,false,102723382,101927516,0.9317865501066828
102723382,285,0.906058038835431,false,102723382,285,0.906058038835431
102723382,27074,0.7645649878548394,false,102723382,27074,0.7645649878548394
102723382,100996506,0.9850210443145166,false,102723382,100996506,0.9850210443145166
102723382,66002,0.8130263894359928,false,102723382,66002,0.8130263894359928
102723382,79632,0.7919135373087342,false,102723382,79632,0.7919135373087342
102723382,100505495,0.9123597238700959,false,102723382,100505495,0.9123597238700959
102723382,7620,0.7614081450778161,false,102723382,7620,0.7614081450778161
102723382,4179,0.9462421462121319,false,102723382,4179,0.9462421462121319
102723382,9476,0.7725107131634096,false,102723382,9476,0.7725107131634096
102723382,151531,0.7770216015366228,false,102723382,151531,0.7770216015366228
102723382,201625,0.8443219349394031,false,102723382,201625,0.8443219349394031
102723382,692058,0.7912601498618254,false,102723382,692058,0.7912601498618254
102723382,2122,0.8893829840655644,false,102723382,2122,0.8893829840655644
102723382,84059,0.7908275477466989,false,102723382,84059,0.7908275477466989
102723382,6097,0.8432965244702249,false,102723382,6097,0.8432965244702249
102723382,120892,0.8815622713876843,false,102723382,120892,0.8815622713876843
102723382,113219467,0.8236278021841784,false,102723382,113219467,0.8236278021841784
102723382,123624,0.8750131338431694,false,102723382,123624,0.8750131338431694
102723382,391253,0.8785165018674921,false,102723382,391253,0.8785165018674921
102723382,693188,0.923445013091447,false,102723382,693188,0.923445013091447
102723382,84851,0.9794161988597416,false,102723382,84851,0.9794161988597416
102723382,84525,0.7898625099727099,false,102723382,84525,0.7898625099727099
102723382,4861,0.8995311055019306,false,102723382,4861,0.8995311055019306
102723382,10203,0.8573943158630742,false,102723382,10203,0.8573943158630742
102723382,1080,0.839496148940459,false,102723382,1080,0.839496148940459
102723382,105372793,0.9907499878190039,false,102723382,105372793,0.9907499878190039
102723382,56955,0.8848092954871273,false,102723382,56955,0.8848092954871273
102723382,55282,0.7781193503769014,false,102723382,55282,0.7781193503769014
102723382,79098,0.8306669745713031,false,102723382,79098,0.8306669745713031
102723382,144535,0.9174509590201654,false,102723382,144535,0.9174509590201654
102723382,649946,0.9044784421010683,false,102723382,649946,0.9044784421010683
102723382,144571,0.9090594838159036,false,102723382,144571,0.9090594838159036
102723382,165186,0.8997445998543795,false,102723382,165186,0.8997445998543795
102723382,102465485,0.9499010010149711,false,102723382,102465485,0.9499010010149711
102723382,100033436,0.9810457327040334,false,102723382,100033436,0.9810457327040334
54084,339983,0.9999999999999997,false,54084,339983,0.9999999999999997
54084,606,1.0,false,54084,606,1.0
54084,100133669,0.9999999999999997,false,54084,100133669,0.9999999999999997
54084,7473,0.9999999999999997,false,54084,7473,0.9999999999999997
54084,1180,0.9999999999999998,false,54084,1180,0.9999999999999998
54084,200407,0.9924038663952789,false,54084,200407,0.9924038663952789
54084,766,1.0,false,54084,766,1.0
54084,65998,0.8358213643860699,false,54084,65998,0.8358213643860699
54084,388327,1.0,false,54084,388327,1.0
54084,3780,0.9999999999999997,false,54084,3780,0.9999999999999997
54084,100126311,0.9999999999999997,false,54084,100126311,0.9999999999999997
54084,23562,1.0,false,54084,23562,1.0
54084,1746,1.0,false,54084,1746,1.0
54084,57524,0.9999999999999998,false,54084,57524,0.9999999999999998
54084,10331,1.0,false,54084,10331,1.0
54084,256076,0.8639211505072738,false,54084,256076,0.8639211505072738
54084,84867,1.0,false,54084,84867,1.0
54084,100130701,0.8878856568027688,false,54084,100130701,0.8878856568027688
54084,284680,0.9827242789356606,false,54084,284680,0.9827242789356606
54084,9771,0.7695391096496835,false,54084,9771,0.7695391096496835
54084,128218,0.9349831907588435,false,54084,128218,0.9349831907588435
54084,222183,1.0,false,54084,222183,1.0
54084,7546,0.9999999999999994,false,54084,7546,0.9999999999999994
54084,9699,0.9999999999999998,false,54084,9699,0.9999999999999998
54084,101928580,1.0,false,54084,101928580,1.0
54084,105373265,0.8529273885761164,false,54084,105373265,0.8529273885761164
54084,9211,0.9993716660495692,false,54084,9211,0.9993716660495692
54084,100874002,0.9924038663952789,false,54084,100874002,0.9924038663952789
54084,440590,0.9999999999999998,false,54084,440590,0.9999999999999998
54084,1515,1.0,false,54084,1515,1.0
54084,4606,1.0,false,54084,4606,1.0
474354,221395,0.8087782217528192,false,474354,221395,0.8087782217528192
474354,54842,0.8388005940618886,false,474354,54842,0.8388005940618886
474354,107985317,0.9840438182510796,false,474354,107985317,0.9840438182510796
474354,128602,0.9260565935897953,false,474354,128602,0.9260565935897953
474354,54997,0.9005015398485657,false,474354,54997,0.9005015398485657
474354,2595,0.8919011141621402,false,474354,2595,0.8919011141621402
474354,9223,0.8378880651198338,false,474354,9223,0.8378880651198338
474354,253970,0.9027184923946056,false,474354,253970,0.9027184923946056
474354,503645,0.8744733777549673,false,474354,503645,0.8744733777549673
474354,4070,0.8800115004843186,false,474354,4070,0.8800115004843186
474354,346007,0.9518415681039322,false,474354,346007,0.9518415681039322
474354,116984,0.9183570858389063,false,474354,116984,0.9183570858389063
474354,825,0.9209613636560302,false,474354,825,0.9209613636560302
474354,137872,0.9073551181575448,false,474354,137872,0.9073551181575448
474354,100033430,0.816663170030885,false,474354,100033430,0.816663170030885
474354,124944,0.8717051948940071,false,474354,124944,0.8717051948940071
474354,93517,0.9819231969516911,false,474354,93517,0.9819231969516911
474354,101927516,0.9813141006110663,false,474354,101927516,0.9813141006110663
474354,285,0.99094824468009,false,474354,285,0.99094824468009
474354,27074,0.9006708431123425,false,474354,27074,0.9006708431123425
474354,100996506,0.9440152448885043,false,474354,100996506,0.9440152448885043
474354,66002,0.9438183674711533,false,474354,66002,0.9438183674711533
474354,79632,0.879554365746911,false,474354,79632,0.879554365746911
474354,100505495,0.9845777760722173,false,474354,100505495,0.9845777760722173
474354,7620,0.8823801780151431,false,474354,7620,0.8823801780151431
474354,4179,0.793858312462942,false,474354,4179,0.793858312462942
474354,9476,0.9045773289883009,false,474354,9476,0.9045773289883009
474354,151531,0.9332253806809745,false,474354,151531,0.9332253806809745
474354,201625,0.7569755693700394,false,474354,201625,0.7569755693700394
474354,105371242,0.8392171968329154,false,474354,105371242,0.8392171968329154
474354,692058,0.8646440464574795,false,474354,692058,0.8646440464574795
474354,2122,0.9689904998241393,false,474354,2122,0.9689904998241393
474354,84059,0.8246758445688013,false,474354,84059,0.8246758445688013
474354,121512,0.8771113239748983,false,474354,121512,0.8771113239748983
474354,6097,0.9067920497476587,false,474354,6097,0.9067920497476587
474354,120892,0.9246713776178417,false,474354,120892,0.9246713776178417
474354,113219467,0.8364503003206604,false,474354,113219467,0.8364503003206604
474354,123624,0.958585668756423,false,474354,123624,0.958585668756423
474354,391253,0.9740901325135729,false,474354,391253,0.9740901325135729
474354,693188,0.9894018573325521,false,474354,693188,0.9894018573325521
474354,353189,0.9126232319857451,false,474354,353189,0.9126232319857451
474354,776,0.8856641472690125,false,474354,776,0.8856641472690125
474354,84851,0.9768172769301576,false,474354,84851,0.9768172769301576
474354,84525,0.7898104014460283,false,474354,84525,0.7898104014460283
474354,4861,0.9834572787211762,false,474354,4861,0.9834572787211762
474354,10203,0.9442090883062626,false,474354,10203,0.9442090883062626
474354,1080,0.8587355882071841,false,474354,1080,0.8587355882071841
474354,65217,0.8665811293925869,false,474354,65217,0.8665811293925869
474354,105372793,0.9524364382771235,false,474354,105372793,0.9524364382771235
474354,56955,0.9560421821709589,false,474354,56955,0.9560421821709589
474354,55282,0.8139962857349665,false,474354,55282,0.8139962857349665
474354,79098,0.9600404641843701,false,474354,79098,0.9600404641843701
474354,144535,0.9033060649734387,false,474354,144535,0.9033060649734387
474354,649946,0.9059713712218636,false,474354,649946,0.9059713712218636
474354,144571,0.9197133768738825,false,474354,144571,0.9197133768738825
474354,165186,0.966266842449431,false,474354,165186,0.966266842449431
474354,102465485,0.8961846969765994,false,474354,102465485,0.8961846969765994
474354,100033436,0.9709772719972182,false,474354,100033436,0.9709772719972182
1040,128602,0.7508917557478432,false,1040,128602,0.7508917557478432
1040,6103,0.8636040345726991,false,1040,6103,0.8636040345726991
1040,2595,0.8069827121067709,false,1040,2595,0.8069827121067709
1040,503645,0.7852003736243741,false,1040,503645,0.7852003736243741
1040,346007,0.8274894852392702,false,1040,346007,0.8274894852392702
1040,116984,0.8100704074713126,false,1040,116984,0.8100704074713126
1040,201625,0.8002757401429788,false,1040,201625,0.8002757401429788
1040,84059,0.7989393056005342,false,1040,84059,0.7989393056005342
1040,120892,0.758872338546541,false,1040,120892,0.758872338546541
1040,84525,0.829888930220899,false,1040,84525,0.829888930220899
1040,144535,0.8240987799541009,false,1040,144535,0.8240987799541009
1040,649946,0.8622237707895885,false,1040,649946,0.8622237707895885
1040,144571,0.7637680457652013,false,1040,144571,0.7637680457652013
1040,102465485,0.8787961068338768,false,1040,102465485,0.8787961068338768
1040,100033436,0.7756442124371732,false,1040,100033436,0.7756442124371732
341676,148213,0.8521594814230318,false,341676,148213,0.8521594814230318
341676,10595,0.9854576001481901,false,341676,10595,0.9854576001481901
341676,4583,0.9174606071012991,false,341676,4583,0.9174606071012991
341676,55567,0.9677186206434969,false,341676,55567,0.9677186206434969
341676,5961,0.75354181960072,false,341676,5961,0.75354181960072
341676,7851,0.7992186973221028,false,341676,7851,0.7992186973221028
341676,692072,0.898432770054705,false,341676,692072,0.898432770054705
341676,55808,0.9795371008378729,false,341676,55808,0.9795371008378729
341676,999,0.9932176157863594,false,341676,999,0.9932176157863594
341676,126353,0.9237528082458891,false,341676,126353,0.9237528082458891
341676,26226,0.8304237576139182,false,341676,26226,0.8304237576139182
341676,388743,0.9504759191421289,false,341676,388743,0.9504759191421289
341676,1577,0.8031283663506534,false,341676,1577,0.8031283663506534
341676,340267,0.8689712848896363,false,341676,340267,0.8689712848896363
341676,200879,0.9667512693063273,false,341676,200879,0.9667512693063273
341676,1510,0.9774099885746621,false,341676,1510,0.9774099885746621
341676,6337,0.7867644401961379,false,341676,6337,0.7867644401961379
341676,278,0.7591934203253049,false,341676,278,0.7591934203253049
341676,57111,0.9871896465331658,false,341676,57111,0.9871896465331658
341676,116844,0.8834066524617279,false,341676,116844,0.8834066524617279
341676,10129,0.8722844631731,false,341676,10129,0.8722844631731
341676,4586,0.9689748767290061,false,341676,4586,0.9689748767290061
341676,10551,0.9721196924141391,false,341676,10551,0.9721196924141391
341676,688,0.7671311956043046,false,341676,688,0.7671311956043046
341676,54897,0.7889626261513489,false,341676,54897,0.7889626261513489
341676,117155,0.8970234557185522,false,341676,117155,0.8970234557185522
341676,112268155,0.9413022089738738,false,341676,112268155,0.9413022089738738
341676,1152,0.9719531785130733,false,341676,1152,0.9719531785130733
341676,79083,0.9696546653948472,false,341676,79083,0.9696546653948472
341676,1556,0.8814036591420611,false,341676,1556,0.8814036591420611
341676,55930,0.9183484235071436,false,341676,55930,0.9183484235071436
341676,22996,0.9490554099542153,false,341676,22996,0.9490554099542153
341676,7113,0.8007276406077246,false,341676,7113,0.8007276406077246
341676,54861,0.8695729137892388,false,341676,54861,0.8695729137892388
341676,222256,0.8850387550879965,false,341676,222256,0.8850387550879965
341676,100529240,0.9626712290833143,false,341676,100529240,0.9626712290833143
341676,113218482,0.9686325439726391,false,341676,113218482,0.9686325439726391
341676,647024,0.9934991483099392,false,341676,647024,0.9934991483099392
341676,255928,0.9705257387066668,false,341676,255928,0.9705257387066668
341676,8537,0.9813087217242337,false,341676,8537,0.9813087217242337
341676,10018,0.7613434442195042,false,341676,10018,0.7613434442195042
341676,115019,0.8513674178935171,false,341676,115019,0.8513674178935171
341676,3434,0.8795170707314395,false,341676,3434,0.8795170707314395
341676,168374,0.8770794655009656,false,341676,168374,0.8770794655009656
341676,143884,0.7843848432898493,false,341676,143884,0.7843848432898493
341676,3993,0.8430738650691296,false,341676,3993,0.8430738650691296
341676,389852,0.8750216069622277,false,341676,389852,0.8750216069622277
341676,164312,0.9796726795601881,false,341676,164312,0.9796726795601881
341676,2065,0.8276041373515951,false,341676,2065,0.8276041373515951
341676,135656,0.9672916682759046,false,341676,135656,0.9672916682759046
341676,3880,0.8104374910450847,false,341676,3880,0.8104374910450847
341676,94059,0.8201303649678093,false,341676,94059,0.8201303649678093
341676,26769,0.7558790539195815,false,341676,26769,0.7558790539195815
341676,3960,0.7954008368324973,false,341676,3960,0.7954008368324973
341676,23584,0.7592323184252553,false,341676,23584,0.7592323184252553
341676,153643,0.972768922666229,false,341676,153643,0.972768922666229
341676,112268422,0.8743641393412561,false,341676,112268422,0.8743641393412561
341676,259294,0.8549425831422565,false,341676,259294,0.8549425831422565
341676,2266,0.960327208935336,false,341676,2266,0.960327208935336
341676,745,0.9661822329908365,false,341676,745,0.9661822329908365
148213,10595,0.8061011596809957,false,148213,10595,0.8061011596809957
148213,4583,0.9190453857065117,false,148213,4583,0.9190453857065117
148213,55567,0.9042464357767839,false,148213,55567,0.9042464357767839
148213,7851,0.9291909407438776,false,148213,7851,0.9291909407438776
148213,692072,0.9023795195963591,false,148213,692072,0.9023795195963591
148213,55808,0.917295045074069,false,148213,55808,0.917295045074069
148213,999,0.812940562065134,false,148213,999,0.812940562065134
148213,126353,0.9492138754135161,false,148213,126353,0.9492138754135161
148213,64332,0.7773865335670658,false,148213,64332,0.7773865335670658
148213,388743,0.9550077993258482,false,148213,388743,0.9550077993258482
148213,1577,0.9340376966333805,false,148213,1577,0.9340376966333805
148213,340267,0.806186873824857,false,148213,340267,0.806186873824857
148213,200879,0.9301916290569106,false,148213,200879,0.9301916290569106
148213,1510,0.9310653234765269,false,148213,1510,0.9310653234765269
148213,102723849,0.8565684705043012,false,148213,102723849,0.8565684705043012
148213,619383,0.8366845746496216,false,148213,619383,0.8366845746496216
148213,57111,0.9122057305217572,false,148213,57111,0.9122057305217572
148213,10129,0.9125434941158973,false,148213,10129,0.9125434941158973
148213,4586,0.9373696943549644,false,148213,4586,0.9373696943549644
148213,10551,0.9411310126788252,false,148213,10551,0.9411310126788252
148213,117155,0.9048528595565889,false,148213,117155,0.9048528595565889
148213,112268155,0.9090435335379566,false,148213,112268155,0.9090435335379566
148213,1152,0.7771985410717742,false,148213,1152,0.7771985410717742
148213,79083,0.9076839304826185,false,148213,79083,0.9076839304826185
148213,1556,0.7671144292895178,false,148213,1556,0.7671144292895178
148213,55930,0.9729070754278888,false,148213,55930,0.9729070754278888
148213,22996,0.859622933325083,false,148213,22996,0.859622933325083
148213,7113,0.8396036099214804,false,148213,7113,0.8396036099214804
148213,105180391,0.8270953181168531,false,148213,105180391,0.8270953181168531
148213,100529240,0.9242775409910157,false,148213,100529240,0.9242775409910157
148213,113218482,0.867159892821647,false,148213,113218482,0.867159892821647
148213,647024,0.8215584596641053,false,148213,647024,0.8215584596641053
148213,255928,0.9358951458809869,false,148213,255928,0.9358951458809869
148213,8537,0.9244614939515038,false,148213,8537,0.9244614939515038
148213,10018,0.9720795050565539,false,148213,10018,0.9720795050565539
148213,115019,0.895559128679393,false,148213,115019,0.895559128679393
148213,105180390,0.8660565135710764,false,148213,105180390,0.8660565135710764
148213,168374,0.8973484490283893,false,148213,168374,0.8973484490283893
148213,143884,0.9545215263624026,false,148213,143884,0.9545215263624026
148213,3993,0.9384706858129563,false,148213,3993,0.9384706858129563
148213,389852,0.9660435267374626,false,148213,389852,0.9660435267374626
148213,164312,0.8967370549612286,false,148213,164312,0.8967370549612286
148213,2065,0.938324016858075,false,148213,2065,0.938324016858075
148213,135656,0.9375899615277239,false,148213,135656,0.9375899615277239
148213,94059,0.9656444526520493,false,148213,94059,0.9656444526520493
148213,26769,0.7912415118030312,false,148213,26769,0.7912415118030312
148213,3960,0.9619493710607404,false,148213,3960,0.9619493710607404
148213,23584,0.7866714218947989,false,148213,23584,0.7866714218947989
148213,692213,0.9506068219505,false,148213,692213,0.9506068219505
148213,153643,0.7519814446936042,false,148213,153643,0.7519814446936042
148213,112268422,0.8578968562291341,false,148213,112268422,0.8578968562291341
148213,259294,0.9724233899582236,false,148213,259294,0.9724233899582236
148213,2266,0.9199850893084417,false,148213,2266,0.9199850893084417
148213,745,0.8058265413867333,false,148213,745,0.8058265413867333
100129940,65998,0.9579693260924461,false,100129940,65998,0.9579693260924461
100129940,1471,0.793340955507747,false,100129940,1471,0.793340955507747
100129940,256076,0.9250008340513161,false,100129940,256076,0.9250008340513161
100129940,100130701,0.8059296333806628,false,100129940,100130701,0.8059296333806628
100129940,284680,0.7548125893981921,false,100129940,284680,0.7548125893981921
100129940,9771,0.7880725550816935,false,100129940,9771,0.7880725550816935
100129940,128218,0.7914698972568411,false,100129940,128218,0.7914698972568411
100129940,105373265,0.8148056757579766,false,100129940,105373265,0.8148056757579766
10595,4583,0.9145817994925401,false,10595,4583,0.9145817994925401
10595,55567,0.9504075572609596,false,10595,55567,0.9504075572609596
10595,5961,0.7536966375804794,false,10595,5961,0.7536966375804794
10595,7851,0.7507965181418904,false,10595,7851,0.7507965181418904
10595,692072,0.8581663728069008,false,10595,692072,0.8581663728069008
10595,55808,0.9380244194210731,false,10595,55808,0.9380244194210731
10595,999,0.995805153621821,false,10595,999,0.995805153621821
10595,126353,0.8852893844508057,false,10595,126353,0.8852893844508057
10595,26226,0.8180014979469417,false,10595,26226,0.8180014979469417
10595,388743,0.906321715536596,false,10595,388743,0.906321715536596
10595,1577,0.7528950548207475,false,10595,1577,0.7528950548207475
10595,340267,0.8696651416730027,false,10595,340267,0.8696651416730027
10595,200879,0.9187652890538692,false,10595,200879,0.9187652890538692
10595,1510,0.939859030423954,false,10595,1510,0.939859030423954
10595,6337,0.7930440113633155,false,10595,6337,0.7930440113633155
10595,278,0.8274201688279098,false,10595,278,0.8274201688279098
10595,57111,0.9515739706880151,false,10595,57111,0.9515739706880151
10595,116844,0.9149455754371404,false,10595,116844,0.9149455754371404
10595,10129,0.8549669456749683,false,10595,10129,0.8549669456749683
10595,4586,0.9242935115984378,false,10595,4586,0.9242935115984378
10595,10551,0.9309817550700175,false,10595,10551,0.9309817550700175
10595,688,0.846167124778321,false,10595,688,0.846167124778321
10595,117155,0.8624537852298408,false,10595,117155,0.8624537852298408
10595,112268155,0.9055604011638211,false,10595,112268155,0.9055604011638211
10595,1152,0.9418625303750998,false,10595,1152,0.9418625303750998
10595,79083,0.9204501453775925,false,10595,79083,0.9204501453775925
10595,1556,0.8621587443592059,false,10595,1556,0.8621587443592059
10595,55930,0.8877800335231839,false,10595,55930,0.8877800335231839
10595,22996,0.9374666019192823,false,10595,22996,0.9374666019192823
10595,7113,0.7818490316079812,false,10595,7113,0.7818490316079812
10595,54861,0.8559324987295326,false,10595,54861,0.8559324987295326
10595,222256,0.930973071805168,false,10595,222256,0.930973071805168
10595,100529240,0.9168861902515291,false,10595,100529240,0.9168861902515291
10595,113218482,0.9427844634882455,false,10595,113218482,0.9427844634882455
10595,647024,0.9977193970919241,false,10595,647024,0.9977193970919241
10595,255928,0.9261882958634615,false,10595,255928,0.9261882958634615
10595,8537,0.94300283972353,false,10595,8537,0.94300283972353
10595,115019,0.8194214783237151,false,10595,115019,0.8194214783237151
10595,3434,0.8558716107022845,false,10595,3434,0.8558716107022845
10595,276,0.7748674194403994,false,10595,276,0.7748674194403994
10595,168374,0.8446993989030461,false,10595,168374,0.8446993989030461
10595,3993,0.8081442550610626,false,10595,3993,0.8081442550610626
10595,389852,0.8201861690640111,false,10595,389852,0.8201861690640111
10595,164312,0.9332301357050636,false,10595,164312,0.9332301357050636
10595,2065,0.7843145865861908,false,10595,2065,0.7843145865861908
10595,135656,0.9217173142699719,false,10595,135656,0.9217173142699719
10595,3880,0.8616527987934811,false,10595,3880,0.8616527987934811
10595,94059,0.7862750234952257,false,10595,94059,0.7862750234952257
10595,26769,0.7749968168226955,false,10595,26769,0.7749968168226955
10595,153643,0.98901255032685,false,10595,153643,0.98901255032685
10595,112268422,0.8611204815818491,false,10595,112268422,0.8611204815818491
10595,259294,0.7945401322670222,false,10595,259294,0.7945401322670222
10595,2266,0.9047209276317032,false,10595,2266,0.9047209276317032
10595,745,0.9421751608430479,false,10595,745,0.9421751608430479
339983,606,1.0,false,339983,606,1.0
339983,100133669,0.9999999999999999,false,339983,100133669,0.9999999999999999
339983,7473,1.0,false,339983,7473,1.0
339983,1180,0.9999999999999999,false,339983,1180,0.9999999999999999
339983,200407,0.9924038663952789,false,339983,200407,0.9924038663952789
339983,766,1.0,false,339983,766,1.0
339983,65998,0.8358213643860697,false,339983,65998,0.8358213643860697
339983,388327,0.9999999999999997,false,339983,388327,0.9999999999999997
339983,3780,0.9999999999999999,false,339983,3780,0.9999999999999999
339983,100126311,0.9999999999999999,false,339983,100126311,0.9999999999999999
339983,23562,1.0,false,339983,23562,1.0
339983,1746,1.0,false,339983,1746,1.0
339983,57524,0.9999999999999997,false,339983,57524,0.9999999999999997
339983,10331,1.0,false,339983,10331,1.0
339983,256076,0.8639211505072737,false,339983,256076,0.8639211505072737
339983,84867,1.0,false,339983,84867,1.0
339983,100130701,0.887885656802769,false,339983,100130701,0.887885656802769
339983,284680,0.9827242789356608,false,339983,284680,0.9827242789356608
339983,9771,0.7695391096496835,false,339983,9771,0.7695391096496835
339983,128218,0.9349831907588436,false,339983,128218,0.9349831907588436
339983,222183,1.0,false,339983,222183,1.0
339983,7546,1.0,false,339983,7546,1.0
339983,9699,0.9999999999999999,false,339983,9699,0.9999999999999999
339983,101928580,1.0,false,339983,101928580,1.0
339983,105373265,0.8529273885761164,false,339983,105373265,0.8529273885761164
339983,9211,0.9993716660495695,false,339983,9211,0.9993716660495695
339983,100874002,0.9924038663952789,false,339983,100874002,0.9924038663952789
339983,440590,0.9999999999999998,false,339983,440590,0.9999999999999998
339983,1515,1.0,false,339983,1515,1.0
339983,4606,1.0,false,339983,4606,1.0
2324,256076,0.8058044711754841,false,2324,256076,0.8058044711754841
2324,9771,0.7824039790266927,false,2324,9771,0.7824039790266927
6969,83643,0.7594743156056889,false,6969,83643,0.7594743156056889
6969,284434,0.7813409530524569,false,6969,284434,0.7813409530524569
6969,1028,0.9774699636388363,false,6969,1028,0.9774699636388363
6969,646480,0.7560385860335718,false,6969,646480,0.7560385860335718
7033,25976,0.7574395052093595,false,7033,25976,0.7574395052093595
7033,94025,0.9956746918174502,false,7033,94025,0.9956746918174502
7033,727897,0.9111567704809368,false,7033,727897,0.9111567704809368
7033,4585,0.7896075259802549,false,7033,4585,0.7896075259802549
7033,1767,0.8257854689469977,false,7033,1767,0.8257854689469977
7033,4057,0.9649303192936926,false,7033,4057,0.9649303192936926
7033,112577518,0.9834299731253686,false,7033,112577518,0.9834299731253686
7033,563,0.9477968936341014,false,7033,563,0.9477968936341014
7033,4069,0.9395559703235234,false,7033,4069,0.9395559703235234
7033,498,0.8349281291293603,false,7033,498,0.8349281291293603
7033,219793,0.8592367749451606,false,7033,219793,0.8592367749451606
4583,55567,0.9245401290442279,false,4583,55567,0.9245401290442279
4583,7851,0.9053459107070525,false,4583,7851,0.9053459107070525
4583,692072,0.9029895735115204,false,4583,692072,0.9029895735115204
4583,55808,0.9198548378211412,false,4583,55808,0.9198548378211412
4583,999,0.9210543624420408,false,4583,999,0.9210543624420408
4583,126353,0.9749099340857107,false,4583,126353,0.9749099340857107
4583,388743,0.9322397791834418,false,4583,388743,0.9322397791834418
4583,1577,0.9023753325100617,false,4583,1577,0.9023753325100617
4583,340267,0.8193296795938663,false,4583,340267,0.8193296795938663
4583,200879,0.9120799797656239,false,4583,200879,0.9120799797656239
4583,1510,0.9451669756700352,false,4583,1510,0.9451669756700352
4583,102723849,0.8104965761464455,false,4583,102723849,0.8104965761464455
4583,278,0.7656437391398117,false,4583,278,0.7656437391398117
4583,57111,0.9276181026297602,false,4583,57111,0.9276181026297602
4583,10129,0.8196348706370818,false,4583,10129,0.8196348706370818
4583,4586,0.9189686648278895,false,4583,4586,0.9189686648278895
4583,10551,0.9259335977959199,false,4583,10551,0.9259335977959199
4583,688,0.7842995467879574,false,4583,688,0.7842995467879574
4583,117155,0.8511264440041231,false,4583,117155,0.8511264440041231
4583,112268155,0.9156521478555618,false,4583,112268155,0.9156521478555618
4583,1152,0.8145432541221502,false,4583,1152,0.8145432541221502
4583,79083,0.893888476820097,false,4583,79083,0.893888476820097
4583,1556,0.8025698402700125,false,4583,1556,0.8025698402700125
4583,55930,0.9091809143936889,false,4583,55930,0.9091809143936889
4583,22996,0.8372627857821026,false,4583,22996,0.8372627857821026
4583,7113,0.8833388648532964,false,4583,7113,0.8833388648532964
4583,100529240,0.8943402141592846,false,4583,100529240,0.8943402141592846
4583,113218482,0.8780431570864987,false,4583,113218482,0.8780431570864987
4583,647024,0.9168345228107595,false,4583,647024,0.9168345228107595
4583,255928,0.9210907608767628,false,4583,255928,0.9210907608767628
4583,8537,0.9387992443208396,false,4583,8537,0.9387992443208396
4583,10018,0.8646975729842528,false,4583,10018,0.8646975729842528
4583,115019,0.875115264261142,false,4583,115019,0.875115264261142
4583,105180390,0.7707231741115809,false,4583,105180390,0.7707231741115809
4583,1043,0.7946188189184985,false,4583,1043,0.7946188189184985
4583,168374,0.9348865232965456,false,4583,168374,0.9348865232965456
4583,143884,0.8095304927052848,false,4583,143884,0.8095304927052848
4583,3993,0.8936309485162919,false,4583,3993,0.8936309485162919
4583,389852,0.935713083521848,false,4583,389852,0.935713083521848
4583,164312,0.9121818783598759,false,4583,164312,0.9121818783598759
4583,84239,0.7656289759178999,false,4583,84239,0.7656289759178999
4583,2065,0.9489618301192455,false,4583,2065,0.9489618301192455
4583,135656,0.9170377538380875,false,4583,135656,0.9170377538380875
4583,94059,0.8380609036878844,false,4583,94059,0.8380609036878844
4583,3960,0.893955993956127,false,4583,3960,0.893955993956127
4583,692213,0.843327598892047,false,4583,692213,0.843327598892047
4583,153643,0.8903706247622549,false,4583,153643,0.8903706247622549
4583,112268422,0.7700305852769986,false,4583,112268422,0.7700305852769986
4583,259294,0.8901276369059034,false,4583,259294,0.8901276369059034
4583,2266,0.8845829249553385,false,4583,2266,0.8845829249553385
4583,745,0.8452837500373295,false,4583,745,0.8452837500373295
221395,54842,0.8812372264724454,false,221395,54842,0.8812372264724454
221395,107985317,0.8771876217195241,false,221395,107985317,0.8771876217195241
221395,128602,0.9099808733279612,false,221395,128602,0.9099808733279612
221395,2595,0.8858936892690855,false,221395,2595,0.8858936892690855
221395,9223,0.9496835182790325,false,221395,9223,0.9496835182790325
221395,253970,0.9088949914802494,false,221395,253970,0.9088949914802494
221395,503645,0.846117395468243,false,221395,503645,0.846117395468243
221395,4070,0.891584193795517,false,221395,4070,0.891584193795517
221395,116984,0.8301702773479807,false,221395,116984,0.8301702773479807
221395,825,0.907170028953054,false,221395,825,0.907170028953054
221395,124944,0.9272438948018772,false,221395,124944,0.9272438948018772
221395,93517,0.8881307700949224,false,221395,93517,0.8881307700949224
221395,130271,0.8139740132952704,false,221395,130271,0.8139740132952704
221395,101927516,0.8694196092682271,false,221395,101927516,0.8694196092682271
221395,285,0.7840640725446686,false,221395,285,0.7840640725446686
221395,27074,0.8982708156491845,false,221395,27074,0.8982708156491845
221395,66002,0.7912815154656596,false,221395,66002,0.7912815154656596
221395,79632,0.8762543047578921,false,221395,79632,0.8762543047578921
221395,100505495,0.8696367169362164,false,221395,100505495,0.8696367169362164
221395,9476,0.9133642115706554,false,221395,9476,0.9133642115706554
221395,151531,0.7867902304873781,false,221395,151531,0.7867902304873781
221395,105371242,0.8318567267654682,false,221395,105371242,0.8318567267654682
221395,2122,0.899022755706338,false,221395,2122,0.899022755706338
221395,84059,0.872871627614445,false,221395,84059,0.872871627614445
221395,6097,0.9319052782974988,false,221395,6097,0.9319052782974988
221395,120892,0.8574883836126616,false,221395,120892,0.8574883836126616
221395,123624,0.9006313968250582,false,221395,123624,0.9006313968250582
221395,391253,0.8968038531350041,false,221395,391253,0.8968038531350041
221395,693188,0.8354167140847274,false,221395,693188,0.8354167140847274
221395,6799,0.8298617279139723,false,221395,6799,0.8298617279139723
221395,389376,0.7827823538583092,false,221395,389376,0.7827823538583092
221395,353189,0.8559670825612318,false,221395,353189,0.8559670825612318
221395,776,0.7952963696793997,false,221395,776,0.7952963696793997
221395,84525,0.863532993250826,false,221395,84525,0.863532993250826
221395,4861,0.8817725812524029,false,221395,4861,0.8817725812524029
221395,10203,0.9464483900466241,false,221395,10203,0.9464483900466241
221395,1080,0.793556125840618,false,221395,1080,0.793556125840618
221395,56955,0.9104273482802653,false,221395,56955,0.9104273482802653
221395,653509,0.8694564282685903,false,221395,653509,0.8694564282685903
221395,55282,0.9260232610688549,false,221395,55282,0.9260232610688549
221395,79098,0.9147968394663148,false,221395,79098,0.9147968394663148
221395,144535,0.7717759124030178,false,221395,144535,0.7717759124030178
221395,649946,0.7999130205851807,false,221395,649946,0.7999130205851807
221395,144571,0.8924605468490664,false,221395,144571,0.8924605468490664
221395,165186,0.8994370275786892,false,221395,165186,0.8994370275786892
221395,102465485,0.7765521698082483,false,221395,102465485,0.7765521698082483
221395,100033436,0.772271720782038,false,221395,100033436,0.772271720782038
54842,107985317,0.9056356115503373,false,54842,107985317,0.9056356115503373
54842,128602,0.9379466388058949,false,54842,128602,0.9379466388058949
54842,6103,0.804048019997708,false,54842,6103,0.804048019997708
54842,54997,0.8411136882542478,false,54842,54997,0.8411136882542478
54842,2595,0.9472185373114769,false,54842,2595,0.9472185373114769
54842,9223,0.841224002553112,false,54842,9223,0.841224002553112
54842,253970,0.9894676620686836,false,54842,253970,0.9894676620686836
54842,503645,0.9409698174089018,false,54842,503645,0.9409698174089018
54842,4070,0.9279483472298574,false,54842,4070,0.9279483472298574
54842,346007,0.8437677630344529,false,54842,346007,0.8437677630344529
54842,116984,0.9441011843865479,false,54842,116984,0.9441011843865479
54842,825,0.9026015920265393,false,54842,825,0.9026015920265393
54842,137872,0.8177377822361673,false,54842,137872,0.8177377822361673
54842,100033430,0.7836943339910358,false,54842,100033430,0.7836943339910358
54842,124944,0.8119573101286576,false,54842,124944,0.8119573101286576
54842,93517,0.9034516747465371,false,54842,93517,0.9034516747465371
54842,89765,0.7847317056764128,false,54842,89765,0.7847317056764128
54842,130271,0.8274579779003105,false,54842,130271,0.8274579779003105
54842,101927516,0.9028445383558783,false,54842,101927516,0.9028445383558783
54842,285,0.8498879084742688,false,54842,285,0.8498879084742688
54842,27074,0.9795054699486984,false,54842,27074,0.9795054699486984
54842,66002,0.8723884032172566,false,54842,66002,0.8723884032172566
54842,79632,0.9927845446774127,false,54842,79632,0.9927845446774127
54842,100505495,0.8543556673468194,false,54842,100505495,0.8543556673468194
54842,9476,0.9477552815659289,false,54842,9476,0.9477552815659289
54842,151531,0.8714195705911555,false,54842,151531,0.8714195705911555
54842,2122,0.9373318537562724,false,54842,2122,0.9373318537562724
54842,84059,0.9845082250871319,false,54842,84059,0.9845082250871319
54842,121512,0.8123112280901142,false,54842,121512,0.8123112280901142
54842,6097,0.9680121609296923,false,54842,6097,0.9680121609296923
54842,120892,0.9670368088331004,false,54842,120892,0.9670368088331004
54842,123624,0.949159998937151,false,54842,123624,0.949159998937151
54842,391253,0.9318700454962496,false,54842,391253,0.9318700454962496
54842,693188,0.8336711317724946,false,54842,693188,0.8336711317724946
54842,6799,0.8916659657667008,false,54842,6799,0.8916659657667008
54842,389376,0.7680884208436104,false,54842,389376,0.7680884208436104
54842,353189,0.9060996274654012,false,54842,353189,0.9060996274654012
54842,776,0.8156740971619006,false,54842,776,0.8156740971619006
54842,84851,0.8054898659925221,false,54842,84851,0.8054898659925221
54842,84525,0.947887256864901,false,54842,84525,0.947887256864901
54842,4861,0.9018523243242119,false,54842,4861,0.9018523243242119
54842,10203,0.8913451242111395,false,54842,10203,0.8913451242111395
54842,1080,0.9259521310330089,false,54842,1080,0.9259521310330089
54842,1286,0.7891472468970292,false,54842,1286,0.7891472468970292
54842,56955,0.9150494409280463,false,54842,56955,0.9150494409280463
54842,653509,0.9337424873771731,false,54842,653509,0.9337424873771731
54842,55282,0.8917986216448206,false,54842,55282,0.8917986216448206
54842,79098,0.9345150471855942,false,54842,79098,0.9345150471855942
54842,144535,0.9282220887148926,false,54842,144535,0.9282220887148926
54842,649946,0.9244009152521229,false,54842,649946,0.9244009152521229
54842,144571,0.9193546918668302,false,54842,144571,0.9193546918668302
54842,165186,0.9183692329740727,false,54842,165186,0.9183692329740727
54842,102465485,0.870188140481913,false,54842,102465485,0.870188140481913
54842,100033436,0.8507570342353344,false,54842,100033436,0.8507570342353344
606,100133669,1.0,false,606,100133669,1.0
606,7473,0.9999999999999997,false,606,7473,0.9999999999999997
606,1180,1.0,false,606,1180,1.0
606,200407,0.9924038663952793,false,606,200407,0.9924038663952793
606,766,1.0,false,606,766,1.0
606,65998,0.8358213643860701,false,606,65998,0.8358213643860701
606,388327,1.0,false,606,388327,1.0
606,3780,1.0,false,606,3780,1.0
606,100126311,1.0,false,606,100126311,1.0
606,23562,1.0,false,606,23562,1.0
606,1746,1.0,false,606,1746,1.0
606,57524,0.9999999999999998,false,606,57524,0.9999999999999998
606,10331,1.0,false,606,10331,1.0
606,256076,0.8639211505072738,false,606,256076,0.8639211505072738
606,84867,1.0,false,606,84867,1.0
606,100130701,0.8878856568027692,false,606,100130701,0.8878856568027692
606,284680,0.9827242789356609,false,606,284680,0.9827242789356609
606,9771,0.7695391096496836,false,606,9771,0.7695391096496836
606,128218,0.9349831907588436,false,606,128218,0.9349831907588436
606,222183,1.0,false,606,222183,1.0
606,7546,1.0,false,606,7546,1.0
606,9699,1.0,false,606,9699,1.0
606,101928580,1.0,false,606,101928580,1.0
606,105373265,0.8529273885761167,false,606,105373265,0.8529273885761167
606,9211,0.9993716660495694,false,606,9211,0.9993716660495694
606,100874002,0.9924038663952793,false,606,100874002,0.9924038663952793
606,440590,1.0,false,606,440590,1.0
606,1515,1.0,false,606,1515,1.0
606,4606,1.0,false,606,4606,1.0
100133669,7473,1.0,false,100133669,7473,1.0
100133669,1180,0.9999999999999999,false,100133669,1180,0.9999999999999999
100133669,200407,0.9924038663952789,false,100133669,200407,0.9924038663952789
100133669,766,1.0,false,100133669,766,1.0
100133669,65998,0.8358213643860697,false,100133669,65998,0.8358213643860697
100133669,388327,0.9999999999999997,false,100133669,388327,0.9999999999999997
100133669,3780,0.9999999999999999,false,100133669,3780,0.9999999999999999
100133669,100126311,0.9999999999999999,false,100133669,100126311,0.9999999999999999
100133669,23562,1.0,false,100133669,23562,1.0
100133669,1746,1.0,false,100133669,1746,1.0
100133669,57524,0.9999999999999997,false,100133669,57524,0.9999999999999997
100133669,10331,1.0,false,100133669,10331,1.0
100133669,256076,0.8639211505072737,false,100133669,256076,0.8639211505072737
100133669,84867,1.0,false,100133669,84867,1.0
100133669,100130701,0.887885656802769,false,100133669,100130701,0.887885656802769
100133669,284680,0.9827242789356608,false,100133669,284680,0.9827242789356608
100133669,9771,0.7695391096496835,false,100133669,9771,0.7695391096496835
100133669,128218,0.9349831907588436,false,100133669,128218,0.9349831907588436
100133669,222183,1.0,false,100133669,222183,1.0
100133669,7546,1.0,false,100133669,7546,1.0
100133669,9699,0.9999999999999999,false,100133669,9699,0.9999999999999999
100133669,101928580,1.0,false,100133669,101928580,1.0
100133669,105373265,0.8529273885761164,false,100133669,105373265,0.8529273885761164
100133669,9211,0.9993716660495695,false,100133669,9211,0.9993716660495695
100133669,100874002,0.9924038663952789,false,100133669,100874002,0.9924038663952789
100133669,440590,0.9999999999999998,false,100133669,440590,0.9999999999999998
100133669,1515,1.0,false,100133669,1515,1.0
100133669,4606,1.0,false,100133669,4606,1.0
7473,1180,1.0,false,7473,1180,1.0
7473,200407,0.992403866395279,false,7473,200407,0.992403866395279
7473,766,0.9999999999999997,false,7473,766,0.9999999999999997
7473,65998,0.8358213643860698,false,7473,65998,0.8358213643860698
7473,388327,0.9999999999999997,false,7473,388327,0.9999999999999997
7473,3780,1.0,false,7473,3780,1.0
7473,100126311,1.0,false,7473,100126311,1.0
7473,23562,0.9999999999999997,false,7473,23562,0.9999999999999997
7473,1746,1.0,false,7473,1746,1.0
7473,57524,1.0,false,7473,57524,1.0
7473,10331,1.0,false,7473,10331,1.0
7473,256076,0.8639211505072738,false,7473,256076,0.8639211505072738
7473,84867,0.9999999999999997,false,7473,84867,0.9999999999999997
7473,100130701,0.8878856568027688,false,7473,100130701,0.8878856568027688
7473,284680,0.9827242789356605,false,7473,284680,0.9827242789356605
7473,9771,0.7695391096496835,false,7473,9771,0.7695391096496835
7473,128218,0.9349831907588436,false,7473,128218,0.9349831907588436
7473,222183,0.9999999999999997,false,7473,222183,0.9999999999999997
7473,7546,0.9999999999999998,false,7473,7546,0.9999999999999998
7473,9699,1.0,false,7473,9699,1.0
7473,101928580,1.0,false,7473,101928580,1.0
7473,105373265,0.8529273885761164,false,7473,105373265,0.8529273885761164
7473,9211,0.9993716660495692,false,7473,9211,0.9993716660495692
7473,100874002,0.992403866395279,false,7473,100874002,0.992403866395279
7473,440590,0.9999999999999997,false,7473,440590,0.9999999999999997
7473,1515,0.9999999999999997,false,7473,1515,0.9999999999999997
7473,4606,1.0,false,7473,4606,1.0
55567,7851,0.7785374780398837,false,55567,7851,0.7785374780398837
55567,692072,0.8383484379212865,false,55567,692072,0.8383484379212865
55567,55808,0.9558904143489649,false,55567,55808,0.9558904143489649
55567,999,0.9504510017869777,false,55567,999,0.9504510017869777
55567,126353,0.9178256884371958,false,55567,126353,0.9178256884371958
55567,388743,0.9361907818055095,false,55567,388743,0.9361907818055095
55567,1577,0.7833740775233672,false,55567,1577,0.7833740775233672
55567,340267,0.7879908093401405,false,55567,340267,0.7879908093401405
55567,200879,0.9469159999993706,false,55567,200879,0.9469159999993706
55567,1510,0.9606775539243294,false,55567,1510,0.9606775539243294
55567,278,0.8244133501428544,false,55567,278,0.8244133501428544
55567,57111,0.9674716792233825,false,55567,57111,0.9674716792233825
55567,116844,0.8038004440683347,false,55567,116844,0.8038004440683347
55567,10129,0.8963470787872573,false,55567,10129,0.8963470787872573
55567,4586,0.9561937937163274,false,55567,4586,0.9561937937163274
55567,10551,0.966984672340562,false,55567,10551,0.966984672340562
55567,688,0.7703904711327569,false,55567,688,0.7703904711327569
55567,117155,0.854048866299918,false,55567,117155,0.854048866299918
55567,112268155,0.8881941345279336,false,55567,112268155,0.8881941345279336
55567,1152,0.9023244605002454,false,55567,1152,0.9023244605002454
55567,79083,0.9388943101748466,false,55567,79083,0.9388943101748466
55567,1556,0.768051870900155,false,55567,1556,0.768051870900155
55567,55930,0.9446420830023219,false,55567,55930,0.9446420830023219
55567,22996,0.9648776024888529,false,55567,22996,0.9648776024888529
55567,54861,0.7863233879986746,false,55567,54861,0.7863233879986746
55567,222256,0.798516042023765,false,55567,222256,0.798516042023765
55567,100529240,0.981733707091929,false,55567,100529240,0.981733707091929
55567,113218482,0.9118804792387719,false,55567,113218482,0.9118804792387719
55567,647024,0.9636976329893769,false,55567,647024,0.9636976329893769
55567,255928,0.9570189977002773,false,55567,255928,0.9570189977002773
55567,8537,0.9671780858742312,false,55567,8537,0.9671780858742312
55567,10018,0.8010930701765923,false,55567,10018,0.8010930701765923
55567,115019,0.7936044851467524,false,55567,115019,0.7936044851467524
55567,3434,0.8328295580765643,false,55567,3434,0.8328295580765643
55567,276,0.7672897459483229,false,55567,276,0.7672897459483229
55567,168374,0.8229899934700563,false,55567,168374,0.8229899934700563
55567,143884,0.7976705805917148,false,55567,143884,0.7976705805917148
55567,3993,0.8161088966053104,false,55567,3993,0.8161088966053104
55567,389852,0.8714622497695346,false,55567,389852,0.8714622497695346
55567,164312,0.9546330842299569,false,55567,164312,0.9546330842299569
55567,2065,0.827723548357603,false,55567,2065,0.827723548357603
55567,135656,0.9536480143777702,false,55567,135656,0.9536480143777702
55567,94059,0.8929258760212241,false,55567,94059,0.8929258760212241
55567,26769,0.8754018086948644,false,55567,26769,0.8754018086948644
55567,3960,0.8011849792552816,false,55567,3960,0.8011849792552816
55567,153643,0.9017198161618132,false,55567,153643,0.9017198161618132
55567,112268422,0.9077906115462294,false,55567,112268422,0.9077906115462294
55567,259294,0.8551774697156476,false,55567,259294,0.8551774697156476
55567,2266,0.9619869994981595,false,55567,2266,0.9619869994981595
55567,745,0.8857125635770063,false,55567,745,0.8857125635770063
107985317,128602,0.97591081934545,false,107985317,128602,0.97591081934545
107985317,54997,0.9204930473941655,false,107985317,54997,0.9204930473941655
107985317,2595,0.9519272849842115,false,107985317,2595,0.9519272849842115
107985317,9223,0.9032209955939705,false,107985317,9223,0.9032209955939705
107985317,253970,0.953128330281488,false,107985317,253970,0.953128330281488
107985317,503645,0.9404021936618441,false,107985317,503645,0.9404021936618441
107985317,4070,0.9014826578652257,false,107985317,4070,0.9014826578652257
107985317,346007,0.9577830967124008,false,107985317,346007,0.9577830967124008
107985317,116984,0.9647908084037655,false,107985317,116984,0.9647908084037655
107985317,825,0.9643542165023786,false,107985317,825,0.9643542165023786
107985317,137872,0.9159999447911251,false,107985317,137872,0.9159999447911251
107985317,100033430,0.8256216267602537,false,107985317,100033430,0.8256216267602537
107985317,124944,0.8806037476022613,false,107985317,124944,0.8806037476022613
107985317,93517,0.9995906734346603,false,107985317,93517,0.9995906734346603
107985317,130271,0.7860170127804946,false,107985317,130271,0.7860170127804946
107985317,101927516,0.9940277885500516,false,107985317,101927516,0.9940277885500516
107985317,285,0.9820667741737892,false,107985317,285,0.9820667741737892
107985317,27074,0.9501040524968157,false,107985317,27074,0.9501040524968157
107985317,100996506,0.9067743086064083,false,107985317,100996506,0.9067743086064083
107985317,66002,0.9594374548463173,false,107985317,66002,0.9594374548463173
107985317,79632,0.9270172355371178,false,107985317,79632,0.9270172355371178
107985317,100505495,0.992585009529135,false,107985317,100505495,0.992585009529135
107985317,7620,0.8781384161855245,false,107985317,7620,0.8781384161855245
107985317,9476,0.9302540479440655,false,107985317,9476,0.9302540479440655
107985317,151531,0.9452677064232143,false,107985317,151531,0.9452677064232143
107985317,105371242,0.8265838268411864,false,107985317,105371242,0.8265838268411864
107985317,692058,0.8142149958481484,false,107985317,692058,0.8142149958481484
107985317,2122,0.9959314465159662,false,107985317,2122,0.9959314465159662
107985317,84059,0.89873700734842,false,107985317,84059,0.89873700734842
107985317,121512,0.8899116469995542,false,107985317,121512,0.8899116469995542
107985317,6097,0.9592259783262534,false,107985317,6097,0.9592259783262534
107985317,120892,0.9551516143240691,false,107985317,120892,0.9551516143240691
107985317,113219467,0.8005000432105993,false,107985317,113219467,0.8005000432105993
107985317,123624,0.9925497098921193,false,107985317,123624,0.9925497098921193
107985317,391253,0.9898051875318726,false,107985317,391253,0.9898051875318726
107985317,693188,0.9717234196494849,false,107985317,693188,0.9717234196494849
107985317,353189,0.9163397647281165,false,107985317,353189,0.9163397647281165
107985317,776,0.9206377172210769,false,107985317,776,0.9206377172210769
107985317,84851,0.9493783500029892,false,107985317,84851,0.9493783500029892
107985317,84525,0.8750290915692596,false,107985317,84525,0.8750290915692596
107985317,4861,0.9998408221236972,false,107985317,4861,0.9998408221236972
107985317,10203,0.976071580060765,false,107985317,10203,0.976071580060765
107985317,1080,0.876103125180842,false,107985317,1080,0.876103125180842
107985317,65217,0.8638611774715067,false,107985317,65217,0.8638611774715067
107985317,105372793,0.9137253721572325,false,107985317,105372793,0.9137253721572325
107985317,56955,0.9913522303484565,false,107985317,56955,0.9913522303484565
107985317,653509,0.7852160950209723,false,107985317,653509,0.7852160950209723
107985317,55282,0.896608015931235,false,107985317,55282,0.896608015931235
107985317,79098,0.9883654417964164,false,107985317,79098,0.9883654417964164
107985317,144535,0.921582845981006,false,107985317,144535,0.921582845981006
107985317,649946,0.9506922078601485,false,107985317,649946,0.9506922078601485
107985317,144571,0.9574160947808356,false,107985317,144571,0.9574160947808356
107985317,165186,0.9953477857340041,false,107985317,165186,0.9953477857340041
107985317,102465485,0.9293028780391551,false,107985317,102465485,0.9293028780391551
107985317,100033436,0.9658918760491522,false,107985317,100033436,0.9658918760491522
128602,54997,0.8730314036424115,false,128602,54997,0.8730314036424115
128602,2595,0.9939194845957637,false,128602,2595,0.9939194845957637
128602,9223,0.9529293550911565,false,128602,9223,0.9529293550911565
128602,253970,0.9692586759090392,false,128602,253970,0.9692586759090392
128602,503645,0.9712985451443786,false,128602,503645,0.9712985451443786
128602,4070,0.8943563681249267,false,128602,4070,0.8943563681249267
128602,346007,0.9446772371036256,false,128602,346007,0.9446772371036256
128602,116984,0.9788583324073061,false,128602,116984,0.9788583324073061
128602,825,0.9919150630301331,false,128602,825,0.9919150630301331
128602,137872,0.8620127031098516,false,128602,137872,0.8620127031098516
128602,124944,0.8615338129351445,false,128602,124944,0.8615338129351445
128602,93517,0.9773641250455107,false,128602,93517,0.9773641250455107
128602,130271,0.8724145708693347,false,128602,130271,0.8724145708693347
128602,101927516,0.9768724545824689,false,128602,101927516,0.9768724545824689
128602,285,0.9243681304167161,false,128602,285,0.9243681304167161
128602,27074,0.9487366891267667,false,128602,27074,0.9487366891267667
128602,100996506,0.8555487848711963,false,128602,100996506,0.8555487848711963
128602,66002,0.9135961465577624,false,128602,66002,0.9135961465577624
128602,79632,0.9392244099260646,false,128602,79632,0.9392244099260646
128602,100505495,0.9641216003817523,false,128602,100505495,0.9641216003817523
128602,7620,0.8068814786342337,false,128602,7620,0.8068814786342337
128602,9476,0.9127672310314335,false,128602,9476,0.9127672310314335
128602,151531,0.8893386406198032,false,128602,151531,0.8893386406198032
128602,105371242,0.783226119417361,false,128602,105371242,0.783226119417361
128602,2122,0.9859680104295409,false,128602,2122,0.9859680104295409
128602,84059,0.9555076202273649,false,128602,84059,0.9555076202273649
128602,121512,0.8322213511770022,false,128602,121512,0.8322213511770022
128602,6097,0.9866996096555973,false,128602,6097,0.9866996096555973
128602,120892,0.959788587174082,false,128602,120892,0.959788587174082
128602,113219467,0.7569210704832953,false,128602,113219467,0.7569210704832953
128602,123624,0.9884359190508824,false,128602,123624,0.9884359190508824
128602,391253,0.9649728193633013,false,128602,391253,0.9649728193633013
128602,693188,0.9198398398236016,false,128602,693188,0.9198398398236016
128602,6799,0.7757653506046684,false,128602,6799,0.7757653506046684
128602,353189,0.8624326251384097,false,128602,353189,0.8624326251384097
128602,776,0.8928190060980704,false,128602,776,0.8928190060980704
128602,84851,0.8976168375497722,false,128602,84851,0.8976168375497722
128602,84525,0.9545258100020607,false,128602,84525,0.9545258100020607
128602,4861,0.9760631512534736,false,128602,4861,0.9760631512534736
128602,10203,0.9769652120821583,false,128602,10203,0.9769652120821583
128602,1080,0.8779624161762738,false,128602,1080,0.8779624161762738
128602,65217,0.7937901823378166,false,128602,65217,0.7937901823378166
128602,105372793,0.8603960632858887,false,128602,105372793,0.8603960632858887
128602,56955,0.9937603727972479,false,128602,56955,0.9937603727972479
128602,653509,0.8453171941127418,false,128602,653509,0.8453171941127418
128602,55282,0.9676620179901938,false,128602,55282,0.9676620179901938
128602,79098,0.9669676327950846,false,128602,79098,0.9669676327950846
128602,144535,0.9262322383038063,false,128602,144535,0.9262322383038063
128602,649946,0.9746520995286275,false,128602,649946,0.9746520995286275
128602,144571,0.9831231690151332,false,128602,144571,0.9831231690151332
128602,165186,0.9915934609964071,false,128602,165186,0.9915934609964071
128602,102465485,0.9596740329804732,false,128602,102465485,0.9596740329804732
128602,100033436,0.9421699367611278,false,128602,100033436,0.9421699367611278
6103,503645,0.7555448088649966,false,6103,503645,0.7555448088649966
6103,116984,0.7729885024855673,false,6103,116984,0.7729885024855673
6103,3875,0.7504469560222972,false,6103,3875,0.7504469560222972
6103,79632,0.7857301841652359,false,6103,79632,0.7857301841652359
6103,201625,0.7629188931500827,false,6103,201625,0.7629188931500827
6103,84059,0.8072693281618303,false,6103,84059,0.8072693281618303
6103,120892,0.7656898843872237,false,6103,120892,0.7656898843872237
6103,84525,0.7700948832974983,false,6103,84525,0.7700948832974983
6103,1080,0.7577991077160319,false,6103,1080,0.7577991077160319
6103,144535,0.8035545022043292,false,6103,144535,0.8035545022043292
6103,649946,0.7837553521972449,false,6103,649946,0.7837553521972449
6332,79148,0.9560373218478099,false,6332,79148,0.9560373218478099
6332,6532,0.9826542007727597,false,6332,6532,0.9826542007727597
6332,9411,0.8504423713708605,false,6332,9411,0.8504423713708605
6332,100820829,0.9474034161383442,false,6332,100820829,0.9474034161383442
718,25804,0.8638273301772299,false,718,25804,0.8638273301772299
718,6441,0.8064685193379014,false,718,6441,0.8064685193379014
718,8091,0.8233050932349502,false,718,8091,0.8233050932349502
718,3207,0.8454810456004156,false,718,3207,0.8454810456004156
718,387882,0.9620660718766132,false,718,387882,0.9620660718766132
718,102723635,0.8247470827230033,false,718,102723635,0.8247470827230033
718,100506755,0.7891220708349276,false,718,100506755,0.7891220708349276
718,10586,0.7936381255120262,false,718,10586,0.7936381255120262
718,1471,0.8293128958139816,false,718,1471,0.8293128958139816
718,2619,0.7672446213719637,false,718,2619,0.7672446213719637
718,140766,0.8468427430114136,false,718,140766,0.8468427430114136
718,57710,0.798101679017537,false,718,57710,0.798101679017537
718,123872,0.757661522814092,false,718,123872,0.757661522814092
100506380,4892,0.9978222052939422,false,100506380,4892,0.9978222052939422
100506380,25976,0.8345188048579337,false,100506380,25976,0.8345188048579337
100506380,160728,0.9802795006267498,false,100506380,160728,0.9802795006267498
100506380,4496,1.0,false,100506380,4496,1.0
100506380,388633,0.999904488898443,false,100506380,388633,0.999904488898443
100506380,3929,0.9999791875548878,false,100506380,3929,0.9999791875548878
100506380,100158262,0.8622683053135434,false,100506380,100158262,0.8622683053135434
100506380,727897,0.8409657211570886,false,100506380,727897,0.8409657211570886
100506380,1604,0.9330099935791507,false,100506380,1604,0.9330099935791507
100506380,886,0.9999999999999997,false,100506380,886,0.9999999999999997
100506380,632,0.9741775975413045,false,100506380,632,0.9741775975413045
100506380,285429,0.751974770415736,false,100506380,285429,0.751974770415736
100506380,26797,0.9998086330389042,false,100506380,26797,0.9998086330389042
100506380,4057,0.7533096975028875,false,100506380,4057,0.7533096975028875
100506380,692209,0.999946985179323,false,100506380,692209,0.999946985179323
100506380,563,0.7833258641463907,false,100506380,563,0.7833258641463907
100506380,83643,0.9966566318765577,false,100506380,83643,0.9966566318765577
100506380,498,0.7793636464694087,false,100506380,498,0.7793636464694087
100506380,284434,0.9971188999509052,false,100506380,284434,0.9971188999509052
100506380,1028,0.8088406529390386,false,100506380,1028,0.8088406529390386
100506380,646480,0.9997412633513604,false,100506380,646480,0.9997412633513604
54997,2595,0.8454912278998385,false,54997,2595,0.8454912278998385
54997,115677,0.8139009518378962,false,54997,115677,0.8139009518378962
54997,253970,0.8630826952178104,false,54997,253970,0.8630826952178104
54997,109136579,0.9080516836020865,false,54997,109136579,0.9080516836020865
54997,503645,0.922729445342019,false,54997,503645,0.922729445342019
54997,64332,0.8439793222193134,false,54997,64332,0.8439793222193134
54997,346007,0.8702234901700425,false,54997,346007,0.8702234901700425
54997,116984,0.9246204624720715,false,54997,116984,0.9246204624720715
54997,825,0.8181328240836745,false,54997,825,0.8181328240836745
54997,137872,0.9941202631473768,false,54997,137872,0.9941202631473768
54997,100033430,0.9654897149557027,false,54997,100033430,0.9654897149557027
54997,93517,0.9154991443267042,false,54997,93517,0.9154991443267042
54997,89765,0.8911805398827096,false,54997,89765,0.8911805398827096
54997,130271,0.7962502012234489,false,54997,130271,0.7962502012234489
54997,101927516,0.877781456913976,false,54997,101927516,0.877781456913976
54997,378938,0.905669678230267,false,54997,378938,0.905669678230267
54997,285,0.9477250350639814,false,54997,285,0.9477250350639814
54997,27074,0.9199524745198177,false,54997,27074,0.9199524745198177
54997,100996506,0.7772477248372356,false,54997,100996506,0.7772477248372356
54997,66002,0.9928871841777881,false,54997,66002,0.9928871841777881
54997,79632,0.8441680470645835,false,54997,79632,0.8441680470645835
54997,100505495,0.8952132987257997,false,54997,100505495,0.8952132987257997
54997,7620,0.9804481214005454,false,54997,7620,0.9804481214005454
54997,105180391,0.8403882356815183,false,54997,105180391,0.8403882356815183
54997,9476,0.8172101062349828,false,54997,9476,0.8172101062349828
54997,151531,0.9904782897874613,false,54997,151531,0.9904782897874613
54997,105180390,0.8044379263099899,false,54997,105180390,0.8044379263099899
54997,692058,0.9046045000070445,false,54997,692058,0.9046045000070445
54997,645843,0.871465073408293,false,54997,645843,0.871465073408293
54997,2122,0.9053153074643395,false,54997,2122,0.9053153074643395
54997,84059,0.7945064765403579,false,54997,84059,0.7945064765403579
54997,121512,0.9958177426257727,false,54997,121512,0.9958177426257727
54997,6097,0.8322722665280985,false,54997,6097,0.8322722665280985
54997,120892,0.8392866822792894,false,54997,120892,0.8392866822792894
54997,123624,0.9142812217805327,false,54997,123624,0.9142812217805327
54997,391253,0.8904814556104709,false,54997,391253,0.8904814556104709
54997,693188,0.8365589260951443,false,54997,693188,0.8365589260951443
54997,353189,0.8488104547852999,false,54997,353189,0.8488104547852999
54997,776,0.9801503238902244,false,54997,776,0.9801503238902244
54997,84851,0.8361725982461917,false,54997,84851,0.8361725982461917
54997,84525,0.7525886724639588,false,54997,84525,0.7525886724639588
54997,4861,0.9188630469342378,false,54997,4861,0.9188630469342378
54997,10203,0.8400744876631606,false,54997,10203,0.8400744876631606
54997,284323,0.9335727766145797,false,54997,284323,0.9335727766145797
54997,65217,0.9615825562363122,false,54997,65217,0.9615825562363122
54997,105372793,0.7767425839468872,false,54997,105372793,0.7767425839468872
54997,56955,0.8957303722565259,false,54997,56955,0.8957303722565259
54997,55282,0.7645320569351454,false,54997,55282,0.7645320569351454
54997,79098,0.9291314350203357,false,54997,79098,0.9291314350203357
54997,144535,0.7898118087282289,false,54997,144535,0.7898118087282289
54997,649946,0.885161613374514,false,54997,649946,0.885161613374514
54997,144571,0.7926878030011585,false,54997,144571,0.7926878030011585
54997,165186,0.8970064921852937,false,54997,165186,0.8970064921852937
54997,102465485,0.7960008977803531,false,54997,102465485,0.7960008977803531
54997,100033436,0.8387294501519531,false,54997,100033436,0.8387294501519531
79848,100158262,0.957110810325391,false,79848,100158262,0.957110810325391
79848,342892,0.9583848539196009,false,79848,342892,0.9583848539196009
79848,94059,0.7867892393349438,false,79848,94059,0.7867892393349438
79848,26769,0.8120432109436622,false,79848,26769,0.8120432109436622
79848,112268422,0.7687989110368614,false,79848,112268422,0.7687989110368614
79848,79740,0.8701509472492578,false,79848,79740,0.8701509472492578
2595,9223,0.9383597798160246,false,2595,9223,0.9383597798160246
2595,253970,0.967636319168496,false,2595,253970,0.967636319168496
2595,503645,0.9743579471948924,false,2595,503645,0.9743579471948924
2595,4070,0.8827287118813957,false,2595,4070,0.8827287118813957
2595,346007,0.9391621211248681,false,2595,346007,0.9391621211248681
2595,116984,0.9801426387042597,false,2595,116984,0.9801426387042597
2595,825,0.9847664310146239,false,2595,825,0.9847664310146239
2595,137872,0.8373974015273788,false,2595,137872,0.8373974015273788
2595,124944,0.8249437518595648,false,2595,124944,0.8249437518595648
2595,93517,0.9521373685212514,false,2595,93517,0.9521373685212514
2595,130271,0.8833060332795071,false,2595,130271,0.8833060332795071
2595,101927516,0.958318972854564,false,2595,101927516,0.958318972854564
2595,285,0.8934087304159067,false,2595,285,0.8934087304159067
2595,27074,0.9379022461193819,false,2595,27074,0.9379022461193819
2595,100996506,0.8310655590356049,false,2595,100996506,0.8310655590356049
2595,66002,0.885402272283208,false,2595,66002,0.885402272283208
2595,79632,0.941967442016412,false,2595,79632,0.941967442016412
2595,100505495,0.9332684007380037,false,2595,100505495,0.9332684007380037
2595,7620,0.7720729884258506,false,2595,7620,0.7720729884258506
2595,9476,0.8936636918920583,false,2595,9476,0.8936636918920583
2595,151531,0.8576150959567596,false,2595,151531,0.8576150959567596
2595,2122,0.9686978078619519,false,2595,2122,0.9686978078619519
2595,84059,0.9748305894526508,false,2595,84059,0.9748305894526508
2595,121512,0.8055347378141623,false,2595,121512,0.8055347378141623
2595,6097,0.9840579110776024,false,2595,6097,0.9840579110776024
2595,120892,0.9607881623846413,false,2595,120892,0.9607881623846413
2595,123624,0.974076799282066,false,2595,123624,0.974076799282066
2595,391253,0.9424962082086403,false,2595,391253,0.9424962082086403
2595,693188,0.8855604230476095,false,2595,693188,0.8855604230476095
2595,6799,0.800713208998476,false,2595,6799,0.800713208998476
2595,353189,0.8313992900598253,false,2595,353189,0.8313992900598253
2595,776,0.8607710378756689,false,2595,776,0.8607710378756689
2595,84851,0.8781086087294001,false,2595,84851,0.8781086087294001
2595,84525,0.9792371666165024,false,2595,84525,0.9792371666165024
2595,4861,0.9509406466149926,false,2595,4861,0.9509406466149926
2595,10203,0.9514084479450933,false,2595,10203,0.9514084479450933
2595,1080,0.885719346287281,false,2595,1080,0.885719346287281
2595,65217,0.7501830670752455,false,2595,65217,0.7501830670752455
2595,105372793,0.840297333879033,false,2595,105372793,0.840297333879033
2595,56955,0.9759755677913174,false,2595,56955,0.9759755677913174
2595,653509,0.8636559004403683,false,2595,653509,0.8636559004403683
2595,55282,0.9709183987217418,false,2595,55282,0.9709183987217418
2595,79098,0.940879460602522,false,2595,79098,0.940879460602522
2595,144535,0.9369792130388883,false,2595,144535,0.9369792130388883
2595,649946,0.9831121146679451,false,2595,649946,0.9831121146679451
2595,144571,0.9813465486957048,false,2595,144571,0.9813465486957048
2595,165186,0.9740765400177204,false,2595,165186,0.9740765400177204
2595,102465485,0.9701789828247352,false,2595,102465485,0.9701789828247352
2595,100033436,0.9306562448065867,false,2595,100033436,0.9306562448065867
115677,503645,0.7864399039090788,false,115677,503645,0.7864399039090788
115677,64332,0.8263646754836691,false,115677,64332,0.8263646754836691
115677,137872,0.7570013072656475,false,115677,137872,0.7570013072656475
115677,100033430,0.8254138563811234,false,115677,100033430,0.8254138563811234
115677,441251,0.810744018682234,false,115677,441251,0.810744018682234
115677,102723849,0.8169438958055395,false,115677,102723849,0.8169438958055395
115677,89765,0.7932197710570443,false,115677,89765,0.7932197710570443
115677,130271,0.8551218744512067,false,115677,130271,0.8551218744512067
115677,27074,0.7871508192471988,false,115677,27074,0.7871508192471988
115677,66002,0.7724118473763492,false,115677,66002,0.7724118473763492
115677,105180391,0.8171348097996614,false,115677,105180391,0.8171348097996614
115677,151531,0.7831055042496126,false,115677,151531,0.7831055042496126
115677,105180390,0.7768235655019641,false,115677,105180390,0.7768235655019641
115677,645843,0.7801011383154982,false,115677,645843,0.7801011383154982
115677,121512,0.8000000963356361,false,115677,121512,0.8000000963356361
115677,84239,0.7705706886784152,false,115677,84239,0.7705706886784152
115677,776,0.8412490546232446,false,115677,776,0.8412490546232446
115677,284323,0.8253016026550025,false,115677,284323,0.8253016026550025
115677,440352,0.7616643496232457,false,115677,440352,0.7616643496232457
5961,692072,0.7750351500291467,false,5961,692072,0.7750351500291467
5961,999,0.7534272539143743,false,5961,999,0.7534272539143743
5961,26226,0.9833238277519297,false,5961,26226,0.9833238277519297
5961,340267,0.8999858605332166,false,5961,340267,0.8999858605332166
5961,6337,0.9293475351408682,false,5961,6337,0.9293475351408682
5961,57669,0.8672135573885223,false,5961,57669,0.8672135573885223
5961,116844,0.9165790566205365,false,5961,116844,0.9165790566205365
5961,54897,0.9318588863967616,false,5961,54897,0.9318588863967616
5961,117155,0.8287418583186131,false,5961,117155,0.8287418583186131
5961,112268155,0.7952736464410625,false,5961,112268155,0.7952736464410625
5961,1152,0.8533914783274811,false,5961,1152,0.8533914783274811
5961,79083,0.7596567228271744,false,5961,79083,0.7596567228271744
5961,1556,0.924016785059898,false,5961,1556,0.924016785059898
5961,54861,0.946463900369625,false,5961,54861,0.946463900369625
5961,222256,0.8505425103777341,false,5961,222256,0.8505425103777341
5961,113218482,0.8543740467333738,false,5961,113218482,0.8543740467333738
5961,115019,0.7806506370042408,false,5961,115019,0.7806506370042408
5961,1579,0.7500330186043421,false,5961,1579,0.7500330186043421
5961,84239,0.80648973939178,false,5961,84239,0.80648973939178
5961,3880,0.8738162447309887,false,5961,3880,0.8738162447309887
5961,23584,0.8502255699153677,false,5961,23584,0.8502255699153677
5961,153643,0.8067568179585219,false,5961,153643,0.8067568179585219
5961,745,0.8857471015263148,false,5961,745,0.8857471015263148
9223,253970,0.8859241112034596,false,9223,253970,0.8859241112034596
9223,503645,0.8886888561060715,false,9223,503645,0.8886888561060715
9223,4070,0.8278483086717859,false,9223,4070,0.8278483086717859
9223,346007,0.8418130787821021,false,9223,346007,0.8418130787821021
9223,116984,0.8776354790393035,false,9223,116984,0.8776354790393035
9223,825,0.967796670239829,false,9223,825,0.967796670239829
9223,124944,0.8777253560745472,false,9223,124944,0.8777253560745472
9223,93517,0.9129981235863989,false,9223,93517,0.9129981235863989
9223,130271,0.8684746412523293,false,9223,130271,0.8684746412523293
9223,101927516,0.9068762663946536,false,9223,101927516,0.9068762663946536
9223,285,0.8147467844463436,false,9223,285,0.8147467844463436
9223,27074,0.8536932800598387,false,9223,27074,0.8536932800598387
9223,100996506,0.7767976669621167,false,9223,100996506,0.7767976669621167
9223,66002,0.7982730178703376,false,9223,66002,0.7982730178703376
9223,79632,0.8338754185229488,false,9223,79632,0.8338754185229488
9223,100505495,0.9160567685480145,false,9223,100505495,0.9160567685480145
9223,9476,0.8386436386120117,false,9223,9476,0.8386436386120117
9223,151531,0.766050231149169,false,9223,151531,0.766050231149169
9223,105371242,0.8623265077327085,false,9223,105371242,0.8623265077327085
9223,2122,0.9142823277170771,false,9223,2122,0.9142823277170771
9223,84059,0.8785121695274297,false,9223,84059,0.8785121695274297
9223,6097,0.936082012845324,false,9223,6097,0.936082012845324
9223,120892,0.8570331485173273,false,9223,120892,0.8570331485173273
9223,100820829,0.7710304505965514,false,9223,100820829,0.7710304505965514
9223,123624,0.9133265488000317,false,9223,123624,0.9133265488000317
9223,391253,0.8873922652419997,false,9223,391253,0.8873922652419997
9223,693188,0.8541184753133396,false,9223,693188,0.8541184753133396
9223,353189,0.7604931849206097,false,9223,353189,0.7604931849206097
9223,776,0.8219857000821796,false,9223,776,0.8219857000821796
9223,84851,0.7843722054655601,false,9223,84851,0.7843722054655601
9223,84525,0.9073763931719422,false,9223,84525,0.9073763931719422
9223,4861,0.9082879850333343,false,9223,4861,0.9082879850333343
9223,10203,0.9653938358258742,false,9223,10203,0.9653938358258742
9223,1080,0.7650994274746957,false,9223,1080,0.7650994274746957
9223,105372793,0.7607327236796116,false,9223,105372793,0.7607327236796116
9223,56955,0.9483809119228848,false,9223,56955,0.9483809119228848
9223,653509,0.8002546403824138,false,9223,653509,0.8002546403824138
9223,55282,0.9829690627620242,false,9223,55282,0.9829690627620242
9223,79098,0.897775683794903,false,9223,79098,0.897775683794903
9223,144535,0.8012162050084993,false,9223,144535,0.8012162050084993
9223,649946,0.8753330940651516,false,9223,649946,0.8753330940651516
9223,144571,0.9408338870432744,false,9223,144571,0.9408338870432744
9223,165186,0.9351151825785524,false,9223,165186,0.9351151825785524
9223,102465485,0.8860363896278244,false,9223,102465485,0.8860363896278244
9223,100033436,0.8479239439998846,false,9223,100033436,0.8479239439998846
7851,692072,0.9618879085448554,false,7851,692072,0.9618879085448554
7851,109136579,0.7914037580625046,false,7851,109136579,0.7914037580625046
7851,55808,0.8785934826949354,false,7851,55808,0.8785934826949354
7851,999,0.774946621682681,false,7851,999,0.774946621682681
7851,126353,0.9535162029165832,false,7851,126353,0.9535162029165832
7851,64332,0.9152950715479371,false,7851,64332,0.9152950715479371
7851,388743,0.9291250536253788,false,7851,388743,0.9291250536253788
7851,1577,0.9996754902729764,false,7851,1577,0.9996754902729764
7851,340267,0.8435151545477484,false,7851,340267,0.8435151545477484
7851,200879,0.8921904666863664,false,7851,200879,0.8921904666863664
7851,1510,0.896893075805088,false,7851,1510,0.896893075805088
7851,441251,0.7696492549020927,false,7851,441251,0.7696492549020927
7851,102723849,0.9789120969073642,false,7851,102723849,0.9789120969073642
7851,57669,0.8139052928477982,false,7851,57669,0.8139052928477982
7851,89765,0.7545262961677458,false,7851,89765,0.7545262961677458
7851,57111,0.8644140577321057,false,7851,57111,0.8644140577321057
7851,10129,0.7935644476464826,false,7851,10129,0.7935644476464826
7851,4586,0.8894301494706038,false,7851,4586,0.8894301494706038
7851,10551,0.8818398024267112,false,7851,10551,0.8818398024267112
7851,378938,0.7987777892864419,false,7851,378938,0.7987777892864419
7851,117155,0.9019278664300443,false,7851,117155,0.9019278664300443
7851,112268155,0.9347564443226902,false,7851,112268155,0.9347564443226902
7851,79083,0.8742641428075676,false,7851,79083,0.8742641428075676
7851,1556,0.8478101674730858,false,7851,1556,0.8478101674730858
7851,55930,0.8830458102636117,false,7851,55930,0.8830458102636117
7851,7113,0.9641999014710425,false,7851,7113,0.9641999014710425
7851,105180391,0.9320243742124539,false,7851,105180391,0.9320243742124539
7851,100529240,0.817523796988886,false,7851,100529240,0.817523796988886
7851,113218482,0.8520215544674297,false,7851,113218482,0.8520215544674297
7851,647024,0.7595728244262581,false,7851,647024,0.7595728244262581
7851,255928,0.8892938845042414,false,7851,255928,0.8892938845042414
7851,8537,0.8803675900055625,false,7851,8537,0.8803675900055625
7851,10018,0.9423046889626403,false,7851,10018,0.9423046889626403
7851,115019,0.9601708670640878,false,7851,115019,0.9601708670640878
7851,105180390,0.9484830759864215,false,7851,105180390,0.9484830759864215
7851,168374,0.9786555633510519,false,7851,168374,0.9786555633510519
7851,645843,0.8636897210609988,false,7851,645843,0.8636897210609988
7851,143884,0.9318782784435863,false,7851,143884,0.9318782784435863
7851,3993,0.9735591846214751,false,7851,3993,0.9735591846214751
7851,389852,0.9820796812137262,false,7851,389852,0.9820796812137262
7851,164312,0.8589830479513492,false,7851,164312,0.8589830479513492
7851,84239,0.8943837542884644,false,7851,84239,0.8943837542884644
7851,2065,0.9838992394978673,false,7851,2065,0.9838992394978673
7851,135656,0.8913154089677264,false,7851,135656,0.8913154089677264
7851,94059,0.8264668294868841,false,7851,94059,0.8264668294868841
7851,3960,0.9910742492563707,false,7851,3960,0.9910742492563707
7851,284323,0.8343994101725214,false,7851,284323,0.8343994101725214
7851,23584,0.8898441988266044,false,7851,23584,0.8898441988266044
7851,692213,0.9411794966004978,false,7851,692213,0.9411794966004978
7851,259294,0.9690539063006713,false,7851,259294,0.9690539063006713
7851,2266,0.8406476968979029,false,7851,2266,0.8406476968979029
7851,745,0.8089626873265933,false,7851,745,0.8089626873265933
7851,440352,0.8753727413495835,false,7851,440352,0.8753727413495835
692072,55808,0.9484783573109014,false,692072,55808,0.9484783573109014
692072,999,0.8786157282685287,false,692072,999,0.8786157282685287
692072,126353,0.9541728795596661,false,692072,126353,0.9541728795596661
692072,26226,0.85675505384802,false,692072,26226,0.85675505384802
692072,64332,0.81453626983847,false,692072,64332,0.81453626983847
692072,388743,0.9709262808966955,false,692072,388743,0.9709262808966955
692072,1577,0.9646968903222487,false,692072,1577,0.9646968903222487
692072,340267,0.9381783051365513,false,692072,340267,0.9381783051365513
692072,200879,0.9546351960567725,false,692072,200879,0.9546351960567725
692072,1510,0.9513089034289314,false,692072,1510,0.9513089034289314
692072,441251,0.7987693799851494,false,692072,441251,0.7987693799851494
692072,102723849,0.9157092962991787,false,692072,102723849,0.9157092962991787
692072,57669,0.887381368801331,false,692072,57669,0.887381368801331
692072,57111,0.9366515873190874,false,692072,57111,0.9366515873190874
692072,116844,0.7977204318262515,false,692072,116844,0.7977204318262515
692072,10129,0.8587646959150818,false,692072,10129,0.8587646959150818
692072,4586,0.949552021304239,false,692072,4586,0.949552021304239
692072,10551,0.9400632035436263,false,692072,10551,0.9400632035436263
692072,54897,0.8065004492763372,false,692072,54897,0.8065004492763372
692072,117155,0.9694636150329772,false,692072,117155,0.9694636150329772
692072,112268155,0.9931295492378637,false,692072,112268155,0.9931295492378637
692072,1152,0.8860952166882311,false,692072,1152,0.8860952166882311
692072,79083,0.9506069016207305,false,692072,79083,0.9506069016207305
692072,1556,0.9555261496600699,false,692072,1556,0.9555261496600699
692072,55930,0.9172644340367104,false,692072,55930,0.9172644340367104
692072,22996,0.8191711784437884,false,692072,22996,0.8191711784437884
692072,7113,0.9665610409846609,false,692072,7113,0.9665610409846609
692072,54861,0.8288769316512521,false,692072,54861,0.8288769316512521
692072,105180391,0.8140454084504513,false,692072,105180391,0.8140454084504513
692072,100529240,0.8800470256390538,false,692072,100529240,0.8800470256390538
692072,113218482,0.9550824723569986,false,692072,113218482,0.9550824723569986
692072,647024,0.8640905002681514,false,692072,647024,0.8640905002681514
692072,255928,0.9494306220660834,false,692072,255928,0.9494306220660834
692072,8537,0.9398065086978796,false,692072,8537,0.9398065086978796
692072,10018,0.8972529830743844,false,692072,10018,0.8972529830743844
692072,115019,0.9894997518966488,false,692072,115019,0.9894997518966488
692072,105180390,0.8354291505292449,false,692072,105180390,0.8354291505292449
692072,168374,0.9872149180499556,false,692072,168374,0.9872149180499556
692072,143884,0.9228188581738106,false,692072,143884,0.9228188581738106
692072,3993,0.9790684085005499,false,692072,3993,0.9790684085005499
692072,389852,0.9666084454402053,false,692072,389852,0.9666084454402053
692072,164312,0.9305173669671258,false,692072,164312,0.9305173669671258
692072,84239,0.9343725380510494,false,692072,84239,0.9343725380510494
692072,2065,0.935687790616466,false,692072,2065,0.935687790616466
692072,135656,0.9512519594794537,false,692072,135656,0.9512519594794537
692072,94059,0.8291134187110459,false,692072,94059,0.8291134187110459
692072,3960,0.9473190019146445,false,692072,3960,0.9473190019146445
692072,23584,0.9463033694800649,false,692072,23584,0.9463033694800649
692072,692213,0.8632473061216105,false,692072,692213,0.8632473061216105
692072,153643,0.8673388359843167,false,692072,153643,0.8673388359843167
692072,112268422,0.7860640369434314,false,692072,112268422,0.7860640369434314
692072,259294,0.9645358867577624,false,692072,259294,0.9645358867577624
692072,2266,0.9059938146016654,false,692072,2266,0.9059938146016654
692072,745,0.9348409015304554,false,692072,745,0.9348409015304554
692072,440352,0.866175198601579,false,692072,440352,0.866175198601579
253970,503645,0.9482379934458852,false,253970,503645,0.9482379934458852
253970,4070,0.9542611124078745,false,253970,4070,0.9542611124078745
253970,346007,0.8931029540640547,false,253970,346007,0.8931029540640547
253970,116984,0.9611394392442866,false,253970,116984,0.9611394392442866
253970,825,0.9459906120685032,false,253970,825,0.9459906120685032
253970,137872,0.8443012826583066,false,253970,137872,0.8443012826583066
253970,100033430,0.7895559013359019,false,253970,100033430,0.7895559013359019
253970,124944,0.8728380311823176,false,253970,124944,0.8728380311823176
253970,93517,0.9521807641576782,false,253970,93517,0.9521807641576782
253970,89765,0.7647851376061077,false,253970,89765,0.7647851376061077
253970,130271,0.8155042147646616,false,253970,130271,0.8155042147646616
253970,101927516,0.9535124379605148,false,253970,101927516,0.9535124379605148
253970,285,0.9028676735184259,false,253970,285,0.9028676735184259
253970,27074,0.9855525450411674,false,253970,27074,0.9855525450411674
253970,100996506,0.778214043959457,false,253970,100996506,0.778214043959457
253970,66002,0.9032305668698235,false,253970,66002,0.9032305668698235
253970,79632,0.9942213948808911,false,253970,79632,0.9942213948808911
253970,100505495,0.9166393372988725,false,253970,100505495,0.9166393372988725
253970,7620,0.7686888661224301,false,253970,7620,0.7686888661224301
253970,9476,0.9708163394070921,false,253970,9476,0.9708163394070921
253970,151531,0.8983118489848316,false,253970,151531,0.8983118489848316
253970,2122,0.975711013018421,false,253970,2122,0.975711013018421
253970,84059,0.9788267889313448,false,253970,84059,0.9788267889313448
253970,121512,0.830123022608057,false,253970,121512,0.830123022608057
253970,6097,0.9903751621761118,false,253970,6097,0.9903751621761118
253970,120892,0.9874000769197632,false,253970,120892,0.9874000769197632
253970,113219467,0.7898609499332095,false,253970,113219467,0.7898609499332095
253970,123624,0.9811815298151122,false,253970,123624,0.9811815298151122
253970,391253,0.9729318292411949,false,253970,391253,0.9729318292411949
253970,693188,0.9029261168781892,false,253970,693188,0.9029261168781892
253970,6799,0.8686518440306152,false,253970,6799,0.8686518440306152
253970,389376,0.7838631073783464,false,253970,389376,0.7838631073783464
253970,353189,0.9331718642958972,false,253970,353189,0.9331718642958972
253970,776,0.8467497391400961,false,253970,776,0.8467497391400961
253970,84851,0.87016261775832,false,253970,84851,0.87016261775832
253970,84525,0.9458190281187432,false,253970,84525,0.9458190281187432
253970,4861,0.9506421418584304,false,253970,4861,0.9506421418584304
253970,10203,0.9435798272718543,false,253970,10203,0.9435798272718543
253970,1080,0.9419659105602842,false,253970,1080,0.9419659105602842
253970,105372793,0.8108087633654165,false,253970,105372793,0.8108087633654165
253970,56955,0.9580040253804806,false,253970,56955,0.9580040253804806
253970,653509,0.9222434196669583,false,253970,653509,0.9222434196669583
253970,55282,0.9147112781189666,false,253970,55282,0.9147112781189666
253970,79098,0.9692624730214525,false,253970,79098,0.9692624730214525
253970,144535,0.9501640690583404,false,253970,144535,0.9501640690583404
253970,649946,0.9446226432531049,false,253970,649946,0.9446226432531049
253970,144571,0.9586378337572931,false,253970,144571,0.9586378337572931
253970,165186,0.9621490551889212,false,253970,165186,0.9621490551889212
253970,102465485,0.9074721510795156,false,253970,102465485,0.9074721510795156
253970,100033436,0.9077295441136722,false,253970,100033436,0.9077295441136722
1180,200407,0.9924038663952792,false,1180,200407,0.9924038663952792
1180,766,1.0,false,1180,766,1.0
1180,65998,0.8358213643860699,false,1180,65998,0.8358213643860699
1180,388327,1.0,false,1180,388327,1.0
1180,3780,0.9999999999999999,false,1180,3780,0.9999999999999999
1180,100126311,0.9999999999999999,false,1180,100126311,0.9999999999999999
1180,23562,1.0,false,1180,23562,1.0
1180,1746,1.0,false,1180,1746,1.0
1180,57524,0.9999999999999997,false,1180,57524,0.9999999999999997
1180,10331,1.0,false,1180,10331,1.0
1180,256076,0.8639211505072736,false,1180,256076,0.8639211505072736
1180,84867,1.0,false,1180,84867,1.0
1180,100130701,0.8878856568027692,false,1180,100130701,0.8878856568027692
1180,284680,0.9827242789356608,false,1180,284680,0.9827242789356608
1180,9771,0.7695391096496836,false,1180,9771,0.7695391096496836
1180,128218,0.9349831907588437,false,1180,128218,0.9349831907588437
1180,222183,1.0,false,1180,222183,1.0
1180,7546,0.9999999999999998,false,1180,7546,0.9999999999999998
1180,9699,1.0,false,1180,9699,1.0
1180,101928580,1.0,false,1180,101928580,1.0
1180,105373265,0.8529273885761164,false,1180,105373265,0.8529273885761164
1180,9211,0.9993716660495695,false,1180,9211,0.9993716660495695
1180,100874002,0.9924038663952792,false,1180,100874002,0.9924038663952792
1180,440590,1.0,false,1180,440590,1.0
1180,1515,1.0,false,1180,1515,1.0
1180,4606,1.0,false,1180,4606,1.0
200407,766,0.9924038663952793,false,200407,766,0.9924038663952793
200407,65998,0.8718436680642957,false,200407,65998,0.8718436680642957
200407,388327,0.9924038663952791,false,200407,388327,0.9924038663952791
200407,1471,0.7760251423622612,false,200407,1471,0.7760251423622612
200407,3780,0.9924038663952789,false,200407,3780,0.9924038663952789
200407,100126311,0.9924038663952789,false,200407,100126311,0.9924038663952789
200407,23562,0.9924038663952793,false,200407,23562,0.9924038663952793
200407,1746,0.9924038663952793,false,200407,1746,0.9924038663952793
200407,57524,0.9924038663952791,false,200407,57524,0.9924038663952791
200407,10331,0.9924038663952793,false,200407,10331,0.9924038663952793
200407,256076,0.8720799002828147,false,200407,256076,0.8720799002828147
200407,84867,0.9924038663952793,false,200407,84867,0.9924038663952793
200407,100130701,0.9301532994070258,false,200407,100130701,0.9301532994070258
200407,284680,0.9980278645388857,false,200407,284680,0.9980278645388857
200407,9771,0.804570073243353,false,200407,9771,0.804570073243353
200407,128218,0.9186040770315955,false,200407,128218,0.9186040770315955
200407,222183,0.9924038663952793,false,200407,222183,0.9924038663952793
200407,7546,0.9924038663952789,false,200407,7546,0.9924038663952789
200407,57710,0.7580032436703238,false,200407,57710,0.7580032436703238
200407,9699,0.9924038663952792,false,200407,9699,0.9924038663952792
200407,101928580,0.9924038663952793,false,200407,101928580,0.9924038663952793
200407,105373265,0.9106698853218423,false,200407,105373265,0.9106698853218423
200407,9211,0.9906902036363374,false,200407,9211,0.9906902036363374
200407,100874002,1.0,false,200407,100874002,1.0
200407,440590,0.9924038663952791,false,200407,440590,0.9924038663952791
200407,1515,0.9924038663952793,false,200407,1515,0.9924038663952793
200407,4606,0.9924038663952793,false,200407,4606,0.9924038663952793
25804,6441,0.9163997855128792,false,25804,6441,0.9163997855128792
25804,8091,0.8076748750582236,false,25804,8091,0.8076748750582236
25804,3207,0.8010946791426197,false,25804,3207,0.8010946791426197
25804,7356,0.8801991848611402,false,25804,7356,0.8801991848611402
25804,109729127,0.8013545725175898,false,25804,109729127,0.8013545725175898
25804,400578,0.800080090952453,false,25804,400578,0.800080090952453
25804,387882,0.7882203361694395,false,25804,387882,0.7882203361694395
25804,100506755,0.8200542503480912,false,25804,100506755,0.8200542503480912
25804,117156,0.8125430232456533,false,25804,117156,0.8125430232456533
25804,654433,0.7844512373354082,false,25804,654433,0.7844512373354082
25804,140766,0.7536488587902994,false,25804,140766,0.7536488587902994
25804,105,0.8636157705985303,false,25804,105,0.8636157705985303
25804,123872,0.8707984093000842,false,25804,123872,0.8707984093000842
109136579,64332,0.9289110264659723,false,109136579,64332,0.9289110264659723
109136579,137872,0.9308045653411217,false,109136579,137872,0.9308045653411217
109136579,1577,0.7900419357660503,false,109136579,1577,0.7900419357660503
109136579,100033430,0.9199041102645107,false,109136579,100033430,0.9199041102645107
109136579,102723849,0.8540269265957142,false,109136579,102723849,0.8540269265957142
109136579,89765,0.8612599029937293,false,109136579,89765,0.8612599029937293
109136579,619383,0.915767864729904,false,109136579,619383,0.915767864729904
109136579,378938,0.9999255003654207,false,109136579,378938,0.9999255003654207
109136579,285,0.8060565318795182,false,109136579,285,0.8060565318795182
109136579,66002,0.8669525397353586,false,109136579,66002,0.8669525397353586
109136579,7620,0.9463819145542951,false,109136579,7620,0.9463819145542951
109136579,105180391,0.9294646925767418,false,109136579,105180391,0.9294646925767418
109136579,151531,0.8680368889312723,false,109136579,151531,0.8680368889312723
109136579,10018,0.844262478323579,false,109136579,10018,0.844262478323579
109136579,201625,0.8184793154133431,false,109136579,201625,0.8184793154133431
109136579,105180390,0.9204490178391406,false,109136579,105180390,0.9204490178391406
109136579,692058,0.9427442775734772,false,109136579,692058,0.9427442775734772
109136579,645843,0.9578686273500066,false,109136579,645843,0.9578686273500066
109136579,143884,0.7612790142347357,false,109136579,143884,0.7612790142347357
109136579,121512,0.9403300966518923,false,109136579,121512,0.9403300966518923
109136579,776,0.8451998281587708,false,109136579,776,0.8451998281587708
109136579,3960,0.8124143888511,false,109136579,3960,0.8124143888511
109136579,284323,0.9638354971187348,false,109136579,284323,0.9638354971187348
109136579,65217,0.9100670674546255,false,109136579,65217,0.9100670674546255
109136579,692213,0.9023699770870357,false,109136579,692213,0.9023699770870357
109136579,440352,0.7900126636317678,false,109136579,440352,0.7900126636317678
503645,4070,0.8150454682542019,false,503645,4070,0.8150454682542019
503645,346007,0.919505647717307,false,503645,346007,0.919505647717307
503645,116984,0.9908623089683308,false,503645,116984,0.9908623089683308
503645,825,0.9371132956934777,false,503645,825,0.9371132956934777
503645,137872,0.9121219186317009,false,503645,137872,0.9121219186317009
503645,100033430,0.8212196237679567,false,503645,100033430,0.8212196237679567
503645,93517,0.9385079687666874,false,503645,93517,0.9385079687666874
503645,89765,0.7514745875531826,false,503645,89765,0.7514745875531826
503645,130271,0.9280541639838233,false,503645,130271,0.9280541639838233
503645,101927516,0.9245880392499511,false,503645,101927516,0.9245880392499511
503645,285,0.9044364509067252,false,503645,285,0.9044364509067252
503645,27074,0.9532712136852044,false,503645,27074,0.9532712136852044
503645,100996506,0.7837101447125487,false,503645,100996506,0.7837101447125487
503645,66002,0.9369703886735592,false,503645,66002,0.9369703886735592
503645,79632,0.9238060972496084,false,503645,79632,0.9238060972496084
503645,100505495,0.9123229105623119,false,503645,100505495,0.9123229105623119
503645,7620,0.860013900561779,false,503645,7620,0.860013900561779
503645,9476,0.8579842262353558,false,503645,9476,0.8579842262353558
503645,151531,0.9145068738374572,false,503645,151531,0.9145068738374572
503645,645843,0.750639700051261,false,503645,645843,0.750639700051261
503645,2122,0.9508203533920423,false,503645,2122,0.9508203533920423
503645,84059,0.9468773912692664,false,503645,84059,0.9468773912692664
503645,121512,0.8954640555505888,false,503645,121512,0.8954640555505888
503645,6097,0.9455368202286666,false,503645,6097,0.9455368202286666
503645,120892,0.923748733164755,false,503645,120892,0.923748733164755
503645,123624,0.9636088039244023,false,503645,123624,0.9636088039244023
503645,391253,0.9176995003399164,false,503645,391253,0.9176995003399164
503645,693188,0.8378700325148065,false,503645,693188,0.8378700325148065
503645,353189,0.819072579304659,false,503645,353189,0.819072579304659
503645,776,0.9310660685755326,false,503645,776,0.9310660685755326
503645,84851,0.8395448303076093,false,503645,84851,0.8395448303076093
503645,84525,0.9426976643589949,false,503645,84525,0.9426976643589949
503645,4861,0.9389077195769763,false,503645,4861,0.9389077195769763
503645,10203,0.910027304777607,false,503645,10203,0.910027304777607
503645,284323,0.7594535521009155,false,503645,284323,0.7594535521009155
503645,1080,0.8157195229672518,false,503645,1080,0.8157195229672518
503645,65217,0.8377261715541424,false,503645,65217,0.8377261715541424
503645,105372793,0.7867772642776657,false,503645,105372793,0.7867772642776657
503645,56955,0.9576008415575243,false,503645,56955,0.9576008415575243
503645,653509,0.7884456769909425,false,503645,653509,0.7884456769909425
503645,55282,0.9340046828972685,false,503645,55282,0.9340046828972685
503645,79098,0.9413829463388385,false,503645,79098,0.9413829463388385
503645,144535,0.8871721704151538,false,503645,144535,0.8871721704151538
503645,649946,0.9784403008085879,false,503645,649946,0.9784403008085879
503645,144571,0.9204405492905625,false,503645,144571,0.9204405492905625
503645,165186,0.9530448707218862,false,503645,165186,0.9530448707218862
503645,102465485,0.9255109407140604,false,503645,102465485,0.9255109407140604
503645,100033436,0.8870623097554393,false,503645,100033436,0.8870623097554393
55808,999,0.9543142194266822,false,55808,999,0.9543142194266822
55808,126353,0.9601675556019132,false,55808,126353,0.9601675556019132
55808,26226,0.8235458619826764,false,55808,26226,0.8235458619826764
55808,388743,0.9904642268584065,false,55808,388743,0.9904642268584065
55808,1577,0.8840726635803996,false,55808,1577,0.8840726635803996
55808,340267,0.8836138990738817,false,55808,340267,0.8836138990738817
55808,200879,0.9983389260309178,false,55808,200879,0.9983389260309178
55808,1510,0.997313015340981,false,55808,1510,0.997313015340981
55808,102723849,0.7742784802253011,false,55808,102723849,0.7742784802253011
55808,57669,0.7689992865886192,false,55808,57669,0.7689992865886192
55808,57111,0.9986895772868927,false,55808,57111,0.9986895772868927
55808,116844,0.8339135114956465,false,55808,116844,0.8339135114956465
55808,10129,0.9011606494703402,false,55808,10129,0.9011606494703402
55808,4586,0.9980790150728034,false,55808,4586,0.9980790150728034
55808,10551,0.9969012060075995,false,55808,10551,0.9969012060075995
55808,54897,0.8071372119300572,false,55808,54897,0.8071372119300572
55808,117155,0.9439974215622584,false,55808,117155,0.9439974215622584
55808,112268155,0.9761777005719526,false,55808,112268155,0.9761777005719526
55808,1152,0.9597385285675928,false,55808,1152,0.9597385285675928
55808,79083,0.997651266815078,false,55808,79083,0.997651266815078
55808,1556,0.9001443658409488,false,55808,1556,0.9001443658409488
55808,55930,0.9557672817222747,false,55808,55930,0.9557672817222747
55808,22996,0.9350657628835274,false,55808,22996,0.9350657628835274
55808,7113,0.8500726887739717,false,55808,7113,0.8500726887739717
55808,54861,0.8635454213218433,false,55808,54861,0.8635454213218433
55808,222256,0.7939605789750629,false,55808,222256,0.7939605789750629
55808,100529240,0.9810695724841639,false,55808,100529240,0.9810695724841639
55808,113218482,0.9792914589789282,false,55808,113218482,0.9792914589789282
55808,647024,0.9530447491956641,false,55808,647024,0.9530447491956641
55808,255928,0.99853580902206,false,55808,255928,0.99853580902206
55808,8537,0.9977388808409736,false,55808,8537,0.9977388808409736
55808,10018,0.846293307788955,false,55808,10018,0.846293307788955
55808,115019,0.9092297134736366,false,55808,115019,0.9092297134736366
55808,3434,0.814541383326515,false,55808,3434,0.814541383326515
55808,168374,0.9227688367702854,false,55808,168374,0.9227688367702854
55808,143884,0.8850354695351951,false,55808,143884,0.8850354695351951
55808,3993,0.9094108855273104,false,55808,3993,0.9094108855273104
55808,389852,0.9421961273446667,false,55808,389852,0.9421961273446667
55808,164312,0.9961233609552931,false,55808,164312,0.9961233609552931
55808,84239,0.7876801556152714,false,55808,84239,0.7876801556152714
55808,2065,0.8896639858817347,false,55808,2065,0.8896639858817347
55808,135656,0.9978415582802537,false,55808,135656,0.9978415582802537
55808,94059,0.8749463032434851,false,55808,94059,0.8749463032434851
55808,3960,0.8849668895870473,false,55808,3960,0.8849668895870473
55808,23584,0.8306209372211125,false,55808,23584,0.8306209372211125
55808,692213,0.7883583234410294,false,55808,692213,0.7883583234410294
55808,153643,0.921397092846497,false,55808,153643,0.921397092846497
55808,112268422,0.8812449891613915,false,55808,112268422,0.8812449891613915
55808,259294,0.9353667538034404,false,55808,259294,0.9353667538034404
55808,2266,0.9892261934976216,false,55808,2266,0.9892261934976216
55808,745,0.9640412591186516,false,55808,745,0.9640412591186516
6441,8091,0.9604806687987694,false,6441,8091,0.9604806687987694
6441,3207,0.932068314578238,false,6441,3207,0.932068314578238
6441,7356,0.922529217667756,false,6441,7356,0.922529217667756
6441,109729127,0.7704963464096114,false,6441,109729127,0.7704963464096114
6441,400578,0.9369737025146534,false,6441,400578,0.9369737025146534
6441,387882,0.7591085203718321,false,6441,387882,0.7591085203718321
6441,102723635,0.8247117265158093,false,6441,102723635,0.8247117265158093
6441,5545,0.8527865547352567,false,6441,5545,0.8527865547352567
6441,100506755,0.7911782605259782,false,6441,100506755,0.7911782605259782
6441,10586,0.8688604727711716,false,6441,10586,0.8688604727711716
6441,117156,0.7568717975181396,false,6441,117156,0.7568717975181396
6441,2619,0.8546127050714573,false,6441,2619,0.8546127050714573
6441,654433,0.9398591102600791,false,6441,654433,0.9398591102600791
6441,140766,0.844960579745066,false,6441,140766,0.844960579745066
6441,105,0.9282780950396439,false,6441,105,0.9282780950396439
6441,9370,0.8685168281389931,false,6441,9370,0.8685168281389931
6441,80381,0.7562371148474206,false,6441,80381,0.7562371148474206
6441,123872,0.8735831981836862,false,6441,123872,0.8735831981836862
6441,100874095,0.8685168281389931,false,6441,100874095,0.8685168281389931
999,126353,0.9065600577694148,false,999,126353,0.9065600577694148
999,26226,0.8290889728336169,false,999,26226,0.8290889728336169
999,388743,0.9214179169246289,false,999,388743,0.9214179169246289
999,1577,0.7766649284482877,false,999,1577,0.7766649284482877
999,340267,0.8641854658584601,false,999,340267,0.8641854658584601
999,200879,0.9361577364246899,false,999,200879,0.9361577364246899
999,1510,0.9558611658822438,false,999,1510,0.9558611658822438
999,6337,0.8073892828153354,false,999,6337,0.8073892828153354
999,278,0.7767913778621172,false,999,278,0.7767913778621172
999,57111,0.9656342938777264,false,999,57111,0.9656342938777264
999,116844,0.8937561021621092,false,999,116844,0.8937561021621092
999,10129,0.8378400009862533,false,999,10129,0.8378400009862533
999,4586,0.939093752001411,false,999,4586,0.939093752001411
999,10551,0.9435236064403637,false,999,10551,0.9435236064403637
999,688,0.8244597903757452,false,999,688,0.8244597903757452
999,54897,0.7628700528116874,false,999,54897,0.7628700528116874
999,117155,0.8674535359160142,false,999,117155,0.8674535359160142
999,112268155,0.9219768899367163,false,999,112268155,0.9219768899367163
999,1152,0.9557344753279441,false,999,1152,0.9557344753279441
999,79083,0.9393060523435905,false,999,79083,0.9393060523435905
999,1556,0.8747161244129859,false,999,1556,0.8747161244129859
999,55930,0.8851728805896548,false,999,55930,0.8851728805896548
999,22996,0.9256021040932199,false,999,22996,0.9256021040932199
999,7113,0.7994729307046843,false,999,7113,0.7994729307046843
999,54861,0.8498401889514835,false,999,54861,0.8498401889514835
999,222256,0.9132875315198369,false,999,222256,0.9132875315198369
999,100529240,0.928078390040425,false,999,100529240,0.928078390040425
999,113218482,0.9509225179722868,false,999,113218482,0.9509225179722868
999,647024,0.9977647878528715,false,999,647024,0.9977647878528715
999,255928,0.9413875870356984,false,999,255928,0.9413875870356984
999,8537,0.9590102127622137,false,999,8537,0.9590102127622137
999,115019,0.8318410213826796,false,999,115019,0.8318410213826796
999,3434,0.8777774737071682,false,999,3434,0.8777774737071682
999,168374,0.8674905260567692,false,999,168374,0.8674905260567692
999,3993,0.8177144192827593,false,999,3993,0.8177144192827593
999,389852,0.8441689713614874,false,999,389852,0.8441689713614874
999,164312,0.9547974113201294,false,999,164312,0.9547974113201294
999,2065,0.8095156020984277,false,999,2065,0.8095156020984277
999,135656,0.9368366037896887,false,999,135656,0.9368366037896887
999,3880,0.8535344628562823,false,999,3880,0.8535344628562823
999,94059,0.7747065787142279,false,999,94059,0.7747065787142279
999,3960,0.7592805115063038,false,999,3960,0.7592805115063038
999,153643,0.9905149225443551,false,999,153643,0.9905149225443551
999,112268422,0.8397425939946932,false,999,112268422,0.8397425939946932
999,259294,0.8129703108996329,false,999,259294,0.8129703108996329
999,2266,0.922528896193128,false,999,2266,0.922528896193128
999,745,0.9542032509320164,false,999,745,0.9542032509320164
4070,346007,0.8174326539746838,false,4070,346007,0.8174326539746838
4070,116984,0.8528939296006213,false,4070,116984,0.8528939296006213
4070,825,0.892013599268616,false,4070,825,0.892013599268616
4070,124944,0.9465166769989712,false,4070,124944,0.9465166769989712
4070,93517,0.9022315004278183,false,4070,93517,0.9022315004278183
4070,101927516,0.9194368614555289,false,4070,101927516,0.9194368614555289
4070,285,0.8461545467434117,false,4070,285,0.8461545467434117
4070,27074,0.9190038134736017,false,4070,27074,0.9190038134736017
4070,100996506,0.7554898530870342,false,4070,100996506,0.7554898530870342
4070,66002,0.8020735100026408,false,4070,66002,0.8020735100026408
4070,54848,0.84231756436803,false,4070,54848,0.84231756436803
4070,79632,0.959217915100866,false,4070,79632,0.959217915100866
4070,100505495,0.8712455894851886,false,4070,100505495,0.8712455894851886
4070,9476,0.9879107148815666,false,4070,9476,0.9879107148815666
4070,151531,0.8093863045852548,false,4070,151531,0.8093863045852548
4070,2122,0.9269158276324506,false,4070,2122,0.9269158276324506
4070,84059,0.9094229344114577,false,4070,84059,0.9094229344114577
4070,6097,0.9484560478370018,false,4070,6097,0.9484560478370018
4070,120892,0.9610249658642848,false,4070,120892,0.9610249658642848
4070,113219467,0.9175434514019268,false,4070,113219467,0.9175434514019268
4070,123624,0.9211495706837868,false,4070,123624,0.9211495706837868
4070,391253,0.9520877367518527,false,4070,391253,0.9520877367518527
4070,220136,0.8151049341667043,false,4070,220136,0.8151049341667043
4070,693188,0.9166968350536828,false,4070,693188,0.9166968350536828
4070,6799,0.9028880836314074,false,4070,6799,0.9028880836314074
4070,389376,0.9177658682360158,false,4070,389376,0.9177658682360158
4070,353189,0.9557074130164296,false,4070,353189,0.9557074130164296
4070,84851,0.8557285419479257,false,4070,84851,0.8557285419479257
4070,84525,0.858255802444092,false,4070,84525,0.858255802444092
4070,4861,0.8991775327538618,false,4070,4861,0.8991775327538618
4070,10203,0.9149393604675949,false,4070,10203,0.9149393604675949
4070,1080,0.9729017516273171,false,4070,1080,0.9729017516273171
4070,105372793,0.8055748714299166,false,4070,105372793,0.8055748714299166
4070,56955,0.8929916285031902,false,4070,56955,0.8929916285031902
4070,653509,0.9435758012513203,false,4070,653509,0.9435758012513203
4070,55282,0.8258991693567802,false,4070,55282,0.8258991693567802
4070,79098,0.9194367805212954,false,4070,79098,0.9194367805212954
4070,144535,0.9296175481061983,false,4070,144535,0.9296175481061983
4070,649946,0.8380943909321652,false,4070,649946,0.8380943909321652
4070,144571,0.9269116969469788,false,4070,144571,0.9269116969469788
4070,26298,0.8408739256156667,false,4070,26298,0.8408739256156667
4070,165186,0.9049485458141642,false,4070,165186,0.9049485458141642
4070,102465485,0.8318224365477811,false,4070,102465485,0.8318224365477811
4070,100033436,0.8766881940328657,false,4070,100033436,0.8766881940328657
4892,25976,0.8069303670740086,false,4892,25976,0.8069303670740086
4892,160728,0.978093176993603,false,4892,160728,0.978093176993603
4892,4496,0.9978222052939423,false,4892,4496,0.9978222052939423
4892,388633,0.9981080234702595,false,4892,388633,0.9981080234702595
4892,3929,0.9982269985439673,false,4892,3929,0.9982269985439673
4892,100158262,0.8461493163701727,false,4892,100158262,0.8461493163701727
4892,727897,0.8284308030588052,false,4892,727897,0.8284308030588052
4892,1604,0.910985624769037,false,4892,1604,0.910985624769037
4892,886,0.9978222052939419,false,4892,886,0.9978222052939419
4892,632,0.9869489060083791,false,4892,632,0.9869489060083791
4892,285429,0.7938180453671663,false,4892,285429,0.7938180453671663
4892,26797,0.9982776242605409,false,4892,26797,0.9982776242605409
4892,692209,0.9984485013928599,false,4892,692209,0.9984485013928599
4892,563,0.771054044270713,false,4892,563,0.771054044270713
4892,83643,0.9986567400912021,false,4892,83643,0.9986567400912021
4892,498,0.7904119423044099,false,4892,498,0.7904119423044099
4892,284434,0.9967381701496302,false,4892,284434,0.9967381701496302
4892,1028,0.810977093985688,false,4892,1028,0.810977093985688
4892,646480,0.9971889358261617,false,4892,646480,0.9971889358261617
126353,64332,0.7611802202077912,false,126353,64332,0.7611802202077912
126353,388743,0.975273219728708,false,126353,388743,0.975273219728708
126353,1577,0.9534491080132534,false,126353,1577,0.9534491080132534
126353,340267,0.8359678000132204,false,126353,340267,0.8359678000132204
126353,200879,0.9609558203497446,false,126353,200879,0.9609558203497446
126353,1510,0.9765224483590645,false,126353,1510,0.9765224483590645
126353,102723849,0.873082443488708,false,126353,102723849,0.873082443488708
126353,57111,0.9584471757176213,false,126353,57111,0.9584471757176213
126353,10129,0.8351979556226617,false,126353,10129,0.8351979556226617
126353,4586,0.9619503312047275,false,126353,4586,0.9619503312047275
126353,10551,0.9620278437004224,false,126353,10551,0.9620278437004224
126353,117155,0.9006514701460553,false,126353,117155,0.9006514701460553
126353,112268155,0.9591880792747991,false,126353,112268155,0.9591880792747991
126353,1152,0.8562938979655897,false,126353,1152,0.8562938979655897
126353,79083,0.9476153386389268,false,126353,79083,0.9476153386389268
126353,1556,0.8476930237083521,false,126353,1556,0.8476930237083521
126353,55930,0.93107088711712,false,126353,55930,0.93107088711712
126353,22996,0.8392857560581783,false,126353,22996,0.8392857560581783
126353,7113,0.9099790568378833,false,126353,7113,0.9099790568378833
126353,105180391,0.7997237645380307,false,126353,105180391,0.7997237645380307
126353,100529240,0.9298281019419387,false,126353,100529240,0.9298281019419387
126353,113218482,0.9135326812018476,false,126353,113218482,0.9135326812018476
126353,647024,0.898367688939208,false,126353,647024,0.898367688939208
126353,255928,0.9633670305999432,false,126353,255928,0.9633670305999432
126353,8537,0.970210490021882,false,126353,8537,0.970210490021882
126353,10018,0.8964322679623333,false,126353,10018,0.8964322679623333
126353,115019,0.9204484621196877,false,126353,115019,0.9204484621196877
126353,105180390,0.8379325190889518,false,126353,105180390,0.8379325190889518
126353,168374,0.9689276184627796,false,126353,168374,0.9689276184627796
126353,143884,0.8892295720484416,false,126353,143884,0.8892295720484416
126353,3993,0.9346201410415402,false,126353,3993,0.9346201410415402
126353,389852,0.9858441320627914,false,126353,389852,0.9858441320627914
126353,164312,0.9561224154437367,false,126353,164312,0.9561224154437367
126353,84239,0.8151968781977722,false,126353,84239,0.8151968781977722
126353,2065,0.9784944445918212,false,126353,2065,0.9784944445918212
126353,135656,0.9615929430683586,false,126353,135656,0.9615929430683586
126353,94059,0.8578044734659787,false,126353,94059,0.8578044734659787
126353,3960,0.9491574258927986,false,126353,3960,0.9491574258927986
126353,23584,0.8099595984086791,false,126353,23584,0.8099595984086791
126353,692213,0.8722073630829639,false,126353,692213,0.8722073630829639
126353,153643,0.8674742718571804,false,126353,153643,0.8674742718571804
126353,112268422,0.778763646544027,false,126353,112268422,0.778763646544027
126353,259294,0.9538017912173281,false,126353,259294,0.9538017912173281
126353,2266,0.9371473656633204,false,126353,2266,0.9371473656633204
126353,745,0.8833744041768327,false,126353,745,0.8833744041768327
26226,388743,0.800350535286309,false,26226,388743,0.800350535286309
26226,340267,0.9247663460332849,false,26226,340267,0.9247663460332849
26226,200879,0.8167775289704258,false,26226,200879,0.8167775289704258
26226,1510,0.7978085742627817,false,26226,1510,0.7978085742627817
26226,441251,0.7756784172630277,false,26226,441251,0.7756784172630277
26226,6337,0.9490104391311904,false,26226,6337,0.9490104391311904
26226,57669,0.8775597836768086,false,26226,57669,0.8775597836768086
26226,57111,0.8137456766375091,false,26226,57111,0.8137456766375091
26226,116844,0.9127721858760719,false,26226,116844,0.9127721858760719
26226,4586,0.8051912138950622,false,26226,4586,0.8051912138950622
26226,10551,0.7893618459038598,false,26226,10551,0.7893618459038598
26226,54897,0.9574561605527642,false,26226,54897,0.9574561605527642
26226,117155,0.8748644801556122,false,26226,117155,0.8748644801556122
26226,112268155,0.8728297730803602,false,26226,112268155,0.8728297730803602
26226,1152,0.9102111063754555,false,26226,1152,0.9102111063754555
26226,79083,0.8404504730324672,false,26226,79083,0.8404504730324672
26226,1556,0.9677089620040876,false,26226,1556,0.9677089620040876
26226,22996,0.7594785633592109,false,26226,22996,0.7594785633592109
26226,7113,0.7976472693238555,false,26226,7113,0.7976472693238555
26226,54861,0.9435302214422484,false,26226,54861,0.9435302214422484
26226,222256,0.8613238574824457,false,26226,222256,0.8613238574824457
26226,113218482,0.9109276480947264,false,26226,113218482,0.9109276480947264
26226,647024,0.8113833275504047,false,26226,647024,0.8113833275504047
26226,255928,0.8049924420921786,false,26226,255928,0.8049924420921786
26226,8537,0.7926148644685692,false,26226,8537,0.7926148644685692
26226,115019,0.8457032872470153,false,26226,115019,0.8457032872470153
26226,168374,0.7962860105759879,false,26226,168374,0.7962860105759879
26226,3993,0.7821057237905611,false,26226,3993,0.7821057237905611
26226,164312,0.8065546423737339,false,26226,164312,0.8065546423737339
26226,84239,0.8679936324497154,false,26226,84239,0.8679936324497154
26226,135656,0.8071413227814028,false,26226,135656,0.8071413227814028
26226,3880,0.8856283393846537,false,26226,3880,0.8856283393846537
26226,23584,0.8878464204189725,false,26226,23584,0.8878464204189725
26226,153643,0.8705470784437014,false,26226,153643,0.8705470784437014
26226,2266,0.7630726870485237,false,26226,2266,0.7630726870485237
26226,745,0.9409333622264213,false,26226,745,0.9409333622264213
653082,6101,0.8455383018798734,false,653082,6101,0.8455383018798734
64332,137872,0.8395965898030391,false,64332,137872,0.8395965898030391
64332,1577,0.9121984545676136,false,64332,1577,0.9121984545676136
64332,100033430,0.8987966173029003,false,64332,100033430,0.8987966173029003
64332,441251,0.7877066675467367,false,64332,441251,0.7877066675467367
64332,102723849,0.9691342296524845,false,64332,102723849,0.9691342296524845
64332,57669,0.7699114714057018,false,64332,57669,0.7699114714057018
64332,89765,0.8920476611928578,false,64332,89765,0.8920476611928578
64332,619383,0.7815293060081894,false,64332,619383,0.7815293060081894
64332,378938,0.9325712647691146,false,64332,378938,0.9325712647691146
64332,112268155,0.7501529637778107,false,64332,112268155,0.7501529637778107
64332,66002,0.7793984391463319,false,64332,66002,0.7793984391463319
64332,7620,0.8356645678126607,false,64332,7620,0.8356645678126607
64332,7113,0.9001428747204853,false,64332,7113,0.9001428747204853
64332,105180391,0.9665422026106041,false,64332,105180391,0.9665422026106041
64332,151531,0.7932321579621353,false,64332,151531,0.7932321579621353
64332,10018,0.8774901494199668,false,64332,10018,0.8774901494199668
64332,115019,0.8606914043835888,false,64332,115019,0.8606914043835888
64332,105180390,0.9553432861548632,false,64332,105180390,0.9553432861548632
64332,692058,0.7675099385928813,false,64332,692058,0.7675099385928813
64332,168374,0.848737149316671,false,64332,168374,0.848737149316671
64332,645843,0.9897147207686741,false,64332,645843,0.9897147207686741
64332,143884,0.8248828694500826,false,64332,143884,0.8248828694500826
64332,121512,0.8778397271554184,false,64332,121512,0.8778397271554184
64332,3993,0.87925340205636,false,64332,3993,0.87925340205636
64332,389852,0.8285553319548362,false,64332,389852,0.8285553319548362
64332,84239,0.8483328146705582,false,64332,84239,0.8483328146705582
64332,2065,0.8618380412495208,false,64332,2065,0.8618380412495208
64332,776,0.7835141851065144,false,64332,776,0.7835141851065144
64332,3960,0.8983252868355893,false,64332,3960,0.8983252868355893
64332,284323,0.9454344696678381,false,64332,284323,0.9454344696678381
64332,65217,0.7918477117279635,false,64332,65217,0.7918477117279635
64332,23584,0.8260603314279558,false,64332,23584,0.8260603314279558
64332,692213,0.9147165970882697,false,64332,692213,0.9147165970882697
64332,259294,0.8312187758514904,false,64332,259294,0.8312187758514904
64332,440352,0.9297450678810527,false,64332,440352,0.9297450678810527
8091,3207,0.9719716270975564,false,8091,3207,0.9719716270975564
8091,7356,0.793112054963547,false,8091,7356,0.793112054963547
8091,400578,0.8926579321397367,false,8091,400578,0.8926579321397367
8091,109729184,0.7995955076357091,false,8091,109729184,0.7995955076357091
8091,387882,0.8054920784563894,false,8091,387882,0.8054920784563894
8091,102723635,0.9103537745981577,false,8091,102723635,0.9103537745981577
8091,5545,0.889130236742187,false,8091,5545,0.889130236742187
8091,10586,0.9418667606471275,false,8091,10586,0.9418667606471275
8091,1471,0.7669382736629161,false,8091,1471,0.7669382736629161
8091,2619,0.8998772862859209,false,8091,2619,0.8998772862859209
8091,654433,0.914353675960271,false,8091,654433,0.914353675960271
8091,140766,0.8890948606111301,false,8091,140766,0.8890948606111301
8091,105,0.812194646467774,false,8091,105,0.812194646467774
8091,9370,0.8954885094134966,false,8091,9370,0.8954885094134966
8091,80381,0.890535161900887,false,8091,80381,0.890535161900887
8091,123872,0.7956473784064841,false,8091,123872,0.7956473784064841
8091,100874095,0.8954885094134966,false,8091,100874095,0.8954885094134966
346007,116984,0.9582971715527101,false,346007,116984,0.9582971715527101
346007,825,0.9426697303513387,false,346007,825,0.9426697303513387
346007,137872,0.8939147081220385,false,346007,137872,0.8939147081220385
346007,124944,0.765501375706501,false,346007,124944,0.765501375706501
346007,93517,0.9525297119960574,false,346007,93517,0.9525297119960574
346007,101927516,0.9676176754393088,false,346007,101927516,0.9676176754393088
346007,285,0.9550784335352158,false,346007,285,0.9550784335352158
346007,27074,0.8672334148576252,false,346007,27074,0.8672334148576252
346007,100996506,0.9582863084264464,false,346007,100996506,0.9582863084264464
346007,66002,0.9090710120095066,false,346007,66002,0.9090710120095066
346007,79632,0.8669525456504521,false,346007,79632,0.8669525456504521
346007,100505495,0.9544781543768642,false,346007,100505495,0.9544781543768642
346007,7620,0.857707087281515,false,346007,7620,0.857707087281515
346007,4179,0.857246894344242,false,346007,4179,0.857246894344242
346007,9476,0.8276544975966411,false,346007,9476,0.8276544975966411
346007,151531,0.8766951335791962,false,346007,151531,0.8766951335791962
346007,201625,0.8412032261247187,false,346007,201625,0.8412032261247187
346007,692058,0.8347638868650298,false,346007,692058,0.8347638868650298
346007,2122,0.9494031706217528,false,346007,2122,0.9494031706217528
346007,84059,0.8713484120481908,false,346007,84059,0.8713484120481908
346007,121512,0.8480325767521327,false,346007,121512,0.8480325767521327
346007,6097,0.9076682455403693,false,346007,6097,0.9076682455403693
346007,120892,0.927510791366557,false,346007,120892,0.927510791366557
346007,113219467,0.759801468431992,false,346007,113219467,0.759801468431992
346007,123624,0.9449825971122684,false,346007,123624,0.9449825971122684
346007,391253,0.9284821107846398,false,346007,391253,0.9284821107846398
346007,693188,0.9299787750709347,false,346007,693188,0.9299787750709347
346007,353189,0.8030151470421241,false,346007,353189,0.8030151470421241
346007,776,0.8598599089025081,false,346007,776,0.8598599089025081
346007,84851,0.9729618451957966,false,346007,84851,0.9729618451957966
346007,84525,0.8677953877781781,false,346007,84525,0.8677953877781781
346007,4861,0.9553027250543088,false,346007,4861,0.9553027250543088
346007,10203,0.9078401499876972,false,346007,10203,0.9078401499876972
346007,1080,0.8512944812830812,false,346007,1080,0.8512944812830812
346007,65217,0.8319631365533987,false,346007,65217,0.8319631365533987
346007,105372793,0.9605908687189627,false,346007,105372793,0.9605908687189627
346007,56955,0.9490940729614727,false,346007,56955,0.9490940729614727
346007,55282,0.8589706480831502,false,346007,55282,0.8589706480831502
346007,79098,0.9089392459123941,false,346007,79098,0.9089392459123941
346007,144535,0.9375910329085413,false,346007,144535,0.9375910329085413
346007,649946,0.9722860888313081,false,346007,649946,0.9722860888313081
346007,144571,0.9417457995672166,false,346007,144571,0.9417457995672166
346007,165186,0.9574232447485124,false,346007,165186,0.9574232447485124
346007,102465485,0.9775629919839283,false,346007,102465485,0.9775629919839283
346007,100033436,0.9881990434800451,false,346007,100033436,0.9881990434800451
388743,1577,0.934282388879858,false,388743,1577,0.934282388879858
388743,340267,0.8996902284152657,false,388743,340267,0.8996902284152657
388743,200879,0.9946491008672489,false,388743,200879,0.9946491008672489
388743,1510,0.9921929292567927,false,388743,1510,0.9921929292567927
388743,102723849,0.8443873337700951,false,388743,102723849,0.8443873337700951
388743,57669,0.8091130995187603,false,388743,57669,0.8091130995187603
388743,57111,0.985321844008746,false,388743,57111,0.985321844008746
388743,116844,0.8067055217404954,false,388743,116844,0.8067055217404954
388743,10129,0.9182709970001071,false,388743,10129,0.9182709970001071
388743,4586,0.9949938378037158,false,388743,4586,0.9949938378037158
388743,10551,0.9928311551186713,false,388743,10551,0.9928311551186713
388743,54897,0.7714291027346182,false,388743,54897,0.7714291027346182
388743,117155,0.9647078515646886,false,388743,117155,0.9647078515646886
388743,112268155,0.9861690555053269,false,388743,112268155,0.9861690555053269
388743,1152,0.9208419667905146,false,388743,1152,0.9208419667905146
388743,79083,0.9881019532442685,false,388743,79083,0.9881019532442685
388743,1556,0.9026011179925292,false,388743,1556,0.9026011179925292
388743,55930,0.9741550195984047,false,388743,55930,0.9741550195984047
388743,22996,0.9126732293300928,false,388743,22996,0.9126732293300928
388743,7113,0.8924465488877077,false,388743,7113,0.8924465488877077
388743,54861,0.839599325398477,false,388743,54861,0.839599325398477
388743,105180391,0.7547923877242461,false,388743,105180391,0.7547923877242461
388743,100529240,0.9662550014883328,false,388743,100529240,0.9662550014883328
388743,113218482,0.9697870040841361,false,388743,113218482,0.9697870040841361
388743,647024,0.9198125099621616,false,388743,647024,0.9198125099621616
388743,255928,0.9947225840506904,false,388743,255928,0.9947225840506904
388743,8537,0.9881536257655388,false,388743,8537,0.9881536257655388
388743,10018,0.9094905016719518,false,388743,10018,0.9094905016719518
388743,115019,0.9463267493491097,false,388743,115019,0.9463267493491097
388743,105180390,0.7929510094859648,false,388743,105180390,0.7929510094859648
388743,168374,0.9506320224577284,false,388743,168374,0.9506320224577284
388743,143884,0.9343158641657351,false,388743,143884,0.9343158641657351
388743,3993,0.9544001791578626,false,388743,3993,0.9544001791578626
388743,389852,0.9741187435431032,false,388743,389852,0.9741187435431032
388743,164312,0.9785293226701136,false,388743,164312,0.9785293226701136
388743,84239,0.8230477494867261,false,388743,84239,0.8230477494867261
388743,2065,0.9293445143239409,false,388743,2065,0.9293445143239409
388743,135656,0.9953966209206392,false,388743,135656,0.9953966209206392
388743,94059,0.9089757808300959,false,388743,94059,0.9089757808300959
388743,3960,0.9382698737472402,false,388743,3960,0.9382698737472402
388743,23584,0.8692128595295261,false,388743,23584,0.8692128595295261
388743,692213,0.8639362560912284,false,388743,692213,0.8639362560912284
388743,153643,0.8858989982169966,false,388743,153643,0.8858989982169966
388743,112268422,0.8774294758805248,false,388743,112268422,0.8774294758805248
388743,259294,0.9737068273299395,false,388743,259294,0.9737068273299395
388743,2266,0.976064500006477,false,388743,2266,0.976064500006477
388743,745,0.9414987700939803,false,388743,745,0.9414987700939803
388743,440352,0.7594213326518877,false,388743,440352,0.7594213326518877
766,65998,0.8358213643860701,false,766,65998,0.8358213643860701
766,388327,1.0,false,766,388327,1.0
766,3780,1.0,false,766,3780,1.0
766,100126311,1.0,false,766,100126311,1.0
766,23562,1.0,false,766,23562,1.0
766,1746,1.0,false,766,1746,1.0
766,57524,0.9999999999999998,false,766,57524,0.9999999999999998
766,10331,1.0,false,766,10331,1.0
766,256076,0.8639211505072738,false,766,256076,0.8639211505072738
766,84867,1.0,false,766,84867,1.0
766,100130701,0.8878856568027692,false,766,100130701,0.8878856568027692
766,284680,0.9827242789356609,false,766,284680,0.9827242789356609
766,9771,0.7695391096496836,false,766,9771,0.7695391096496836
766,128218,0.9349831907588436,false,766,128218,0.9349831907588436
766,222183,1.0,false,766,222183,1.0
766,7546,1.0,false,766,7546,1.0
766,9699,1.0,false,766,9699,1.0
766,101928580,1.0,false,766,101928580,1.0
766,105373265,0.8529273885761167,false,766,105373265,0.8529273885761167
766,9211,0.9993716660495694,false,766,9211,0.9993716660495694
766,100874002,0.9924038663952793,false,766,100874002,0.9924038663952793
766,440590,1.0,false,766,440590,1.0
766,1515,1.0,false,766,1515,1.0
766,4606,1.0,false,766,4606,1.0
3207,7356,0.7726215667626013,false,3207,7356,0.7726215667626013
3207,400578,0.8673153178306618,false,3207,400578,0.8673153178306618
3207,109729184,0.8555576342739439,false,3207,109729184,0.8555576342739439
3207,387882,0.7762082339316013,false,3207,387882,0.7762082339316013
3207,102723635,0.9608440468825287,false,3207,102723635,0.9608440468825287
3207,5545,0.8559038712367779,false,3207,5545,0.8559038712367779
3207,100506755,0.857098221254233,false,3207,100506755,0.857098221254233
3207,10586,0.9628394146956181,false,3207,10586,0.9628394146956181
3207,1471,0.8227443268221668,false,3207,1471,0.8227443268221668
3207,2619,0.9353190543248242,false,3207,2619,0.9353190543248242
3207,654433,0.882395876814928,false,3207,654433,0.882395876814928
3207,140766,0.9708895632014211,false,3207,140766,0.9708895632014211
3207,105,0.7721798093017146,false,3207,105,0.7721798093017146
3207,57710,0.816122699999437,false,3207,57710,0.816122699999437
3207,9370,0.8758420899253911,false,3207,9370,0.8758420899253911
3207,80381,0.8193934006252176,false,3207,80381,0.8193934006252176
3207,123872,0.8772456895464152,false,3207,123872,0.8772456895464152
3207,100874095,0.8758420899253911,false,3207,100874095,0.8758420899253911
25976,160728,0.8759747061209042,false,25976,160728,0.8759747061209042
25976,4496,0.8345188048579336,false,25976,4496,0.8345188048579336
25976,94025,0.7997533661967897,false,25976,94025,0.7997533661967897
25976,388633,0.8336224556194565,false,25976,388633,0.8336224556194565
25976,3929,0.8319807482569216,false,25976,3929,0.8319807482569216
25976,727897,0.927043252904105,false,25976,727897,0.927043252904105
25976,1767,0.8992414213777795,false,25976,1767,0.8992414213777795
25976,1604,0.931054984774453,false,25976,1604,0.931054984774453
25976,886,0.8345188048579336,false,25976,886,0.8345188048579336
25976,26797,0.8354663145463072,false,25976,26797,0.8354663145463072
25976,4057,0.8701048101164452,false,25976,4057,0.8701048101164452
25976,112577518,0.832059366666846,false,25976,112577518,0.832059366666846
25976,692209,0.830451537989863,false,25976,692209,0.830451537989863
25976,563,0.9038976969351805,false,25976,563,0.9038976969351805
25976,83643,0.8044227905629757,false,25976,83643,0.8044227905629757
25976,284434,0.8338732727729865,false,25976,284434,0.8338732727729865
25976,646480,0.8390521863458903,false,25976,646480,0.8390521863458903
116984,825,0.9514157337102522,false,116984,825,0.9514157337102522
116984,137872,0.9239052072504333,false,116984,137872,0.9239052072504333
116984,100033430,0.8228354833023728,false,116984,100033430,0.8228354833023728
116984,124944,0.7689276381180489,false,116984,124944,0.7689276381180489
116984,93517,0.9610412936728069,false,116984,93517,0.9610412936728069
116984,89765,0.7561425252706268,false,116984,89765,0.7561425252706268
116984,130271,0.8720933616469333,false,116984,130271,0.8720933616469333
116984,101927516,0.9576749377967964,false,116984,101927516,0.9576749377967964
116984,285,0.939893466716543,false,116984,285,0.939893466716543
116984,27074,0.9566852115421115,false,116984,27074,0.9566852115421115
116984,100996506,0.8458604490239151,false,116984,100996506,0.8458604490239151
116984,66002,0.9480228176092935,false,116984,66002,0.9480228176092935
116984,79632,0.9418063402562202,false,116984,79632,0.9418063402562202
116984,100505495,0.9383885189994856,false,116984,100505495,0.9383885189994856
116984,7620,0.8706594263136878,false,116984,7620,0.8706594263136878
116984,9476,0.8846186138046997,false,116984,9476,0.8846186138046997
116984,151531,0.9264840333765376,false,116984,151531,0.9264840333765376
116984,201625,0.7565708089342386,false,116984,201625,0.7565708089342386
116984,692058,0.7872330997729168,false,116984,692058,0.7872330997729168
116984,2122,0.9721223708061647,false,116984,2122,0.9721223708061647
116984,84059,0.9506285960858845,false,116984,84059,0.9506285960858845
116984,121512,0.9004261567741783,false,116984,121512,0.9004261567741783
116984,6097,0.9575486430393555,false,116984,6097,0.9575486430393555
116984,120892,0.9562304514969308,false,116984,120892,0.9562304514969308
116984,123624,0.9798665260504172,false,116984,123624,0.9798665260504172
116984,391253,0.9472898118976051,false,116984,391253,0.9472898118976051
116984,693188,0.887928647701286,false,116984,693188,0.887928647701286
116984,353189,0.8529343058160335,false,116984,353189,0.8529343058160335
116984,776,0.9171327918511343,false,116984,776,0.9171327918511343
116984,84851,0.9015000970798093,false,116984,84851,0.9015000970798093
116984,84525,0.9382500282269721,false,116984,84525,0.9382500282269721
116984,4861,0.96222110841886,false,116984,4861,0.96222110841886
116984,10203,0.9241159596619106,false,116984,10203,0.9241159596619106
116984,1080,0.8664614188561455,false,116984,1080,0.8664614188561455
116984,65217,0.8397473629399436,false,116984,65217,0.8397473629399436
116984,105372793,0.856032733086035,false,116984,105372793,0.856032733086035
116984,56955,0.9698961412494788,false,116984,56955,0.9698961412494788
116984,653509,0.8010399352216403,false,116984,653509,0.8010399352216403
116984,55282,0.9177138288823197,false,116984,55282,0.9177138288823197
116984,79098,0.9545849972611661,false,116984,79098,0.9545849972611661
116984,144535,0.9344057292641361,false,116984,144535,0.9344057292641361
116984,649946,0.9935216578677428,false,116984,649946,0.9935216578677428
116984,144571,0.9456016886101689,false,116984,144571,0.9456016886101689
116984,165186,0.9714655664446452,false,116984,165186,0.9714655664446452
116984,102465485,0.9543676176025748,false,116984,102465485,0.9543676176025748
116984,100033436,0.9369862727274185,false,116984,100033436,0.9369862727274185
825,137872,0.8104322184468111,false,825,137872,0.8104322184468111
825,124944,0.8844803090125873,false,825,124944,0.8844803090125873
825,93517,0.9674171649381724,false,825,93517,0.9674171649381724
825,130271,0.8365130957953172,false,825,130271,0.8365130957953172
825,101927516,0.9757605760743903,false,825,101927516,0.9757605760743903
825,285,0.9044340644871188,false,825,285,0.9044340644871188
825,27074,0.908709888945302,false,825,27074,0.908709888945302
825,100996506,0.878651751333731,false,825,100996506,0.878651751333731
825,66002,0.8705130681690078,false,825,66002,0.8705130681690078
825,79632,0.9102521934083715,false,825,79632,0.9102521934083715
825,100505495,0.9640534045282215,false,825,100505495,0.9640534045282215
825,7620,0.756420814855183,false,825,7620,0.756420814855183
825,4179,0.7690478762727125,false,825,4179,0.7690478762727125
825,9476,0.8954598368302077,false,825,9476,0.8954598368302077
825,151531,0.8404150480269539,false,825,151531,0.8404150480269539
825,105371242,0.8219481870386354,false,825,105371242,0.8219481870386354
825,2122,0.9733159179672903,false,825,2122,0.9733159179672903
825,84059,0.9353130445313732,false,825,84059,0.9353130445313732
825,121512,0.7705371236552288,false,825,121512,0.7705371236552288
825,6097,0.9784673343709044,false,825,6097,0.9784673343709044
825,120892,0.9464563296543352,false,825,120892,0.9464563296543352
825,113219467,0.7952968088703405,false,825,113219467,0.7952968088703405
825,123624,0.9708716964836962,false,825,123624,0.9708716964836962
825,391253,0.9530667401878925,false,825,391253,0.9530667401878925
825,693188,0.9282768962548512,false,825,693188,0.9282768962548512
825,6799,0.7703731841686783,false,825,6799,0.7703731841686783
825,353189,0.8342011443967338,false,825,353189,0.8342011443967338
825,776,0.8489438912436239,false,825,776,0.8489438912436239
825,84851,0.903244931097044,false,825,84851,0.903244931097044
825,84525,0.944792141268061,false,825,84525,0.944792141268061
825,4861,0.9654564408127905,false,825,4861,0.9654564408127905
825,10203,0.9819593302820047,false,825,10203,0.9819593302820047
825,1080,0.8742393923225399,false,825,1080,0.8742393923225399
825,65217,0.7506575957096889,false,825,65217,0.7506575957096889
825,105372793,0.8796904290602532,false,825,105372793,0.8796904290602532
825,56955,0.9866792435520448,false,825,56955,0.9866792435520448
825,653509,0.8390539967122379,false,825,653509,0.8390539967122379
825,55282,0.9702164037954871,false,825,55282,0.9702164037954871
825,79098,0.9439219810724552,false,825,79098,0.9439219810724552
825,144535,0.9201374189928813,false,825,144535,0.9201374189928813
825,649946,0.9568638447812022,false,825,649946,0.9568638447812022
825,144571,0.9926549954110838,false,825,144571,0.9926549954110838
825,165186,0.9846212421192597,false,825,165186,0.9846212421192597
825,102465485,0.9669330040065811,false,825,102465485,0.9669330040065811
825,100033436,0.9490672889835224,false,825,100033436,0.9490672889835224
3875,109729127,0.7829524100584373,false,3875,109729127,0.7829524100584373
3875,117156,0.8474148939378204,false,3875,117156,0.8474148939378204
3875,220136,0.7968876663643343,false,3875,220136,0.7968876663643343
3875,6799,0.8188625674671623,false,3875,6799,0.8188625674671623
3875,1286,0.870716155501447,false,3875,1286,0.870716155501447
3875,79784,0.8246931828748243,false,3875,79784,0.8246931828748243
3875,653509,0.7736115314411611,false,3875,653509,0.7736115314411611
137872,100033430,0.9519899378468998,false,137872,100033430,0.9519899378468998
137872,93517,0.9088284595594828,false,137872,93517,0.9088284595594828
137872,89765,0.8729416315577279,false,137872,89765,0.8729416315577279
137872,130271,0.7639236416723787,false,137872,130271,0.7639236416723787
137872,101927516,0.8783974143450433,false,137872,101927516,0.8783974143450433
137872,378938,0.9278733197420236,false,137872,378938,0.9278733197420236
137872,285,0.9553730683637565,false,137872,285,0.9553730683637565
137872,27074,0.895391972042168,false,137872,27074,0.895391972042168
137872,100996506,0.8130339356175593,false,137872,100996506,0.8130339356175593
137872,66002,0.9878189149952072,false,137872,66002,0.9878189149952072
137872,79632,0.8265815880336932,false,137872,79632,0.8265815880336932
137872,100505495,0.8929815242475747,false,137872,100505495,0.8929815242475747
137872,7620,0.9895880373747201,false,137872,7620,0.9895880373747201
137872,105180391,0.8314402808898866,false,137872,105180391,0.8314402808898866
137872,9476,0.7912626850261333,false,137872,9476,0.7912626850261333
137872,151531,0.9810645922579417,false,137872,151531,0.9810645922579417
137872,201625,0.8034286355248559,false,137872,201625,0.8034286355248559
137872,105180390,0.7981302336117452,false,137872,105180390,0.7981302336117452
137872,692058,0.9385322675297795,false,137872,692058,0.9385322675297795
137872,645843,0.8793511941817632,false,137872,645843,0.8793511941817632
137872,2122,0.8965930323540477,false,137872,2122,0.8965930323540477
137872,84059,0.7786100671364795,false,137872,84059,0.7786100671364795
137872,121512,0.9948153127512593,false,137872,121512,0.9948153127512593
137872,6097,0.8142733418227919,false,137872,6097,0.8142733418227919
137872,120892,0.835643091055232,false,137872,120892,0.835643091055232
137872,123624,0.9036380023170404,false,137872,123624,0.9036380023170404
137872,391253,0.8802291914513076,false,137872,391253,0.8802291914513076
137872,693188,0.8397698518596358,false,137872,693188,0.8397698518596358
137872,353189,0.8262854479991343,false,137872,353189,0.8262854479991343
137872,776,0.9654951994797342,false,137872,776,0.9654951994797342
137872,84851,0.8627756112380338,false,137872,84851,0.8627756112380338
137872,4861,0.9134033557378111,false,137872,4861,0.9134033557378111
137872,10203,0.821201537180951,false,137872,10203,0.821201537180951
137872,284323,0.9289005372820014,false,137872,284323,0.9289005372820014
137872,65217,0.9655759543902731,false,137872,65217,0.9655759543902731
137872,105372793,0.8121729767667438,false,137872,105372793,0.8121729767667438
137872,56955,0.8852661986044799,false,137872,56955,0.8852661986044799
137872,79098,0.9103193298310581,false,137872,79098,0.9103193298310581
137872,144535,0.8025064754217548,false,137872,144535,0.8025064754217548
137872,649946,0.8928653797642593,false,137872,649946,0.8928653797642593
137872,144571,0.7885668608050409,false,137872,144571,0.7885668608050409
137872,165186,0.8897769728780603,false,137872,165186,0.8897769728780603
137872,102465485,0.8130586138151873,false,137872,102465485,0.8130586138151873
137872,100033436,0.8587718692670192,false,137872,100033436,0.8587718692670192
1577,340267,0.8490632363953999,false,1577,340267,0.8490632363953999
1577,200879,0.8983457639665481,false,1577,200879,0.8983457639665481
1577,1510,0.9008596214350074,false,1577,1510,0.9008596214350074
1577,441251,0.7627352398286082,false,1577,441251,0.7627352398286082
1577,102723849,0.9777272206467772,false,1577,102723849,0.9777272206467772
1577,57669,0.8232361258211581,false,1577,57669,0.8232361258211581
1577,57111,0.8694356009870926,false,1577,57111,0.8694356009870926
1577,10129,0.8047135752701312,false,1577,10129,0.8047135752701312
1577,4586,0.895583426279996,false,1577,4586,0.895583426279996
1577,10551,0.8878374958587493,false,1577,10551,0.8878374958587493
1577,378938,0.7974322364201369,false,1577,378938,0.7974322364201369
1577,117155,0.9099419616467288,false,1577,117155,0.9099419616467288
1577,112268155,0.938747553334684,false,1577,112268155,0.938747553334684
1577,1152,0.7524179355487799,false,1577,1152,0.7524179355487799
1577,79083,0.8809009848029483,false,1577,79083,0.8809009848029483
1577,1556,0.852380559935689,false,1577,1556,0.852380559935689
1577,55930,0.8906394062751022,false,1577,55930,0.8906394062751022
1577,7113,0.962001245373866,false,1577,7113,0.962001245373866
1577,105180391,0.930670613520652,false,1577,105180391,0.930670613520652
1577,100529240,0.82497292891407,false,1577,100529240,0.82497292891407
1577,113218482,0.8586913592600075,false,1577,113218482,0.8586913592600075
1577,647024,0.7622739181657396,false,1577,647024,0.7622739181657396
1577,255928,0.8952414727588263,false,1577,255928,0.8952414727588263
1577,8537,0.8846914750381581,false,1577,8537,0.8846914750381581
1577,10018,0.947107895392214,false,1577,10018,0.947107895392214
1577,115019,0.9635686698327038,false,1577,115019,0.9635686698327038
1577,105180390,0.9474445207512372,false,1577,105180390,0.9474445207512372
1577,168374,0.9776066821900231,false,1577,168374,0.9776066821900231
1577,645843,0.8609771510126342,false,1577,645843,0.8609771510126342
1577,143884,0.9405700333149707,false,1577,143884,0.9405700333149707
1577,3993,0.9772416070169363,false,1577,3993,0.9772416070169363
1577,389852,0.983957388524496,false,1577,389852,0.983957388524496
1577,164312,0.863813656333355,false,1577,164312,0.863813656333355
1577,84239,0.8935144839339481,false,1577,84239,0.8935144839339481
1577,2065,0.981422875818517,false,1577,2065,0.981422875818517
1577,135656,0.8975551197243326,false,1577,135656,0.8975551197243326
1577,94059,0.8361280422938856,false,1577,94059,0.8361280422938856
1577,3960,0.9932144858215587,false,1577,3960,0.9932144858215587
1577,284323,0.8316615696728125,false,1577,284323,0.8316615696728125
1577,23584,0.8959049013194372,false,1577,23584,0.8959049013194372
1577,692213,0.9438715100539321,false,1577,692213,0.9438715100539321
1577,259294,0.9745177340129008,false,1577,259294,0.9745177340129008
1577,2266,0.8482540888803284,false,1577,2266,0.8482540888803284
1577,745,0.8151443481770814,false,1577,745,0.8151443481770814
1577,440352,0.8783615582972175,false,1577,440352,0.8783615582972175
100033430,102723849,0.8245343065618388,false,100033430,102723849,0.8245343065618388
100033430,93517,0.8184469576439495,false,100033430,93517,0.8184469576439495
100033430,89765,0.9699670292278957,false,100033430,89765,0.9699670292278957
100033430,101927516,0.769017151433971,false,100033430,101927516,0.769017151433971
100033430,378938,0.9198634458029615,false,100033430,378938,0.9198634458029615
100033430,285,0.8750715951601264,false,100033430,285,0.8750715951601264
100033430,27074,0.8749458294716463,false,100033430,27074,0.8749458294716463
100033430,66002,0.9440109685237338,false,100033430,66002,0.9440109685237338
100033430,79632,0.7902833140644775,false,100033430,79632,0.7902833140644775
100033430,100505495,0.7831184356043369,false,100033430,100505495,0.7831184356043369
100033430,7620,0.9409402781042482,false,100033430,7620,0.9409402781042482
100033430,105180391,0.9035797482516648,false,100033430,105180391,0.9035797482516648
100033430,9476,0.7778129455425088,false,100033430,9476,0.7778129455425088
100033430,151531,0.9643222200694034,false,100033430,151531,0.9643222200694034
100033430,105180390,0.8829910860667763,false,100033430,105180390,0.8829910860667763
100033430,692058,0.8869992623608979,false,100033430,692058,0.8869992623608979
100033430,645843,0.90311697059578,false,100033430,645843,0.90311697059578
100033430,2122,0.8111622743926189,false,100033430,2122,0.8111622743926189
100033430,121512,0.97664017060627,false,100033430,121512,0.97664017060627
100033430,120892,0.7559347718681343,false,100033430,120892,0.7559347718681343
100033430,123624,0.822932967597985,false,100033430,123624,0.822932967597985
100033430,391253,0.8142788702316051,false,100033430,391253,0.8142788702316051
100033430,353189,0.8443485672018086,false,100033430,353189,0.8443485672018086
100033430,776,0.9142488093470693,false,100033430,776,0.9142488093470693
100033430,4861,0.822445556707099,false,100033430,4861,0.822445556707099
100033430,284323,0.957473220915701,false,100033430,284323,0.957473220915701
100033430,65217,0.908506603990812,false,100033430,65217,0.908506603990812
100033430,56955,0.780112751702387,false,100033430,56955,0.780112751702387
100033430,692213,0.7562926169172589,false,100033430,692213,0.7562926169172589
100033430,79098,0.8609607610793838,false,100033430,79098,0.8609607610793838
100033430,649946,0.7621847010335497,false,100033430,649946,0.7621847010335497
100033430,165186,0.7857013512936902,false,100033430,165186,0.7857013512936902
124944,93517,0.8888877035483583,false,124944,93517,0.8888877035483583
124944,101927516,0.8965049197440068,false,124944,101927516,0.8965049197440068
124944,285,0.8144815205504669,false,124944,285,0.8144815205504669
124944,27074,0.8369726599841147,false,124944,27074,0.8369726599841147
124944,100996506,0.7665841377462052,false,124944,100996506,0.7665841377462052
124944,54848,0.8525921847503889,false,124944,54848,0.8525921847503889
124944,79632,0.851197575092094,false,124944,79632,0.851197575092094
124944,100505495,0.88606383313493,false,124944,100505495,0.88606383313493
124944,9476,0.9352737140938119,false,124944,9476,0.9352737140938119
124944,151531,0.7506829928518884,false,124944,151531,0.7506829928518884
124944,105371242,0.8914342728169317,false,124944,105371242,0.8914342728169317
124944,2122,0.8918189802365042,false,124944,2122,0.8918189802365042
124944,84059,0.8021098257599822,false,124944,84059,0.8021098257599822
124944,6097,0.8992775656943809,false,124944,6097,0.8992775656943809
124944,120892,0.8715189490426211,false,124944,120892,0.8715189490426211
124944,113219467,0.9217107305575892,false,124944,113219467,0.9217107305575892
124944,123624,0.8765347113433097,false,124944,123624,0.8765347113433097
124944,391253,0.9180636827162781,false,124944,391253,0.9180636827162781
124944,693188,0.9247348025894289,false,124944,693188,0.9247348025894289
124944,6799,0.8008368661311146,false,124944,6799,0.8008368661311146
124944,389376,0.8813083472190572,false,124944,389376,0.8813083472190572
124944,353189,0.9002865767289456,false,124944,353189,0.9002865767289456
124944,84851,0.8186898560109709,false,124944,84851,0.8186898560109709
124944,84525,0.7712780711571295,false,124944,84525,0.7712780711571295
124944,4861,0.883733454868245,false,124944,4861,0.883733454868245
124944,10203,0.9380819372079736,false,124944,10203,0.9380819372079736
124944,1080,0.8642294215249294,false,124944,1080,0.8642294215249294
124944,105372793,0.7897373106153895,false,124944,105372793,0.7897373106153895
124944,56955,0.8813980770253494,false,124944,56955,0.8813980770253494
124944,653509,0.8484429759477657,false,124944,653509,0.8484429759477657
124944,55282,0.8217238589266063,false,124944,55282,0.8217238589266063
124944,79098,0.8914967284731287,false,124944,79098,0.8914967284731287
124944,144535,0.8188291192761296,false,124944,144535,0.8188291192761296
124944,649946,0.7518853824364814,false,124944,649946,0.7518853824364814
124944,144571,0.8968244443757857,false,124944,144571,0.8968244443757857
124944,26298,0.7536961252759546,false,124944,26298,0.7536961252759546
124944,165186,0.8857217224146106,false,124944,165186,0.8857217224146106
124944,102465485,0.7736936286590338,false,124944,102465485,0.7736936286590338
124944,100033436,0.8381422627974051,false,124944,100033436,0.8381422627974051
160728,4496,0.9802795006267501,false,160728,4496,0.9802795006267501
160728,388633,0.9793543473041648,false,160728,388633,0.9793543473041648
160728,3929,0.9802540636854866,false,160728,3929,0.9802540636854866
160728,100158262,0.7784418141414055,false,160728,100158262,0.7784418141414055
160728,727897,0.9260511291210761,false,160728,727897,0.9260511291210761
160728,1604,0.9406325354967959,false,160728,1604,0.9406325354967959
160728,886,0.9802795006267496,false,160728,886,0.9802795006267496
160728,632,0.9547901270143515,false,160728,632,0.9547901270143515
160728,26797,0.9834301461959696,false,160728,26797,0.9834301461959696
160728,4057,0.8656770546228904,false,160728,4057,0.8656770546228904
160728,692209,0.9802194955266053,false,160728,692209,0.9802194955266053
160728,563,0.8861730306678028,false,160728,563,0.8861730306678028
160728,83643,0.9715232351236037,false,160728,83643,0.9715232351236037
160728,498,0.8671927464846557,false,160728,498,0.8671927464846557
160728,284434,0.9751663048716974,false,160728,284434,0.9751663048716974
160728,1028,0.7543056083735663,false,160728,1028,0.7543056083735663
160728,646480,0.9785795325669099,false,160728,646480,0.9785795325669099
65998,388327,0.8358213643860699,false,65998,388327,0.8358213643860699
65998,1471,0.8314470319755193,false,65998,1471,0.8314470319755193
65998,3780,0.8358213643860697,false,65998,3780,0.8358213643860697
65998,100126311,0.8358213643860697,false,65998,100126311,0.8358213643860697
65998,23562,0.8358213643860702,false,65998,23562,0.8358213643860702
65998,1746,0.8358213643860699,false,65998,1746,0.8358213643860699
65998,57524,0.8358213643860698,false,65998,57524,0.8358213643860698
65998,10331,0.8358213643860699,false,65998,10331,0.8358213643860699
65998,256076,0.9574193272275424,false,65998,256076,0.9574193272275424
65998,84867,0.8358213643860702,false,65998,84867,0.8358213643860702
65998,100130701,0.9128767858044745,false,65998,100130701,0.9128767858044745
65998,284680,0.8851254916117354,false,65998,284680,0.8851254916117354
65998,9771,0.7781124096205613,false,65998,9771,0.7781124096205613
65998,128218,0.9028191587733405,false,65998,128218,0.9028191587733405
65998,222183,0.8358213643860702,false,65998,222183,0.8358213643860702
65998,7546,0.8358213643860699,false,65998,7546,0.8358213643860699
65998,57710,0.7889563803230958,false,65998,57710,0.7889563803230958
65998,9699,0.8358213643860699,false,65998,9699,0.8358213643860699
65998,101928580,0.8358213643860699,false,65998,101928580,0.8358213643860699
65998,105373265,0.892691773323306,false,65998,105373265,0.892691773323306
65998,9211,0.8273536247259479,false,65998,9211,0.8273536247259479
65998,100874002,0.8718436680642957,false,65998,100874002,0.8718436680642957
65998,440590,0.83582136438607,false,65998,440590,0.83582136438607
65998,1515,0.8358213643860702,false,65998,1515,0.8358213643860702
65998,4606,0.8358213643860699,false,65998,4606,0.8358213643860699
340267,200879,0.8845028573382446,false,340267,200879,0.8845028573382446
340267,1510,0.8760588383392007,false,340267,1510,0.8760588383392007
340267,441251,0.7873113522091397,false,340267,441251,0.7873113522091397
340267,102723849,0.7952899007213524,false,340267,102723849,0.7952899007213524
340267,6337,0.7905729211097967,false,340267,6337,0.7905729211097967
340267,57669,0.9252309677511144,false,340267,57669,0.9252309677511144
340267,57111,0.8755531003262441,false,340267,57111,0.8755531003262441
340267,116844,0.9292789619136165,false,340267,116844,0.9292789619136165
340267,10129,0.8972322113310828,false,340267,10129,0.8972322113310828
340267,4586,0.8830004179025861,false,340267,4586,0.8830004179025861
340267,10551,0.8751104352487535,false,340267,10551,0.8751104352487535
340267,54897,0.823208594318136,false,340267,54897,0.823208594318136
340267,117155,0.9685473195212712,false,340267,117155,0.9685473195212712
340267,112268155,0.9447515532187672,false,340267,112268155,0.9447515532187672
340267,1152,0.8795111465685518,false,340267,1152,0.8795111465685518
340267,79083,0.8864949192841575,false,340267,79083,0.8864949192841575
340267,1556,0.9759665494970163,false,340267,1556,0.9759665494970163
340267,55930,0.8862955345332459,false,340267,55930,0.8862955345332459
340267,22996,0.8443574472378085,false,340267,22996,0.8443574472378085
340267,7113,0.9105451726216982,false,340267,7113,0.9105451726216982
340267,54861,0.9247857607967362,false,340267,54861,0.9247857607967362
340267,222256,0.8277932322736122,false,340267,222256,0.8277932322736122
340267,100529240,0.8078145409461968,false,340267,100529240,0.8078145409461968
340267,113218482,0.9513448086576299,false,340267,113218482,0.9513448086576299
340267,647024,0.8577911734897036,false,340267,647024,0.8577911734897036
340267,255928,0.8813608401277895,false,340267,255928,0.8813608401277895
340267,8537,0.8642784241462808,false,340267,8537,0.8642784241462808
340267,10018,0.8322330400362006,false,340267,10018,0.8322330400362006
340267,115019,0.956742661120636,false,340267,115019,0.956742661120636
340267,168374,0.8988135187416706,false,340267,168374,0.8988135187416706
340267,143884,0.8450519866079769,false,340267,143884,0.8450519866079769
340267,3993,0.9318228217493052,false,340267,3993,0.9318228217493052
340267,389852,0.8424169094709929,false,340267,389852,0.8424169094709929
340267,164312,0.8466754467928548,false,340267,164312,0.8466754467928548
340267,84239,0.9106099136487726,false,340267,84239,0.9106099136487726
340267,2065,0.7899763874160615,false,340267,2065,0.7899763874160615
340267,135656,0.8844857797449996,false,340267,135656,0.8844857797449996
340267,3880,0.7944820667438841,false,340267,3880,0.7944820667438841
340267,94059,0.8021652468447996,false,340267,94059,0.8021652468447996
340267,3960,0.8269818753203607,false,340267,3960,0.8269818753203607
340267,23584,0.9473071402595472,false,340267,23584,0.9473071402595472
340267,692213,0.77682527935546,false,340267,692213,0.77682527935546
340267,153643,0.8837534470217618,false,340267,153643,0.8837534470217618
340267,112268422,0.842327290737255,false,340267,112268422,0.842327290737255
340267,259294,0.8696249882578069,false,340267,259294,0.8696249882578069
340267,2266,0.8239329061684119,false,340267,2266,0.8239329061684119
340267,745,0.9367829015832302,false,340267,745,0.9367829015832302
340267,440352,0.8717940393673449,false,340267,440352,0.8717940393673449
200879,1510,0.9950430221841773,false,200879,1510,0.9950430221841773
200879,102723849,0.7949657473708276,false,200879,102723849,0.7949657473708276
200879,57669,0.7883869908988532,false,200879,57669,0.7883869908988532
200879,57111,0.9945586567232702,false,200879,57111,0.9945586567232702
200879,116844,0.8191011103169543,false,200879,116844,0.8191011103169543
200879,10129,0.9090512547590579,false,200879,10129,0.9090512547590579
200879,4586,0.9993507381904683,false,200879,4586,0.9993507381904683
200879,10551,0.997149680061676,false,200879,10551,0.997149680061676
200879,54897,0.8064347610392973,false,200879,54897,0.8064347610392973
200879,117155,0.9530551836217289,false,200879,117155,0.9530551836217289
200879,112268155,0.9785869079489248,false,200879,112268155,0.9785869079489248
200879,1152,0.9499209628370724,false,200879,1152,0.9499209628370724
200879,79083,0.9982503132909132,false,200879,79083,0.9982503132909132
200879,1556,0.8993668400499795,false,200879,1556,0.8993668400499795
200879,55930,0.9625676203536314,false,200879,55930,0.9625676203536314
200879,22996,0.9289830712945321,false,200879,22996,0.9289830712945321
200879,7113,0.8556395460023862,false,200879,7113,0.8556395460023862
200879,54861,0.8606820907899281,false,200879,54861,0.8606820907899281
200879,222256,0.7656443893939113,false,200879,222256,0.7656443893939113
200879,100529240,0.9800858935891916,false,200879,100529240,0.9800858935891916
200879,113218482,0.9765945333271268,false,200879,113218482,0.9765945333271268
200879,647024,0.9352851202536001,false,200879,647024,0.9352851202536001
200879,255928,0.9993636968334054,false,200879,255928,0.9993636968334054
200879,8537,0.9945417318446199,false,200879,8537,0.9945417318446199
200879,10018,0.8664355109562472,false,200879,10018,0.8664355109562472
200879,115019,0.9193006443969408,false,200879,115019,0.9193006443969408
200879,3434,0.7877803096531061,false,200879,3434,0.7877803096531061
200879,168374,0.9262563747246789,false,200879,168374,0.9262563747246789
200879,143884,0.908939023645196,false,200879,143884,0.908939023645196
200879,3993,0.9223314672867272,false,200879,3993,0.9223314672867272
200879,389852,0.952376313773032,false,200879,389852,0.952376313773032
200879,164312,0.9923512964092212,false,200879,164312,0.9923512964092212
200879,84239,0.793806808050397,false,200879,84239,0.793806808050397
200879,2065,0.8971615498109187,false,200879,2065,0.8971615498109187
200879,135656,0.9995257537005755,false,200879,135656,0.9995257537005755
200879,94059,0.8891683046767554,false,200879,94059,0.8891683046767554
200879,3960,0.9026100762025159,false,200879,3960,0.9026100762025159
200879,23584,0.8458458703567694,false,200879,23584,0.8458458703567694
200879,692213,0.8110183684507493,false,200879,692213,0.8110183684507493
200879,153643,0.90002919858323,false,200879,153643,0.90002919858323
200879,112268422,0.8839314474757568,false,200879,112268422,0.8839314474757568
200879,259294,0.951400514562173,false,200879,259294,0.951400514562173
200879,2266,0.9904529611259377,false,200879,2266,0.9904529611259377
200879,745,0.9570819654921484,false,200879,745,0.9570819654921484
7356,109729127,0.8837563492994396,false,7356,109729127,0.8837563492994396
7356,400578,0.8992360572712277,false,7356,400578,0.8992360572712277
7356,728276,0.8949288756307688,false,7356,728276,0.8949288756307688
7356,100506755,0.751494768328867,false,7356,100506755,0.751494768328867
7356,117156,0.7710816639665304,false,7356,117156,0.7710816639665304
7356,654433,0.8781278823765204,false,7356,654433,0.8781278823765204
7356,105,0.9929756640746973,false,7356,105,0.9929756640746973
7356,57477,0.7834664807832913,false,7356,57477,0.7834664807832913
7356,123872,0.8659695203871104,false,7356,123872,0.8659695203871104
1510,102723849,0.7937004612787304,false,1510,102723849,0.7937004612787304
1510,57111,0.9972842568856217,false,1510,57111,0.9972842568856217
1510,116844,0.816061214885104,false,1510,116844,0.816061214885104
1510,10129,0.8931788190749103,false,1510,10129,0.8931788190749103
1510,4586,0.9958821978643807,false,1510,4586,0.9958821978643807
1510,10551,0.9960392809347569,false,1510,10551,0.9960392809347569
1510,54897,0.7699560427375792,false,1510,54897,0.7699560427375792
1510,117155,0.9358477249222481,false,1510,117155,0.9358477249222481
1510,112268155,0.9758311547116499,false,1510,112268155,0.9758311547116499
1510,1152,0.941739477757013,false,1510,1152,0.941739477757013
1510,79083,0.9908694713286982,false,1510,79083,0.9908694713286982
1510,1556,0.8886513820989479,false,1510,1556,0.8886513820989479
1510,55930,0.9577055066655117,false,1510,55930,0.9577055066655117
1510,22996,0.9244180335451192,false,1510,22996,0.9244180335451192
1510,7113,0.865295743785995,false,1510,7113,0.865295743785995
1510,54861,0.832636113877851,false,1510,54861,0.832636113877851
1510,222256,0.7794922344403966,false,1510,222256,0.7794922344403966
1510,100529240,0.9778507344000986,false,1510,100529240,0.9778507344000986
1510,113218482,0.9694028022984674,false,1510,113218482,0.9694028022984674
1510,647024,0.9537969194745327,false,1510,647024,0.9537969194745327
1510,255928,0.9966778953561878,false,1510,255928,0.9966778953561878
1510,8537,0.9992406764124215,false,1510,8537,0.9992406764124215
1510,10018,0.8610790547444502,false,1510,10018,0.8610790547444502
1510,115019,0.9124827717410343,false,1510,115019,0.9124827717410343
1510,3434,0.8002739333692166,false,1510,3434,0.8002739333692166
1510,168374,0.9366053953978001,false,1510,168374,0.9366053953978001
1510,143884,0.8844670297403023,false,1510,143884,0.8844670297403023
1510,3993,0.9169716379037546,false,1510,3993,0.9169716379037546
1510,389852,0.9555224123226589,false,1510,389852,0.9555224123226589
1510,164312,0.9935695821966909,false,1510,164312,0.9935695821966909
1510,84239,0.7907900374143505,false,1510,84239,0.7907900374143505
1510,2065,0.9149192769459055,false,1510,2065,0.9149192769459055
1510,135656,0.9953737056000743,false,1510,135656,0.9953737056000743
1510,94059,0.878474813056183,false,1510,94059,0.878474813056183
1510,3960,0.90077154482777,false,1510,3960,0.90077154482777
1510,23584,0.8208230666343781,false,1510,23584,0.8208230666343781
1510,692213,0.8102663725912049,false,1510,692213,0.8102663725912049
1510,153643,0.9211203059440782,false,1510,153643,0.9211203059440782
1510,112268422,0.8668829765186609,false,1510,112268422,0.8668829765186609
1510,259294,0.9407971258098047,false,1510,259294,0.9407971258098047
1510,2266,0.9834231796601159,false,1510,2266,0.9834231796601159
1510,745,0.950289317219951,false,1510,745,0.950289317219951
441251,102723849,0.8099698093866067,false,441251,102723849,0.8099698093866067
441251,57669,0.780883186017313,false,441251,57669,0.780883186017313
441251,1556,0.8346037995229046,false,441251,1556,0.8346037995229046
441251,7113,0.8978415857431965,false,441251,7113,0.8978415857431965
441251,115019,0.8159469551612664,false,441251,115019,0.8159469551612664
441251,168374,0.8244820315612112,false,441251,168374,0.8244820315612112
441251,3993,0.7579759069722906,false,441251,3993,0.7579759069722906
441251,84239,0.9533857038471462,false,441251,84239,0.9533857038471462
441251,23584,0.841076609108426,false,441251,23584,0.841076609108426
441251,79784,0.7965947147733196,false,441251,79784,0.7965947147733196
441251,440352,0.8459503379452153,false,441251,440352,0.8459503379452153
4496,388633,0.999904488898443,false,4496,388633,0.999904488898443
4496,3929,0.9999791875548879,false,4496,3929,0.9999791875548879
4496,100158262,0.8622683053135436,false,4496,100158262,0.8622683053135436
4496,727897,0.8409657211570886,false,4496,727897,0.8409657211570886
4496,1604,0.9330099935791507,false,4496,1604,0.9330099935791507
4496,886,1.0,false,4496,886,1.0
4496,632,0.9741775975413046,false,4496,632,0.9741775975413046
4496,285429,0.7519747704157361,false,4496,285429,0.7519747704157361
4496,26797,0.9998086330389042,false,4496,26797,0.9998086330389042
4496,4057,0.7533096975028876,false,4496,4057,0.7533096975028876
4496,692209,0.999946985179323,false,4496,692209,0.999946985179323
4496,563,0.7833258641463906,false,4496,563,0.7833258641463906
4496,83643,0.9966566318765577,false,4496,83643,0.9966566318765577
4496,498,0.7793636464694088,false,4496,498,0.7793636464694088
4496,284434,0.9971188999509051,false,4496,284434,0.9971188999509051
4496,1028,0.8088406529390388,false,4496,1028,0.8088406529390388
4496,646480,0.9997412633513606,false,4496,646480,0.9997412633513606
102723849,57669,0.8266779721170864,false,102723849,57669,0.8266779721170864
102723849,89765,0.8211450715364048,false,102723849,89765,0.8211450715364048
102723849,57111,0.7524346539850625,false,102723849,57111,0.7524346539850625
102723849,4586,0.7888911188848186,false,102723849,4586,0.7888911188848186
102723849,10551,0.7759342626566161,false,102723849,10551,0.7759342626566161
102723849,378938,0.8600232410831119,false,102723849,378938,0.8600232410831119
102723849,117155,0.8454438767187682,false,102723849,117155,0.8454438767187682
102723849,112268155,0.866811897089077,false,102723849,112268155,0.866811897089077
102723849,79083,0.7755793882798923,false,102723849,79083,0.7755793882798923
102723849,1556,0.8018828199550736,false,102723849,1556,0.8018828199550736
102723849,55930,0.7909272379849672,false,102723849,55930,0.7909272379849672
102723849,7113,0.952262215713989,false,102723849,7113,0.952262215713989
102723849,105180391,0.9722449390673329,false,102723849,105180391,0.9722449390673329
102723849,113218482,0.760326316590378,false,102723849,113218482,0.760326316590378
102723849,255928,0.7880771232690326,false,102723849,255928,0.7880771232690326
102723849,8537,0.771098900414452,false,102723849,8537,0.771098900414452
102723849,10018,0.9105847827719908,false,102723849,10018,0.9105847827719908
102723849,115019,0.9319856136359893,false,102723849,115019,0.9319856136359893
102723849,105180390,0.9725506311401426,false,102723849,105180390,0.9725506311401426
102723849,168374,0.9365684343102737,false,102723849,168374,0.9365684343102737
102723849,645843,0.9279930320088792,false,102723849,645843,0.9279930320088792
102723849,143884,0.9002357196290006,false,102723849,143884,0.9002357196290006
102723849,121512,0.7734363919209407,false,102723849,121512,0.7734363919209407
102723849,3993,0.9417212095462653,false,102723849,3993,0.9417212095462653
102723849,389852,0.9267127080943399,false,102723849,389852,0.9267127080943399
102723849,84239,0.9051865187752179,false,102723849,84239,0.9051865187752179
102723849,2065,0.9383689336885512,false,102723849,2065,0.9383689336885512
102723849,135656,0.7921748850523169,false,102723849,135656,0.7921748850523169
102723849,3960,0.9634151587298845,false,102723849,3960,0.9634151587298845
102723849,284323,0.9075934857754704,false,102723849,284323,0.9075934857754704
102723849,23584,0.8920328683688118,false,102723849,23584,0.8920328683688118
102723849,692213,0.9266793525966972,false,102723849,692213,0.9266793525966972
102723849,259294,0.9219508484768976,false,102723849,259294,0.9219508484768976
102723849,440352,0.9221370256286793,false,102723849,440352,0.9221370256286793
109729127,728276,0.9611072441963793,false,109729127,728276,0.9611072441963793
109729127,117156,0.9380783079866908,false,109729127,117156,0.9380783079866908
109729127,105,0.9099338623876518,false,109729127,105,0.9099338623876518
109729127,57477,0.8179533629013659,false,109729127,57477,0.8179533629013659
400578,102723635,0.8083678234582972,false,400578,102723635,0.8083678234582972
400578,5545,0.9471637463459373,false,400578,5545,0.9471637463459373
400578,10586,0.8777844046039616,false,400578,10586,0.8777844046039616
400578,2619,0.9022641784016324,false,400578,2619,0.9022641784016324
400578,654433,0.9972674290369367,false,400578,654433,0.9972674290369367
400578,140766,0.7777087852674862,false,400578,140766,0.7777087852674862
400578,105,0.8863456467198791,false,400578,105,0.8863456467198791
400578,9370,0.9578132079246972,false,400578,9370,0.9578132079246972
400578,123872,0.8545894008513903,false,400578,123872,0.8545894008513903
400578,100874095,0.9578132079246972,false,400578,100874095,0.9578132079246972
6337,116844,0.8623403286132841,false,6337,116844,0.8623403286132841
6337,54897,0.9147510797268578,false,6337,54897,0.9147510797268578
6337,1152,0.8716491613279048,false,6337,1152,0.8716491613279048
6337,1556,0.8663386229602192,false,6337,1556,0.8663386229602192
6337,54861,0.8584626077559813,false,6337,54861,0.8584626077559813
6337,222256,0.8931559935871307,false,6337,222256,0.8931559935871307
6337,113218482,0.8138905181199165,false,6337,113218482,0.8138905181199165
6337,647024,0.7848444523636403,false,6337,647024,0.7848444523636403
6337,3434,0.778637981295345,false,6337,3434,0.778637981295345
6337,1579,0.871794594961959,false,6337,1579,0.871794594961959
6337,3880,0.9515959119845165,false,6337,3880,0.9515959119845165
6337,153643,0.8632660712838457,false,6337,153643,0.8632660712838457
6337,745,0.8755186210563272,false,6337,745,0.8755186210563272
93517,130271,0.7905936050674833,false,93517,130271,0.7905936050674833
93517,101927516,0.9934196482210784,false,93517,101927516,0.9934196482210784
93517,285,0.9780310698000139,false,93517,285,0.9780310698000139
93517,27074,0.9487210624284138,false,93517,27074,0.9487210624284138
93517,100996506,0.9029378995860379,false,93517,100996506,0.9029378995860379
93517,66002,0.9554702978957285,false,93517,66002,0.9554702978957285
93517,79632,0.924109973763816,false,93517,79632,0.924109973763816
93517,100505495,0.9940676072222349,false,93517,100505495,0.9940676072222349
93517,7620,0.871478002370151,false,93517,7620,0.871478002370151
93517,9476,0.9309625904860429,false,93517,9476,0.9309625904860429
93517,151531,0.9410150351755913,false,93517,151531,0.9410150351755913
93517,105371242,0.8393224952161676,false,93517,105371242,0.8393224952161676
93517,692058,0.8017249616864545,false,93517,692058,0.8017249616864545
93517,2122,0.9957333669749314,false,93517,2122,0.9957333669749314
93517,84059,0.8973341194102104,false,93517,84059,0.8973341194102104
93517,121512,0.8827453565486977,false,93517,121512,0.8827453565486977
93517,6097,0.9608324941212879,false,93517,6097,0.9608324941212879
93517,120892,0.9517301375210896,false,93517,120892,0.9517301375210896
93517,113219467,0.8011837155333391,false,93517,113219467,0.8011837155333391
93517,123624,0.9920966116551938,false,93517,123624,0.9920966116551938
93517,391253,0.9894258716776642,false,93517,391253,0.9894258716776642
93517,693188,0.9716622523387941,false,93517,693188,0.9716622523387941
93517,353189,0.9148571992726633,false,93517,353189,0.9148571992726633
93517,776,0.9205124346906942,false,93517,776,0.9205124346906942
93517,84851,0.9435901738954373,false,93517,84851,0.9435901738954373
93517,84525,0.8755385779269014,false,93517,84525,0.8755385779269014
93517,4861,0.9998995378454882,false,93517,4861,0.9998995378454882
93517,10203,0.981356725998601,false,93517,10203,0.981356725998601
93517,1080,0.8713841185387186,false,93517,1080,0.8713841185387186
93517,65217,0.8605262887589724,false,93517,65217,0.8605262887589724
93517,105372793,0.9082940838644735,false,93517,105372793,0.9082940838644735
93517,56955,0.9932433636054063,false,93517,56955,0.9932433636054063
93517,653509,0.7871910271724851,false,93517,653509,0.7871910271724851
93517,55282,0.9031664065145532,false,93517,55282,0.9031664065145532
93517,79098,0.9891600416234023,false,93517,79098,0.9891600416234023
93517,144535,0.915030740082709,false,93517,144535,0.915030740082709
93517,649946,0.9463359150719107,false,93517,649946,0.9463359150719107
93517,144571,0.9587722984775712,false,93517,144571,0.9587722984775712
93517,165186,0.9962058945758557,false,93517,165186,0.9962058945758557
93517,102465485,0.9263007332225316,false,93517,102465485,0.9263007332225316
93517,100033436,0.9618659993683609,false,93517,100033436,0.9618659993683609
388327,3780,0.9999999999999997,false,388327,3780,0.9999999999999997
388327,100126311,0.9999999999999997,false,388327,100126311,0.9999999999999997
388327,23562,1.0,false,388327,23562,1.0
388327,1746,0.9999999999999998,false,388327,1746,0.9999999999999998
388327,57524,0.9999999999999997,false,388327,57524,0.9999999999999997
388327,10331,0.9999999999999998,false,388327,10331,0.9999999999999998
388327,256076,0.8639211505072737,false,388327,256076,0.8639211505072737
388327,84867,1.0,false,388327,84867,1.0
388327,100130701,0.8878856568027688,false,388327,100130701,0.8878856568027688
388327,284680,0.9827242789356609,false,388327,284680,0.9827242789356609
388327,9771,0.7695391096496835,false,388327,9771,0.7695391096496835
388327,128218,0.9349831907588437,false,388327,128218,0.9349831907588437
388327,222183,1.0,false,388327,222183,1.0
388327,7546,0.9999999999999998,false,388327,7546,0.9999999999999998
388327,9699,1.0,false,388327,9699,1.0
388327,101928580,0.9999999999999998,false,388327,101928580,0.9999999999999998
388327,105373265,0.8529273885761164,false,388327,105373265,0.8529273885761164
388327,9211,0.9993716660495693,false,388327,9211,0.9993716660495693
388327,100874002,0.9924038663952791,false,388327,100874002,0.9924038663952791
388327,440590,0.9999999999999999,false,388327,440590,0.9999999999999999
388327,1515,1.0,false,388327,1515,1.0
388327,4606,0.9999999999999998,false,388327,4606,0.9999999999999998
94025,727897,0.9298479801113411,false,94025,727897,0.9298479801113411
94025,4585,0.830668567271132,false,94025,4585,0.830668567271132
94025,1767,0.8526408721623271,false,94025,1767,0.8526408721623271
94025,4057,0.9733706733354061,false,94025,4057,0.9733706733354061
94025,112577518,0.9867768330879542,false,94025,112577518,0.9867768330879542
94025,563,0.9602423820711946,false,94025,563,0.9602423820711946
94025,4069,0.9558148088043,false,94025,4069,0.9558148088043
94025,498,0.8258672663795914,false,94025,498,0.8258672663795914
94025,219793,0.8119077924170023,false,94025,219793,0.8119077924170023
57669,116844,0.7702831048655676,false,57669,116844,0.7702831048655676
57669,10129,0.8037397070054951,false,57669,10129,0.8037397070054951
57669,4586,0.7783496026662123,false,57669,4586,0.7783496026662123
57669,10551,0.7583517436158915,false,57669,10551,0.7583517436158915
57669,54897,0.8364264449558713,false,57669,54897,0.8364264449558713
57669,117155,0.9243425220911471,false,57669,117155,0.9243425220911471
57669,112268155,0.866211178355251,false,57669,112268155,0.866211178355251
57669,1152,0.7581746267186515,false,57669,1152,0.7581746267186515
57669,79083,0.7940843427320788,false,57669,79083,0.7940843427320788
57669,1556,0.9235814994184388,false,57669,1556,0.9235814994184388
57669,55930,0.7814728874164577,false,57669,55930,0.7814728874164577
57669,7113,0.8608844371090311,false,57669,7113,0.8608844371090311
57669,54861,0.8557497935952453,false,57669,54861,0.8557497935952453
57669,113218482,0.848011159079518,false,57669,113218482,0.848011159079518
57669,255928,0.7745251040597306,false,57669,255928,0.7745251040597306
57669,10018,0.8000304707640451,false,57669,10018,0.8000304707640451
57669,115019,0.9242523547492404,false,57669,115019,0.9242523547492404
57669,168374,0.825178994187173,false,57669,168374,0.825178994187173
57669,143884,0.8669675375226333,false,57669,143884,0.8669675375226333
57669,3993,0.8949671925011112,false,57669,3993,0.8949671925011112
57669,389852,0.7829667931874805,false,57669,389852,0.7829667931874805
57669,84239,0.9106987684760749,false,57669,84239,0.9106987684760749
57669,135656,0.7830666267237804,false,57669,135656,0.7830666267237804
57669,3960,0.8072438394130212,false,57669,3960,0.8072438394130212
57669,23584,0.9857222232671125,false,57669,23584,0.9857222232671125
57669,692213,0.757447847224066,false,57669,692213,0.757447847224066
57669,259294,0.844752275411134,false,57669,259294,0.844752275411134
57669,745,0.8294438957323634,false,57669,745,0.8294438957323634
57669,440352,0.9384357495071816,false,57669,440352,0.9384357495071816
89765,378938,0.8626298786310946,false,89765,378938,0.8626298786310946
89765,285,0.7877507748026524,false,89765,285,0.7877507748026524
89765,27074,0.8498220828230464,false,89765,27074,0.8498220828230464
89765,66002,0.867656930591746,false,89765,66002,0.867656930591746
89765,79632,0.7903028709327384,false,89765,79632,0.7903028709327384
89765,7620,0.8405013052420892,false,89765,7620,0.8405013052420892
89765,105180391,0.8609016142032822,false,89765,105180391,0.8609016142032822
89765,9476,0.7694408725183148,false,89765,9476,0.7694408725183148
89765,151531,0.9035568999466151,false,89765,151531,0.9035568999466151
89765,105180390,0.8465351323475101,false,89765,105180390,0.8465351323475101
89765,692058,0.8086095692676118,false,89765,692058,0.8086095692676118
89765,645843,0.8878485211940524,false,89765,645843,0.8878485211940524
89765,121512,0.9109899222654869,false,89765,121512,0.9109899222654869
89765,123624,0.7562636593103826,false,89765,123624,0.7562636593103826
89765,391253,0.7572738406941167,false,89765,391253,0.7572738406941167
89765,353189,0.8410776437813596,false,89765,353189,0.8410776437813596
89765,2065,0.7531688779761497,false,89765,2065,0.7531688779761497
89765,776,0.8061281148270327,false,89765,776,0.8061281148270327
89765,284323,0.8909486573423897,false,89765,284323,0.8909486573423897
89765,65217,0.7814483928012792,false,89765,65217,0.7814483928012792
89765,79098,0.7963635731111085,false,89765,79098,0.7963635731111085
619383,378938,0.9159742551451745,false,619383,378938,0.9159742551451745
619383,7620,0.7876595271811517,false,619383,7620,0.7876595271811517
619383,105180391,0.8124034170533726,false,619383,105180391,0.8124034170533726
619383,10018,0.8907105865682575,false,619383,10018,0.8907105865682575
619383,201625,0.8000746052765444,false,619383,201625,0.8000746052765444
619383,105180390,0.8311438552779619,false,619383,105180390,0.8311438552779619
619383,692058,0.8788988495685056,false,619383,692058,0.8788988495685056
619383,645843,0.8211090298503149,false,619383,645843,0.8211090298503149
619383,143884,0.8021272174254833,false,619383,143884,0.8021272174254833
619383,342892,0.8147189164119073,false,619383,342892,0.8147189164119073
619383,94059,0.841038731097171,false,619383,94059,0.841038731097171
619383,3960,0.8015807816552125,false,619383,3960,0.8015807816552125
619383,284323,0.8156083776726969,false,619383,284323,0.8156083776726969
619383,692213,0.9196390986838227,false,619383,692213,0.9196390986838227
619383,259294,0.7612718244210973,false,619383,259294,0.7612718244210973
388633,3929,0.9999209562687893,false,388633,3929,0.9999209562687893
388633,100158262,0.8609970631488054,false,388633,100158262,0.8609970631488054
388633,727897,0.8382008304449555,false,388633,727897,0.8382008304449555
388633,1604,0.9312779929257767,false,388633,1604,0.9312779929257767
388633,886,0.999904488898443,false,388633,886,0.999904488898443
388633,632,0.9753891238181415,false,388633,632,0.9753891238181415
388633,285429,0.7557117483949373,false,388633,285429,0.7557117483949373
388633,26797,0.9996989024265224,false,388633,26797,0.9996989024265224
388633,692209,0.9999109746517499,false,388633,692209,0.9999109746517499
388633,563,0.7804848113349119,false,388633,563,0.7804848113349119
388633,83643,0.9974800633132744,false,388633,83643,0.9974800633132744
388633,498,0.7757302633504621,false,388633,498,0.7757302633504621
388633,284434,0.998055886366395,false,388633,284434,0.998055886366395
388633,1028,0.8164501608108499,false,388633,1028,0.8164501608108499
388633,646480,0.9998894343098989,false,388633,646480,0.9998894343098989
109729184,102723635,0.9097849157345501,false,109729184,102723635,0.9097849157345501
109729184,10586,0.8618950659704321,false,109729184,10586,0.8618950659704321
109729184,1471,0.9627519268308089,false,109729184,1471,0.9627519268308089
109729184,2619,0.7918105051828764,false,109729184,2619,0.7918105051828764
109729184,100130701,0.7823275487659934,false,109729184,100130701,0.7823275487659934
109729184,140766,0.8773781382978207,false,109729184,140766,0.8773781382978207
109729184,9771,0.7921091976892447,false,109729184,9771,0.7921091976892447
109729184,57710,0.9319897966049514,false,109729184,57710,0.9319897966049514
109729184,80381,0.8084550557598156,false,109729184,80381,0.8084550557598156
109729184,105373265,0.9022727163625773,false,109729184,105373265,0.9022727163625773
278,116844,0.7954954962087178,false,278,116844,0.7954954962087178
278,10129,0.8298431289363086,false,278,10129,0.8298431289363086
278,688,0.8150499173371148,false,278,688,0.8150499173371148
278,55930,0.7943307493622861,false,278,55930,0.7943307493622861
278,22996,0.8500369171263013,false,278,22996,0.8500369171263013
278,222256,0.7756465701301235,false,278,222256,0.7756465701301235
278,647024,0.8081117559644837,false,278,647024,0.8081117559644837
278,276,0.9840633473897341,false,278,276,0.9840633473897341
278,94059,0.7953801957832188,false,278,94059,0.7953801957832188
278,26769,0.9346989862723633,false,278,26769,0.9346989862723633
278,153643,0.7598181171217876,false,278,153643,0.7598181171217876
278,112268422,0.8512783643796399,false,278,112268422,0.8512783643796399
278,79740,0.812148339221357,false,278,79740,0.812148339221357
57111,116844,0.8399990626456112,false,57111,116844,0.8399990626456112
57111,10129,0.8986983657915677,false,57111,10129,0.8986983657915677
57111,4586,0.9955179743290838,false,57111,4586,0.9955179743290838
57111,10551,0.996131197060182,false,57111,10551,0.996131197060182
57111,54897,0.7915215451185285,false,57111,54897,0.7915215451185285
57111,117155,0.932354229065401,false,57111,117155,0.932354229065401
57111,112268155,0.9684471825345685,false,57111,112268155,0.9684471825345685
57111,1152,0.9605460812878233,false,57111,1152,0.9605460812878233
57111,79083,0.9935204767858744,false,57111,79083,0.9935204767858744
57111,1556,0.8890161395256122,false,57111,1556,0.8890161395256122
57111,55930,0.9536655900376991,false,57111,55930,0.9536655900376991
57111,22996,0.9431356134382874,false,57111,22996,0.9431356134382874
57111,7113,0.837483470880902,false,57111,7113,0.837483470880902
57111,54861,0.8582018965765004,false,57111,54861,0.8582018965765004
57111,222256,0.810430816647091,false,57111,222256,0.810430816647091
57111,100529240,0.9838519969896996,false,57111,100529240,0.9838519969896996
57111,113218482,0.9759005280991896,false,57111,113218482,0.9759005280991896
57111,647024,0.9656084563570355,false,57111,647024,0.9656084563570355
57111,255928,0.9962508236934804,false,57111,255928,0.9962508236934804
57111,8537,0.9987411614561242,false,57111,8537,0.9987411614561242
57111,10018,0.8342061235880444,false,57111,10018,0.8342061235880444
57111,115019,0.8948411418570917,false,57111,115019,0.8948411418570917
57111,3434,0.8312995016774207,false,57111,3434,0.8312995016774207
57111,168374,0.9137248660753908,false,57111,168374,0.9137248660753908
57111,143884,0.8661444743355416,false,57111,143884,0.8661444743355416
57111,3993,0.8959982256010612,false,57111,3993,0.8959982256010612
57111,389852,0.9326385625985074,false,57111,389852,0.9326385625985074
57111,164312,0.9961048835367972,false,57111,164312,0.9961048835367972
57111,84239,0.7689370716328753,false,57111,84239,0.7689370716328753
57111,2065,0.882722887325281,false,57111,2065,0.882722887325281
57111,135656,0.9948242342432176,false,57111,135656,0.9948242342432176
57111,94059,0.8718916551386805,false,57111,94059,0.8718916551386805
57111,3960,0.8702754808938417,false,57111,3960,0.8702754808938417
57111,23584,0.8076412435060298,false,57111,23584,0.8076412435060298
57111,692213,0.7749043160216126,false,57111,692213,0.7749043160216126
57111,153643,0.9326480074189641,false,57111,153643,0.9326480074189641
57111,112268422,0.8842901845486847,false,57111,112268422,0.8842901845486847
57111,259294,0.9215646804773601,false,57111,259294,0.9215646804773601
57111,2266,0.9879469199432834,false,57111,2266,0.9879469199432834
57111,745,0.9615073524683475,false,57111,745,0.9615073524683475
116844,10129,0.8620271936301886,false,116844,10129,0.8620271936301886
116844,4586,0.8221386089307141,false,116844,4586,0.8221386089307141
116844,10551,0.8220440002357421,false,116844,10551,0.8220440002357421
116844,54897,0.8103583585670375,false,116844,54897,0.8103583585670375
116844,117155,0.868688956590096,false,116844,117155,0.868688956590096
116844,112268155,0.843440065612137,false,116844,112268155,0.843440065612137
116844,1152,0.9045275234966369,false,116844,1152,0.9045275234966369
116844,79083,0.8316434300507405,false,116844,79083,0.8316434300507405
116844,1556,0.8975419891251142,false,116844,1556,0.8975419891251142
116844,55930,0.8146366049532567,false,116844,55930,0.8146366049532567
116844,22996,0.8927507636546435,false,116844,22996,0.8927507636546435
116844,54861,0.9584019623577492,false,116844,54861,0.9584019623577492
116844,222256,0.9631108542581965,false,116844,222256,0.9631108542581965
116844,100529240,0.7881981504986424,false,116844,100529240,0.7881981504986424
116844,113218482,0.9157366863735757,false,116844,113218482,0.9157366863735757
116844,647024,0.8986552598202578,false,116844,647024,0.8986552598202578
116844,255928,0.8212642319682886,false,116844,255928,0.8212642319682886
116844,8537,0.815757038372617,false,116844,8537,0.815757038372617
116844,115019,0.7985934570864316,false,116844,115019,0.7985934570864316
116844,3993,0.7636567288003876,false,116844,3993,0.7636567288003876
116844,164312,0.8058131165245076,false,116844,164312,0.8058131165245076
116844,135656,0.8213690051315153,false,116844,135656,0.8213690051315153
116844,3880,0.9143418707488277,false,116844,3880,0.9143418707488277
116844,23584,0.7802768466208653,false,116844,23584,0.7802768466208653
116844,153643,0.922692090066926,false,116844,153643,0.922692090066926
116844,112268422,0.870151491698019,false,116844,112268422,0.870151491698019
116844,2266,0.7847138252048956,false,116844,2266,0.7847138252048956
116844,745,0.9230729665460892,false,116844,745,0.9230729665460892
10129,4586,0.9181690473338605,false,10129,4586,0.9181690473338605
10129,10551,0.9220815881092079,false,10129,10551,0.9220815881092079
10129,117155,0.9452741809348565,false,10129,117155,0.9452741809348565
10129,112268155,0.8912221420970174,false,10129,112268155,0.8912221420970174
10129,1152,0.8493325768442278,false,10129,1152,0.8493325768442278
10129,79083,0.8998189343461476,false,10129,79083,0.8998189343461476
10129,1556,0.8276001117935878,false,10129,1556,0.8276001117935878
10129,55930,0.9758798960497683,false,10129,55930,0.9758798960497683
10129,22996,0.9533038482394294,false,10129,22996,0.9533038482394294
10129,7113,0.7619857881953365,false,10129,7113,0.7619857881953365
10129,54861,0.8835461127531284,false,10129,54861,0.8835461127531284
10129,100529240,0.9102882365254813,false,10129,100529240,0.9102882365254813
10129,113218482,0.917748991907903,false,10129,113218482,0.917748991907903
10129,647024,0.8579778472678175,false,10129,647024,0.8579778472678175
10129,255928,0.9146777114680679,false,10129,255928,0.9146777114680679
10129,8537,0.8907685966146565,false,10129,8537,0.8907685966146565
10129,10018,0.898542885186295,false,10129,10018,0.898542885186295
10129,115019,0.8723611820084165,false,10129,115019,0.8723611820084165
10129,168374,0.803253528231632,false,10129,168374,0.803253528231632
10129,143884,0.9038359341112767,false,10129,143884,0.9038359341112767
10129,3993,0.894815667364501,false,10129,3993,0.894815667364501
10129,389852,0.8470671735105736,false,10129,389852,0.8470671735105736
10129,164312,0.8647439529069006,false,10129,164312,0.8647439529069006
10129,2065,0.7694255535198513,false,10129,2065,0.7694255535198513
10129,135656,0.9184108002029459,false,10129,135656,0.9184108002029459
10129,94059,0.9681912103573863,false,10129,94059,0.9681912103573863
10129,26769,0.8603384874386207,false,10129,26769,0.8603384874386207
10129,3960,0.8334916254490081,false,10129,3960,0.8334916254490081
10129,23584,0.8134182098898621,false,10129,23584,0.8134182098898621
10129,692213,0.836642289575343,false,10129,692213,0.836642289575343
10129,153643,0.8047385973581898,false,10129,153643,0.8047385973581898
10129,112268422,0.9834014878093862,false,10129,112268422,0.9834014878093862
10129,259294,0.8961904913965578,false,10129,259294,0.8961904913965578
10129,79740,0.8244997400828545,false,10129,79740,0.8244997400828545
10129,2266,0.8992686384405542,false,10129,2266,0.8992686384405542
10129,745,0.8698788432449951,false,10129,745,0.8698788432449951
3929,100158262,0.8608574196563737,false,3929,100158262,0.8608574196563737
3929,727897,0.8399013024651873,false,3929,727897,0.8399013024651873
3929,1604,0.931035093734618,false,3929,1604,0.931035093734618
3929,886,0.9999791875548879,false,3929,886,0.9999791875548879
3929,632,0.9756140077757326,false,3929,632,0.9756140077757326
3929,285429,0.7562120295183204,false,3929,285429,0.7562120295183204
3929,26797,0.9998510465485226,false,3929,26797,0.9998510465485226
3929,4057,0.7524151211696981,false,3929,4057,0.7524151211696981
3929,692209,0.9999926065800019,false,3929,692209,0.9999926065800019
3929,563,0.7822761009747158,false,3929,563,0.7822761009747158
3929,83643,0.9970438214221294,false,3929,83643,0.9970438214221294
3929,498,0.7805940840491082,false,3929,498,0.7805940840491082
3929,284434,0.9972733063552658,false,3929,284434,0.9972733063552658
3929,1028,0.8092050791535952,false,3929,1028,0.8092050791535952
3929,646480,0.9996837677724564,false,3929,646480,0.9996837677724564
387882,102723635,0.7787798213872609,false,387882,102723635,0.7787798213872609
387882,10586,0.770474736967459,false,387882,10586,0.770474736967459
387882,54848,0.7501179303076144,false,387882,54848,0.7501179303076144
387882,1471,0.7805901584387895,false,387882,1471,0.7805901584387895
387882,220136,0.7587944692653055,false,387882,220136,0.7587944692653055
387882,389376,0.7725325656346359,false,387882,389376,0.7725325656346359
387882,80381,0.7632630567932682,false,387882,80381,0.7632630567932682
79148,6532,0.893637000976124,false,79148,6532,0.893637000976124
79148,9411,0.9129549808788695,false,79148,9411,0.9129549808788695
79148,100820829,0.9370352774442299,false,79148,100820829,0.9370352774442299
728276,6101,0.8517065616114734,false,728276,6101,0.8517065616114734
728276,117156,0.8072692865162588,false,728276,117156,0.8072692865162588
728276,105,0.9077834565932759,false,728276,105,0.9077834565932759
728276,1579,0.7768643722454307,false,728276,1579,0.7768643722454307
728276,57477,0.8455149565887511,false,728276,57477,0.8455149565887511
4586,10551,0.9991630263756415,false,4586,10551,0.9991630263756415
4586,54897,0.7896811494710573,false,4586,54897,0.7896811494710573
4586,117155,0.9516746115146599,false,4586,117155,0.9516746115146599
4586,112268155,0.9753679341646367,false,4586,112268155,0.9753679341646367
4586,1152,0.9460089438902717,false,4586,1152,0.9460089438902717
4586,79083,0.9962287098878265,false,4586,79083,0.9962287098878265
4586,1556,0.8911218492313588,false,4586,1556,0.8911218492313588
4586,55930,0.969781838742785,false,4586,55930,0.969781838742785
4586,22996,0.9379413576686659,false,4586,22996,0.9379413576686659
4586,7113,0.8504283059860521,false,4586,7113,0.8504283059860521
4586,54861,0.8577697077577809,false,4586,54861,0.8577697077577809
4586,222256,0.7690162248724609,false,4586,222256,0.7690162248724609
4586,100529240,0.9843263469476056,false,4586,100529240,0.9843263469476056
4586,113218482,0.9748662993220146,false,4586,113218482,0.9748662993220146
4586,647024,0.9401227627093095,false,4586,647024,0.9401227627093095
4586,255928,0.9999448440897521,false,4586,255928,0.9999448440897521
4586,8537,0.9956278263536432,false,4586,8537,0.9956278263536432
4586,10018,0.8727082505352192,false,4586,10018,0.8727082505352192
4586,115019,0.9155450646635487,false,4586,115019,0.9155450646635487
4586,3434,0.7855821707629406,false,4586,3434,0.7855821707629406
4586,168374,0.9221507592206892,false,4586,168374,0.9221507592206892
4586,143884,0.9086296094053434,false,4586,143884,0.9086296094053434
4586,3993,0.9217633259052609,false,4586,3993,0.9217633259052609
4586,389852,0.9514880016541973,false,4586,389852,0.9514880016541973
4586,164312,0.991044264983975,false,4586,164312,0.991044264983975
4586,84239,0.7819304248709452,false,4586,84239,0.7819304248709452
4586,2065,0.8972330245017449,false,4586,2065,0.8972330245017449
4586,135656,0.9999593550646991,false,4586,135656,0.9999593550646991
4586,94059,0.9010575004986132,false,4586,94059,0.9010575004986132
4586,3960,0.9021139476275374,false,4586,3960,0.9021139476275374
4586,23584,0.8362304851021958,false,4586,23584,0.8362304851021958
4586,692213,0.8173959424656145,false,4586,692213,0.8173959424656145
4586,153643,0.9012785308715398,false,4586,153643,0.9012785308715398
4586,112268422,0.8948522803937928,false,4586,112268422,0.8948522803937928
4586,259294,0.9507350458050545,false,4586,259294,0.9507350458050545
4586,2266,0.9913361835586352,false,4586,2266,0.9913361835586352
4586,745,0.9526540024385528,false,4586,745,0.9526540024385528
100158262,1604,0.781486197256307,false,100158262,1604,0.781486197256307
100158262,886,0.8622683053135435,false,100158262,886,0.8622683053135435
100158262,632,0.7912552889096421,false,100158262,632,0.7912552889096421
100158262,26797,0.8542479289388967,false,100158262,26797,0.8542479289388967
100158262,342892,0.9170520014467171,false,100158262,342892,0.9170520014467171
100158262,692209,0.8599994568345316,false,100158262,692209,0.8599994568345316
100158262,83643,0.8440773821346583,false,100158262,83643,0.8440773821346583
100158262,284434,0.8497815788338253,false,100158262,284434,0.8497815788338253
100158262,646480,0.8633757569678335,false,100158262,646480,0.8633757569678335
100158262,79740,0.8394740518846592,false,100158262,79740,0.8394740518846592
10551,54897,0.7697644534624,false,10551,54897,0.7697644534624
10551,117155,0.9443761314830998,false,10551,117155,0.9443761314830998
10551,112268155,0.9687137898486696,false,10551,112268155,0.9687137898486696
10551,1152,0.9419400657042881,false,10551,1152,0.9419400657042881
10551,79083,0.9928023439521466,false,10551,79083,0.9928023439521466
10551,1556,0.8778621474601894,false,10551,1556,0.8778621474601894
10551,55930,0.9734427236004887,false,10551,55930,0.9734427236004887
10551,22996,0.9460663314063728,false,10551,22996,0.9460663314063728
10551,7113,0.8397282330344431,false,10551,7113,0.8397282330344431
10551,54861,0.8503933556000978,false,10551,54861,0.8503933556000978
10551,222256,0.7732680426092299,false,10551,222256,0.7732680426092299
10551,100529240,0.9887956053832823,false,10551,100529240,0.9887956053832823
10551,113218482,0.9703986623194416,false,10551,113218482,0.9703986623194416
10551,647024,0.946443399003128,false,10551,647024,0.946443399003128
10551,255928,0.9991705090020452,false,10551,255928,0.9991705090020452
10551,8537,0.9964656773343686,false,10551,8537,0.9964656773343686
10551,10018,0.8723109453388816,false,10551,10018,0.8723109453388816
10551,115019,0.9054442042346066,false,10551,115019,0.9054442042346066
10551,3434,0.7903664642358238,false,10551,3434,0.7903664642358238
10551,168374,0.9145814739241377,false,10551,168374,0.9145814739241377
10551,143884,0.9015437228425853,false,10551,143884,0.9015437228425853
10551,3993,0.9148641152206316,false,10551,3993,0.9148641152206316
10551,389852,0.9475533685522735,false,10551,389852,0.9475533685522735
10551,164312,0.9900215960335622,false,10551,164312,0.9900215960335622
10551,84239,0.7633685829623863,false,10551,84239,0.7633685829623863
10551,2065,0.894991550488936,false,10551,2065,0.894991550488936
10551,135656,0.99879898624569,false,10551,135656,0.99879898624569
10551,94059,0.9083372143226777,false,10551,94059,0.9083372143226777
10551,26769,0.7713071852542256,false,10551,26769,0.7713071852542256
10551,3960,0.8964956007382154,false,10551,3960,0.8964956007382154
10551,23584,0.8181327947639311,false,10551,23584,0.8181327947639311
10551,692213,0.8168730083953321,false,10551,692213,0.8168730083953321
10551,153643,0.903525273511795,false,10551,153643,0.903525273511795
10551,112268422,0.9022900478787836,false,10551,112268422,0.9022900478787836
10551,259294,0.9451489811195819,false,10551,259294,0.9451489811195819
10551,2266,0.991925892681908,false,10551,2266,0.991925892681908
10551,745,0.9463446342573693,false,10551,745,0.9463446342573693
130271,101927516,0.7572207177373489,false,130271,101927516,0.7572207177373489
130271,27074,0.8293606816397304,false,130271,27074,0.8293606816397304
130271,66002,0.7925306263724026,false,130271,66002,0.7925306263724026
130271,79632,0.7717941731241994,false,130271,79632,0.7717941731241994
130271,100505495,0.7658257192781522,false,130271,100505495,0.7658257192781522
130271,151531,0.7599843504996864,false,130271,151531,0.7599843504996864
130271,2122,0.8037562746932057,false,130271,2122,0.8037562746932057
130271,84059,0.8515281690930084,false,130271,84059,0.8515281690930084
130271,121512,0.7563665245383262,false,130271,121512,0.7563665245383262
130271,6097,0.831240566021081,false,130271,6097,0.831240566021081
130271,123624,0.8265246532777876,false,130271,123624,0.8265246532777876
130271,776,0.8610613960470137,false,130271,776,0.8610613960470137
130271,84525,0.8862291029418252,false,130271,84525,0.8862291029418252
130271,4861,0.7883788403582592,false,130271,4861,0.7883788403582592
130271,10203,0.8003761956196908,false,130271,10203,0.8003761956196908
130271,56955,0.8436877252406174,false,130271,56955,0.8436877252406174
130271,55282,0.9200596036249993,false,130271,55282,0.9200596036249993
130271,79098,0.8041389362171175,false,130271,79098,0.8041389362171175
130271,649946,0.8563109188477921,false,130271,649946,0.8563109188477921
130271,144571,0.7901676714892019,false,130271,144571,0.7901676714892019
130271,165186,0.8214612604520548,false,130271,165186,0.8214612604520548
130271,102465485,0.7926355509973885,false,130271,102465485,0.7926355509973885
101927516,285,0.9689219783999853,false,101927516,285,0.9689219783999853
101927516,27074,0.9324659353350326,false,101927516,27074,0.9324659353350326
101927516,100996506,0.9259700752807954,false,101927516,100996506,0.9259700752807954
101927516,66002,0.9271053168432775,false,101927516,66002,0.9271053168432775
101927516,79632,0.9291892864306989,false,101927516,79632,0.9291892864306989
101927516,100505495,0.9886153875462224,false,101927516,100505495,0.9886153875462224
101927516,7620,0.8330120241019435,false,101927516,7620,0.8330120241019435
101927516,4179,0.7924636129075602,false,101927516,4179,0.7924636129075602
101927516,9476,0.9314684757237712,false,101927516,9476,0.9314684757237712
101927516,151531,0.9091793134484403,false,101927516,151531,0.9091793134484403
101927516,105371242,0.8253830259639809,false,101927516,105371242,0.8253830259639809
101927516,692058,0.7838583806755535,false,101927516,692058,0.7838583806755535
101927516,2122,0.9933704264487969,false,101927516,2122,0.9933704264487969
101927516,84059,0.9087491885107248,false,101927516,84059,0.9087491885107248
101927516,121512,0.8440666436983444,false,101927516,121512,0.8440666436983444
101927516,6097,0.9664958435135178,false,101927516,6097,0.9664958435135178
101927516,120892,0.9678510370247977,false,101927516,120892,0.9678510370247977
101927516,113219467,0.8458670214432756,false,101927516,113219467,0.8458670214432756
101927516,123624,0.9872498034032298,false,101927516,123624,0.9872498034032298
101927516,391253,0.988821131458507,false,101927516,391253,0.988821131458507
101927516,693188,0.9803547373725339,false,101927516,693188,0.9803547373725339
101927516,353189,0.9064809292507123,false,101927516,353189,0.9064809292507123
101927516,776,0.87581675473739,false,101927516,776,0.87581675473739
101927516,84851,0.9649267886691867,false,101927516,84851,0.9649267886691867
101927516,84525,0.8895549960727084,false,101927516,84525,0.8895549960727084
101927516,4861,0.9934085218768577,false,101927516,4861,0.9934085218768577
101927516,10203,0.977174749336927,false,101927516,10203,0.977174749336927
101927516,1080,0.9062034932701292,false,101927516,1080,0.9062034932701292
101927516,65217,0.814311147206686,false,101927516,65217,0.814311147206686
101927516,105372793,0.9372717037683691,false,101927516,105372793,0.9372717037683691
101927516,56955,0.9875629601933473,false,101927516,56955,0.9875629601933473
101927516,653509,0.811062283805504,false,101927516,653509,0.811062283805504
101927516,55282,0.9012753728073142,false,101927516,55282,0.9012753728073142
101927516,79098,0.9734300247579883,false,101927516,79098,0.9734300247579883
101927516,144535,0.9468851732037348,false,101927516,144535,0.9468851732037348
101927516,649946,0.9538701271271269,false,101927516,649946,0.9538701271271269
101927516,144571,0.9773344843416611,false,101927516,144571,0.9773344843416611
101927516,165186,0.9938689033455778,false,101927516,165186,0.9938689033455778
101927516,102465485,0.9514324993670787,false,101927516,102465485,0.9514324993670787
101927516,100033436,0.9832903297919721,false,101927516,100033436,0.9832903297919721
102723635,5545,0.8711865798940197,false,102723635,5545,0.8711865798940197
102723635,100506755,0.8120663479574785,false,102723635,100506755,0.8120663479574785
102723635,10586,0.9874200076154925,false,102723635,10586,0.9874200076154925
102723635,1471,0.8457841665980118,false,102723635,1471,0.8457841665980118
102723635,2619,0.9713847346090766,false,102723635,2619,0.9713847346090766
102723635,654433,0.8294900792608099,false,102723635,654433,0.8294900792608099
102723635,140766,0.9634628877799376,false,102723635,140766,0.9634628877799376
102723635,57710,0.8790545554841728,false,102723635,57710,0.8790545554841728
102723635,9370,0.8888513749235423,false,102723635,9370,0.8888513749235423
102723635,80381,0.8458161428617591,false,102723635,80381,0.8458161428617591
102723635,123872,0.8154555696058513,false,102723635,123872,0.8154555696058513
102723635,219793,0.7829291545864956,false,102723635,219793,0.7829291545864956
102723635,100874095,0.8888513749235423,false,102723635,100874095,0.8888513749235423
688,222256,0.8005678263132094,false,688,222256,0.8005678263132094
688,647024,0.8292081147241063,false,688,647024,0.8292081147241063
688,276,0.8565311743164726,false,688,276,0.8565311743164726
688,1043,0.8819264731969937,false,688,1043,0.8819264731969937
688,153643,0.8271330123265611,false,688,153643,0.8271330123265611
6101,1579,0.8792188273573472,false,6101,1579,0.8792188273573472
6101,57477,0.7695846254627489,false,6101,57477,0.7695846254627489
378938,285,0.8001665056967716,false,378938,285,0.8001665056967716
378938,66002,0.8633416810999166,false,378938,66002,0.8633416810999166
378938,7620,0.9436963533608838,false,378938,7620,0.9436963533608838
378938,105180391,0.9331870995457117,false,378938,105180391,0.9331870995457117
378938,151531,0.8650291573814229,false,378938,151531,0.8650291573814229
378938,10018,0.8497287089705146,false,378938,10018,0.8497287089705146
378938,201625,0.8132392719182262,false,378938,201625,0.8132392719182262
378938,105180390,0.9246174019928634,false,378938,105180390,0.9246174019928634
378938,692058,0.9391123716268325,false,378938,692058,0.9391123716268325
378938,645843,0.9600995086060525,false,378938,645843,0.9600995086060525
378938,143884,0.7677701226246479,false,378938,143884,0.7677701226246479
378938,121512,0.9385127923316712,false,378938,121512,0.9385127923316712
378938,3993,0.753833733430511,false,378938,3993,0.753833733430511
378938,2065,0.7572657913450358,false,378938,2065,0.7572657913450358
378938,776,0.8424342569621351,false,378938,776,0.8424342569621351
378938,3960,0.8192310879812369,false,378938,3960,0.8192310879812369
378938,284323,0.9650443132344928,false,378938,284323,0.9650443132344928
378938,65217,0.9072469664940636,false,378938,65217,0.9072469664940636
378938,692213,0.9068581925081637,false,378938,692213,0.9068581925081637
378938,440352,0.7953222784785441,false,378938,440352,0.7953222784785441
54897,117155,0.8255209701817021,false,54897,117155,0.8255209701817021
54897,112268155,0.8265988714776997,false,54897,112268155,0.8265988714776997
54897,1152,0.9056316027439977,false,54897,1152,0.9056316027439977
54897,79083,0.8372706262390535,false,54897,79083,0.8372706262390535
54897,1556,0.9050407701779539,false,54897,1556,0.9050407701779539
54897,54861,0.9125428662049626,false,54897,54861,0.9125428662049626
54897,222256,0.7631108855173295,false,54897,222256,0.7631108855173295
54897,113218482,0.8700993829426796,false,54897,113218482,0.8700993829426796
54897,255928,0.7892662563007908,false,54897,255928,0.7892662563007908
54897,8537,0.7708182314684437,false,54897,8537,0.7708182314684437
54897,115019,0.7730522905985286,false,54897,115019,0.7730522905985286
54897,164312,0.8050627086722393,false,54897,164312,0.8050627086722393
54897,84239,0.78209260120832,false,54897,84239,0.78209260120832
54897,135656,0.7924939224773914,false,54897,135656,0.7924939224773914
54897,3880,0.781200967946458,false,54897,3880,0.781200967946458
54897,23584,0.8352991221392118,false,54897,23584,0.8352991221392118
54897,153643,0.7845820221972012,false,54897,153643,0.7845820221972012
54897,2266,0.7783668048945253,false,54897,2266,0.7783668048945253
54897,745,0.9082806639205017,false,54897,745,0.9082806639205017
5545,10586,0.9356264154016322,false,5545,10586,0.9356264154016322
5545,2619,0.9454364934775832,false,5545,2619,0.9454364934775832
5545,654433,0.9630608074942852,false,5545,654433,0.9630608074942852
5545,140766,0.7679914130569233,false,5545,140766,0.7679914130569233
5545,9370,0.9974840616712526,false,5545,9370,0.9974840616712526
5545,80381,0.8833671548778604,false,5545,80381,0.8833671548778604
5545,4069,0.751622302182281,false,5545,4069,0.751622302182281
5545,100874095,0.9974840616712526,false,5545,100874095,0.9974840616712526
285,27074,0.91674354283884,false,285,27074,0.91674354283884
285,100996506,0.9235542166398325,false,285,100996506,0.9235542166398325
285,66002,0.9763212584050901,false,285,66002,0.9763212584050901
285,79632,0.881611552259768,false,285,79632,0.881611552259768
285,100505495,0.9746078103007798,false,285,100505495,0.9746078103007798
285,7620,0.9338725044350449,false,285,7620,0.9338725044350449
285,9476,0.8863655116684624,false,285,9476,0.8863655116684624
285,151531,0.9664859754236151,false,285,151531,0.9664859754236151
285,201625,0.7936064801460323,false,285,201625,0.7936064801460323
285,105371242,0.7867243529416074,false,285,105371242,0.7867243529416074
285,692058,0.9074649281104002,false,285,692058,0.9074649281104002
285,2122,0.965515844692879,false,285,2122,0.965515844692879
285,84059,0.8282191679511093,false,285,84059,0.8282191679511093
285,121512,0.9319871777708024,false,285,121512,0.9319871777708024
285,6097,0.8958392854344338,false,285,6097,0.8958392854344338
285,120892,0.9168935286108232,false,285,120892,0.9168935286108232
285,113219467,0.7650197703803985,false,285,113219467,0.7650197703803985
285,123624,0.9604474391399928,false,285,123624,0.9604474391399928
285,391253,0.963831894651251,false,285,391253,0.963831894651251
285,693188,0.9619062173745356,false,285,693188,0.9619062173745356
285,353189,0.902965512579252,false,285,353189,0.902965512579252
285,776,0.9267281012458849,false,285,776,0.9267281012458849
285,84851,0.9627332461506651,false,285,84851,0.9627332461506651
285,84525,0.7908910541519797,false,285,84525,0.7908910541519797
285,4861,0.9806567643743036,false,285,4861,0.9806567643743036
285,10203,0.9226117337969747,false,285,10203,0.9226117337969747
285,284323,0.7943406295022737,false,285,284323,0.7943406295022737
285,1080,0.832952620550125,false,285,1080,0.832952620550125
285,65217,0.9138728641648521,false,285,65217,0.9138728641648521
285,105372793,0.929849402695674,false,285,105372793,0.929849402695674
285,56955,0.9522421738819099,false,285,56955,0.9522421738819099
285,55282,0.8059218021932869,false,285,55282,0.8059218021932869
285,79098,0.9624886657325095,false,285,79098,0.9624886657325095
285,144535,0.89306598348835,false,285,144535,0.89306598348835
285,649946,0.9221791614034287,false,285,649946,0.9221791614034287
285,144571,0.8975269844927278,false,285,144571,0.8975269844927278
285,165186,0.9612476544238795,false,285,165186,0.9612476544238795
285,102465485,0.8905353403537448,false,285,102465485,0.8905353403537448
285,100033436,0.9571370949425327,false,285,100033436,0.9571370949425327
6532,9411,0.8159873896880792,false,6532,9411,0.8159873896880792
6532,100820829,0.9399470911861684,false,6532,100820829,0.9399470911861684
117155,112268155,0.9773459539248748,false,117155,112268155,0.9773459539248748
117155,1152,0.9031097520386305,false,117155,1152,0.9031097520386305
117155,79083,0.9509379786654457,false,117155,79083,0.9509379786654457
117155,1556,0.9528706717153674,false,117155,1556,0.9528706717153674
117155,55930,0.9547926744265056,false,117155,55930,0.9547926744265056
117155,22996,0.8906777348423306,false,117155,22996,0.8906777348423306
117155,7113,0.904678526534657,false,117155,7113,0.904678526534657
117155,54861,0.9121886845425202,false,117155,54861,0.9121886845425202
117155,222256,0.7534522699580576,false,117155,222256,0.7534522699580576
117155,100529240,0.8975982465053297,false,117155,100529240,0.8975982465053297
117155,113218482,0.9724934021360823,false,117155,113218482,0.9724934021360823
117155,647024,0.8661425506021295,false,117155,647024,0.8661425506021295
117155,255928,0.9495009400394756,false,117155,255928,0.9495009400394756
117155,8537,0.9271813231232142,false,117155,8537,0.9271813231232142
117155,10018,0.9083979272724744,false,117155,10018,0.9083979272724744
117155,115019,0.9751309319735523,false,117155,115019,0.9751309319735523
117155,105180390,0.7638114329181537,false,117155,105180390,0.7638114329181537
117155,168374,0.9250519778865532,false,117155,168374,0.9250519778865532
117155,143884,0.9430168388447303,false,117155,143884,0.9430168388447303
117155,3993,0.9700060675352552,false,117155,3993,0.9700060675352552
117155,389852,0.9225453800643207,false,117155,389852,0.9225453800643207
117155,164312,0.9140255578810369,false,117155,164312,0.9140255578810369
117155,84239,0.877644896933106,false,117155,84239,0.877644896933106
117155,2065,0.8585066117342661,false,117155,2065,0.8585066117342661
117155,135656,0.9535099079233177,false,117155,135656,0.9535099079233177
117155,94059,0.8950849820512978,false,117155,94059,0.8950849820512978
117155,3960,0.9092408418384197,false,117155,3960,0.9092408418384197
117155,23584,0.9494748463141715,false,117155,23584,0.9494748463141715
117155,692213,0.8558666032804789,false,117155,692213,0.8558666032804789
117155,153643,0.8545990501539898,false,117155,153643,0.8545990501539898
117155,112268422,0.8936656673014433,false,117155,112268422,0.8936656673014433
117155,259294,0.9546807977736976,false,117155,259294,0.9546807977736976
117155,2266,0.9148365135569301,false,117155,2266,0.9148365135569301
117155,745,0.9444265736802941,false,117155,745,0.9444265736802941
117155,440352,0.8606682261700447,false,117155,440352,0.8606682261700447
727897,1767,0.8324267731687821,false,727897,1767,0.8324267731687821
727897,1604,0.8980669078887885,false,727897,1604,0.8980669078887885
727897,886,0.8409657211570886,false,727897,886,0.8409657211570886
727897,632,0.7826121954768149,false,727897,632,0.7826121954768149
727897,26797,0.8479147511835574,false,727897,26797,0.8479147511835574
727897,4057,0.9860817535671871,false,727897,4057,0.9860817535671871
727897,112577518,0.9244603167376884,false,727897,112577518,0.9244603167376884
727897,692209,0.8392502566122362,false,727897,692209,0.8392502566122362
727897,563,0.9941235884416109,false,727897,563,0.9941235884416109
727897,83643,0.8142084627337967,false,727897,83643,0.8142084627337967
727897,4069,0.8247474632836457,false,727897,4069,0.8247474632836457
727897,498,0.8787847246637714,false,727897,498,0.8787847246637714
727897,284434,0.8306230040625833,false,727897,284434,0.8306230040625833
727897,646480,0.838606314752633,false,727897,646480,0.838606314752633
112268155,1152,0.9294249720526511,false,112268155,1152,0.9294249720526511
112268155,79083,0.976774340339714,false,112268155,79083,0.976774340339714
112268155,1556,0.9583933770253319,false,112268155,1556,0.9583933770253319
112268155,55930,0.9414140228096989,false,112268155,55930,0.9414140228096989
112268155,22996,0.8769396869890691,false,112268155,22996,0.8769396869890691
112268155,7113,0.9376830835305544,false,112268155,7113,0.9376830835305544
112268155,54861,0.8690335806325976,false,112268155,54861,0.8690335806325976
112268155,222256,0.7710891127067405,false,112268155,222256,0.7710891127067405
112268155,105180391,0.7541769153858676,false,112268155,105180391,0.7541769153858676
112268155,100529240,0.9216677605365937,false,112268155,100529240,0.9216677605365937
112268155,113218482,0.9815165007904068,false,112268155,113218482,0.9815165007904068
112268155,647024,0.91234925999665,false,112268155,647024,0.91234925999665
112268155,255928,0.9753455274589434,false,112268155,255928,0.9753455274589434
112268155,8537,0.9682887454986916,false,112268155,8537,0.9682887454986916
112268155,10018,0.8839641889274709,false,112268155,10018,0.8839641889274709
112268155,115019,0.9752695216284155,false,112268155,115019,0.9752695216284155
112268155,105180390,0.7833556149994482,false,112268155,105180390,0.7833556149994482
112268155,168374,0.9727350229839734,false,112268155,168374,0.9727350229839734
112268155,143884,0.9132920362282717,false,112268155,143884,0.9132920362282717
112268155,3993,0.9654752916531845,false,112268155,3993,0.9654752916531845
112268155,389852,0.9593151759912864,false,112268155,389852,0.9593151759912864
112268155,164312,0.9609028408121144,false,112268155,164312,0.9609028408121144
112268155,84239,0.8994769424927471,false,112268155,84239,0.8994769424927471
112268155,2065,0.91810341034732,false,112268155,2065,0.91810341034732
112268155,135656,0.9763696577235365,false,112268155,135656,0.9763696577235365
112268155,94059,0.8525498624304998,false,112268155,94059,0.8525498624304998
112268155,3960,0.9257538447309819,false,112268155,3960,0.9257538447309819
112268155,23584,0.9232993588324115,false,112268155,23584,0.9232993588324115
112268155,692213,0.8380265226103905,false,112268155,692213,0.8380265226103905
112268155,153643,0.9077327910741189,false,112268155,153643,0.9077327910741189
112268155,112268422,0.838071939559667,false,112268155,112268422,0.838071939559667
112268155,259294,0.9580969247788411,false,112268155,259294,0.9580969247788411
112268155,2266,0.9409267020572113,false,112268155,2266,0.9409267020572113
112268155,745,0.9644947144778896,false,112268155,745,0.9644947144778896
112268155,440352,0.8176549099916742,false,112268155,440352,0.8176549099916742
1152,79083,0.9647467517197033,false,1152,79083,0.9647467517197033
1152,1556,0.9163432236934448,false,1152,1556,0.9163432236934448
1152,55930,0.8721660319593944,false,1152,55930,0.8721660319593944
1152,22996,0.9259393801111895,false,1152,22996,0.9259393801111895
1152,7113,0.765347317462522,false,1152,7113,0.765347317462522
1152,54861,0.9359410276119002,false,1152,54861,0.9359410276119002
1152,222256,0.8933498955852808,false,1152,222256,0.8933498955852808
1152,100529240,0.9294901175952228,false,1152,100529240,0.9294901175952228
1152,113218482,0.9749621726823846,false,1152,113218482,0.9749621726823846
1152,647024,0.9526341141571133,false,1152,647024,0.9526341141571133
1152,255928,0.9467710458289902,false,1152,255928,0.9467710458289902
1152,8537,0.9470030726391941,false,1152,8537,0.9470030726391941
1152,115019,0.8389088859602954,false,1152,115019,0.8389088859602954
1152,3434,0.8869996250518953,false,1152,3434,0.8869996250518953
1152,168374,0.8356726868252007,false,1152,168374,0.8356726868252007
1152,143884,0.7687859078338519,false,1152,143884,0.7687859078338519
1152,3993,0.8108819497426962,false,1152,3993,0.8108819497426962
1152,389852,0.8223372930686065,false,1152,389852,0.8223372930686065
1152,164312,0.960364950967134,false,1152,164312,0.960364950967134
1152,84239,0.7534647944277574,false,1152,84239,0.7534647944277574
1152,135656,0.9456776641636039,false,1152,135656,0.9456776641636039
1152,3880,0.8405515067854187,false,1152,3880,0.8405515067854187
1152,94059,0.7599831665156135,false,1152,94059,0.7599831665156135
1152,23584,0.7990407150742593,false,1152,23584,0.7990407150742593
1152,153643,0.9473310210650634,false,1152,153643,0.9473310210650634
1152,112268422,0.8596423985409134,false,1152,112268422,0.8596423985409134
1152,259294,0.8229092704323783,false,1152,259294,0.8229092704323783
1152,2266,0.9426324273266359,false,1152,2266,0.9426324273266359
1152,745,0.988711755723182,false,1152,745,0.988711755723182
27074,66002,0.9438987547744492,false,27074,66002,0.9438987547744492
27074,79632,0.9800643640717877,false,27074,79632,0.9800643640717877
27074,100505495,0.9094950308108389,false,27074,100505495,0.9094950308108389
27074,7620,0.832399509712805,false,27074,7620,0.832399509712805
27074,9476,0.9606391651450197,false,27074,9476,0.9606391651450197
27074,151531,0.9469814800395101,false,27074,151531,0.9469814800395101
27074,2122,0.9663429899562074,false,27074,2122,0.9663429899562074
27074,84059,0.9455206065867207,false,27074,84059,0.9455206065867207
27074,121512,0.8946678759920051,false,27074,121512,0.8946678759920051
27074,6097,0.9620073169682248,false,27074,6097,0.9620073169682248
27074,120892,0.9577252508270448,false,27074,120892,0.9577252508270448
27074,123624,0.975245404170721,false,27074,123624,0.975245404170721
27074,391253,0.9643328318028824,false,27074,391253,0.9643328318028824
27074,693188,0.8832160263903573,false,27074,693188,0.8832160263903573
27074,6799,0.8087253152595698,false,27074,6799,0.8087253152595698
27074,389376,0.7569363485109464,false,27074,389376,0.7569363485109464
27074,353189,0.9457234989651635,false,27074,353189,0.9457234989651635
27074,776,0.9001644342845957,false,27074,776,0.9001644342845957
27074,84851,0.8428466753497413,false,27074,84851,0.8428466753497413
27074,84525,0.9009173263458792,false,27074,84525,0.9009173263458792
27074,4861,0.9479144668814532,false,27074,4861,0.9479144668814532
27074,10203,0.9242472499327364,false,27074,10203,0.9242472499327364
27074,1080,0.8909270576524643,false,27074,1080,0.8909270576524643
27074,65217,0.7969719985372851,false,27074,65217,0.7969719985372851
27074,105372793,0.7715397003936647,false,27074,105372793,0.7715397003936647
27074,56955,0.9466904524854576,false,27074,56955,0.9466904524854576
27074,653509,0.8681755790154819,false,27074,653509,0.8681755790154819
27074,55282,0.8802164213718516,false,27074,55282,0.8802164213718516
27074,79098,0.9795358013716954,false,27074,79098,0.9795358013716954
27074,144535,0.904023951434239,false,27074,144535,0.904023951434239
27074,649946,0.9238841199705078,false,27074,649946,0.9238841199705078
27074,144571,0.9111643363112849,false,27074,144571,0.9111643363112849
27074,165186,0.9490432048635058,false,27074,165186,0.9490432048635058
27074,102465485,0.8572500168322635,false,27074,102465485,0.8572500168322635
27074,100033436,0.8725418793160998,false,27074,100033436,0.8725418793160998
100996506,66002,0.8304755239758586,false,100996506,66002,0.8304755239758586
100996506,100505495,0.9307524277969131,false,100996506,100505495,0.9307524277969131
100996506,7620,0.8015721065900945,false,100996506,7620,0.8015721065900945
100996506,4179,0.9434856293325332,false,100996506,4179,0.9434856293325332
100996506,9476,0.7518210731741125,false,100996506,9476,0.7518210731741125
100996506,151531,0.7964291339010308,false,100996506,151531,0.7964291339010308
100996506,201625,0.8123191190361869,false,100996506,201625,0.8123191190361869
100996506,105371242,0.8011383146757906,false,100996506,105371242,0.8011383146757906
100996506,692058,0.8269336591305889,false,100996506,692058,0.8269336591305889
100996506,2122,0.8810479914967768,false,100996506,2122,0.8810479914967768
100996506,121512,0.7543348553389853,false,100996506,121512,0.7543348553389853
100996506,6097,0.8099469537861947,false,100996506,6097,0.8099469537861947
100996506,120892,0.8381952930455964,false,100996506,120892,0.8381952930455964
100996506,113219467,0.8058181465753796,false,100996506,113219467,0.8058181465753796
100996506,123624,0.863065595084426,false,100996506,123624,0.863065595084426
100996506,391253,0.8728143452708619,false,100996506,391253,0.8728143452708619
100996506,693188,0.9370954066845527,false,100996506,693188,0.9370954066845527
100996506,776,0.7728785255249767,false,100996506,776,0.7728785255249767
100996506,84851,0.9764882407941289,false,100996506,84851,0.9764882407941289
100996506,4861,0.9061061556314559,false,100996506,4861,0.9061061556314559
100996506,10203,0.8632131866600126,false,100996506,10203,0.8632131866600126
100996506,1080,0.7769412320760147,false,100996506,1080,0.7769412320760147
100996506,65217,0.7926973571429975,false,100996506,65217,0.7926973571429975
100996506,105372793,0.9925427662102012,false,100996506,105372793,0.9925427662102012
100996506,56955,0.8827982196174408,false,100996506,56955,0.8827982196174408
100996506,55282,0.7510363494631841,false,100996506,55282,0.7510363494631841
100996506,79098,0.8347258005379689,false,100996506,79098,0.8347258005379689
100996506,144535,0.8605271371304175,false,100996506,144535,0.8605271371304175
100996506,649946,0.8675444470405247,false,100996506,649946,0.8675444470405247
100996506,144571,0.8775736230267641,false,100996506,144571,0.8775736230267641
100996506,165186,0.8954912187343715,false,100996506,165186,0.8954912187343715
100996506,102465485,0.9101867929803098,false,100996506,102465485,0.9101867929803098
100996506,100033436,0.9672589620183795,false,100996506,100033436,0.9672589620183795
100506755,10586,0.7705648639198608,false,100506755,10586,0.7705648639198608
100506755,2619,0.799013887077158,false,100506755,2619,0.799013887077158
100506755,140766,0.9236739527928243,false,100506755,140766,0.9236739527928243
100506755,57710,0.7953731090664182,false,100506755,57710,0.7953731090664182
100506755,123872,0.9708292374652889,false,100506755,123872,0.9708292374652889
100506755,219793,0.8070640285896415,false,100506755,219793,0.8070640285896415
79083,1556,0.9093362651827018,false,79083,1556,0.9093362651827018
79083,55930,0.9496031677439148,false,79083,55930,0.9496031677439148
79083,22996,0.9283790113139622,false,79083,22996,0.9283790113139622
79083,7113,0.845414373860122,false,79083,7113,0.845414373860122
79083,54861,0.8787094263022013,false,79083,54861,0.8787094263022013
79083,222256,0.7830769127375008,false,79083,222256,0.7830769127375008
79083,100529240,0.9760908915011463,false,79083,100529240,0.9760908915011463
79083,113218482,0.9815886039170026,false,79083,113218482,0.9815886039170026
79083,647024,0.937273096753712,false,79083,647024,0.937273096753712
79083,255928,0.9963283149372532,false,79083,255928,0.9963283149372532
79083,8537,0.9913186566368171,false,79083,8537,0.9913186566368171
79083,10018,0.8405553026253957,false,79083,10018,0.8405553026253957
79083,115019,0.912180431234099,false,79083,115019,0.912180431234099
79083,3434,0.8083881369552635,false,79083,3434,0.8083881369552635
79083,168374,0.9168210224053533,false,79083,168374,0.9168210224053533
79083,143884,0.8944353350866717,false,79083,143884,0.8944353350866717
79083,3993,0.9090053510751789,false,79083,3993,0.9090053510751789
79083,389852,0.9373805273217822,false,79083,389852,0.9373805273217822
79083,164312,0.993456054762997,false,79083,164312,0.993456054762997
79083,84239,0.7951640067427512,false,79083,84239,0.7951640067427512
79083,2065,0.8763497620920846,false,79083,2065,0.8763497620920846
79083,135656,0.9965043206565254,false,79083,135656,0.9965043206565254
79083,94059,0.868340571628766,false,79083,94059,0.868340571628766
79083,3960,0.8823188901693441,false,79083,3960,0.8823188901693441
79083,23584,0.8479442357129184,false,79083,23584,0.8479442357129184
79083,692213,0.7799967858804934,false,79083,692213,0.7799967858804934
79083,153643,0.9071780079086732,false,79083,153643,0.9071780079086732
79083,112268422,0.8796426274818153,false,79083,112268422,0.8796426274818153
79083,259294,0.9376715406797164,false,79083,259294,0.9376715406797164
79083,2266,0.9892240343816338,false,79083,2266,0.9892240343816338
79083,745,0.9684458940603649,false,79083,745,0.9684458940603649
66002,79632,0.8834328584787023,false,66002,79632,0.8834328584787023
66002,100505495,0.9385999388226507,false,66002,100505495,0.9385999388226507
66002,7620,0.966975843517765,false,66002,7620,0.966975843517765
66002,105180391,0.7723658737953507,false,66002,105180391,0.7723658737953507
66002,9476,0.8683511667933503,false,66002,9476,0.8683511667933503
66002,151531,0.995711385803514,false,66002,151531,0.995711385803514
66002,692058,0.8991631463577818,false,66002,692058,0.8991631463577818
66002,645843,0.8161872694873993,false,66002,645843,0.8161872694873993
66002,2122,0.9467743567903932,false,66002,2122,0.9467743567903932
66002,84059,0.834020843610997,false,66002,84059,0.834020843610997
66002,121512,0.981811765911497,false,66002,121512,0.981811765911497
66002,6097,0.8811470861617542,false,66002,6097,0.8811470861617542
66002,120892,0.8884521247997754,false,66002,120892,0.8884521247997754
66002,123624,0.9515508574812966,false,66002,123624,0.9515508574812966
66002,391253,0.9367709282879199,false,66002,391253,0.9367709282879199
66002,693188,0.894890645215675,false,66002,693188,0.894890645215675
66002,353189,0.8902235719089675,false,66002,353189,0.8902235719089675
66002,776,0.9751535909671221,false,66002,776,0.9751535909671221
66002,84851,0.8875322508526717,false,66002,84851,0.8875322508526717
66002,84525,0.7934953265292821,false,66002,84525,0.7934953265292821
66002,4861,0.9580610401348285,false,66002,4861,0.9580610401348285
66002,10203,0.8924579088030227,false,66002,10203,0.8924579088030227
66002,284323,0.887048277157814,false,66002,284323,0.887048277157814
66002,1080,0.7781455282582506,false,66002,1080,0.7781455282582506
66002,65217,0.9477185533680775,false,66002,65217,0.9477185533680775
66002,105372793,0.8339311542330261,false,66002,105372793,0.8339311542330261
66002,56955,0.9361154312754171,false,66002,56955,0.9361154312754171
66002,55282,0.8069253028110325,false,66002,55282,0.8069253028110325
66002,79098,0.9625644880930188,false,66002,79098,0.9625644880930188
66002,144535,0.8434357692236001,false,66002,144535,0.8434357692236001
66002,649946,0.9145977904146451,false,66002,649946,0.9145977904146451
66002,144571,0.851886056754827,false,66002,144571,0.851886056754827
66002,165186,0.9392361475017921,false,66002,165186,0.9392361475017921
66002,102465485,0.8439425835493902,false,66002,102465485,0.8439425835493902
66002,100033436,0.8913883853993984,false,66002,100033436,0.8913883853993984
1556,55930,0.842765984987364,false,1556,55930,0.842765984987364
1556,22996,0.8059673393013167,false,1556,22996,0.8059673393013167
1556,7113,0.9182944957082411,false,1556,7113,0.9182944957082411
1556,54861,0.9199166277738711,false,1556,54861,0.9199166277738711
1556,222256,0.8206589158977498,false,1556,222256,0.8206589158977498
1556,100529240,0.8086610747965453,false,1556,100529240,0.8086610747965453
1556,113218482,0.9592069317032395,false,1556,113218482,0.9592069317032395
1556,647024,0.8577367159194613,false,1556,647024,0.8577367159194613
1556,255928,0.8907867864365683,false,1556,255928,0.8907867864365683
1556,8537,0.8785580355864686,false,1556,8537,0.8785580355864686
1556,10018,0.7729615356959093,false,1556,10018,0.7729615356959093
1556,115019,0.9515397120767913,false,1556,115019,0.9515397120767913
1556,168374,0.9178441112312584,false,1556,168374,0.9178441112312584
1556,143884,0.8225309459320269,false,1556,143884,0.8225309459320269
1556,3993,0.9107925828517907,false,1556,3993,0.9107925828517907
1556,389852,0.8505278220927386,false,1556,389852,0.8505278220927386
1556,164312,0.8779460588550374,false,1556,164312,0.8779460588550374
1556,84239,0.9429853456428821,false,1556,84239,0.9429853456428821
1556,2065,0.7975909053913813,false,1556,2065,0.7975909053913813
1556,135656,0.893068109134538,false,1556,135656,0.893068109134538
1556,3880,0.820884776323986,false,1556,3880,0.820884776323986
1556,3960,0.8180309724025566,false,1556,3960,0.8180309724025566
1556,23584,0.9560900965052539,false,1556,23584,0.9560900965052539
1556,153643,0.897086105253956,false,1556,153643,0.897086105253956
1556,112268422,0.773430952476415,false,1556,112268422,0.773430952476415
1556,259294,0.8626671130952956,false,1556,259294,0.8626671130952956
1556,2266,0.8400442543327982,false,1556,2266,0.8400442543327982
1556,745,0.9640351984052741,false,1556,745,0.9640351984052741
1556,440352,0.8436964360283059,false,1556,440352,0.8436964360283059
10586,1471,0.7793676343898768,false,10586,1471,0.7793676343898768
10586,2619,0.9867418863393093,false,10586,2619,0.9867418863393093
10586,654433,0.8988743433648921,false,10586,654433,0.8988743433648921
10586,140766,0.9317267992715637,false,10586,140766,0.9317267992715637
10586,57710,0.7938826196616233,false,10586,57710,0.7938826196616233
10586,9370,0.946660345800276,false,10586,9370,0.946660345800276
10586,80381,0.8903296271313605,false,10586,80381,0.8903296271313605
10586,123872,0.811215139482822,false,10586,123872,0.811215139482822
10586,100874095,0.946660345800276,false,10586,100874095,0.946660345800276
54848,9476,0.7548410419737045,false,54848,9476,0.7548410419737045
54848,113219467,0.9515402074369508,false,54848,113219467,0.9515402074369508
54848,220136,0.8401606422386572,false,54848,220136,0.8401606422386572
54848,6799,0.7840714107701761,false,54848,6799,0.7840714107701761
54848,389376,0.8404300230353664,false,54848,389376,0.8404300230353664
54848,1080,0.834584959967982,false,54848,1080,0.834584959967982
54848,653509,0.7962034889079377,false,54848,653509,0.7962034889079377
54848,144535,0.7504625030690509,false,54848,144535,0.7504625030690509
54848,144571,0.7530418491729194,false,54848,144571,0.7530418491729194
54848,26298,0.8425794276481147,false,54848,26298,0.8425794276481147
79632,100505495,0.8800460381467277,false,79632,100505495,0.8800460381467277
79632,9476,0.9724452901471884,false,79632,9476,0.9724452901471884
79632,151531,0.8851480561341621,false,79632,151531,0.8851480561341621
79632,2122,0.9540180282026994,false,79632,2122,0.9540180282026994
79632,84059,0.9734411741978537,false,79632,84059,0.9734411741978537
79632,121512,0.8169963687846791,false,79632,121512,0.8169963687846791
79632,6097,0.9727973415718314,false,79632,6097,0.9727973415718314
79632,120892,0.9856311974587496,false,79632,120892,0.9856311974587496
79632,113219467,0.7914432508293775,false,79632,113219467,0.7914432508293775
79632,123624,0.960535542911243,false,79632,123624,0.960535542911243
79632,391253,0.9579259918243233,false,79632,391253,0.9579259918243233
79632,693188,0.8808013468238002,false,79632,693188,0.8808013468238002
79632,6799,0.8869843155539869,false,79632,6799,0.8869843155539869
79632,389376,0.8111106438460934,false,79632,389376,0.8111106438460934
79632,353189,0.9408903325895007,false,79632,353189,0.9408903325895007
79632,776,0.808689146403284,false,79632,776,0.808689146403284
79632,84851,0.8537863105657717,false,79632,84851,0.8537863105657717
79632,84525,0.928078540616262,false,79632,84525,0.928078540616262
79632,4861,0.9229397849368705,false,79632,4861,0.9229397849368705
79632,10203,0.9073870093457023,false,79632,10203,0.9073870093457023
79632,1080,0.9579607335601212,false,79632,1080,0.9579607335601212
79632,105372793,0.7882556406488244,false,79632,105372793,0.7882556406488244
79632,56955,0.924785584954026,false,79632,56955,0.924785584954026
79632,653509,0.9343156122553239,false,79632,653509,0.9343156122553239
79632,55282,0.8720651921534478,false,79632,55282,0.8720651921534478
79632,79098,0.9488832792461624,false,79632,79098,0.9488832792461624
79632,144535,0.9538090031828856,false,79632,144535,0.9538090031828856
79632,649946,0.9236396496547692,false,79632,649946,0.9236396496547692
79632,144571,0.9337133083421595,false,79632,144571,0.9337133083421595
79632,165186,0.9327188502154738,false,79632,165186,0.9327188502154738
79632,102465485,0.8801183705550417,false,79632,102465485,0.8801183705550417
79632,100033436,0.886490258109027,false,79632,100033436,0.886490258109027
1471,100130701,0.8671125688436562,false,1471,100130701,0.8671125688436562
1471,140766,0.8550147526898003,false,1471,140766,0.8550147526898003
1471,284680,0.8125462347747687,false,1471,284680,0.8125462347747687
1471,9771,0.8104964485822767,false,1471,9771,0.8104964485822767
1471,57710,0.9418293861730149,false,1471,57710,0.9418293861730149
1471,105373265,0.9571375018407955,false,1471,105373265,0.9571375018407955
1471,100874002,0.7760251423622612,false,1471,100874002,0.7760251423622612
4585,4057,0.767816299922471,false,4585,4057,0.767816299922471
4585,112577518,0.7670525252139271,false,4585,112577518,0.7670525252139271
4585,563,0.7517115880543248,false,4585,563,0.7517115880543248
4585,4069,0.9355759619729002,false,4585,4069,0.9355759619729002
100505495,7620,0.8667624623750718,false,100505495,7620,0.8667624623750718
100505495,4179,0.7833962956823469,false,100505495,4179,0.7833962956823469
100505495,9476,0.8973414351519716,false,100505495,9476,0.8973414351519716
100505495,151531,0.9186766019827383,false,100505495,151531,0.9186766019827383
100505495,105371242,0.8790612758510736,false,100505495,105371242,0.8790612758510736
100505495,692058,0.8017518388735204,false,100505495,692058,0.8017518388735204
100505495,2122,0.9815409344079232,false,100505495,2122,0.9815409344079232
100505495,84059,0.8568027733218897,false,100505495,84059,0.8568027733218897
100505495,121512,0.8599679988079175,false,100505495,121512,0.8599679988079175
100505495,6097,0.9366258170017663,false,100505495,6097,0.9366258170017663
100505495,120892,0.922375150336349,false,100505495,120892,0.922375150336349
100505495,113219467,0.8017083920165579,false,100505495,113219467,0.8017083920165579
100505495,123624,0.9740284799076654,false,100505495,123624,0.9740284799076654
100505495,391253,0.9732882630279173,false,100505495,391253,0.9732882630279173
100505495,693188,0.9762834487954123,false,100505495,693188,0.9762834487954123
100505495,353189,0.8814177419879896,false,100505495,353189,0.8814177419879896
100505495,776,0.9118004682632193,false,100505495,776,0.9118004682632193
100505495,84851,0.9493317852105557,false,100505495,84851,0.9493317852105557
100505495,84525,0.8440802899380722,false,100505495,84525,0.8440802899380722
100505495,4861,0.9940677839524041,false,100505495,4861,0.9940677839524041
100505495,10203,0.9794277372447749,false,100505495,10203,0.9794277372447749
100505495,1080,0.8357013784056891,false,100505495,1080,0.8357013784056891
100505495,65217,0.8670107146165099,false,100505495,65217,0.8670107146165099
100505495,105372793,0.9263488272570001,false,100505495,105372793,0.9263488272570001
100505495,56955,0.9865375826999491,false,100505495,56955,0.9865375826999491
100505495,55282,0.8923654529495301,false,100505495,55282,0.8923654529495301
100505495,79098,0.9705485052321253,false,100505495,79098,0.9705485052321253
100505495,144535,0.8889499573281139,false,100505495,144535,0.8889499573281139
100505495,649946,0.9285495153152472,false,100505495,649946,0.9285495153152472
100505495,144571,0.9494652237704113,false,100505495,144571,0.9494652237704113
100505495,165186,0.9886602836924244,false,100505495,165186,0.9886602836924244
100505495,102465485,0.9229434584877068,false,100505495,102465485,0.9229434584877068
100505495,100033436,0.96414571796288,false,100505495,100033436,0.96414571796288
55930,22996,0.9465985506748955,false,55930,22996,0.9465985506748955
55930,7113,0.8310927163252222,false,55930,7113,0.8310927163252222
55930,54861,0.8344788802233448,false,55930,54861,0.8344788802233448
55930,100529240,0.9592799952960289,false,55930,100529240,0.9592799952960289
55930,113218482,0.9393625455785689,false,55930,113218482,0.9393625455785689
55930,647024,0.8973574922058891,false,55930,647024,0.8973574922058891
55930,255928,0.9679245085651373,false,55930,255928,0.9679245085651373
55930,8537,0.9545054966718566,false,55930,8537,0.9545054966718566
55930,10018,0.938803824558355,false,55930,10018,0.938803824558355
55930,115019,0.9115847626181453,false,55930,115019,0.9115847626181453
55930,105180390,0.7601170546626971,false,55930,105180390,0.7601170546626971
55930,168374,0.8872429412542927,false,55930,168374,0.8872429412542927
55930,143884,0.9387381745181396,false,55930,143884,0.9387381745181396
55930,3993,0.9379106697484553,false,55930,3993,0.9379106697484553
55930,389852,0.9352000713802107,false,55930,389852,0.9352000713802107
55930,164312,0.9314798722513011,false,55930,164312,0.9314798722513011
55930,2065,0.8812482491321694,false,55930,2065,0.8812482491321694
55930,135656,0.969717610340249,false,55930,135656,0.969717610340249
55930,94059,0.9757179003458959,false,55930,94059,0.9757179003458959
55930,26769,0.8410312711196363,false,55930,26769,0.8410312711196363
55930,3960,0.9134901678798671,false,55930,3960,0.9134901678798671
55930,23584,0.8238754564701464,false,55930,23584,0.8238754564701464
55930,692213,0.8908158647197748,false,55930,692213,0.8908158647197748
55930,153643,0.8411148574467165,false,55930,153643,0.8411148574467165
55930,112268422,0.9453765634257797,false,55930,112268422,0.9453765634257797
55930,259294,0.9555552751531631,false,55930,259294,0.9555552751531631
55930,2266,0.9527770287868877,false,55930,2266,0.9527770287868877
55930,745,0.8922530136429693,false,55930,745,0.8922530136429693
22996,54861,0.8951807549835571,false,22996,54861,0.8951807549835571
22996,222256,0.8548818459838361,false,22996,222256,0.8548818459838361
22996,100529240,0.9595611914505641,false,22996,100529240,0.9595611914505641
22996,113218482,0.9337022118424403,false,22996,113218482,0.9337022118424403
22996,647024,0.9454151712223511,false,22996,647024,0.9454151712223511
22996,255928,0.936745010898282,false,22996,255928,0.936745010898282
22996,8537,0.9315587248441854,false,22996,8537,0.9315587248441854
22996,10018,0.780429571955988,false,22996,10018,0.780429571955988
22996,115019,0.7943625506777492,false,22996,115019,0.7943625506777492
22996,3434,0.7993756684989879,false,22996,3434,0.7993756684989879
22996,276,0.7755504571690038,false,22996,276,0.7755504571690038
22996,168374,0.7669237265847377,false,22996,168374,0.7669237265847377
22996,143884,0.8013223827116435,false,22996,143884,0.8013223827116435
22996,3993,0.8064456674123579,false,22996,3993,0.8064456674123579
22996,389852,0.8077477465816914,false,22996,389852,0.8077477465816914
22996,164312,0.9203533446551291,false,22996,164312,0.9203533446551291
22996,135656,0.9362912489728118,false,22996,135656,0.9362912489728118
22996,94059,0.9047645098811368,false,22996,94059,0.9047645098811368
22996,26769,0.887273621999915,false,22996,26769,0.887273621999915
22996,153643,0.8910236267466304,false,22996,153643,0.8910236267466304
22996,112268422,0.9778931762204347,false,22996,112268422,0.9778931762204347
22996,259294,0.8287801335191347,false,22996,259294,0.8287801335191347
22996,2266,0.9416835006897182,false,22996,2266,0.9416835006897182
22996,745,0.9104754250974206,false,22996,745,0.9104754250974206
1767,4057,0.8315917725035475,false,1767,4057,0.8315917725035475
1767,112577518,0.9110765455524021,false,1767,112577518,0.9110765455524021
1767,563,0.8532799161281366,false,1767,563,0.8532799161281366
1767,4069,0.8170761332767725,false,1767,4069,0.8170761332767725
3780,100126311,0.9999999999999999,false,3780,100126311,0.9999999999999999
3780,23562,1.0,false,3780,23562,1.0
3780,1746,1.0,false,3780,1746,1.0
3780,57524,0.9999999999999997,false,3780,57524,0.9999999999999997
3780,10331,1.0,false,3780,10331,1.0
3780,256076,0.8639211505072737,false,3780,256076,0.8639211505072737
3780,84867,1.0,false,3780,84867,1.0
3780,100130701,0.887885656802769,false,3780,100130701,0.887885656802769
3780,284680,0.9827242789356608,false,3780,284680,0.9827242789356608
3780,9771,0.7695391096496835,false,3780,9771,0.7695391096496835
3780,128218,0.9349831907588436,false,3780,128218,0.9349831907588436
3780,222183,1.0,false,3780,222183,1.0
3780,7546,1.0,false,3780,7546,1.0
3780,9699,0.9999999999999999,false,3780,9699,0.9999999999999999
3780,101928580,1.0,false,3780,101928580,1.0
3780,105373265,0.8529273885761164,false,3780,105373265,0.8529273885761164
3780,9211,0.9993716660495695,false,3780,9211,0.9993716660495695
3780,100874002,0.9924038663952789,false,3780,100874002,0.9924038663952789
3780,440590,0.9999999999999998,false,3780,440590,0.9999999999999998
3780,1515,1.0,false,3780,1515,1.0
3780,4606,1.0,false,3780,4606,1.0
7620,105180391,0.859538006756589,false,7620,105180391,0.859538006756589
7620,151531,0.9589068689130361,false,7620,151531,0.9589068689130361
7620,201625,0.7823477397482634,false,7620,201625,0.7823477397482634
7620,105180390,0.8324934120432224,false,7620,105180390,0.8324934120432224
7620,692058,0.9528241813381388,false,7620,692058,0.9528241813381388
7620,645843,0.8707887468636849,false,7620,645843,0.8707887468636849
7620,2122,0.8468265338994548,false,7620,2122,0.8468265338994548
7620,121512,0.9848000310478033,false,7620,121512,0.9848000310478033
7620,120892,0.7597605380272768,false,7620,120892,0.7597605380272768
7620,123624,0.8516903103838277,false,7620,123624,0.8516903103838277
7620,391253,0.8286866440860776,false,7620,391253,0.8286866440860776
7620,693188,0.805902354651454,false,7620,693188,0.805902354651454
7620,353189,0.7691247385856155,false,7620,353189,0.7691247385856155
7620,776,0.9604955997895731,false,7620,776,0.9604955997895731
7620,84851,0.830128544047515,false,7620,84851,0.830128544047515
7620,4861,0.8767934370061201,false,7620,4861,0.8767934370061201
7620,10203,0.7771369329433984,false,7620,10203,0.7771369329433984
7620,284323,0.9486631733899072,false,7620,284323,0.9486631733899072
7620,65217,0.9895430883953911,false,7620,65217,0.9895430883953911
7620,105372793,0.7876979158766003,false,7620,105372793,0.7876979158766003
7620,56955,0.8420913987895811,false,7620,56955,0.8420913987895811
7620,79098,0.8662148141644932,false,7620,79098,0.8662148141644932
7620,649946,0.8367643877007485,false,7620,649946,0.8367643877007485
7620,165186,0.8450369341443951,false,7620,165186,0.8450369341443951
7620,102465485,0.7564698967593962,false,7620,102465485,0.7564698967593962
7620,100033436,0.816328957886403,false,7620,100033436,0.816328957886403
4179,113219467,0.7742014706265044,false,4179,113219467,0.7742014706265044
4179,693188,0.8119668709678648,false,4179,693188,0.8119668709678648
4179,84851,0.8816963112230575,false,4179,84851,0.8816963112230575
4179,105372793,0.9337040455862089,false,4179,105372793,0.9337040455862089
4179,144535,0.7674458504971614,false,4179,144535,0.7674458504971614
4179,144571,0.7812813519089766,false,4179,144571,0.7812813519089766
4179,102465485,0.8404675674465241,false,4179,102465485,0.8404675674465241
4179,100033436,0.8749154566784793,false,4179,100033436,0.8749154566784793
7113,105180391,0.8576677762737718,false,7113,105180391,0.8576677762737718
7113,100529240,0.7511285085034405,false,7113,100529240,0.7511285085034405
7113,113218482,0.8687619686845719,false,7113,113218482,0.8687619686845719
7113,647024,0.7761886111906321,false,7113,647024,0.7761886111906321
7113,255928,0.8508725122177683,false,7113,255928,0.8508725122177683
7113,8537,0.8456808836566286,false,7113,8537,0.8456808836566286
7113,10018,0.8742867294421042,false,7113,10018,0.8742867294421042
7113,115019,0.9745863850033638,false,7113,115019,0.9745863850033638
7113,105180390,0.8659255883434551,false,7113,105180390,0.8659255883434551
7113,168374,0.9823615925317941,false,7113,168374,0.9823615925317941
7113,645843,0.8453801551153686,false,7113,645843,0.8453801551153686
7113,143884,0.8576497258091742,false,7113,143884,0.8576497258091742
7113,3993,0.9607309987747041,false,7113,3993,0.9607309987747041
7113,389852,0.9250453947998789,false,7113,389852,0.9250453947998789
7113,164312,0.8247264215148239,false,7113,164312,0.8247264215148239
7113,84239,0.9708490408817935,false,7113,84239,0.9708490408817935
7113,2065,0.9315346279258869,false,7113,2065,0.9315346279258869
7113,135656,0.8523316220657733,false,7113,135656,0.8523316220657733
7113,3960,0.9278437022616324,false,7113,3960,0.9278437022616324
7113,23584,0.9318350907688417,false,7113,23584,0.9318350907688417
7113,692213,0.8652200229317092,false,7113,692213,0.8652200229317092
7113,153643,0.806402442008914,false,7113,153643,0.806402442008914
7113,259294,0.9088407029522579,false,7113,259294,0.9088407029522579
7113,2266,0.7791494053955069,false,7113,2266,0.7791494053955069
7113,745,0.8450950193363395,false,7113,745,0.8450950193363395
7113,440352,0.9157724027736845,false,7113,440352,0.9157724027736845
54861,222256,0.8858573105686345,false,54861,222256,0.8858573105686345
54861,100529240,0.8235065246164918,false,54861,100529240,0.8235065246164918
54861,113218482,0.9380670604075001,false,54861,113218482,0.9380670604075001
54861,647024,0.8541836261793467,false,54861,647024,0.8541836261793467
54861,255928,0.855518908427618,false,54861,255928,0.855518908427618
54861,8537,0.8337621450362243,false,54861,8537,0.8337621450362243
54861,115019,0.8249083241076375,false,54861,115019,0.8249083241076375
54861,143884,0.7546885210111299,false,54861,143884,0.7546885210111299
54861,3993,0.78961301612325,false,54861,3993,0.78961301612325
54861,164312,0.838541703027655,false,54861,164312,0.838541703027655
54861,135656,0.8589012498270057,false,54861,135656,0.8589012498270057
54861,3880,0.8301880726780496,false,54861,3880,0.8301880726780496
54861,94059,0.7500754723436895,false,54861,94059,0.7500754723436895
54861,23584,0.8439543225000098,false,54861,23584,0.8439543225000098
54861,153643,0.863632796266428,false,54861,153643,0.863632796266428
54861,112268422,0.8904635709435139,false,54861,112268422,0.8904635709435139
54861,259294,0.7633737264768349,false,54861,259294,0.7633737264768349
54861,2266,0.837686921934369,false,54861,2266,0.837686921934369
54861,745,0.9449232435187077,false,54861,745,0.9449232435187077
222256,100529240,0.7556491656841775,false,222256,100529240,0.7556491656841775
222256,113218482,0.8590890223742599,false,222256,113218482,0.8590890223742599
222256,647024,0.9152907939688956,false,222256,647024,0.9152907939688956
222256,255928,0.770598024499831,false,222256,255928,0.770598024499831
222256,8537,0.7855471140400898,false,222256,8537,0.7855471140400898
222256,3434,0.8201350899728465,false,222256,3434,0.8201350899728465
222256,164312,0.7847935246068025,false,222256,164312,0.7847935246068025
222256,135656,0.7663976972533738,false,222256,135656,0.7663976972533738
222256,3880,0.9683087433568822,false,222256,3880,0.9683087433568822
222256,153643,0.9459158427338656,false,222256,153643,0.9459158427338656
222256,112268422,0.7841685948385655,false,222256,112268422,0.7841685948385655
222256,745,0.8876041548569044,false,222256,745,0.8876041548569044
1604,886,0.9330099935791506,false,1604,886,0.9330099935791506
1604,632,0.8404835986034789,false,1604,632,0.8404835986034789
1604,26797,0.9320705970608589,false,1604,26797,0.9320705970608589
1604,4057,0.829945229796193,false,1604,4057,0.829945229796193
1604,692209,0.9298395764296093,false,1604,692209,0.9298395764296093
1604,563,0.8597495477355733,false,1604,563,0.8597495477355733
1604,83643,0.9122995200679767,false,1604,83643,0.9122995200679767
1604,498,0.7508978053075762,false,1604,498,0.7508978053075762
1604,284434,0.9244601443906794,false,1604,284434,0.9244601443906794
1604,646480,0.934682330349451,false,1604,646480,0.934682330349451
100126311,23562,1.0,false,100126311,23562,1.0
100126311,1746,1.0,false,100126311,1746,1.0
100126311,57524,0.9999999999999997,false,100126311,57524,0.9999999999999997
100126311,10331,1.0,false,100126311,10331,1.0
100126311,256076,0.8639211505072737,false,100126311,256076,0.8639211505072737
100126311,84867,1.0,false,100126311,84867,1.0
100126311,100130701,0.887885656802769,false,100126311,100130701,0.887885656802769
100126311,284680,0.9827242789356608,false,100126311,284680,0.9827242789356608
100126311,9771,0.7695391096496835,false,100126311,9771,0.7695391096496835
100126311,128218,0.9349831907588436,false,100126311,128218,0.9349831907588436
100126311,222183,1.0,false,100126311,222183,1.0
100126311,7546,1.0,false,100126311,7546,1.0
100126311,9699,0.9999999999999999,false,100126311,9699,0.9999999999999999
100126311,101928580,1.0,false,100126311,101928580,1.0
100126311,105373265,0.8529273885761164,false,100126311,105373265,0.8529273885761164
100126311,9211,0.9993716660495695,false,100126311,9211,0.9993716660495695
100126311,100874002,0.9924038663952789,false,100126311,100874002,0.9924038663952789
100126311,440590,0.9999999999999998,false,100126311,440590,0.9999999999999998
100126311,1515,1.0,false,100126311,1515,1.0
100126311,4606,1.0,false,100126311,4606,1.0
105180391,151531,0.7893841530911645,false,105180391,151531,0.7893841530911645
105180391,10018,0.8903073336015638,false,105180391,10018,0.8903073336015638
105180391,115019,0.836294994762748,false,105180391,115019,0.836294994762748
105180391,105180390,0.9966858029236346,false,105180391,105180390,0.9966858029236346
105180391,692058,0.7867739916263471,false,105180391,692058,0.7867739916263471
105180391,168374,0.8452017361944252,false,105180391,168374,0.8452017361944252
105180391,645843,0.9422783647989931,false,105180391,645843,0.9422783647989931
105180391,143884,0.868932416089142,false,105180391,143884,0.868932416089142
105180391,121512,0.8728054283504459,false,105180391,121512,0.8728054283504459
105180391,3993,0.8682651293587889,false,105180391,3993,0.8682651293587889
105180391,389852,0.8731936567269033,false,105180391,389852,0.8731936567269033
105180391,84239,0.7862242884114806,false,105180391,84239,0.7862242884114806
105180391,2065,0.8963318578596384,false,105180391,2065,0.8963318578596384
105180391,776,0.8013841868610022,false,105180391,776,0.8013841868610022
105180391,3960,0.9332424066487757,false,105180391,3960,0.9332424066487757
105180391,284323,0.9763210876003283,false,105180391,284323,0.9763210876003283
105180391,65217,0.844440787590299,false,105180391,65217,0.844440787590299
105180391,23584,0.786402998762591,false,105180391,23584,0.786402998762591
105180391,692213,0.9278751191998325,false,105180391,692213,0.9278751191998325
105180391,259294,0.8718407170549581,false,105180391,259294,0.8718407170549581
105180391,440352,0.8589681855945985,false,105180391,440352,0.8589681855945985
54,9771,0.9291357407857587,false,54,9771,0.9291357407857587
54,1513,0.9088999385959308,false,54,1513,0.9088999385959308
100529240,113218482,0.9381826230694668,false,100529240,113218482,0.9381826230694668
100529240,647024,0.9379288790883351,false,100529240,647024,0.9379288790883351
100529240,255928,0.9843314818945168,false,100529240,255928,0.9843314818945168
100529240,8537,0.983544356536686,false,100529240,8537,0.983544356536686
100529240,10018,0.8296322888881451,false,100529240,10018,0.8296322888881451
100529240,115019,0.8347335523344981,false,100529240,115019,0.8347335523344981
100529240,3434,0.8259779017830805,false,100529240,3434,0.8259779017830805
100529240,168374,0.8487395793977802,false,100529240,168374,0.8487395793977802
100529240,143884,0.8656114368605006,false,100529240,143884,0.8656114368605006
100529240,3993,0.8527713108014483,false,100529240,3993,0.8527713108014483
100529240,389852,0.9077754573781809,false,100529240,389852,0.9077754573781809
100529240,164312,0.9804076541793372,false,100529240,164312,0.9804076541793372
100529240,2065,0.8460089850998785,false,100529240,2065,0.8460089850998785
100529240,135656,0.9832781575579919,false,100529240,135656,0.9832781575579919
100529240,94059,0.9074497284383397,false,100529240,94059,0.9074497284383397
100529240,26769,0.8164115852463756,false,100529240,26769,0.8164115852463756
100529240,3960,0.8457489158178602,false,100529240,3960,0.8457489158178602
100529240,692213,0.7676577016602106,false,100529240,692213,0.7676577016602106
100529240,153643,0.874746870006831,false,100529240,153643,0.874746870006831
100529240,112268422,0.913246660647404,false,100529240,112268422,0.913246660647404
100529240,259294,0.9062989533462212,false,100529240,259294,0.9062989533462212
100529240,2266,0.9953204677442404,false,100529240,2266,0.9953204677442404
100529240,745,0.9133373731362825,false,100529240,745,0.9133373731362825
886,632,0.9741775975413047,false,886,632,0.9741775975413047
886,285429,0.751974770415736,false,886,285429,0.751974770415736
886,26797,0.999808633038904,false,886,26797,0.999808633038904
886,4057,0.7533096975028872,false,886,4057,0.7533096975028872
886,692209,0.9999469851793229,false,886,692209,0.9999469851793229
886,563,0.7833258641463907,false,886,563,0.7833258641463907
886,83643,0.9966566318765576,false,886,83643,0.9966566318765576
886,498,0.7793636464694087,false,886,498,0.7793636464694087
886,284434,0.997118899950905,false,886,284434,0.997118899950905
886,1028,0.8088406529390386,false,886,1028,0.8088406529390386
886,646480,0.9997412633513603,false,886,646480,0.9997412633513603
113218482,647024,0.9480188418852629,false,113218482,647024,0.9480188418852629
113218482,255928,0.9745476950059103,false,113218482,255928,0.9745476950059103
113218482,8537,0.9672214767720564,false,113218482,8537,0.9672214767720564
113218482,10018,0.8244980818884081,false,113218482,10018,0.8244980818884081
113218482,115019,0.9330798838409535,false,113218482,115019,0.9330798838409535
113218482,3434,0.7791402519816633,false,113218482,3434,0.7791402519816633
113218482,168374,0.9141369327204356,false,113218482,168374,0.9141369327204356
113218482,143884,0.868219732946181,false,113218482,143884,0.868219732946181
113218482,3993,0.916656965845965,false,113218482,3993,0.916656965845965
113218482,389852,0.9003140423327527,false,113218482,389852,0.9003140423327527
113218482,164312,0.9645916766057083,false,113218482,164312,0.9645916766057083
113218482,84239,0.8417549354461328,false,113218482,84239,0.8417549354461328
113218482,2065,0.8362377067323891,false,113218482,2065,0.8362377067323891
113218482,135656,0.9752528914586542,false,113218482,135656,0.9752528914586542
113218482,3880,0.7980258881087325,false,113218482,3880,0.7980258881087325
113218482,94059,0.8476598577698,false,113218482,94059,0.8476598577698
113218482,3960,0.849078596148559,false,113218482,3960,0.849078596148559
113218482,23584,0.8893117418492829,false,113218482,23584,0.8893117418492829
113218482,692213,0.7568662508713674,false,113218482,692213,0.7568662508713674
113218482,153643,0.9417658530012641,false,113218482,153643,0.9417658530012641
113218482,112268422,0.8950288570392793,false,113218482,112268422,0.8950288570392793
113218482,259294,0.9097953269466222,false,113218482,259294,0.9097953269466222
113218482,2266,0.9508260981067884,false,113218482,2266,0.9508260981067884
113218482,745,0.9925099945477134,false,113218482,745,0.9925099945477134
632,285429,0.881391363425523,false,632,285429,0.881391363425523
632,26797,0.9762036818130218,false,632,26797,0.9762036818130218
632,692209,0.9764508251658093,false,632,692209,0.9764508251658093
632,83643,0.9851965241064342,false,632,83643,0.9851965241064342
632,498,0.8028665223881566,false,632,498,0.8028665223881566
632,284434,0.9775007369445169,false,632,284434,0.9775007369445169
632,1028,0.8012969859488769,false,632,1028,0.8012969859488769
632,646480,0.9726415944365419,false,632,646480,0.9726415944365419
9476,151531,0.8796414191192985,false,9476,151531,0.8796414191192985
9476,2122,0.9501013948367353,false,9476,2122,0.9501013948367353
9476,84059,0.9124638533157373,false,9476,84059,0.9124638533157373
9476,121512,0.7838697104705495,false,9476,121512,0.7838697104705495
9476,6097,0.955622223356415,false,9476,6097,0.955622223356415
9476,120892,0.9617351876943713,false,9476,120892,0.9617351876943713
9476,113219467,0.8660925501850725,false,9476,113219467,0.8660925501850725
9476,123624,0.948165892873041,false,9476,123624,0.948165892873041
9476,391253,0.9718396892570206,false,9476,391253,0.9718396892570206
9476,220136,0.7556303977622323,false,9476,220136,0.7556303977622323
9476,693188,0.9235183159856404,false,9476,693188,0.9235183159856404
9476,6799,0.8683265965469221,false,9476,6799,0.8683265965469221
9476,389376,0.8964993723891383,false,9476,389376,0.8964993723891383
9476,353189,0.9833059867532458,false,9476,353189,0.9833059867532458
9476,776,0.7897365335189693,false,9476,776,0.7897365335189693
9476,84851,0.8562626893017824,false,9476,84851,0.8562626893017824
9476,84525,0.8554531223014523,false,9476,84525,0.8554531223014523
9476,4861,0.9284809339799838,false,9476,4861,0.9284809339799838
9476,10203,0.9308726737903822,false,9476,10203,0.9308726737903822
9476,1080,0.9461933904411236,false,9476,1080,0.9461933904411236
9476,105372793,0.7952028463880954,false,9476,105372793,0.7952028463880954
9476,56955,0.9182137885128391,false,9476,56955,0.9182137885128391
9476,653509,0.9171414105770312,false,9476,653509,0.9171414105770312
9476,55282,0.8363962490909954,false,9476,55282,0.8363962490909954
9476,79098,0.9585215233630805,false,9476,79098,0.9585215233630805
9476,144535,0.9139239554593929,false,9476,144535,0.9139239554593929
9476,649946,0.8561903101275993,false,9476,649946,0.8561903101275993
9476,144571,0.9179510242889841,false,9476,144571,0.9179510242889841
9476,26298,0.7979653188113226,false,9476,26298,0.7979653188113226
9476,165186,0.9271564420747896,false,9476,165186,0.9271564420747896
9476,102465485,0.8233482629552804,false,9476,102465485,0.8233482629552804
9476,100033436,0.8746021735005405,false,9476,100033436,0.8746021735005405
647024,255928,0.9420320288624221,false,647024,255928,0.9420320288624221
647024,8537,0.9581840765025169,false,647024,8537,0.9581840765025169
647024,115019,0.8193286298879918,false,647024,115019,0.8193286298879918
647024,3434,0.8765257121406846,false,647024,3434,0.8765257121406846
647024,276,0.7530986042571755,false,647024,276,0.7530986042571755
647024,168374,0.8486349652482914,false,647024,168374,0.8486349652482914
647024,3993,0.8106340998267063,false,647024,3993,0.8106340998267063
647024,389852,0.8358453756670711,false,647024,389852,0.8358453756670711
647024,164312,0.9517676714849154,false,647024,164312,0.9517676714849154
647024,2065,0.796059362856795,false,647024,2065,0.796059362856795
647024,135656,0.9376508261901702,false,647024,135656,0.9376508261901702
647024,3880,0.8405356171460977,false,647024,3880,0.8405356171460977
647024,94059,0.7978007766170522,false,647024,94059,0.7978007766170522
647024,26769,0.778210513557615,false,647024,26769,0.778210513557615
647024,3960,0.7514871334299492,false,647024,3960,0.7514871334299492
647024,153643,0.9837450535590916,false,647024,153643,0.9837450535590916
647024,112268422,0.8666666672823011,false,647024,112268422,0.8666666672823011
647024,259294,0.81008985738076,false,647024,259294,0.81008985738076
647024,2266,0.9274728535477904,false,647024,2266,0.9274728535477904
647024,745,0.9469801217499377,false,647024,745,0.9469801217499377
117156,105,0.8060597515445085,false,117156,105,0.8060597515445085
117156,220136,0.8397712920772719,false,117156,220136,0.8397712920772719
117156,6799,0.8578282918576964,false,117156,6799,0.8578282918576964
117156,1286,0.8087057402511201,false,117156,1286,0.8087057402511201
117156,653509,0.7870637714766608,false,117156,653509,0.7870637714766608
255928,8537,0.996505150869648,false,255928,8537,0.996505150869648
255928,10018,0.8698321385389182,false,255928,10018,0.8698321385389182
255928,115019,0.9143242807789111,false,255928,115019,0.9143242807789111
255928,3434,0.7897507680200037,false,255928,3434,0.7897507680200037
255928,168374,0.9231553294944455,false,255928,168374,0.9231553294944455
255928,143884,0.9053420788222141,false,255928,143884,0.9053420788222141
255928,3993,0.9201416691402348,false,255928,3993,0.9201416691402348
255928,389852,0.9515637381899515,false,255928,389852,0.9515637381899515
255928,164312,0.9921987519804507,false,255928,164312,0.9921987519804507
255928,84239,0.7820656316988638,false,255928,84239,0.7820656316988638
255928,2065,0.8984225982430251,false,255928,2065,0.8984225982430251
255928,135656,0.9998517962667817,false,255928,135656,0.9998517962667817
255928,94059,0.8976243053125138,false,255928,94059,0.8976243053125138
255928,3960,0.901041634987396,false,255928,3960,0.901041634987396
255928,23584,0.8338448874323422,false,255928,23584,0.8338448874323422
255928,692213,0.8147037929781608,false,255928,692213,0.8147037929781608
255928,153643,0.9037835072008683,false,255928,153643,0.9037835072008683
255928,112268422,0.8915443976665841,false,255928,112268422,0.8915443976665841
255928,259294,0.9491655548506619,false,255928,259294,0.9491655548506619
255928,2266,0.9913388028267388,false,255928,2266,0.9913388028267388
255928,745,0.9530580579122081,false,255928,745,0.9530580579122081
23562,1746,1.0,false,23562,1746,1.0
23562,57524,0.9999999999999998,false,23562,57524,0.9999999999999998
23562,10331,1.0,false,23562,10331,1.0
23562,256076,0.8639211505072738,false,23562,256076,0.8639211505072738
23562,84867,1.0,false,23562,84867,1.0
23562,100130701,0.8878856568027692,false,23562,100130701,0.8878856568027692
23562,284680,0.9827242789356609,false,23562,284680,0.9827242789356609
23562,9771,0.7695391096496836,false,23562,9771,0.7695391096496836
23562,128218,0.9349831907588436,false,23562,128218,0.9349831907588436
23562,222183,1.0,false,23562,222183,1.0
23562,7546,1.0,false,23562,7546,1.0
23562,9699,1.0,false,23562,9699,1.0
23562,101928580,1.0,false,23562,101928580,1.0
23562,105373265,0.8529273885761167,false,23562,105373265,0.8529273885761167
23562,9211,0.9993716660495694,false,23562,9211,0.9993716660495694
23562,100874002,0.9924038663952793,false,23562,100874002,0.9924038663952793
23562,440590,1.0,false,23562,440590,1.0
23562,1515,1.0,false,23562,1515,1.0
23562,4606,1.0,false,23562,4606,1.0
1746,57524,1.0,false,1746,57524,1.0
1746,10331,1.0,false,1746,10331,1.0
1746,256076,0.8639211505072737,false,1746,256076,0.8639211505072737
1746,84867,1.0,false,1746,84867,1.0
1746,100130701,0.887885656802769,false,1746,100130701,0.887885656802769
1746,284680,0.9827242789356608,false,1746,284680,0.9827242789356608
1746,9771,0.7695391096496835,false,1746,9771,0.7695391096496835
1746,128218,0.934983190758844,false,1746,128218,0.934983190758844
1746,222183,1.0,false,1746,222183,1.0
1746,7546,0.9999999999999998,false,1746,7546,0.9999999999999998
1746,9699,1.0,false,1746,9699,1.0
1746,101928580,1.0,false,1746,101928580,1.0
1746,105373265,0.8529273885761165,false,1746,105373265,0.8529273885761165
1746,9211,0.9993716660495693,false,1746,9211,0.9993716660495693
1746,100874002,0.9924038663952792,false,1746,100874002,0.9924038663952792
1746,440590,0.9999999999999999,false,1746,440590,0.9999999999999999
1746,1515,1.0,false,1746,1515,1.0
1746,4606,1.0,false,1746,4606,1.0
57524,10331,1.0,false,57524,10331,1.0
57524,256076,0.8639211505072736,false,57524,256076,0.8639211505072736
57524,84867,0.9999999999999998,false,57524,84867,0.9999999999999998
57524,100130701,0.887885656802769,false,57524,100130701,0.887885656802769
57524,284680,0.9827242789356606,false,57524,284680,0.9827242789356606
57524,9771,0.7695391096496835,false,57524,9771,0.7695391096496835
57524,128218,0.9349831907588437,false,57524,128218,0.9349831907588437
57524,222183,0.9999999999999998,false,57524,222183,0.9999999999999998
57524,7546,0.9999999999999998,false,57524,7546,0.9999999999999998
57524,9699,0.9999999999999996,false,57524,9699,0.9999999999999996
57524,101928580,1.0,false,57524,101928580,1.0
57524,105373265,0.8529273885761165,false,57524,105373265,0.8529273885761165
57524,9211,0.9993716660495692,false,57524,9211,0.9993716660495692
57524,100874002,0.9924038663952792,false,57524,100874002,0.9924038663952792
57524,440590,0.9999999999999999,false,57524,440590,0.9999999999999999
57524,1515,0.9999999999999998,false,57524,1515,0.9999999999999998
57524,4606,1.0,false,57524,4606,1.0
151531,105180390,0.7535026095304808,false,151531,105180390,0.7535026095304808
151531,692058,0.8970358771992183,false,151531,692058,0.8970358771992183
151531,645843,0.8223427443636342,false,151531,645843,0.8223427443636342
151531,2122,0.933833856563254,false,151531,2122,0.933833856563254
151531,84059,0.8181502408573587,false,151531,84059,0.8181502408573587
151531,121512,0.982605936964357,false,151531,121512,0.982605936964357
151531,6097,0.8665612628657113,false,151531,6097,0.8665612628657113
151531,120892,0.8798085487134645,false,151531,120892,0.8798085487134645
151531,123624,0.9389032541461493,false,151531,123624,0.9389032541461493
151531,391253,0.9318508288701517,false,151531,391253,0.9318508288701517
151531,693188,0.88523825278098,false,151531,693188,0.88523825278098
151531,353189,0.9120461712565097,false,151531,353189,0.9120461712565097
151531,776,0.962679926547655,false,151531,776,0.962679926547655
151531,84851,0.8680519834881905,false,151531,84851,0.8680519834881905
151531,84525,0.7646133134386539,false,151531,84525,0.7646133134386539
151531,4861,0.9435129547825418,false,151531,4861,0.9435129547825418
151531,10203,0.8748564421035524,false,151531,10203,0.8748564421035524
151531,284323,0.895458242214875,false,151531,284323,0.895458242214875
151531,1080,0.7781272174469005,false,151531,1080,0.7781272174469005
151531,65217,0.9351345166662954,false,151531,65217,0.9351345166662954
151531,105372793,0.8068029689157663,false,151531,105372793,0.8068029689157663
151531,56955,0.915070795400262,false,151531,56955,0.915070795400262
151531,55282,0.772474530139775,false,151531,55282,0.772474530139775
151531,79098,0.9589953290492885,false,151531,79098,0.9589953290492885
151531,144535,0.8286737743072506,false,151531,144535,0.8286737743072506
151531,649946,0.8850377584457921,false,151531,649946,0.8850377584457921
151531,144571,0.8258937786308512,false,151531,144571,0.8258937786308512
151531,165186,0.9198298349611164,false,151531,165186,0.9198298349611164
151531,102465485,0.804043147674387,false,151531,102465485,0.804043147674387
151531,100033436,0.8659696209585959,false,151531,100033436,0.8659696209585959
8537,10018,0.8466118250260217,false,8537,10018,0.8466118250260217
8537,115019,0.8971562276757392,false,8537,115019,0.8971562276757392
8537,3434,0.8194423607559841,false,8537,3434,0.8194423607559841
8537,168374,0.9229464508065109,false,8537,168374,0.9229464508065109
8537,143884,0.8736748582611036,false,8537,143884,0.8736748582611036
8537,3993,0.9019333351826772,false,8537,3993,0.9019333351826772
8537,389852,0.9458770425237043,false,8537,389852,0.9458770425237043
8537,164312,0.9961024318158641,false,8537,164312,0.9961024318158641
8537,84239,0.7699473509489213,false,8537,84239,0.7699473509489213
8537,2065,0.902150932345391,false,8537,2065,0.902150932345391
8537,135656,0.994932712635902,false,8537,135656,0.994932712635902
8537,94059,0.8753110945921324,false,8537,94059,0.8753110945921324
8537,3960,0.8863140256345388,false,8537,3960,0.8863140256345388
8537,23584,0.8034526954009197,false,8537,23584,0.8034526954009197
8537,692213,0.7927332443967863,false,8537,692213,0.7927332443967863
8537,153643,0.9223146973258972,false,8537,153643,0.9223146973258972
8537,112268422,0.8712298513765198,false,8537,112268422,0.8712298513765198
8537,259294,0.9307669864284148,false,8537,259294,0.9307669864284148
8537,2266,0.9877200318735072,false,8537,2266,0.9877200318735072
8537,745,0.9497777576489377,false,8537,745,0.9497777576489377
10331,256076,0.8639211505072737,false,10331,256076,0.8639211505072737
10331,84867,1.0,false,10331,84867,1.0
10331,100130701,0.887885656802769,false,10331,100130701,0.887885656802769
10331,284680,0.9827242789356608,false,10331,284680,0.9827242789356608
10331,9771,0.7695391096496835,false,10331,9771,0.7695391096496835
10331,128218,0.934983190758844,false,10331,128218,0.934983190758844
10331,222183,1.0,false,10331,222183,1.0
10331,7546,0.9999999999999998,false,10331,7546,0.9999999999999998
10331,9699,1.0,false,10331,9699,1.0
10331,101928580,1.0,false,10331,101928580,1.0
10331,105373265,0.8529273885761165,false,10331,105373265,0.8529273885761165
10331,9211,0.9993716660495693,false,10331,9211,0.9993716660495693
10331,100874002,0.9924038663952792,false,10331,100874002,0.9924038663952792
10331,440590,0.9999999999999999,false,10331,440590,0.9999999999999999
10331,1515,1.0,false,10331,1515,1.0
10331,4606,1.0,false,10331,4606,1.0
10018,115019,0.9218450658156302,false,10018,115019,0.9218450658156302
10018,105180390,0.9135457124575913,false,10018,105180390,0.9135457124575913
10018,168374,0.8909816282201382,false,10018,168374,0.8909816282201382
10018,645843,0.8633482808870443,false,10018,645843,0.8633482808870443
10018,143884,0.9685036606827683,false,10018,143884,0.9685036606827683
10018,3993,0.9625360269055163,false,10018,3993,0.9625360269055163
10018,389852,0.9401380174715694,false,10018,389852,0.9401380174715694
10018,164312,0.8089698376210971,false,10018,164312,0.8089698376210971
10018,84239,0.7738534180276893,false,10018,84239,0.7738534180276893
10018,2065,0.9179770078067437,false,10018,2065,0.9179770078067437
10018,135656,0.8743013647279761,false,10018,135656,0.8743013647279761
10018,94059,0.9455806317900253,false,10018,94059,0.9455806317900253
10018,3960,0.9705367631325824,false,10018,3960,0.9705367631325824
10018,284323,0.8084210214759415,false,10018,284323,0.8084210214759415
10018,23584,0.8437992594346118,false,10018,23584,0.8437992594346118
10018,692213,0.9916570467037089,false,10018,692213,0.9916570467037089
10018,112268422,0.8136833881255974,false,10018,112268422,0.8136833881255974
10018,259294,0.9649462958268611,false,10018,259294,0.9649462958268611
10018,2266,0.8320363617949845,false,10018,2266,0.8320363617949845
10018,745,0.7532477113680355,false,10018,745,0.7532477113680355
10018,440352,0.85624434420523,false,10018,440352,0.85624434420523
115019,105180390,0.8510374897856025,false,115019,105180390,0.8510374897856025
115019,168374,0.9732531694022994,false,115019,168374,0.9732531694022994
115019,645843,0.8098806465051213,false,115019,645843,0.8098806465051213
115019,143884,0.933528823824445,false,115019,143884,0.933528823824445
115019,3993,0.9922004994428336,false,115019,3993,0.9922004994428336
115019,389852,0.946886499421527,false,115019,389852,0.946886499421527
115019,164312,0.8792434010223908,false,115019,164312,0.8792434010223908
115019,84239,0.9471925626635977,false,115019,84239,0.9471925626635977
115019,2065,0.916121004948456,false,115019,2065,0.916121004948456
115019,135656,0.9177956345684707,false,115019,135656,0.9177956345684707
115019,94059,0.839358122409798,false,115019,94059,0.839358122409798
115019,3960,0.9479268570817319,false,115019,3960,0.9479268570817319
115019,23584,0.9699123729965423,false,115019,23584,0.9699123729965423
115019,692213,0.892938008690206,false,115019,692213,0.892938008690206
115019,153643,0.8269558488757526,false,115019,153643,0.8269558488757526
115019,112268422,0.7871472780996478,false,115019,112268422,0.7871472780996478
115019,259294,0.9594364724307555,false,115019,259294,0.9594364724307555
115019,2266,0.8597923736169792,false,115019,2266,0.8597923736169792
115019,745,0.9035443168030516,false,115019,745,0.9035443168030516
115019,440352,0.9235271816698722,false,115019,440352,0.9235271816698722
201625,692058,0.8889034149278374,false,201625,692058,0.8889034149278374
201625,121512,0.7657675697911765,false,201625,121512,0.7657675697911765
201625,84851,0.841808304559892,false,201625,84851,0.841808304559892
201625,105372793,0.8356242830566631,false,201625,105372793,0.8356242830566631
201625,144535,0.7874866275567829,false,201625,144535,0.7874866275567829
201625,649946,0.7789064468363003,false,201625,649946,0.7789064468363003
201625,102465485,0.7639767645533848,false,201625,102465485,0.7639767645533848
201625,100033436,0.8091526948101461,false,201625,100033436,0.8091526948101461
2619,654433,0.9137332566442168,false,2619,654433,0.9137332566442168
2619,140766,0.9177845615243738,false,2619,140766,0.9177845615243738
2619,57710,0.7587225237975714,false,2619,57710,0.7587225237975714
2619,9370,0.9617890110020845,false,2619,9370,0.9617890110020845
2619,80381,0.8292376942552416,false,2619,80381,0.8292376942552416
2619,123872,0.8517840482689822,false,2619,123872,0.8517840482689822
2619,219793,0.7841406489104918,false,2619,219793,0.7841406489104918
2619,100874095,0.9617890110020845,false,2619,100874095,0.9617890110020845
105371242,2122,0.8032434071847422,false,105371242,2122,0.8032434071847422
105371242,6097,0.7559621282244173,false,105371242,6097,0.7559621282244173
105371242,113219467,0.7576756335677406,false,105371242,113219467,0.7576756335677406
105371242,123624,0.7814262343489949,false,105371242,123624,0.7814262343489949
105371242,391253,0.808781373299264,false,105371242,391253,0.808781373299264
105371242,693188,0.8697259665418594,false,105371242,693188,0.8697259665418594
105371242,84851,0.7652951505329599,false,105371242,84851,0.7652951505329599
105371242,4861,0.8353255689063122,false,105371242,4861,0.8353255689063122
105371242,10203,0.8888782926788692,false,105371242,10203,0.8888782926788692
105371242,105372793,0.7706792902341658,false,105371242,105372793,0.7706792902341658
105371242,56955,0.8321447237338492,false,105371242,56955,0.8321447237338492
105371242,55282,0.7601275156839566,false,105371242,55282,0.7601275156839566
105371242,79098,0.8068975270962218,false,105371242,79098,0.8068975270962218
105371242,144571,0.7878932427696932,false,105371242,144571,0.7878932427696932
105371242,165186,0.8255464379062353,false,105371242,165186,0.8255464379062353
105371242,100033436,0.774717086267279,false,105371242,100033436,0.774717086267279
3434,164312,0.8509543467630778,false,3434,164312,0.8509543467630778
3434,1513,0.8579334334710168,false,3434,1513,0.8579334334710168
3434,135656,0.7822945329331903,false,3434,135656,0.7822945329331903
3434,3880,0.7714134975591708,false,3434,3880,0.7714134975591708
3434,153643,0.8557353515388475,false,3434,153643,0.8557353515388475
3434,2266,0.8234630081667337,false,3434,2266,0.8234630081667337
3434,745,0.8197620450351621,false,3434,745,0.8197620450351621
256076,84867,0.8639211505072739,false,256076,84867,0.8639211505072739
256076,100130701,0.8454600503173579,false,256076,100130701,0.8454600503173579
256076,284680,0.8711429265380184,false,256076,284680,0.8711429265380184
256076,9771,0.7811865365445942,false,256076,9771,0.7811865365445942
256076,128218,0.9497675545136897,false,256076,128218,0.9497675545136897
256076,222183,0.8639211505072739,false,256076,222183,0.8639211505072739
256076,7546,0.8639211505072736,false,256076,7546,0.8639211505072736
256076,9699,0.8639211505072736,false,256076,9699,0.8639211505072736
256076,101928580,0.8639211505072737,false,256076,101928580,0.8639211505072737
256076,105373265,0.7993294399535349,false,256076,105373265,0.7993294399535349
256076,9211,0.8563899876908064,false,256076,9211,0.8563899876908064
256076,100874002,0.8720799002828147,false,256076,100874002,0.8720799002828147
256076,440590,0.8639211505072737,false,256076,440590,0.8639211505072737
256076,1515,0.8639211505072739,false,256076,1515,0.8639211505072739
256076,4606,0.8639211505072737,false,256076,4606,0.8639211505072737
105180390,692058,0.7759148092181841,false,105180390,692058,0.7759148092181841
105180390,168374,0.86616931124992,false,105180390,168374,0.86616931124992
105180390,645843,0.9279960254879831,false,105180390,645843,0.9279960254879831
105180390,143884,0.8901921199891725,false,105180390,143884,0.8901921199891725
105180390,121512,0.8426781582007631,false,105180390,121512,0.8426781582007631
105180390,3993,0.8868229653102796,false,105180390,3993,0.8868229653102796
105180390,389852,0.902929329968914,false,105180390,389852,0.902929329968914
105180390,84239,0.7816302281210301,false,105180390,84239,0.7816302281210301
105180390,2065,0.9232571935444684,false,105180390,2065,0.9232571935444684
105180390,776,0.7574314180963996,false,105180390,776,0.7574314180963996
105180390,94059,0.7518283127658093,false,105180390,94059,0.7518283127658093
105180390,3960,0.9538170394756992,false,105180390,3960,0.9538170394756992
105180390,284323,0.9619278169678396,false,105180390,284323,0.9619278169678396
105180390,65217,0.8159079050948387,false,105180390,65217,0.8159079050948387
105180390,23584,0.7864343013486643,false,105180390,23584,0.7864343013486643
105180390,692213,0.9459255641297334,false,105180390,692213,0.9459255641297334
105180390,259294,0.8983090802897152,false,105180390,259294,0.8983090802897152
105180390,440352,0.8447261350403562,false,105180390,440352,0.8447261350403562
84867,100130701,0.8878856568027692,false,84867,100130701,0.8878856568027692
84867,284680,0.9827242789356609,false,84867,284680,0.9827242789356609
84867,9771,0.7695391096496836,false,84867,9771,0.7695391096496836
84867,128218,0.9349831907588436,false,84867,128218,0.9349831907588436
84867,222183,1.0,false,84867,222183,1.0
84867,7546,1.0,false,84867,7546,1.0
84867,9699,1.0,false,84867,9699,1.0
84867,101928580,1.0,false,84867,101928580,1.0
84867,105373265,0.8529273885761167,false,84867,105373265,0.8529273885761167
84867,9211,0.9993716660495694,false,84867,9211,0.9993716660495694
84867,100874002,0.9924038663952793,false,84867,100874002,0.9924038663952793
84867,440590,1.0,false,84867,440590,1.0
84867,1515,1.0,false,84867,1515,1.0
84867,4606,1.0,false,84867,4606,1.0
654433,140766,0.7870266364549994,false,654433,140766,0.7870266364549994
654433,105,0.8713302099445629,false,654433,105,0.8713302099445629
654433,9370,0.9701560249586937,false,654433,9370,0.9701560249586937
654433,80381,0.7939616632370792,false,654433,80381,0.7939616632370792
654433,123872,0.8333965931087787,false,654433,123872,0.8333965931087787
654433,100874095,0.9701560249586937,false,654433,100874095,0.9701560249586937
276,26769,0.907960043183848,false,276,26769,0.907960043183848
276,112268422,0.7609387952029718,false,276,112268422,0.7609387952029718
692058,645843,0.8250439124909802,false,692058,645843,0.8250439124909802
692058,2122,0.7749396048135048,false,692058,2122,0.7749396048135048
692058,121512,0.9257715093637302,false,692058,121512,0.9257715093637302
692058,123624,0.7712505982318901,false,692058,123624,0.7712505982318901
692058,391253,0.7749748176360964,false,692058,391253,0.7749748176360964
692058,693188,0.7930332403518311,false,692058,693188,0.7930332403518311
692058,776,0.8398299898490087,false,692058,776,0.8398299898490087
692058,84851,0.8564133298274564,false,692058,84851,0.8564133298274564
692058,4861,0.8096367202315913,false,692058,4861,0.8096367202315913
692058,284323,0.8788596665344541,false,692058,284323,0.8788596665344541
692058,65217,0.9193261019832613,false,692058,65217,0.9193261019832613
692058,105372793,0.8295233834045522,false,692058,105372793,0.8295233834045522
692058,79098,0.7806932332074615,false,692058,79098,0.7806932332074615
692058,649946,0.7648793416590508,false,692058,649946,0.7648793416590508
692058,165186,0.7640128824004455,false,692058,165186,0.7640128824004455
692058,100033436,0.8099797933451934,false,692058,100033436,0.8099797933451934
100130701,284680,0.9462808165557127,false,100130701,284680,0.9462808165557127
100130701,128218,0.8231177522898193,false,100130701,128218,0.8231177522898193
100130701,222183,0.8878856568027692,false,100130701,222183,0.8878856568027692
100130701,7546,0.8878856568027687,false,100130701,7546,0.8878856568027687
100130701,57710,0.918465539500721,false,100130701,57710,0.918465539500721
100130701,9699,0.8878856568027691,false,100130701,9699,0.8878856568027691
100130701,101928580,0.8878856568027691,false,100130701,101928580,0.8878856568027691
100130701,105373265,0.965278266253404,false,100130701,105373265,0.965278266253404
100130701,9211,0.8898980470906026,false,100130701,9211,0.8898980470906026
100130701,100874002,0.9301532994070257,false,100130701,100874002,0.9301532994070257
100130701,440590,0.8878856568027691,false,100130701,440590,0.8878856568027691
100130701,1515,0.8878856568027692,false,100130701,1515,0.8878856568027692
100130701,4606,0.8878856568027691,false,100130701,4606,0.8878856568027691
168374,645843,0.7811463216580822,false,168374,645843,0.7811463216580822
168374,143884,0.8888068617431296,false,168374,143884,0.8888068617431296
168374,3993,0.9672665204235158,false,168374,3993,0.9672665204235158
168374,389852,0.9718279345998928,false,168374,389852,0.9718279345998928
168374,164312,0.9085604355245487,false,168374,164312,0.9085604355245487
168374,84239,0.9316692316053159,false,168374,84239,0.9316692316053159
168374,2065,0.9688530448470024,false,168374,2065,0.9688530448470024
168374,135656,0.9232711233960447,false,168374,135656,0.9232711233960447
168374,94059,0.7944401791088013,false,168374,94059,0.7944401791088013
168374,3960,0.9537839513335356,false,168374,3960,0.9537839513335356
168374,23584,0.9061285669426274,false,168374,23584,0.9061285669426274
168374,692213,0.8726131395030261,false,168374,692213,0.8726131395030261
168374,153643,0.8555950797352505,false,168374,153643,0.8555950797352505
168374,259294,0.9480433350265278,false,168374,259294,0.9480433350265278
168374,2266,0.8717774943426945,false,168374,2266,0.8717774943426945
168374,745,0.89153940778578,false,168374,745,0.89153940778578
168374,440352,0.8500386034411104,false,168374,440352,0.8500386034411104
140766,57710,0.9091123692675969,false,140766,57710,0.9091123692675969
140766,9370,0.8001554693390602,false,140766,9370,0.8001554693390602
140766,123872,0.8990151303380989,false,140766,123872,0.8990151303380989
140766,105373265,0.7811410285508635,false,140766,105373265,0.7811410285508635
140766,219793,0.7887353068132258,false,140766,219793,0.7887353068132258
140766,100874095,0.8001554693390602,false,140766,100874095,0.8001554693390602
645843,143884,0.7903853222715844,false,645843,143884,0.7903853222715844
645843,121512,0.9048669244957118,false,645843,121512,0.9048669244957118
645843,3993,0.8378711152868448,false,645843,3993,0.8378711152868448
645843,389852,0.767714551993018,false,645843,389852,0.767714551993018
645843,84239,0.785636714662536,false,645843,84239,0.785636714662536
645843,2065,0.8041385555140119,false,645843,2065,0.8041385555140119
645843,776,0.8043126846627361,false,645843,776,0.8043126846627361
645843,3960,0.8546222519251356,false,645843,3960,0.8546222519251356
645843,284323,0.9429373042540383,false,645843,284323,0.9429373042540383
645843,65217,0.8197991147162256,false,645843,65217,0.8197991147162256
645843,23584,0.7762330898902976,false,645843,23584,0.7762330898902976
645843,692213,0.9073259429687286,false,645843,692213,0.9073259429687286
645843,259294,0.7814279333439282,false,645843,259294,0.7814279333439282
645843,440352,0.9140295002550847,false,645843,440352,0.9140295002550847
2122,84059,0.9324548397353707,false,2122,84059,0.9324548397353707
2122,121512,0.8721266389746104,false,2122,121512,0.8721266389746104
2122,6097,0.9800827499705462,false,2122,6097,0.9800827499705462
2122,120892,0.9740850828055465,false,2122,120892,0.9740850828055465
2122,113219467,0.810081684788466,false,2122,113219467,0.810081684788466
2122,123624,0.9987318328330482,false,2122,123624,0.9987318328330482
2122,391253,0.9941446606375565,false,2122,391253,0.9941446606375565
2122,693188,0.962343712753165,false,2122,693188,0.962343712753165
2122,6799,0.7607803938996913,false,2122,6799,0.7607803938996913
2122,353189,0.9258901813402461,false,2122,353189,0.9258901813402461
2122,776,0.9035263116659156,false,2122,776,0.9035263116659156
2122,84851,0.9358573519159495,false,2122,84851,0.9358573519159495
2122,84525,0.908386369634514,false,2122,84525,0.908386369634514
2122,4861,0.9952830866373821,false,2122,4861,0.9952830866373821
2122,10203,0.9796755508973527,false,2122,10203,0.9796755508973527
2122,1080,0.9047261994071107,false,2122,1080,0.9047261994071107
2122,65217,0.8265359808881065,false,2122,65217,0.8265359808881065
2122,105372793,0.8947034627000038,false,2122,105372793,0.8947034627000038
2122,56955,0.9930904327159275,false,2122,56955,0.9930904327159275
2122,653509,0.8361748691543447,false,2122,653509,0.8361748691543447
2122,55282,0.9168571023511649,false,2122,55282,0.9168571023511649
2122,79098,0.9908731120919358,false,2122,79098,0.9908731120919358
2122,144535,0.939711062879715,false,2122,144535,0.939711062879715
2122,649946,0.9588179297596865,false,2122,649946,0.9588179297596865
2122,144571,0.9718586775978584,false,2122,144571,0.9718586775978584
2122,165186,0.9968081338585042,false,2122,165186,0.9968081338585042
2122,102465485,0.9363166526859504,false,2122,102465485,0.9363166526859504
2122,100033436,0.9602489778575283,false,2122,100033436,0.9602489778575283
105,57477,0.838362827909502,false,105,57477,0.838362827909502
105,123872,0.8202006083357479,false,105,123872,0.8202006083357479
284680,9771,0.817739485063814,false,284680,9771,0.817739485063814
284680,128218,0.9048745487154096,false,284680,128218,0.9048745487154096
284680,222183,0.9827242789356608,false,284680,222183,0.9827242789356608
284680,7546,0.9827242789356607,false,284680,7546,0.9827242789356607
284680,57710,0.7957892093757906,false,284680,57710,0.7957892093757906
284680,9699,0.9827242789356608,false,284680,9699,0.9827242789356608
284680,101928580,0.9827242789356606,false,284680,101928580,0.9827242789356606
284680,105373265,0.9348074079976455,false,284680,105373265,0.9348074079976455
284680,9211,0.980466847319615,false,284680,9211,0.980466847319615
284680,100874002,0.9980278645388858,false,284680,100874002,0.9980278645388858
284680,440590,0.9827242789356608,false,284680,440590,0.9827242789356608
284680,1515,0.9827242789356608,false,284680,1515,0.9827242789356608
284680,4606,0.9827242789356606,false,284680,4606,0.9827242789356606
84059,121512,0.758217128884082,false,84059,121512,0.758217128884082
84059,6097,0.976632038282267,false,84059,6097,0.976632038282267
84059,120892,0.9663167155910527,false,84059,120892,0.9663167155910527
84059,123624,0.9429746062233951,false,84059,123624,0.9429746062233951
84059,391253,0.9152147561793561,false,84059,391253,0.9152147561793561
84059,693188,0.8263615857229663,false,84059,693188,0.8263615857229663
84059,6799,0.8955800585837977,false,84059,6799,0.8955800585837977
84059,353189,0.8453832817440344,false,84059,353189,0.8453832817440344
84059,776,0.7856228322618374,false,84059,776,0.7856228322618374
84059,84851,0.8141366669633184,false,84059,84851,0.8141366669633184
84059,84525,0.987575730586734,false,84059,84525,0.987575730586734
84059,4861,0.895411322199729,false,84059,4861,0.895411322199729
84059,10203,0.8984782758706293,false,84059,10203,0.8984782758706293
84059,1080,0.9240870079235971,false,84059,1080,0.9240870079235971
84059,1286,0.7711045182458852,false,84059,1286,0.7711045182458852
84059,105372793,0.7582970769887877,false,84059,105372793,0.7582970769887877
84059,56955,0.9228445931495703,false,84059,56955,0.9228445931495703
84059,653509,0.9370071178732181,false,84059,653509,0.9370071178732181
84059,55282,0.9342069649137504,false,84059,55282,0.9342069649137504
84059,79098,0.9088945117360219,false,84059,79098,0.9088945117360219
84059,144535,0.9426881658601488,false,84059,144535,0.9426881658601488
84059,649946,0.9490224899964692,false,84059,649946,0.9490224899964692
84059,144571,0.9506016991383588,false,84059,144571,0.9506016991383588
84059,165186,0.9240848133274246,false,84059,165186,0.9240848133274246
84059,102465485,0.9214311565980873,false,84059,102465485,0.9214311565980873
84059,100033436,0.8721078601167035,false,84059,100033436,0.8721078601167035
9411,100820829,0.9071606236824249,false,9411,100820829,0.9071606236824249
143884,3993,0.9600543861066788,false,143884,3993,0.9600543861066788
143884,389852,0.9458588978342062,false,143884,389852,0.9458588978342062
143884,164312,0.855428307547565,false,143884,164312,0.855428307547565
143884,84239,0.794669449701592,false,143884,84239,0.794669449701592
143884,2065,0.8911299221008896,false,143884,2065,0.8911299221008896
143884,135656,0.9114184980545095,false,143884,135656,0.9114184980545095
143884,94059,0.9303820238140357,false,143884,94059,0.9303820238140357
143884,3960,0.9648521010692828,false,143884,3960,0.9648521010692828
143884,284323,0.7680617906635828,false,143884,284323,0.7680617906635828
143884,23584,0.8934243558407502,false,143884,23584,0.8934243558407502
143884,692213,0.9434116655512843,false,143884,692213,0.9434116655512843
143884,112268422,0.831507479942289,false,143884,112268422,0.831507479942289
143884,259294,0.9850086005666422,false,143884,259294,0.9850086005666422
143884,2266,0.8842726317071661,false,143884,2266,0.8842726317071661
143884,745,0.8120073531422033,false,143884,745,0.8120073531422033
143884,440352,0.8529031981208339,false,143884,440352,0.8529031981208339
1579,57477,0.9089875469185434,false,1579,57477,0.9089875469185434
1579,3880,0.8551089580452585,false,1579,3880,0.8551089580452585
1579,79784,0.7809763053079928,false,1579,79784,0.7809763053079928
57477,79784,0.7713352817544874,false,57477,79784,0.7713352817544874
9771,222183,0.7695391096496838,false,9771,222183,0.7695391096496838
9771,7546,0.7695391096496834,false,9771,7546,0.7695391096496834
9771,9699,0.7695391096496836,false,9771,9699,0.7695391096496836
9771,101928580,0.7695391096496836,false,9771,101928580,0.7695391096496836
9771,105373265,0.8298147220326522,false,9771,105373265,0.8298147220326522
9771,100874002,0.804570073243353,false,9771,100874002,0.804570073243353
9771,440590,0.7695391096496836,false,9771,440590,0.7695391096496836
9771,1515,0.7695391096496838,false,9771,1515,0.7695391096496838
9771,4606,0.7695391096496836,false,9771,4606,0.7695391096496836
121512,6097,0.7897167949100429,false,121512,6097,0.7897167949100429
121512,120892,0.8102668516008669,false,121512,120892,0.8102668516008669
121512,123624,0.8820418827810786,false,121512,123624,0.8820418827810786
121512,391253,0.8589698363366457,false,121512,391253,0.8589698363366457
121512,693188,0.8048189209592925,false,121512,693188,0.8048189209592925
121512,353189,0.8278819266220404,false,121512,353189,0.8278819266220404
121512,776,0.9623663869163764,false,121512,776,0.9623663869163764
121512,84851,0.8177675428714014,false,121512,84851,0.8177675428714014
121512,4861,0.8871984161237972,false,121512,4861,0.8871984161237972
121512,10203,0.7917475319786267,false,121512,10203,0.7917475319786267
121512,284323,0.9537186062806657,false,121512,284323,0.9537186062806657
121512,65217,0.9590975286891745,false,121512,65217,0.9590975286891745
121512,105372793,0.7566769133118286,false,121512,105372793,0.7566769133118286
121512,56955,0.8565698876384569,false,121512,56955,0.8565698876384569
121512,79098,0.8981134080770675,false,121512,79098,0.8981134080770675
121512,144535,0.7664879960627646,false,121512,144535,0.7664879960627646
121512,649946,0.8592941931721785,false,121512,649946,0.8592941931721785
121512,165186,0.8602765927305067,false,121512,165186,0.8602765927305067
121512,102465485,0.7617782027896866,false,121512,102465485,0.7617782027896866
121512,100033436,0.8121621848811299,false,121512,100033436,0.8121621848811299
6097,120892,0.9805539932967611,false,6097,120892,0.9805539932967611
6097,113219467,0.8089151090390154,false,6097,113219467,0.8089151090390154
6097,123624,0.9823573346124747,false,6097,123624,0.9823573346124747
6097,391253,0.971408950706064,false,6097,391253,0.971408950706064
6097,693188,0.9161431576619241,false,6097,693188,0.9161431576619241
6097,6799,0.8629749052948466,false,6097,6799,0.8629749052948466
6097,389376,0.7602456374486414,false,6097,389376,0.7602456374486414
6097,353189,0.9017932306168884,false,6097,353189,0.9017932306168884
6097,776,0.8381956954001822,false,6097,776,0.8381956954001822
6097,84851,0.8782644282373225,false,6097,84851,0.8782644282373225
6097,84525,0.9617490176469545,false,6097,84525,0.9617490176469545
6097,4861,0.9584255824243579,false,6097,4861,0.9584255824243579
6097,10203,0.9703959442524642,false,6097,10203,0.9703959442524642
6097,1080,0.9297372994613038,false,6097,1080,0.9297372994613038
6097,105372793,0.8319836993853702,false,6097,105372793,0.8319836993853702
6097,56955,0.9752051503502611,false,6097,56955,0.9752051503502611
6097,653509,0.9181894124542602,false,6097,653509,0.9181894124542602
6097,55282,0.9535760312447017,false,6097,55282,0.9535760312447017
6097,79098,0.9640578084558993,false,6097,79098,0.9640578084558993
6097,144535,0.9449790335363542,false,6097,144535,0.9449790335363542
6097,649946,0.9500770638953507,false,6097,649946,0.9500770638953507
6097,144571,0.9849176306199967,false,6097,144571,0.9849176306199967
6097,165186,0.9761964605351746,false,6097,165186,0.9761964605351746
6097,102465485,0.9348510704783911,false,6097,102465485,0.9348510704783911
6097,100033436,0.9235520397942916,false,6097,100033436,0.9235520397942916
120892,113219467,0.8470317897357713,false,120892,113219467,0.8470317897357713
120892,123624,0.9744142085641377,false,120892,123624,0.9744142085641377
120892,391253,0.9754219314239374,false,120892,391253,0.9754219314239374
120892,693188,0.9299083531354251,false,120892,693188,0.9299083531354251
120892,6799,0.8508309889489012,false,120892,6799,0.8508309889489012
120892,389376,0.7800514570122224,false,120892,389376,0.7800514570122224
120892,353189,0.9267776386983876,false,120892,353189,0.9267776386983876
120892,776,0.8081935577893945,false,120892,776,0.8081935577893945
120892,84851,0.9215595272309116,false,120892,84851,0.9215595272309116
120892,84525,0.932014597382023,false,120892,84525,0.932014597382023
120892,4861,0.9513340221134712,false,120892,4861,0.9513340221134712
120892,10203,0.9331963071289511,false,120892,10203,0.9331963071289511
120892,1080,0.9729374481734285,false,120892,1080,0.9729374481734285
120892,105372793,0.8754969185390474,false,120892,105372793,0.8754969185390474
120892,56955,0.9501603730082792,false,120892,56955,0.9501603730082792
120892,653509,0.9094986093468037,false,120892,653509,0.9094986093468037
120892,55282,0.8851381289376601,false,120892,55282,0.8851381289376601
120892,79098,0.9522496451107831,false,120892,79098,0.9522496451107831
120892,144535,0.9862366612814772,false,120892,144535,0.9862366612814772
120892,649946,0.9522697074845416,false,120892,649946,0.9522697074845416
120892,144571,0.9701251949362386,false,120892,144571,0.9701251949362386
120892,26298,0.7545444420438608,false,120892,26298,0.7545444420438608
120892,165186,0.9605491220050698,false,120892,165186,0.9605491220050698
120892,102465485,0.9360291648819636,false,120892,102465485,0.9360291648819636
120892,100033436,0.9484680489244169,false,120892,100033436,0.9484680489244169
128218,222183,0.9349831907588436,false,128218,222183,0.9349831907588436
128218,7546,0.9349831907588435,false,128218,7546,0.9349831907588435
128218,9699,0.9349831907588438,false,128218,9699,0.9349831907588438
128218,101928580,0.9349831907588438,false,128218,101928580,0.9349831907588438
128218,105373265,0.7581077078446016,false,128218,105373265,0.7581077078446016
128218,9211,0.9305185327553386,false,128218,9211,0.9305185327553386
128218,100874002,0.9186040770315956,false,128218,100874002,0.9186040770315956
128218,440590,0.9349831907588436,false,128218,440590,0.9349831907588436
128218,1515,0.9349831907588436,false,128218,1515,0.9349831907588436
128218,4606,0.9349831907588438,false,128218,4606,0.9349831907588438
100820829,55282,0.7749146854492307,false,100820829,55282,0.7749146854492307
222183,7546,1.0,false,222183,7546,1.0
222183,9699,1.0,false,222183,9699,1.0
222183,101928580,1.0,false,222183,101928580,1.0
222183,105373265,0.8529273885761167,false,222183,105373265,0.8529273885761167
222183,9211,0.9993716660495694,false,222183,9211,0.9993716660495694
222183,100874002,0.9924038663952793,false,222183,100874002,0.9924038663952793
222183,440590,1.0,false,222183,440590,1.0
222183,1515,1.0,false,222183,1515,1.0
222183,4606,1.0,false,222183,4606,1.0
113219467,123624,0.785629608574267,false,113219467,123624,0.785629608574267
113219467,391253,0.8518213073611058,false,113219467,391253,0.8518213073611058
113219467,220136,0.7727159943349169,false,113219467,220136,0.7727159943349169
113219467,693188,0.9019712242318491,false,113219467,693188,0.9019712242318491
113219467,6799,0.7505429865487313,false,113219467,6799,0.7505429865487313
113219467,389376,0.8632242290634901,false,113219467,389376,0.8632242290634901
113219467,353189,0.842158190592961,false,113219467,353189,0.842158190592961
113219467,84851,0.8579499819448134,false,113219467,84851,0.8579499819448134
113219467,4861,0.7988729545361881,false,113219467,4861,0.7988729545361881
113219467,10203,0.8215178628190187,false,113219467,10203,0.8215178628190187
113219467,1080,0.9035326054012202,false,113219467,1080,0.9035326054012202
113219467,105372793,0.8524051524007906,false,113219467,105372793,0.8524051524007906
113219467,56955,0.7740071067065635,false,113219467,56955,0.7740071067065635
113219467,653509,0.7966906859209065,false,113219467,653509,0.7966906859209065
113219467,79098,0.7772410287232234,false,113219467,79098,0.7772410287232234
113219467,144535,0.8537282733242422,false,113219467,144535,0.8537282733242422
113219467,144571,0.8441992046212906,false,113219467,144571,0.8441992046212906
113219467,26298,0.9063953493855065,false,113219467,26298,0.9063953493855065
113219467,165186,0.7956152099560964,false,113219467,165186,0.7956152099560964
113219467,102465485,0.7583981419312922,false,113219467,102465485,0.7583981419312922
113219467,100033436,0.8498628880671757,false,113219467,100033436,0.8498628880671757
123624,391253,0.9901151824788366,false,123624,391253,0.9901151824788366
123624,693188,0.9478484935098137,false,123624,693188,0.9478484935098137
123624,6799,0.7677953129915122,false,123624,6799,0.7677953129915122
123624,353189,0.9225092424165139,false,123624,353189,0.9225092424165139
123624,776,0.9121583805221546,false,123624,776,0.9121583805221546
123624,84851,0.9227152578368624,false,123624,84851,0.9227152578368624
123624,84525,0.9192126831084716,false,123624,84525,0.9192126831084716
123624,4861,0.9916678283304776,false,123624,4861,0.9916678283304776
123624,10203,0.9742459686979612,false,123624,10203,0.9742459686979612
123624,1080,0.900722902973776,false,123624,1080,0.900722902973776
123624,65217,0.8296203480817856,false,123624,65217,0.8296203480817856
123624,105372793,0.8771084724020246,false,123624,105372793,0.8771084724020246
123624,56955,0.9921871847963137,false,123624,56955,0.9921871847963137
123624,653509,0.8414485482397359,false,123624,653509,0.8414485482397359
123624,55282,0.9230292773717848,false,123624,55282,0.9230292773717848
123624,79098,0.9914785037742724,false,123624,79098,0.9914785037742724
123624,144535,0.9376678186224752,false,123624,144535,0.9376678186224752
123624,649946,0.9648342589639542,false,123624,649946,0.9648342589639542
123624,144571,0.9681581337063156,false,123624,144571,0.9681581337063156
123624,165186,0.9948267130571038,false,123624,165186,0.9948267130571038
123624,102465485,0.9348498373046401,false,123624,102465485,0.9348498373046401
123624,100033436,0.9506966923446835,false,123624,100033436,0.9506966923446835
7546,9699,0.9999999999999999,false,7546,9699,0.9999999999999999
7546,101928580,0.9999999999999998,false,7546,101928580,0.9999999999999998
7546,105373265,0.8529273885761162,false,7546,105373265,0.8529273885761162
7546,9211,0.9993716660495692,false,7546,9211,0.9993716660495692
7546,100874002,0.9924038663952789,false,7546,100874002,0.9924038663952789
7546,440590,0.9999999999999997,false,7546,440590,0.9999999999999997
7546,1515,1.0,false,7546,1515,1.0
7546,4606,0.9999999999999998,false,7546,4606,0.9999999999999998
285429,26797,0.7582904669142284,false,285429,26797,0.7582904669142284
285429,692209,0.7587225593591986,false,285429,692209,0.7587225593591986
285429,83643,0.7911404558322158,false,285429,83643,0.7911404558322158
285429,284434,0.7677048232288136,false,285429,284434,0.7677048232288136
3993,389852,0.9650402029936653,false,3993,389852,0.9650402029936653
3993,164312,0.8777320376801261,false,3993,164312,0.8777320376801261
3993,84239,0.9074823936825195,false,3993,84239,0.9074823936825195
3993,2065,0.9377510777553698,false,3993,2065,0.9377510777553698
3993,135656,0.9237425205816302,false,3993,135656,0.9237425205816302
3993,94059,0.8882236211991835,false,3993,94059,0.8882236211991835
3993,3960,0.9735479443841493,false,3993,3960,0.9735479443841493
3993,284323,0.7533772781001936,false,3993,284323,0.7533772781001936
3993,23584,0.9432281014110142,false,3993,23584,0.9432281014110142
3993,692213,0.9398158280399307,false,3993,692213,0.9398158280399307
3993,153643,0.7986729574525916,false,3993,153643,0.7986729574525916
3993,112268422,0.808973661605961,false,3993,112268422,0.808973661605961
3993,259294,0.9793671593992694,false,3993,259294,0.9793671593992694
3993,2266,0.8706596531692768,false,3993,2266,0.8706596531692768
3993,745,0.8737635927131038,false,3993,745,0.8737635927131038
3993,440352,0.9128095359551269,false,3993,440352,0.9128095359551269
26797,4057,0.7627218194193051,false,26797,4057,0.7627218194193051
26797,692209,0.9998565307961634,false,26797,692209,0.9998565307961634
26797,563,0.7917309183679588,false,26797,563,0.7917309183679588
26797,83643,0.996620307344301,false,26797,83643,0.996620307344301
26797,498,0.7899628586535391,false,26797,498,0.7899628586535391
26797,284434,0.9969998311836206,false,26797,284434,0.9969998311836206
26797,1028,0.8059630440720905,false,26797,1028,0.8059630440720905
26797,646480,0.9993699205409339,false,26797,646480,0.9993699205409339
4057,112577518,0.9630953927830316,false,4057,112577518,0.9630953927830316
4057,692209,0.751867037230128,false,4057,692209,0.751867037230128
4057,563,0.9970012878777431,false,4057,563,0.9970012878777431
4057,4069,0.8807852142435796,false,4057,4069,0.8807852142435796
4057,498,0.8973422110663066,false,4057,498,0.8973422110663066
4057,219793,0.7960650600227066,false,4057,219793,0.7960650600227066
391253,693188,0.9750725112862826,false,391253,693188,0.9750725112862826
391253,6799,0.77423026606284,false,391253,6799,0.77423026606284
391253,389376,0.7815311940708521,false,391253,389376,0.7815311940708521
391253,353189,0.9575388723608593,false,391253,353189,0.9575388723608593
391253,776,0.8771349725147602,false,391253,776,0.8771349725147602
391253,84851,0.9385857077566433,false,391253,84851,0.9385857077566433
391253,84525,0.8775307447587204,false,391253,84525,0.8775307447587204
391253,4861,0.9888060979643979,false,391253,4861,0.9888060979643979
391253,10203,0.9730609655672386,false,391253,10203,0.9730609655672386
391253,1080,0.9236183684445981,false,391253,1080,0.9236183684445981
391253,65217,0.8036012041848403,false,391253,65217,0.8036012041848403
391253,105372793,0.8950018387778071,false,391253,105372793,0.8950018387778071
391253,56955,0.9775395266136677,false,391253,56955,0.9775395266136677
391253,653509,0.8468671142260156,false,391253,653509,0.8468671142260156
391253,55282,0.8813676876473733,false,391253,55282,0.8813676876473733
391253,79098,0.9901193593614228,false,391253,79098,0.9901193593614228
391253,144535,0.9398283121148823,false,391253,144535,0.9398283121148823
391253,649946,0.9294776771825721,false,391253,649946,0.9294776771825721
391253,144571,0.9595887639745018,false,391253,144571,0.9595887639745018
391253,165186,0.9847542980838159,false,391253,165186,0.9847542980838159
391253,102465485,0.9073824437423026,false,391253,102465485,0.9073824437423026
391253,100033436,0.9536939538767594,false,391253,100033436,0.9536939538767594
389852,164312,0.9307503777441505,false,389852,164312,0.9307503777441505
389852,84239,0.8408649138260917,false,389852,84239,0.8408649138260917
389852,2065,0.984088339158836,false,389852,2065,0.984088339158836
389852,135656,0.9524940654347113,false,389852,135656,0.9524940654347113
389852,94059,0.8797361005790151,false,389852,94059,0.8797361005790151
389852,3960,0.9861678157606802,false,389852,3960,0.9861678157606802
389852,284323,0.7513471611888707,false,389852,284323,0.7513471611888707
389852,23584,0.8596318383777727,false,389852,23584,0.8596318383777727
389852,692213,0.9224662441480311,false,389852,692213,0.9224662441480311
389852,153643,0.8011884152968716,false,389852,153643,0.8011884152968716
389852,112268422,0.7740918606771713,false,389852,112268422,0.7740918606771713
389852,259294,0.9867523260381063,false,389852,259294,0.9867523260381063
389852,2266,0.9234591666375577,false,389852,2266,0.9234591666375577
389852,745,0.8605185456114575,false,389852,745,0.8605185456114575
389852,440352,0.7990642205584491,false,389852,440352,0.7990642205584491
220136,6799,0.8873496857981716,false,220136,6799,0.8873496857981716
220136,389376,0.934263761090615,false,220136,389376,0.934263761090615
220136,1080,0.8009756510981997,false,220136,1080,0.8009756510981997
220136,653509,0.8576580374176633,false,220136,653509,0.8576580374176633
220136,26298,0.836251554486542,false,220136,26298,0.836251554486542
112577518,563,0.9581336784552199,false,112577518,563,0.9581336784552199
112577518,4069,0.9246119148970153,false,112577518,4069,0.9246119148970153
112577518,498,0.7760609227535226,false,112577518,498,0.7760609227535226
112577518,219793,0.7890344843553823,false,112577518,219793,0.7890344843553823
57710,105373265,0.9488163058408616,false,57710,105373265,0.9488163058408616
57710,100874002,0.7580032436703237,false,57710,100874002,0.7580032436703237
57710,219793,0.8027839591488946,false,57710,219793,0.8027839591488946
9370,80381,0.8629948781904894,false,9370,80381,0.8629948781904894
9370,4069,0.7613944631008914,false,9370,4069,0.7613944631008914
9370,123872,0.7764660828354755,false,9370,123872,0.7764660828354755
9370,100874095,1.0,false,9370,100874095,1.0
693188,353189,0.9191965472594088,false,693188,353189,0.9191965472594088
693188,776,0.8263734309569689,false,693188,776,0.8263734309569689
693188,84851,0.970619765146109,false,693188,84851,0.970619765146109
693188,84525,0.7927956071204872,false,693188,84525,0.7927956071204872
693188,4861,0.971726287563032,false,693188,4861,0.971726287563032
693188,10203,0.9554225803056434,false,693188,10203,0.9554225803056434
693188,1080,0.8877537344171041,false,693188,1080,0.8877537344171041
693188,65217,0.7913784813416181,false,693188,65217,0.7913784813416181
693188,105372793,0.9513243636654126,false,693188,105372793,0.9513243636654126
693188,56955,0.9480347918495948,false,693188,56955,0.9480347918495948
693188,653509,0.7597612500842508,false,693188,653509,0.7597612500842508
693188,55282,0.81949004510989,false,693188,55282,0.81949004510989
693188,79098,0.9481893591013374,false,693188,79098,0.9481893591013374
693188,144535,0.9096921118429826,false,693188,144535,0.9096921118429826
693188,649946,0.8802373033328394,false,693188,649946,0.8802373033328394
693188,144571,0.9354627477093869,false,693188,144571,0.9354627477093869
693188,26298,0.7623984028865656,false,693188,26298,0.7623984028865656
693188,165186,0.9592773596902746,false,693188,165186,0.9592773596902746
693188,102465485,0.890318474901686,false,693188,102465485,0.890318474901686
693188,100033436,0.9678681379350609,false,693188,100033436,0.9678681379350609
6799,389376,0.8626757700804879,false,6799,389376,0.8626757700804879
6799,353189,0.783697286809424,false,6799,353189,0.783697286809424
6799,84525,0.8645731171720796,false,6799,84525,0.8645731171720796
6799,10203,0.7565776943271549,false,6799,10203,0.7565776943271549
6799,1080,0.8939991213538508,false,6799,1080,0.8939991213538508
6799,1286,0.8506113502621446,false,6799,1286,0.8506113502621446
6799,653509,0.9919310115810467,false,6799,653509,0.9919310115810467
6799,55282,0.7863864055865549,false,6799,55282,0.7863864055865549
6799,144535,0.8189741575844082,false,6799,144535,0.8189741575844082
6799,144571,0.8172323580672101,false,6799,144571,0.8172323580672101
389376,353189,0.8858429305760342,false,389376,353189,0.8858429305760342
389376,1080,0.852816567675473,false,389376,1080,0.852816567675473
389376,653509,0.8689933149042246,false,389376,653509,0.8689933149042246
389376,26298,0.8776129230888438,false,389376,26298,0.8776129230888438
164312,84239,0.7613214189363092,false,164312,84239,0.7613214189363092
164312,2065,0.8805699409001861,false,164312,2065,0.8805699409001861
164312,1513,0.7566671388379985,false,164312,1513,0.7566671388379985
164312,135656,0.9905229777757025,false,164312,135656,0.9905229777757025
164312,94059,0.8425874843617476,false,164312,94059,0.8425874843617476
164312,3960,0.8631932383534057,false,164312,3960,0.8631932383534057
164312,23584,0.794929968134638,false,164312,23584,0.794929968134638
164312,692213,0.7505014859819218,false,164312,692213,0.7505014859819218
164312,153643,0.9187290922992879,false,164312,153643,0.9187290922992879
164312,112268422,0.8515956537847633,false,164312,112268422,0.8515956537847633
164312,259294,0.9144206743847666,false,164312,259294,0.9144206743847666
164312,2266,0.9895953856109486,false,164312,2266,0.9895953856109486
164312,745,0.955452632899755,false,164312,745,0.955452632899755
9699,101928580,1.0,false,9699,101928580,1.0
9699,105373265,0.8529273885761164,false,9699,105373265,0.8529273885761164
9699,9211,0.9993716660495695,false,9699,9211,0.9993716660495695
9699,100874002,0.9924038663952792,false,9699,100874002,0.9924038663952792
9699,440590,1.0,false,9699,440590,1.0
9699,1515,1.0,false,9699,1515,1.0
9699,4606,1.0,false,9699,4606,1.0
84239,2065,0.8316866189774366,false,84239,2065,0.8316866189774366
84239,135656,0.7851288992910698,false,84239,135656,0.7851288992910698
84239,3960,0.8443786391839727,false,84239,3960,0.8443786391839727
84239,23584,0.9595143117559142,false,84239,23584,0.9595143117559142
84239,692213,0.7559971386357187,false,84239,692213,0.7559971386357187
84239,153643,0.7686487668419761,false,84239,153643,0.7686487668419761
84239,259294,0.8374235255922261,false,84239,259294,0.8374235255922261
84239,745,0.8380939268337833,false,84239,745,0.8380939268337833
84239,440352,0.9272886185551164,false,84239,440352,0.9272886185551164
353189,776,0.8020910445969667,false,353189,776,0.8020910445969667
353189,84851,0.8548822474728659,false,353189,84851,0.8548822474728659
353189,84525,0.7678872967268735,false,353189,84525,0.7678872967268735
353189,4861,0.9139161422501179,false,353189,4861,0.9139161422501179
353189,10203,0.8901514981214899,false,353189,10203,0.8901514981214899
353189,1080,0.9088936831815394,false,353189,1080,0.9088936831815394
353189,105372793,0.7894187392186696,false,353189,105372793,0.7894187392186696
353189,56955,0.8830099036448618,false,353189,56955,0.8830099036448618
353189,653509,0.8411718643498217,false,353189,653509,0.8411718643498217
353189,79098,0.9486338147079535,false,353189,79098,0.9486338147079535
353189,144535,0.8761560100378745,false,353189,144535,0.8761560100378745
353189,649946,0.8126181875989259,false,353189,649946,0.8126181875989259
353189,144571,0.8563874014130791,false,353189,144571,0.8563874014130791
353189,26298,0.8242449842450293,false,353189,26298,0.8242449842450293
353189,165186,0.8959720382339502,false,353189,165186,0.8959720382339502
353189,102465485,0.762147854003105,false,353189,102465485,0.762147854003105
353189,100033436,0.8513813666166197,false,353189,100033436,0.8513813666166197
692209,563,0.7816349310100502,false,692209,563,0.7816349310100502
692209,83643,0.9972548554932368,false,692209,83643,0.9972548554932368
692209,498,0.7813119981446942,false,692209,498,0.7813119981446942
692209,284434,0.9973455919129098,false,692209,284434,0.9973455919129098
692209,1028,0.8094062646200854,false,692209,1028,0.8094062646200854
692209,646480,0.9996297072756344,false,692209,646480,0.9996297072756344
563,83643,0.7560828511005313,false,563,83643,0.7560828511005313
563,4069,0.8606245189647491,false,563,4069,0.8606245189647491
563,498,0.8794035303288615,false,563,498,0.8794035303288615
563,284434,0.7737660686538521,false,563,284434,0.7737660686538521
563,219793,0.7617777999371336,false,563,219793,0.7617777999371336
563,646480,0.7808051085446752,false,563,646480,0.7808051085446752
2065,135656,0.8977165983290881,false,2065,135656,0.8977165983290881
2065,94059,0.8218739450274479,false,2065,94059,0.8218739450274479
2065,3960,0.9751807690204995,false,2065,3960,0.9751807690204995
2065,284323,0.792202249081059,false,2065,284323,0.792202249081059
2065,23584,0.8079370819900566,false,2065,23584,0.8079370819900566
2065,692213,0.9188768206683111,false,2065,692213,0.9188768206683111
2065,153643,0.7693497699308238,false,2065,153643,0.7693497699308238
2065,259294,0.948934174871182,false,2065,259294,0.948934174871182
2065,2266,0.8589584659077338,false,2065,2266,0.8589584659077338
2065,745,0.7941144556733986,false,2065,745,0.7941144556733986
2065,440352,0.7806845314583755,false,2065,440352,0.7806845314583755
776,84851,0.8043188564633079,false,776,84851,0.8043188564633079
776,84525,0.768341670038186,false,776,84525,0.768341670038186
776,4861,0.9222219272470114,false,776,4861,0.9222219272470114
776,10203,0.8721678039350748,false,776,10203,0.8721678039350748
776,284323,0.9026474135208428,false,776,284323,0.9026474135208428
776,65217,0.9675167623376868,false,776,65217,0.9675167623376868
776,105372793,0.7530068403434647,false,776,105372793,0.7530068403434647
776,56955,0.9158961002463295,false,776,56955,0.9158961002463295
776,55282,0.8241119541973142,false,776,55282,0.8241119541973142
776,79098,0.9272411853307702,false,776,79098,0.9272411853307702
776,649946,0.8795835053519089,false,776,649946,0.8795835053519089
776,144571,0.8052319571345191,false,776,144571,0.8052319571345191
776,165186,0.9083823344800231,false,776,165186,0.9083823344800231
776,102465485,0.8016774959676441,false,776,102465485,0.8016774959676441
776,100033436,0.8225548708480055,false,776,100033436,0.8225548708480055
84851,84525,0.7862987085323327,false,84851,84525,0.7862987085323327
84851,4861,0.9464867248206679,false,84851,4861,0.9464867248206679
84851,10203,0.8956400234010832,false,84851,10203,0.8956400234010832
84851,1080,0.8792790334553463,false,84851,1080,0.8792790334553463
84851,65217,0.7985969579822952,false,84851,65217,0.7985969579822952
84851,105372793,0.9915329988769586,false,84851,105372793,0.9915329988769586
84851,56955,0.9181333957287858,false,84851,56955,0.9181333957287858
84851,55282,0.7762675489809331,false,84851,55282,0.7762675489809331
84851,79098,0.901096432693497,false,84851,79098,0.901096432693497
84851,144535,0.9354500356834454,false,84851,144535,0.9354500356834454
84851,649946,0.9106453442984619,false,84851,649946,0.9106453442984619
84851,144571,0.9170000914801654,false,84851,144571,0.9170000914801654
84851,165186,0.9346119464005788,false,84851,165186,0.9346119464005788
84851,102465485,0.9269004689115686,false,84851,102465485,0.9269004689115686
84851,100033436,0.9909398051321077,false,84851,100033436,0.9909398051321077
135656,94059,0.9011186725542533,false,135656,94059,0.9011186725542533
135656,3960,0.9040368963655089,false,135656,3960,0.9040368963655089
135656,23584,0.8401935869816883,false,135656,23584,0.8401935869816883
135656,692213,0.8191632997214434,false,135656,692213,0.8191632997214434
135656,153643,0.8991896194427121,false,135656,153643,0.8991896194427121
135656,112268422,0.8941724779556348,false,135656,112268422,0.8941724779556348
135656,259294,0.9525788677067155,false,135656,259294,0.9525788677067155
135656,2266,0.9910001251837888,false,135656,2266,0.9910001251837888
135656,745,0.9529538367410183,false,135656,745,0.9529538367410183
84525,4861,0.8730836336178686,false,84525,4861,0.8730836336178686
84525,10203,0.8911323385067318,false,84525,10203,0.8911323385067318
84525,1080,0.8756475818814435,false,84525,1080,0.8756475818814435
84525,1286,0.7508409298619454,false,84525,1286,0.7508409298619454
84525,56955,0.9155881390954226,false,84525,56955,0.9155881390954226
84525,653509,0.9057545616725691,false,84525,653509,0.9057545616725691
84525,55282,0.9637511072519084,false,84525,55282,0.9637511072519084
84525,79098,0.8734050015676312,false,84525,79098,0.8734050015676312
84525,144535,0.9122678158828365,false,84525,144535,0.9122678158828365
84525,649946,0.9477173146335501,false,84525,649946,0.9477173146335501
84525,144571,0.9502941152237431,false,84525,144571,0.9502941152237431
84525,165186,0.9116967559604184,false,84525,165186,0.9116967559604184
84525,102465485,0.9363545867568375,false,84525,102465485,0.9363545867568375
84525,100033436,0.8576507173319265,false,84525,100033436,0.8576507173319265
3880,79784,0.759817248991873,false,3880,79784,0.759817248991873
3880,153643,0.912398609872249,false,3880,153643,0.912398609872249
3880,745,0.8479973892293668,false,3880,745,0.8479973892293668
4861,10203,0.9786628384860175,false,4861,10203,0.9786628384860175
4861,1080,0.8704254553400218,false,4861,1080,0.8704254553400218
4861,65217,0.8650163436803985,false,4861,65217,0.8650163436803985
4861,105372793,0.9114523763622321,false,4861,105372793,0.9114523763622321
4861,56955,0.992283616273492,false,4861,56955,0.992283616273492
4861,653509,0.7820454479521157,false,4861,653509,0.7820454479521157
4861,55282,0.8992844432536765,false,4861,55282,0.8992844432536765
4861,79098,0.9883903428943905,false,4861,79098,0.9883903428943905
4861,144535,0.9159545972518411,false,4861,144535,0.9159545972518411
4861,649946,0.947739335106964,false,4861,649946,0.947739335106964
4861,144571,0.9569277629709703,false,4861,144571,0.9569277629709703
4861,165186,0.9956152256872074,false,4861,165186,0.9956152256872074
4861,102465485,0.9271120314651119,false,4861,102465485,0.9271120314651119
4861,100033436,0.9636163283634249,false,4861,100033436,0.9636163283634249
94059,26769,0.8810479716474903,false,94059,26769,0.8810479716474903
94059,3960,0.8808504902441133,false,94059,3960,0.8808504902441133
94059,692213,0.9062974339436747,false,94059,692213,0.9062974339436747
94059,112268422,0.9392472512153102,false,94059,112268422,0.9392472512153102
94059,259294,0.9189068476743815,false,94059,259294,0.9189068476743815
94059,79740,0.7548090488900161,false,94059,79740,0.7548090488900161
94059,2266,0.8910365718502593,false,94059,2266,0.8910365718502593
94059,745,0.7792772791768912,false,94059,745,0.7792772791768912
101928580,105373265,0.8529273885761165,false,101928580,105373265,0.8529273885761165
101928580,9211,0.9993716660495693,false,101928580,9211,0.9993716660495693
101928580,100874002,0.9924038663952792,false,101928580,100874002,0.9924038663952792
101928580,440590,0.9999999999999999,false,101928580,440590,0.9999999999999999
101928580,1515,1.0,false,101928580,1515,1.0
101928580,4606,1.0,false,101928580,4606,1.0
26769,112268422,0.8994677891879429,false,26769,112268422,0.8994677891879429
26769,79740,0.7746159560008542,false,26769,79740,0.7746159560008542
26769,2266,0.7604302782577944,false,26769,2266,0.7604302782577944
80381,100874095,0.8629948781904894,false,80381,100874095,0.8629948781904894
3960,284323,0.8392062297238542,false,3960,284323,0.8392062297238542
3960,23584,0.8732763687392726,false,3960,23584,0.8732763687392726
3960,692213,0.9663324547493132,false,3960,692213,0.9663324547493132
3960,259294,0.9861947023186091,false,3960,259294,0.9861947023186091
3960,2266,0.8638788249022621,false,3960,2266,0.8638788249022621
3960,745,0.7958267338476099,false,3960,745,0.7958267338476099
3960,440352,0.8575131505399722,false,3960,440352,0.8575131505399722
10203,1080,0.8605959193536651,false,10203,1080,0.8605959193536651
10203,65217,0.78070942832939,false,10203,65217,0.78070942832939
10203,105372793,0.8646546398584678,false,10203,105372793,0.8646546398584678
10203,56955,0.9880539204907034,false,10203,56955,0.9880539204907034
10203,653509,0.8271822382203523,false,10203,653509,0.8271822382203523
10203,55282,0.9421657563223137,false,10203,55282,0.9421657563223137
10203,79098,0.9712929319794872,false,10203,79098,0.9712929319794872
10203,144535,0.8850300010077911,false,10203,144535,0.8850300010077911
10203,649946,0.9122832834116477,false,10203,649946,0.9122832834116477
10203,144571,0.9706378448918158,false,10203,144571,0.9706378448918158
10203,165186,0.9858488202563681,false,10203,165186,0.9858488202563681
10203,102465485,0.9105443535062852,false,10203,102465485,0.9105443535062852
10203,100033436,0.9295453866059111,false,10203,100033436,0.9295453866059111
284323,65217,0.9355700995030737,false,284323,65217,0.9355700995030737
284323,692213,0.8688484533903398,false,284323,692213,0.8688484533903398
284323,259294,0.7539429690338652,false,284323,259294,0.7539429690338652
284323,440352,0.7986579439119003,false,284323,440352,0.7986579439119003
83643,498,0.7713824790550106,false,83643,498,0.7713824790550106
83643,284434,0.9984051284074399,false,83643,284434,0.9984051284074399
83643,1028,0.8356556121486188,false,83643,1028,0.8356556121486188
83643,646480,0.9970097941588049,false,83643,646480,0.9970097941588049
4069,100874095,0.7613944631008915,false,4069,100874095,0.7613944631008915
498,284434,0.7616793498895393,false,498,284434,0.7616793498895393
498,219793,0.8271644248452651,false,498,219793,0.8271644248452651
498,646480,0.7698614382014546,false,498,646480,0.7698614382014546
1080,105372793,0.8361366105062203,false,1080,105372793,0.8361366105062203
1080,56955,0.8629839738649332,false,1080,56955,0.8629839738649332
1080,653509,0.9348466707534828,false,1080,653509,0.9348466707534828
1080,55282,0.7942239006719893,false,1080,55282,0.7942239006719893
1080,79098,0.874844507656401,false,1080,79098,0.874844507656401
1080,144535,0.9760510624564548,false,1080,144535,0.9760510624564548
1080,649946,0.8694902682881601,false,1080,649946,0.8694902682881601
1080,144571,0.9235020642401741,false,1080,144571,0.9235020642401741
1080,26298,0.8592506635532723,false,1080,26298,0.8592506635532723
1080,165186,0.8811245772596036,false,1080,165186,0.8811245772596036
1080,102465485,0.8720994818060742,false,1080,102465485,0.8720994818060742
1080,100033436,0.8984932337252023,false,1080,100033436,0.8984932337252023
123872,219793,0.7559758142841069,false,123872,219793,0.7559758142841069
123872,100874095,0.7764660828354755,false,123872,100874095,0.7764660828354755
284434,1028,0.8489053552458634,false,284434,1028,0.8489053552458634
284434,646480,0.9982420876737647,false,284434,646480,0.9982420876737647
105373265,9211,0.8477657687743793,false,105373265,9211,0.8477657687743793
105373265,100874002,0.9106698853218423,false,105373265,100874002,0.9106698853218423
105373265,440590,0.8529273885761164,false,105373265,440590,0.8529273885761164
105373265,1515,0.8529273885761166,false,105373265,1515,0.8529273885761166
105373265,4606,0.8529273885761165,false,105373265,4606,0.8529273885761165
9211,100874002,0.9906902036363374,false,9211,100874002,0.9906902036363374
9211,440590,0.9993716660495691,false,9211,440590,0.9993716660495691
9211,1515,0.9993716660495694,false,9211,1515,0.9993716660495694
9211,4606,0.9993716660495694,false,9211,4606,0.9993716660495694
65217,105372793,0.7634790671900966,false,65217,105372793,0.7634790671900966
65217,56955,0.8358222418222412,false,65217,56955,0.8358222418222412
65217,79098,0.850175962938656,false,65217,79098,0.850175962938656
65217,649946,0.8041108558263704,false,65217,649946,0.8041108558263704
65217,165186,0.8333783831701365,false,65217,165186,0.8333783831701365
65217,100033436,0.7883294631046222,false,65217,100033436,0.7883294631046222
1286,653509,0.819267397631224,false,1286,653509,0.819267397631224
100874002,440590,0.9924038663952791,false,100874002,440590,0.9924038663952791
100874002,1515,0.9924038663952793,false,100874002,1515,0.9924038663952793
100874002,4606,0.9924038663952793,false,100874002,4606,0.9924038663952793
105372793,56955,0.8835465937665782,false,105372793,56955,0.8835465937665782
105372793,79098,0.8484082999185732,false,105372793,79098,0.8484082999185732
105372793,144535,0.9021565410788006,false,105372793,144535,0.9021565410788006
105372793,649946,0.8763577602772373,false,105372793,649946,0.8763577602772373
105372793,144571,0.8921372959892415,false,105372793,144571,0.8921372959892415
105372793,165186,0.9005316556083325,false,105372793,165186,0.9005316556083325
105372793,102465485,0.915338087187932,false,105372793,102465485,0.915338087187932
105372793,100033436,0.979407663453302,false,105372793,100033436,0.979407663453302
23584,692213,0.8087922241595217,false,23584,692213,0.8087922241595217
23584,259294,0.896348469020299,false,23584,259294,0.896348469020299
23584,2266,0.7755512395016816,false,23584,2266,0.7755512395016816
23584,745,0.8712661087090745,false,23584,745,0.8712661087090745
23584,440352,0.9512306182098115,false,23584,440352,0.9512306182098115
56955,653509,0.8092198414072376,false,56955,653509,0.8092198414072376
56955,55282,0.9464108221882046,false,56955,55282,0.9464108221882046
56955,79098,0.9811341107390054,false,56955,79098,0.9811341107390054
56955,144535,0.911470804795123,false,56955,144535,0.911470804795123
56955,649946,0.9600925835177689,false,56955,649946,0.9600925835177689
56955,144571,0.9737250849028013,false,56955,144571,0.9737250849028013
56955,165186,0.9987366626609168,false,56955,165186,0.9987366626609168
56955,102465485,0.9441937083373246,false,56955,102465485,0.9441937083373246
56955,100033436,0.9514537869101483,false,56955,100033436,0.9514537869101483
440590,1515,1.0,false,440590,1515,1.0
440590,4606,1.0,false,440590,4606,1.0
692213,259294,0.9400716220630434,false,692213,259294,0.9400716220630434
692213,2266,0.7709225694156568,false,692213,2266,0.7709225694156568
692213,440352,0.8546506406744406,false,692213,440352,0.8546506406744406
153643,112268422,0.8028902052073958,false,153643,112268422,0.8028902052073958
153643,259294,0.7696128171168822,false,153643,259294,0.7696128171168822
153643,2266,0.8729922400002171,false,153643,2266,0.8729922400002171
153643,745,0.9549157094243945,false,153643,745,0.9549157094243945
653509,55282,0.8386617593767257,false,653509,55282,0.8386617593767257
653509,79098,0.8194662684089233,false,653509,79098,0.8194662684089233
653509,144535,0.8785471774154002,false,653509,144535,0.8785471774154002
653509,649946,0.7950303132605636,false,653509,649946,0.7950303132605636
653509,144571,0.8798290369626518,false,653509,144571,0.8798290369626518
653509,165186,0.8145566582524302,false,653509,165186,0.8145566582524302
653509,102465485,0.7852769394446218,false,653509,102465485,0.7852769394446218
653509,100033436,0.7560328869645583,false,653509,100033436,0.7560328869645583
1028,646480,0.8211806472309762,false,1028,646480,0.8211806472309762
55282,79098,0.8931898268945366,false,55282,79098,0.8931898268945366
55282,144535,0.8401117215070096,false,55282,144535,0.8401117215070096
55282,649946,0.9200775590574162,false,55282,649946,0.9200775590574162
55282,144571,0.949839717004568,false,55282,144571,0.949839717004568
55282,165186,0.9339435849884349,false,55282,165186,0.9339435849884349
55282,102465485,0.9175363318402203,false,55282,102465485,0.9175363318402203
55282,100033436,0.8495278993007659,false,55282,100033436,0.8495278993007659
79098,144535,0.8993571915893738,false,79098,144535,0.8993571915893738
79098,649946,0.9262222995245356,false,79098,649946,0.9262222995245356
79098,144571,0.9369872314546078,false,79098,144571,0.9369872314546078
79098,165186,0.9830997537461091,false,79098,165186,0.9830997537461091
79098,102465485,0.8829667599980506,false,79098,102465485,0.8829667599980506
79098,100033436,0.9213198984206834,false,79098,100033436,0.9213198984206834
144535,649946,0.9460751459099388,false,144535,649946,0.9460751459099388
144535,144571,0.9546178848922279,false,144535,144571,0.9546178848922279
144535,26298,0.7745595102091886,false,144535,26298,0.7745595102091886
144535,165186,0.9270594772256856,false,144535,165186,0.9270594772256856
144535,102465485,0.9483235117583889,false,144535,102465485,0.9483235117583889
144535,100033436,0.9568392787756378,false,144535,100033436,0.9568392787756378
112268422,259294,0.8250278753849163,false,112268422,259294,0.8250278753849163
112268422,79740,0.8313531778135489,false,112268422,79740,0.8313531778135489
112268422,2266,0.8939258998121243,false,112268422,2266,0.8939258998121243
112268422,745,0.8555814865818023,false,112268422,745,0.8555814865818023
649946,144571,0.9547486923158491,false,649946,144571,0.9547486923158491
649946,165186,0.9627220887043759,false,649946,165186,0.9627220887043759
649946,102465485,0.9794629868494678,false,649946,102465485,0.9794629868494678
649946,100033436,0.9493759649952522,false,649946,100033436,0.9493759649952522
144571,165186,0.9766458642073227,false,144571,165186,0.9766458642073227
144571,102465485,0.9704454375825978,false,144571,102465485,0.9704454375825978
144571,100033436,0.9588817729359405,false,144571,100033436,0.9588817729359405
1515,4606,1.0,false,1515,4606,1.0
259294,2266,0.9235058854265845,false,259294,2266,0.9235058854265845
259294,745,0.8635247222778233,false,259294,745,0.8635247222778233
259294,440352,0.8394496377443411,false,259294,440352,0.8394496377443411
2266,745,0.9306655605708881,false,2266,745,0.9306655605708881
165186,102465485,0.9484843966422003,false,165186,102465485,0.9484843966422003
165186,100033436,0.9632500233219677,false,165186,100033436,0.9632500233219677
102465485,100033436,0.9667566647599838,false,102465485,100033436,0.9667566647599838
