1555
2537
9622
24150
390083
285429
196335
4852
632
128218
