388327
22943
246
388633
22941
64073
56896
114569
58524
1746
57524
10071
7080
284111
100419743
79740
3229
55567
401089
