278
163131
112268422
33
1577
130271
101927516
105372793
100130449
276
284323
