4222
7203
57111
3780
4892
7546
2627
8091
65998
57524
100506658
