3875
284111
54897
729238
22941
22943
3229
387882
157310
84700
64073
114569
1746
10071
7080
28984
