1555
654433
2537
100133669
24150
390083
389376
632
128218
766
