2277
94025
113218482
120892
8091
11148
388743
21
79818
6523
131873
341676
79098
4057
200879
4680
389852
112268422
3856
767566
105373265
33
645843
102723849
388555
306
728643
103504738
60494
105372793
112268252
