Interaction,name,Pearson,selected,shared interaction,shared name,Weight
84518,3206,0.8147379487104629,false,84518,3206,0.8147379487104629
84518,4604,0.8575494355148436,false,84518,4604,0.8575494355148436
84518,401492,0.8584657528288426,false,84518,401492,0.8584657528288426
84518,6496,0.7537495823989946,false,84518,6496,0.7537495823989946
84518,401089,0.7900388787823387,false,84518,401089,0.7900388787823387
84518,84700,0.8610113408810138,false,84518,84700,0.8610113408810138
84518,29895,0.8775200561023254,false,84518,29895,0.8775200561023254
84518,11081,0.9033399787499587,false,84518,11081,0.9033399787499587
84518,4062,0.8630854840805616,false,84518,4062,0.8630854840805616
84518,7125,0.8633028504636366,false,84518,7125,0.8633028504636366
84518,1132,0.8638946371432593,false,84518,1132,0.8638946371432593
84518,3229,0.861139842374457,false,84518,3229,0.861139842374457
84518,7060,0.8618540363808781,false,84518,7060,0.8618540363808781
84518,54112,0.8547138168770309,false,84518,54112,0.8547138168770309
84518,4892,0.8451841655004834,false,84518,4892,0.8451841655004834
84518,3207,0.9414169601541038,false,84518,3207,0.9414169601541038
84518,105369937,0.8547138168770309,false,84518,105369937,0.8547138168770309
84518,107984498,0.8636891804303364,false,84518,107984498,0.8636891804303364
84518,284111,0.8841738273401004,false,84518,284111,0.8841738273401004
84518,64137,0.7898676390375904,false,84518,64137,0.7898676390375904
84518,23562,0.8966769275318982,false,84518,23562,0.8966769275318982
84518,100130701,0.862102770938962,false,84518,100130701,0.862102770938962
84518,441151,0.7996430938335118,false,84518,441151,0.7996430938335118
84518,128674,0.8547138168770309,false,84518,128674,0.8547138168770309
84518,222183,0.8884963832934917,false,84518,222183,0.8884963832934917
84518,101928580,0.8721161389270669,false,84518,101928580,0.8721161389270669
84518,57110,0.8658093765609088,false,84518,57110,0.8658093765609088
84518,646480,0.7632608107597497,false,84518,646480,0.7632608107597497
84518,4606,0.8624191553195111,false,84518,4606,0.8624191553195111
54854,100652781,0.8724978926490976,false,54854,100652781,0.8724978926490976
54854,6505,0.9249169642420653,false,54854,6505,0.9249169642420653
54854,8395,0.8606990056572388,false,54854,8395,0.8606990056572388
54854,10071,0.8866942968178423,false,54854,10071,0.8866942968178423
54854,100302161,0.8779127472992261,false,54854,100302161,0.8779127472992261
54854,218,0.9584069466736922,false,54854,218,0.9584069466736922
54854,92086,0.921730400809449,false,54854,92086,0.921730400809449
54854,9365,0.8074932398761486,false,54854,9365,0.8074932398761486
54854,51554,0.8390397782738966,false,54854,51554,0.8390397782738966
54854,55329,0.7678487391610301,false,54854,55329,0.7678487391610301
54854,79977,0.8097606241923349,false,54854,79977,0.8097606241923349
54854,112268252,0.8531385744595522,false,54854,112268252,0.8531385744595522
54854,277,0.9501467058777534,false,54854,277,0.9501467058777534
54854,163131,0.7975399890994892,false,54854,163131,0.7975399890994892
54854,80736,0.8162743566594843,false,54854,80736,0.8162743566594843
54854,25901,0.9509427805890712,false,54854,25901,0.9509427805890712
54854,100302170,0.9899370079348739,false,54854,100302170,0.9899370079348739
54854,51365,0.9567616312694429,false,54854,51365,0.9567616312694429
54854,7225,0.7767421678669731,false,54854,7225,0.7767421678669731
54854,27134,0.9526896341533524,false,54854,27134,0.9526896341533524
54854,5340,0.8869339599637289,false,54854,5340,0.8869339599637289
54854,4582,0.8263199352965716,false,54854,4582,0.8263199352965716
54854,3248,0.8645002390121743,false,54854,3248,0.8645002390121743
54854,255189,0.7944857573247853,false,54854,255189,0.7944857573247853
54854,641384,0.9553452488674167,false,54854,641384,0.9553452488674167
54854,100130449,0.8963160164940829,false,54854,100130449,0.8963160164940829
54854,10103,0.9868858585964851,false,54854,10103,0.9868858585964851
54854,3856,0.8309156664623122,false,54854,3856,0.8309156664623122
54854,1048,0.9688549689288734,false,54854,1048,0.9688549689288734
54854,100419743,0.9688348822635438,false,54854,100419743,0.9688348822635438
54854,3983,0.9244865649788024,false,54854,3983,0.9244865649788024
54854,3694,0.8669432787641917,false,54854,3694,0.8669432787641917
54854,285989,0.9213302685529239,false,54854,285989,0.9213302685529239
54854,2627,0.9081342382833807,false,54854,2627,0.9081342382833807
54854,1555,0.9591012996414535,false,54854,1555,0.9591012996414535
54854,57528,0.8984846218333101,false,54854,57528,0.8984846218333101
54854,201456,0.9361559334081031,false,54854,201456,0.9361559334081031
54854,57186,0.8078856850986449,false,54854,57186,0.8078856850986449
54854,5544,0.9236278124790199,false,54854,5544,0.9236278124790199
54854,102723508,0.8725224081766325,false,54854,102723508,0.8725224081766325
54854,341676,0.9681179913180302,false,54854,341676,0.9681179913180302
54854,148213,0.9374028169913133,false,54854,148213,0.9374028169913133
54854,10595,0.9577546363418968,false,54854,10595,0.9577546363418968
54854,4583,0.9342594188003998,false,54854,4583,0.9342594188003998
54854,55567,0.9926548288679933,false,54854,55567,0.9926548288679933
54854,7851,0.8248194580373241,false,54854,7851,0.8248194580373241
54854,692072,0.8709543726110006,false,54854,692072,0.8709543726110006
54854,55808,0.9616194940322909,false,54854,55808,0.9616194940322909
54854,999,0.9553831809119607,false,54854,999,0.9553831809119607
54854,126353,0.9226576265375529,false,54854,126353,0.9226576265375529
54854,388743,0.9596017273330776,false,54854,388743,0.9596017273330776
54854,1577,0.8264267873806811,false,54854,1577,0.8264267873806811
54854,340267,0.8369069548218541,false,54854,340267,0.8369069548218541
54854,200879,0.9635589186531166,false,54854,200879,0.9635589186531166
54854,1510,0.9618276625051378,false,54854,1510,0.9618276625051378
54854,5284,0.8614932743361939,false,54854,5284,0.8614932743361939
54854,57111,0.9708590644702019,false,54854,57111,0.9708590644702019
54854,278,0.7873758381267577,false,54854,278,0.7873758381267577
54854,116844,0.8349103557484312,false,54854,116844,0.8349103557484312
54854,10129,0.921260927632517,false,54854,10129,0.921260927632517
54854,4586,0.969678401316809,false,54854,4586,0.969678401316809
54854,10551,0.9793965637041829,false,54854,10551,0.9793965637041829
54854,688,0.9003039305955453,false,54854,688,0.9003039305955453
54854,117155,0.9244479412801773,false,54854,117155,0.9244479412801773
54854,112268155,0.9084046392731523,false,54854,112268155,0.9084046392731523
54854,1152,0.8872545600162752,false,54854,1152,0.8872545600162752
54854,79083,0.9568742344917206,false,54854,79083,0.9568742344917206
54854,1556,0.815111951916705,false,54854,1556,0.815111951916705
54854,55930,0.9710070991616213,false,54854,55930,0.9710070991616213
54854,22996,0.9763081073632014,false,54854,22996,0.9763081073632014
54854,7113,0.7724207068759528,false,54854,7113,0.7724207068759528
54854,54861,0.7911849612473048,false,54854,54861,0.7911849612473048
54854,222256,0.8232129153440779,false,54854,222256,0.8232129153440779
54854,100529240,0.9894147510925416,false,54854,100529240,0.9894147510925416
54854,113218482,0.9367759573963271,false,54854,113218482,0.9367759573963271
54854,647024,0.9651065831622292,false,54854,647024,0.9651065831622292
54854,255928,0.9567300325434882,false,54854,255928,0.9567300325434882
54854,8537,0.9156608999520272,false,54854,8537,0.9156608999520272
54854,10018,0.8705069609093375,false,54854,10018,0.8705069609093375
54854,115019,0.8540561210477805,false,54854,115019,0.8540561210477805
54854,1043,0.8404394242579245,false,54854,1043,0.8404394242579245
54854,276,0.7642913686148679,false,54854,276,0.7642913686148679
54854,168374,0.8372724088682312,false,54854,168374,0.8372724088682312
54854,143884,0.8786422168488471,false,54854,143884,0.8786422168488471
54854,80004,0.8294235923109221,false,54854,80004,0.8294235923109221
54854,3993,0.8524587722920455,false,54854,3993,0.8524587722920455
54854,389852,0.900610208779572,false,54854,389852,0.900610208779572
54854,164312,0.9386900088920684,false,54854,164312,0.9386900088920684
54854,2065,0.8492004355669228,false,54854,2065,0.8492004355669228
54854,135656,0.9685771453565188,false,54854,135656,0.9685771453565188
54854,94059,0.9382090940781097,false,54854,94059,0.9382090940781097
54854,26769,0.8791852832804623,false,54854,26769,0.8791852832804623
54854,3960,0.858272525729161,false,54854,3960,0.858272525729161
54854,23584,0.7718803113438902,false,54854,23584,0.7718803113438902
54854,692213,0.8176315494320384,false,54854,692213,0.8176315494320384
54854,153643,0.9164511641298444,false,54854,153643,0.9164511641298444
54854,112268422,0.9655780435430976,false,54854,112268422,0.9655780435430976
54854,259294,0.9136971844417137,false,54854,259294,0.9136971844417137
54854,2266,0.9720686234665185,false,54854,2266,0.9720686234665185
54854,745,0.9014952828576553,false,54854,745,0.9014952828576553
100652781,595135,0.7959250577260789,false,100652781,595135,0.7959250577260789
100652781,6505,0.9345556933652063,false,100652781,6505,0.9345556933652063
100652781,8395,0.9332020095456428,false,100652781,8395,0.9332020095456428
100652781,102725051,0.7736245079651435,false,100652781,102725051,0.7736245079651435
100652781,8796,0.8607147034640003,false,100652781,8796,0.8607147034640003
100652781,10071,0.9415812732189094,false,100652781,10071,0.9415812732189094
100652781,100302161,0.9304712465621582,false,100652781,100302161,0.9304712465621582
100652781,218,0.8996829182988176,false,100652781,218,0.8996829182988176
100652781,3909,0.8140560297509495,false,100652781,3909,0.8140560297509495
100652781,92086,0.8643749843478363,false,100652781,92086,0.8643749843478363
100652781,541473,0.782783402827104,false,100652781,541473,0.782783402827104
100652781,9365,0.7817879400938365,false,100652781,9365,0.7817879400938365
100652781,51554,0.8196785436765079,false,100652781,51554,0.8196785436765079
100652781,55329,0.8189028330352964,false,100652781,55329,0.8189028330352964
100652781,79977,0.9425429765655723,false,100652781,79977,0.9425429765655723
100652781,9208,0.7568994557029483,false,100652781,9208,0.7568994557029483
100652781,112268252,0.9509623076741217,false,100652781,112268252,0.9509623076741217
100652781,277,0.9320712268956488,false,100652781,277,0.9320712268956488
100652781,163131,0.8938024901082547,false,100652781,163131,0.8938024901082547
100652781,80736,0.8757463413721922,false,100652781,80736,0.8757463413721922
100652781,25901,0.8849168941474874,false,100652781,25901,0.8849168941474874
100652781,100302170,0.9039563765329031,false,100652781,100302170,0.9039563765329031
100652781,51365,0.8406121531551436,false,100652781,51365,0.8406121531551436
100652781,7225,0.8863435492478069,false,100652781,7225,0.8863435492478069
100652781,27134,0.9050444733882446,false,100652781,27134,0.9050444733882446
100652781,654412,0.8311905342517297,false,100652781,654412,0.8311905342517297
100652781,5340,0.9150644184761741,false,100652781,5340,0.9150644184761741
100652781,4582,0.9313851182308125,false,100652781,4582,0.9313851182308125
100652781,3248,0.8954512877135709,false,100652781,3248,0.8954512877135709
100652781,255189,0.8743303000750821,false,100652781,255189,0.8743303000750821
100652781,641384,0.9147457649047086,false,100652781,641384,0.9147457649047086
100652781,100130449,0.9213372741030209,false,100652781,100130449,0.9213372741030209
100652781,10103,0.8834530608150059,false,100652781,10103,0.8834530608150059
100652781,3856,0.8364739629214103,false,100652781,3856,0.8364739629214103
100652781,1048,0.888142384519108,false,100652781,1048,0.888142384519108
100652781,100419743,0.8875513039818399,false,100652781,100419743,0.8875513039818399
100652781,79838,0.7595014922337029,false,100652781,79838,0.7595014922337029
100652781,3983,0.8496798255864907,false,100652781,3983,0.8496798255864907
100652781,3694,0.965491432275829,false,100652781,3694,0.965491432275829
100652781,285989,0.900486819500936,false,100652781,285989,0.900486819500936
100652781,2627,0.9234550429529684,false,100652781,2627,0.9234550429529684
100652781,259290,0.7642576095672217,false,100652781,259290,0.7642576095672217
100652781,1555,0.898924409684009,false,100652781,1555,0.898924409684009
100652781,57528,0.9280524672505397,false,100652781,57528,0.9280524672505397
100652781,201456,0.8994363543952381,false,100652781,201456,0.8994363543952381
100652781,57186,0.8779435754220514,false,100652781,57186,0.8779435754220514
100652781,5544,0.7627196266643853,false,100652781,5544,0.7627196266643853
100652781,102723508,0.8097874148458074,false,100652781,102723508,0.8097874148458074
100652781,9356,0.8751758277481498,false,100652781,9356,0.8751758277481498
100652781,641776,0.8659868987473539,false,100652781,641776,0.8659868987473539
100652781,100506658,0.8648805395271554,false,100652781,100506658,0.8648805395271554
100652781,341676,0.8882088079533085,false,100652781,341676,0.8882088079533085
100652781,148213,0.9253841444305165,false,100652781,148213,0.9253841444305165
100652781,10595,0.8708097497032773,false,100652781,10595,0.8708097497032773
100652781,4583,0.9360586466582289,false,100652781,4583,0.9360586466582289
100652781,55567,0.9107154430211903,false,100652781,55567,0.9107154430211903
100652781,7851,0.9262907154781486,false,100652781,7851,0.9262907154781486
100652781,692072,0.9015008176918509,false,100652781,692072,0.9015008176918509
100652781,55808,0.891340135516021,false,100652781,55808,0.891340135516021
100652781,999,0.8983121939032258,false,100652781,999,0.8983121939032258
100652781,126353,0.9341761548726107,false,100652781,126353,0.9341761548726107
100652781,388743,0.9196821115938506,false,100652781,388743,0.9196821115938506
100652781,1577,0.9157416894061302,false,100652781,1577,0.9157416894061302
100652781,340267,0.8762626284174927,false,100652781,340267,0.8762626284174927
100652781,200879,0.89644202902468,false,100652781,200879,0.89644202902468
100652781,1510,0.9038727822555488,false,100652781,1510,0.9038727822555488
100652781,102723849,0.8688577130358777,false,100652781,102723849,0.8688577130358777
100652781,5284,0.9512615831137793,false,100652781,5284,0.9512615831137793
100652781,57669,0.8348421600801788,false,100652781,57669,0.8348421600801788
100652781,57111,0.8963348404536039,false,100652781,57111,0.8963348404536039
100652781,116844,0.7691799510126345,false,100652781,116844,0.7691799510126345
100652781,10129,0.86527528242316,false,100652781,10129,0.86527528242316
100652781,4586,0.8881230859465857,false,100652781,4586,0.8881230859465857
100652781,10551,0.8989470493767633,false,100652781,10551,0.8989470493767633
100652781,688,0.8768885091244765,false,100652781,688,0.8768885091244765
100652781,54897,0.767998166595333,false,100652781,54897,0.767998166595333
100652781,5545,0.7977753346131722,false,100652781,5545,0.7977753346131722
100652781,117155,0.9182969462667391,false,100652781,117155,0.9182969462667391
100652781,112268155,0.9094176901799695,false,100652781,112268155,0.9094176901799695
100652781,1152,0.8792214557731763,false,100652781,1152,0.8792214557731763
100652781,79083,0.8899598236670164,false,100652781,79083,0.8899598236670164
100652781,1556,0.8834688827090527,false,100652781,1556,0.8834688827090527
100652781,55930,0.9532245444002754,false,100652781,55930,0.9532245444002754
100652781,22996,0.8575097828749796,false,100652781,22996,0.8575097828749796
100652781,7113,0.9078191782835987,false,100652781,7113,0.9078191782835987
100652781,54861,0.7940430283567255,false,100652781,54861,0.7940430283567255
100652781,105180391,0.8257162936834958,false,100652781,105180391,0.8257162936834958
100652781,100529240,0.8737559670259938,false,100652781,100529240,0.8737559670259938
100652781,113218482,0.8755281297282622,false,100652781,113218482,0.8755281297282622
100652781,647024,0.8846743864884334,false,100652781,647024,0.8846743864884334
100652781,255928,0.8517792863938827,false,100652781,255928,0.8517792863938827
100652781,8537,0.7966258032786858,false,100652781,8537,0.7966258032786858
100652781,10018,0.9151771059402201,false,100652781,10018,0.9151771059402201
100652781,115019,0.9241785473816594,false,100652781,115019,0.9241785473816594
100652781,105180390,0.8491224217670401,false,100652781,105180390,0.8491224217670401
100652781,1043,0.9523900050617269,false,100652781,1043,0.9523900050617269
100652781,168374,0.9169049924580815,false,100652781,168374,0.9169049924580815
100652781,645843,0.775176290147272,false,100652781,645843,0.775176290147272
100652781,143884,0.8758975854236729,false,100652781,143884,0.8758975854236729
100652781,80004,0.9247723272008577,false,100652781,80004,0.9247723272008577
100652781,3993,0.9739934396078471,false,100652781,3993,0.9739934396078471
100652781,389852,0.9214270222213053,false,100652781,389852,0.9214270222213053
100652781,164312,0.8933100689688209,false,100652781,164312,0.8933100689688209
100652781,84239,0.8693578180901139,false,100652781,84239,0.8693578180901139
100652781,2065,0.951449893274261,false,100652781,2065,0.951449893274261
100652781,135656,0.8888697452158318,false,100652781,135656,0.8888697452158318
100652781,94059,0.8842756633361581,false,100652781,94059,0.8842756633361581
100652781,3960,0.9191970681643162,false,100652781,3960,0.9191970681643162
100652781,23584,0.9046700155501131,false,100652781,23584,0.9046700155501131
100652781,692213,0.9043419786996162,false,100652781,692213,0.9043419786996162
100652781,153643,0.8627046933940239,false,100652781,153643,0.8627046933940239
100652781,112268422,0.8159787618922855,false,100652781,112268422,0.8159787618922855
100652781,259294,0.9339074618074698,false,100652781,259294,0.9339074618074698
100652781,2266,0.8558326941606057,false,100652781,2266,0.8558326941606057
100652781,745,0.861232133911707,false,100652781,745,0.861232133911707
100652781,440352,0.8918783826495321,false,100652781,440352,0.8918783826495321
107984406,55081,0.9102245339881944,false,107984406,55081,0.9102245339881944
107984406,57211,0.9195428766799082,false,107984406,57211,0.9195428766799082
107984406,55289,0.8156475003586494,false,107984406,55289,0.8156475003586494
107984406,2160,0.8773726660599976,false,107984406,2160,0.8773726660599976
107984406,361,0.7611038525624854,false,107984406,361,0.7611038525624854
107984406,28824,0.8408172789571132,false,107984406,28824,0.8408172789571132
107984406,1285,0.8863685179291585,false,107984406,1285,0.8863685179291585
107984406,131873,0.8282927983839585,false,107984406,131873,0.8282927983839585
107984406,1768,0.9323345199683207,false,107984406,1768,0.9323345199683207
107984406,1161,0.8015493989431506,false,107984406,1161,0.8015493989431506
107984406,11148,0.8506550336025038,false,107984406,11148,0.8506550336025038
107984406,4233,0.9082522346054815,false,107984406,4233,0.9082522346054815
107984406,79188,0.7591243431037431,false,107984406,79188,0.7591243431037431
107984406,114569,0.8414323861426549,false,107984406,114569,0.8414323861426549
107984406,93035,0.793403007947852,false,107984406,93035,0.793403007947852
107984406,4883,0.7626062468411159,false,107984406,4883,0.7626062468411159
107984406,4629,0.7898063570750605,false,107984406,4629,0.7898063570750605
107984406,222389,0.9339914974422953,false,107984406,222389,0.9339914974422953
107984406,138428,0.8897792408540491,false,107984406,138428,0.8897792408540491
107984406,6523,0.8132918244521653,false,107984406,6523,0.8132918244521653
107984406,155465,0.7901301105632674,false,107984406,155465,0.7901301105632674
107984406,8436,0.8236764717342702,false,107984406,8436,0.8236764717342702
107984406,5225,0.8042426693879379,false,107984406,5225,0.8042426693879379
107984406,4128,0.7645617302380551,false,107984406,4128,0.7645617302380551
107984406,55892,0.805133876210499,false,107984406,55892,0.805133876210499
107984406,3249,0.7726179494441341,false,107984406,3249,0.7726179494441341
107984406,306,0.8361328085186758,false,107984406,306,0.8361328085186758
107984406,5265,0.8681917438537765,false,107984406,5265,0.8681917438537765
107984406,10568,0.8551751181918077,false,107984406,10568,0.8551751181918077
107984406,33,0.8541789344130638,false,107984406,33,0.8541789344130638
107984406,375612,0.757518013427088,false,107984406,375612,0.757518013427088
107984406,10529,0.8712300593492686,false,107984406,10529,0.8712300593492686
107984406,11254,0.8443835570950959,false,107984406,11254,0.8443835570950959
107984406,286207,0.8701163252385152,false,107984406,286207,0.8701163252385152
107984406,9914,0.884508876172436,false,107984406,9914,0.884508876172436
107984406,57530,0.7557549636150238,false,107984406,57530,0.7557549636150238
107984406,163720,0.8759472118291318,false,107984406,163720,0.8759472118291318
107984406,722,0.8336483352165508,false,107984406,722,0.8336483352165508
107984406,79908,0.7769839552491214,false,107984406,79908,0.7769839552491214
107984406,10579,0.7580058217946372,false,107984406,10579,0.7580058217946372
107984406,388323,0.7840402802424583,false,107984406,388323,0.7840402802424583
107984406,51185,0.7875224506521817,false,107984406,51185,0.7875224506521817
107984406,130367,0.8199148980632841,false,107984406,130367,0.8199148980632841
107984406,7080,0.786322857185645,false,107984406,7080,0.786322857185645
107984406,285335,0.7735468328061887,false,107984406,285335,0.7735468328061887
107984406,1910,0.8868650191131465,false,107984406,1910,0.8868650191131465
107984406,146177,0.8229290072670509,false,107984406,146177,0.8229290072670509
107984406,728226,0.750224795818752,false,107984406,728226,0.750224795818752
107984406,81615,0.8720745920126991,false,107984406,81615,0.8720745920126991
107984406,200373,0.802475813594621,false,107984406,200373,0.802475813594621
107984406,102723382,0.8755442628667366,false,107984406,102723382,0.8755442628667366
107984406,474354,0.8004974009994918,false,107984406,474354,0.8004974009994918
107984406,1040,0.9208535119624872,false,107984406,1040,0.9208535119624872
107984406,221395,0.8018239148099878,false,107984406,221395,0.8018239148099878
107984406,54842,0.8742998356749189,false,107984406,54842,0.8742998356749189
107984406,728643,0.8943909119390697,false,107984406,728643,0.8943909119390697
107984406,128602,0.825518869274252,false,107984406,128602,0.825518869274252
107984406,102723552,0.7526083042340268,false,107984406,102723552,0.7526083042340268
107984406,6103,0.8373125356692291,false,107984406,6103,0.8373125356692291
107984406,2595,0.8883955777481228,false,107984406,2595,0.8883955777481228
107984406,64073,0.7880085178338164,false,107984406,64073,0.7880085178338164
107984406,9223,0.8462629396587547,false,107984406,9223,0.8462629396587547
107984406,253970,0.8562119911146767,false,107984406,253970,0.8562119911146767
107984406,503645,0.8666033197873472,false,107984406,503645,0.8666033197873472
107984406,4070,0.8215230348928851,false,107984406,4070,0.8215230348928851
107984406,2277,0.7824335210920141,false,107984406,2277,0.7824335210920141
107984406,346007,0.9191846056522079,false,107984406,346007,0.9191846056522079
107984406,116984,0.8922234849412706,false,107984406,116984,0.8922234849412706
107984406,825,0.8626112749411532,false,107984406,825,0.8626112749411532
107984406,3875,0.7705716179745682,false,107984406,3875,0.7705716179745682
107984406,130271,0.8456760974604723,false,107984406,130271,0.8456760974604723
107984406,101927516,0.8685854205874735,false,107984406,101927516,0.8685854205874735
107984406,285,0.7856867479714823,false,107984406,285,0.7856867479714823
107984406,27074,0.8305825191272834,false,107984406,27074,0.8305825191272834
107984406,100996506,0.8237729638169728,false,107984406,100996506,0.8237729638169728
107984406,54848,0.8990438358696607,false,107984406,54848,0.8990438358696607
107984406,79632,0.9189843108772857,false,107984406,79632,0.9189843108772857
107984406,100505495,0.7673246914679409,false,107984406,100505495,0.7673246914679409
107984406,4179,0.846310656082071,false,107984406,4179,0.846310656082071
107984406,26084,0.8407428083504715,false,107984406,26084,0.8407428083504715
107984406,201625,0.827154519073435,false,107984406,201625,0.827154519073435
107984406,195814,0.910779224346272,false,107984406,195814,0.910779224346272
107984406,2122,0.8686984383729209,false,107984406,2122,0.8686984383729209
107984406,84059,0.9322197726298703,false,107984406,84059,0.9322197726298703
107984406,6097,0.8452766938873333,false,107984406,6097,0.8452766938873333
107984406,120892,0.9366733966784181,false,107984406,120892,0.9366733966784181
107984406,123624,0.8071488855913965,false,107984406,123624,0.8071488855913965
107984406,391253,0.7719374786445756,false,107984406,391253,0.7719374786445756
107984406,220136,0.8506918370073212,false,107984406,220136,0.8506918370073212
107984406,693188,0.8015373910380822,false,107984406,693188,0.8015373910380822
107984406,6799,0.8683590922719836,false,107984406,6799,0.8683590922719836
107984406,84851,0.8697429852214021,false,107984406,84851,0.8697429852214021
107984406,84525,0.8760723660388976,false,107984406,84525,0.8760723660388976
107984406,10203,0.8825848579239153,false,107984406,10203,0.8825848579239153
107984406,1080,0.9566797893400856,false,107984406,1080,0.9566797893400856
107984406,1286,0.7519462305920268,false,107984406,1286,0.7519462305920268
107984406,105372793,0.8406545600131554,false,107984406,105372793,0.8406545600131554
107984406,653509,0.7830641974012449,false,107984406,653509,0.7830641974012449
107984406,55282,0.8292855967914144,false,107984406,55282,0.8292855967914144
107984406,144535,0.945288620599771,false,107984406,144535,0.945288620599771
107984406,649946,0.9500201842908818,false,107984406,649946,0.9500201842908818
107984406,144571,0.864263905500194,false,107984406,144571,0.864263905500194
107984406,26298,0.8712570831419035,false,107984406,26298,0.8712570831419035
107984406,165186,0.7551612646784845,false,107984406,165186,0.7551612646784845
107984406,102465485,0.9357431273319583,false,107984406,102465485,0.9357431273319583
107984406,100033436,0.8756455129429429,false,107984406,100033436,0.8756455129429429
595135,6505,0.7894557605953738,false,595135,6505,0.7894557605953738
595135,8395,0.7721744783783333,false,595135,8395,0.7721744783783333
595135,8796,0.9099867020780594,false,595135,8796,0.9099867020780594
595135,10071,0.839687428459211,false,595135,10071,0.839687428459211
595135,100302161,0.7971412631417227,false,595135,100302161,0.7971412631417227
595135,1999,0.9392160015303527,false,595135,1999,0.9392160015303527
595135,218,0.7820593158393494,false,595135,218,0.7820593158393494
595135,3909,0.8638666533398256,false,595135,3909,0.8638666533398256
595135,541473,0.9792477543253522,false,595135,541473,0.9792477543253522
595135,9365,0.9779831510793429,false,595135,9365,0.9779831510793429
595135,51554,0.9726417465842102,false,595135,51554,0.9726417465842102
595135,79977,0.9214723207116927,false,595135,79977,0.9214723207116927
595135,9208,0.927443798227679,false,595135,9208,0.927443798227679
595135,277,0.8829527894274602,false,595135,277,0.8829527894274602
595135,163131,0.7659225702756814,false,595135,163131,0.7659225702756814
595135,80736,0.9325018325483767,false,595135,80736,0.9325018325483767
595135,100302170,0.7814887824246063,false,595135,100302170,0.7814887824246063
595135,7225,0.9247292908582994,false,595135,7225,0.9247292908582994
595135,4582,0.7772605785180613,false,595135,4582,0.7772605785180613
595135,3248,0.9017060383555268,false,595135,3248,0.9017060383555268
595135,255189,0.946877128922214,false,595135,255189,0.946877128922214
595135,10103,0.7562020513125427,false,595135,10103,0.7562020513125427
595135,3856,0.9768778784465622,false,595135,3856,0.9768778784465622
595135,1048,0.7722682141427004,false,595135,1048,0.7722682141427004
595135,100419743,0.7722513612915247,false,595135,100419743,0.7722513612915247
595135,3983,0.871030507706395,false,595135,3983,0.871030507706395
595135,285989,0.924443688919823,false,595135,285989,0.924443688919823
595135,2627,0.9007518586254178,false,595135,2627,0.9007518586254178
595135,1555,0.7921415311924794,false,595135,1555,0.7921415311924794
595135,57528,0.8269022410801311,false,595135,57528,0.8269022410801311
595135,201456,0.8670097563998714,false,595135,201456,0.8670097563998714
595135,57186,0.8923407094209899,false,595135,57186,0.8923407094209899
595135,102723508,0.8712549222314283,false,595135,102723508,0.8712549222314283
595135,28984,0.763514421265238,false,595135,28984,0.763514421265238
595135,100506658,0.9336826979629536,false,595135,100506658,0.9336826979629536
595135,341676,0.8497243031152463,false,595135,341676,0.8497243031152463
595135,10595,0.8946783411244921,false,595135,10595,0.8946783411244921
595135,4583,0.8336264086875858,false,595135,4583,0.8336264086875858
595135,55567,0.7722861710409458,false,595135,55567,0.7722861710409458
595135,5961,0.9464067970275918,false,595135,5961,0.9464067970275918
595135,7851,0.7837863639380179,false,595135,7851,0.7837863639380179
595135,692072,0.8545553403935551,false,595135,692072,0.8545553403935551
595135,55808,0.7798438739606178,false,595135,55808,0.7798438739606178
595135,999,0.8784079011775134,false,595135,999,0.8784079011775134
595135,26226,0.9448578653760562,false,595135,26226,0.9448578653760562
595135,388743,0.8008168209044085,false,595135,388743,0.8008168209044085
595135,1577,0.7828948506146932,false,595135,1577,0.7828948506146932
595135,340267,0.9810720929466099,false,595135,340267,0.9810720929466099
595135,200879,0.782934357316002,false,595135,200879,0.782934357316002
595135,1510,0.7726472412305865,false,595135,1510,0.7726472412305865
595135,441251,0.8719612997334912,false,595135,441251,0.8719612997334912
595135,102723849,0.7561352230822278,false,595135,102723849,0.7561352230822278
595135,6337,0.8501497542805385,false,595135,6337,0.8501497542805385
595135,5284,0.9051491702481634,false,595135,5284,0.9051491702481634
595135,57669,0.9243192684273508,false,595135,57669,0.9243192684273508
595135,57111,0.792470642328937,false,595135,57111,0.792470642328937
595135,278,0.8008318171947221,false,595135,278,0.8008318171947221
595135,116844,0.9610962897401514,false,595135,116844,0.9610962897401514
595135,10129,0.8671612243146539,false,595135,10129,0.8671612243146539
595135,4586,0.7726032829159284,false,595135,4586,0.7726032829159284
595135,10551,0.7829640982464591,false,595135,10551,0.7829640982464591
595135,688,0.8632378282515701,false,595135,688,0.8632378282515701
595135,54897,0.8404575976485613,false,595135,54897,0.8404575976485613
595135,117155,0.9186383692976172,false,595135,117155,0.9186383692976172
595135,112268155,0.8952074726871698,false,595135,112268155,0.8952074726871698
595135,1152,0.8506555380110954,false,595135,1152,0.8506555380110954
595135,79083,0.7968571786564944,false,595135,79083,0.7968571786564944
595135,1556,0.9597205300952414,false,595135,1556,0.9597205300952414
595135,55930,0.8166808643990608,false,595135,55930,0.8166808643990608
595135,22996,0.7939802774617359,false,595135,22996,0.7939802774617359
595135,7113,0.8862500721349322,false,595135,7113,0.8862500721349322
595135,54861,0.935819255450335,false,595135,54861,0.935819255450335
595135,222256,0.9298001414515205,false,595135,222256,0.9298001414515205
595135,113218482,0.8782842427809238,false,595135,113218482,0.8782842427809238
595135,647024,0.8535194711753763,false,595135,647024,0.8535194711753763
595135,10018,0.7764658428186432,false,595135,10018,0.7764658428186432
595135,115019,0.9032130382604882,false,595135,115019,0.9032130382604882
595135,1043,0.8644623633873975,false,595135,1043,0.8644623633873975
595135,276,0.7721022150539941,false,595135,276,0.7721022150539941
595135,168374,0.8681451846240614,false,595135,168374,0.8681451846240614
595135,83481,0.9203364566136191,false,595135,83481,0.9203364566136191
595135,143884,0.7694210136497168,false,595135,143884,0.7694210136497168
595135,1579,0.7862179107875146,false,595135,1579,0.7862179107875146
595135,80004,0.8895426694502765,false,595135,80004,0.8895426694502765
595135,3993,0.8442704395189999,false,595135,3993,0.8442704395189999
595135,84239,0.9161522562383193,false,595135,84239,0.9161522562383193
595135,2065,0.7600165769029453,false,595135,2065,0.7600165769029453
595135,780,0.8233213879411917,false,595135,780,0.8233213879411917
595135,135656,0.7733890260892644,false,595135,135656,0.7733890260892644
595135,3880,0.9192134882689761,false,595135,3880,0.9192134882689761
595135,94059,0.7657267806526512,false,595135,94059,0.7657267806526512
595135,100129460,0.820847210591792,false,595135,100129460,0.820847210591792
595135,23584,0.9388515448349839,false,595135,23584,0.9388515448349839
595135,153643,0.920786626714051,false,595135,153643,0.920786626714051
595135,112268422,0.8092284854836691,false,595135,112268422,0.8092284854836691
595135,259294,0.7833938187909866,false,595135,259294,0.7833938187909866
595135,79740,0.759794080372898,false,595135,79740,0.759794080372898
595135,745,0.879187254109869,false,595135,745,0.879187254109869
595135,440352,0.8389255232747234,false,595135,440352,0.8389255232747234
27283,8395,0.7683341954339916,false,27283,8395,0.7683341954339916
27283,79818,0.9557279673912048,false,27283,79818,0.9557279673912048
27283,102725051,0.977829978798624,false,27283,102725051,0.977829978798624
27283,100302161,0.7691476719067329,false,27283,100302161,0.7691476719067329
27283,55289,0.7790477799936739,false,27283,55289,0.7790477799936739
27283,51208,0.9117273587919266,false,27283,51208,0.9117273587919266
27283,1161,0.8170704776463328,false,27283,1161,0.8170704776463328
27283,4233,0.8389724831796023,false,27283,4233,0.8389724831796023
27283,55329,0.9025584233375012,false,27283,55329,0.9025584233375012
27283,116228,0.7624024875568982,false,27283,116228,0.7624024875568982
27283,4883,0.8084977263788682,false,27283,4883,0.8084977263788682
27283,163131,0.7788861893863654,false,27283,163131,0.7788861893863654
27283,6523,0.7652511042347347,false,27283,6523,0.7652511042347347
27283,155465,0.757830988572942,false,27283,155465,0.757830988572942
27283,5225,0.8058781066525229,false,27283,5225,0.8058781066525229
27283,4128,0.8633516444527309,false,27283,4128,0.8633516444527309
27283,654412,0.928017361114963,false,27283,654412,0.928017361114963
27283,55892,0.8299527917255833,false,27283,55892,0.8299527917255833
27283,5340,0.8048410593848988,false,27283,5340,0.8048410593848988
27283,4582,0.8210969061485871,false,27283,4582,0.8210969061485871
27283,100130449,0.8073846597517864,false,27283,100130449,0.8073846597517864
27283,79838,0.9021622805090929,false,27283,79838,0.9021622805090929
27283,10529,0.8143730971317713,false,27283,10529,0.8143730971317713
27283,503640,0.9866817983251307,false,27283,503640,0.9866817983251307
27283,259290,0.9255310583517479,false,27283,259290,0.9255310583517479
27283,6751,0.9478538046531079,false,27283,6751,0.9478538046531079
27283,79908,0.8088755766099227,false,27283,79908,0.8088755766099227
27283,5625,0.758968786864557,false,27283,5625,0.758968786864557
27283,51185,0.8819004919725556,false,27283,51185,0.8819004919725556
27283,130367,0.8991331691367973,false,27283,130367,0.8991331691367973
27283,285335,0.9508102517895111,false,27283,285335,0.9508102517895111
27283,9356,0.8541657475829707,false,27283,9356,0.8541657475829707
27283,641776,0.9003070174111141,false,27283,641776,0.9003070174111141
27283,200373,0.8914176426627808,false,27283,200373,0.8914176426627808
27283,474354,0.8155702686742691,false,27283,474354,0.8155702686742691
27283,728643,0.8616077082451105,false,27283,728643,0.8616077082451105
27283,54997,0.9313131291415022,false,27283,54997,0.9313131291415022
27283,219790,0.7953335315512481,false,27283,219790,0.7953335315512481
27283,7851,0.7960204086779031,false,27283,7851,0.7960204086779031
27283,109136579,0.9671559422800097,false,27283,109136579,0.9671559422800097
27283,503645,0.7847798669011639,false,27283,503645,0.7847798669011639
27283,64332,0.8845471513369432,false,27283,64332,0.8845471513369432
27283,346007,0.7875901440750884,false,27283,346007,0.7875901440750884
27283,116984,0.7782617620008119,false,27283,116984,0.7782617620008119
27283,137872,0.9483016817828579,false,27283,137872,0.9483016817828579
27283,1577,0.800501041360014,false,27283,1577,0.800501041360014
27283,100033430,0.9629773776958802,false,27283,100033430,0.9629773776958802
27283,102723849,0.8521119566329479,false,27283,102723849,0.8521119566329479
27283,9196,0.8701469407388829,false,27283,9196,0.8701469407388829
27283,619383,0.8985345330049553,false,27283,619383,0.8985345330049553
27283,89765,0.91354998601307,false,27283,89765,0.91354998601307
27283,101927516,0.7541499761574781,false,27283,101927516,0.7541499761574781
27283,378938,0.9662603507305502,false,27283,378938,0.9662603507305502
27283,5545,0.9114011246988706,false,27283,5545,0.9114011246988706
27283,285,0.876012871887981,false,27283,285,0.876012871887981
27283,27074,0.7988580510310626,false,27283,27074,0.7988580510310626
27283,66002,0.8976938707123646,false,27283,66002,0.8976938707123646
27283,79632,0.7691748138934852,false,27283,79632,0.7691748138934852
27283,7620,0.9566955873183056,false,27283,7620,0.9566955873183056
27283,105180391,0.9237263428483561,false,27283,105180391,0.9237263428483561
27283,151531,0.9025516961160833,false,27283,151531,0.9025516961160833
27283,10018,0.8302484405680884,false,27283,10018,0.8302484405680884
27283,201625,0.7882288754416024,false,27283,201625,0.7882288754416024
27283,105180390,0.9178573949186521,false,27283,105180390,0.9178573949186521
27283,692058,0.9699252544791377,false,27283,692058,0.9699252544791377
27283,645843,0.9139236684239778,false,27283,645843,0.9139236684239778
27283,2122,0.7672941198875162,false,27283,2122,0.7672941198875162
27283,143884,0.755575037890321,false,27283,143884,0.755575037890321
27283,121512,0.9459669416783131,false,27283,121512,0.9459669416783131
27283,353189,0.8226666324617368,false,27283,353189,0.8226666324617368
27283,2065,0.7947665063544347,false,27283,2065,0.7947665063544347
27283,776,0.886316272195492,false,27283,776,0.886316272195492
27283,84851,0.7919739838607377,false,27283,84851,0.7919739838607377
27283,3960,0.7981647915761517,false,27283,3960,0.7981647915761517
27283,284323,0.9690117991223344,false,27283,284323,0.9690117991223344
27283,65217,0.9088431116689785,false,27283,65217,0.9088431116689785
27283,692213,0.8838913086802616,false,27283,692213,0.8838913086802616
27283,84765,0.7709637033144966,false,27283,84765,0.7709637033144966
27283,649946,0.7756278644979577,false,27283,649946,0.7756278644979577
27283,26298,0.7594534084856048,false,27283,26298,0.7594534084856048
55081,1285,0.8164564440341695,false,55081,1285,0.8164564440341695
55081,1768,0.8505452144605892,false,55081,1768,0.8505452144605892
55081,80122,0.8147603290070243,false,55081,80122,0.8147603290070243
55081,222389,0.9216995703173729,false,55081,222389,0.9216995703173729
55081,138428,0.756486606508618,false,55081,138428,0.756486606508618
55081,11254,0.8919917641406894,false,55081,11254,0.8919917641406894
55081,57530,0.7791213450853837,false,55081,57530,0.7791213450853837
55081,1040,0.8800864300542778,false,55081,1040,0.8800864300542778
55081,102723552,0.8394529503354695,false,55081,102723552,0.8394529503354695
55081,54848,0.8036944014994968,false,55081,54848,0.8036944014994968
55081,4179,0.7569019322631955,false,55081,4179,0.7569019322631955
55081,26084,0.8055595755259009,false,55081,26084,0.8055595755259009
55081,195814,0.8598266742636218,false,55081,195814,0.8598266742636218
55081,84059,0.7741788463572618,false,55081,84059,0.7741788463572618
55081,220136,0.835359527447781,false,55081,220136,0.835359527447781
55081,6799,0.8064888229814157,false,55081,6799,0.8064888229814157
55081,84525,0.7840635245179091,false,55081,84525,0.7840635245179091
55081,1080,0.7603876240848697,false,55081,1080,0.7603876240848697
55081,649946,0.763031550565689,false,55081,649946,0.763031550565689
55081,144571,0.7522792652343415,false,55081,144571,0.7522792652343415
55081,102465485,0.8114057184356944,false,55081,102465485,0.8114057184356944
6505,8395,0.8970134986856585,false,6505,8395,0.8970134986856585
6505,102725051,0.8060237113364007,false,6505,102725051,0.8060237113364007
6505,8796,0.7673899592312723,false,6505,8796,0.7673899592312723
6505,10071,0.9320365752101635,false,6505,10071,0.9320365752101635
6505,100302161,0.9162696743187925,false,6505,100302161,0.9162696743187925
6505,218,0.8614922313691173,false,6505,218,0.8614922313691173
6505,92086,0.7920560356197789,false,6505,92086,0.7920560356197789
6505,541473,0.7718047391624298,false,6505,541473,0.7718047391624298
6505,9365,0.7777406420849389,false,6505,9365,0.7777406420849389
6505,51554,0.8094610044695792,false,6505,51554,0.8094610044695792
6505,55329,0.9069061744980665,false,6505,55329,0.9069061744980665
6505,79977,0.9145932745551678,false,6505,79977,0.9145932745551678
6505,9208,0.8281600049762755,false,6505,9208,0.8281600049762755
6505,112268252,0.8627867091130339,false,6505,112268252,0.8627867091130339
6505,277,0.9716471453967559,false,6505,277,0.9716471453967559
6505,163131,0.8952088509673266,false,6505,163131,0.8952088509673266
6505,80736,0.846828402541901,false,6505,80736,0.846828402541901
6505,25901,0.969942093966181,false,6505,25901,0.969942093966181
6505,100302170,0.931716404088967,false,6505,100302170,0.931716404088967
6505,51365,0.8199705424448868,false,6505,51365,0.8199705424448868
6505,7225,0.8240193243372886,false,6505,7225,0.8240193243372886
6505,27134,0.8537262670370367,false,6505,27134,0.8537262670370367
6505,654412,0.8001063461139585,false,6505,654412,0.8001063461139585
6505,5340,0.9544637946871974,false,6505,5340,0.9544637946871974
6505,4582,0.905443179930796,false,6505,4582,0.905443179930796
6505,3248,0.8207648890566899,false,6505,3248,0.8207648890566899
6505,255189,0.7857771827143565,false,6505,255189,0.7857771827143565
6505,641384,0.9628617446831254,false,6505,641384,0.9628617446831254
6505,100130449,0.9523581795836832,false,6505,100130449,0.9523581795836832
6505,10103,0.8884423086879722,false,6505,10103,0.8884423086879722
6505,3856,0.8155475391478347,false,6505,3856,0.8155475391478347
6505,1048,0.871931866249976,false,6505,1048,0.871931866249976
6505,100419743,0.8717267233735736,false,6505,100419743,0.8717267233735736
6505,79838,0.7983289505264545,false,6505,79838,0.7983289505264545
6505,3983,0.8245372055384549,false,6505,3983,0.8245372055384549
6505,3694,0.8544222981664585,false,6505,3694,0.8544222981664585
6505,285989,0.9297705123984302,false,6505,285989,0.9297705123984302
6505,2627,0.8705467958204122,false,6505,2627,0.8705467958204122
6505,259290,0.8315383336177682,false,6505,259290,0.8315383336177682
6505,1555,0.8609098284934238,false,6505,1555,0.8609098284934238
6505,57528,0.9000017714575609,false,6505,57528,0.9000017714575609
6505,201456,0.8550121001252907,false,6505,201456,0.8550121001252907
6505,57186,0.8612814178202628,false,6505,57186,0.8612814178202628
6505,5544,0.9124579885980634,false,6505,5544,0.9124579885980634
6505,102723508,0.7610551885005664,false,6505,102723508,0.7610551885005664
6505,28984,0.7580476919781017,false,6505,28984,0.7580476919781017
6505,9356,0.8185614546926308,false,6505,9356,0.8185614546926308
6505,641776,0.8443731160820993,false,6505,641776,0.8443731160820993
6505,100506658,0.7936803674717716,false,6505,100506658,0.7936803674717716
6505,341676,0.8804710749745156,false,6505,341676,0.8804710749745156
6505,148213,0.9694743868762582,false,6505,148213,0.9694743868762582
6505,10595,0.8912635401027691,false,6505,10595,0.8912635401027691
6505,4583,0.9600669551220218,false,6505,4583,0.9600669551220218
6505,55567,0.9441233289684218,false,6505,55567,0.9441233289684218
6505,79848,0.7973572437131201,false,6505,79848,0.7973572437131201
6505,7851,0.8865240826329094,false,6505,7851,0.8865240826329094
6505,692072,0.8505963201962086,false,6505,692072,0.8505963201962086
6505,109136579,0.7709669394744284,false,6505,109136579,0.7709669394744284
6505,55808,0.859499662833892,false,6505,55808,0.859499662833892
6505,999,0.8827216450358216,false,6505,999,0.8827216450358216
6505,126353,0.8927661104212203,false,6505,126353,0.8927661104212203
6505,64332,0.7617654212619311,false,6505,64332,0.7617654212619311
6505,388743,0.9017796196782066,false,6505,388743,0.9017796196782066
6505,1577,0.8829145872493166,false,6505,1577,0.8829145872493166
6505,340267,0.8718645593031791,false,6505,340267,0.8718645593031791
6505,200879,0.8707583668688218,false,6505,200879,0.8707583668688218
6505,1510,0.8739638959789451,false,6505,1510,0.8739638959789451
6505,102723849,0.8209882545203873,false,6505,102723849,0.8209882545203873
6505,5284,0.958937784147557,false,6505,5284,0.958937784147557
6505,57669,0.807904746289677,false,6505,57669,0.807904746289677
6505,619383,0.8690305944772507,false,6505,619383,0.8690305944772507
6505,57111,0.8749739316823778,false,6505,57111,0.8749739316823778
6505,278,0.8901393459761013,false,6505,278,0.8901393459761013
6505,116844,0.8040870952815194,false,6505,116844,0.8040870952815194
6505,10129,0.9545580010619665,false,6505,10129,0.9545580010619665
6505,4586,0.8731150779684724,false,6505,4586,0.8731150779684724
6505,10551,0.8956355450850345,false,6505,10551,0.8956355450850345
6505,688,0.9237264020072631,false,6505,688,0.9237264020072631
6505,378938,0.7753053236643044,false,6505,378938,0.7753053236643044
6505,117155,0.914902899649857,false,6505,117155,0.914902899649857
6505,112268155,0.8899992457752158,false,6505,112268155,0.8899992457752158
6505,1152,0.8135456648158947,false,6505,1152,0.8135456648158947
6505,79083,0.8564605076900623,false,6505,79083,0.8564605076900623
6505,1556,0.8110578812997177,false,6505,1556,0.8110578812997177
6505,4585,0.7811529515135621,false,6505,4585,0.7811529515135621
6505,55930,0.9801767003223008,false,6505,55930,0.9801767003223008
6505,22996,0.9013704372624147,false,6505,22996,0.9013704372624147
6505,7113,0.8510013167123948,false,6505,7113,0.8510013167123948
6505,54861,0.8119393819287478,false,6505,54861,0.8119393819287478
6505,222256,0.7621786335555417,false,6505,222256,0.7621786335555417
6505,105180391,0.7978446859147265,false,6505,105180391,0.7978446859147265
6505,100529240,0.8917596595074511,false,6505,100529240,0.8917596595074511
6505,113218482,0.8493296372319642,false,6505,113218482,0.8493296372319642
6505,647024,0.8814749640412087,false,6505,647024,0.8814749640412087
6505,255928,0.8360416344361308,false,6505,255928,0.8360416344361308
6505,8537,0.7735921217338296,false,6505,8537,0.7735921217338296
6505,10018,0.9642398293023811,false,6505,10018,0.9642398293023811
6505,115019,0.8895043479093857,false,6505,115019,0.8895043479093857
6505,105180390,0.8286259271845059,false,6505,105180390,0.8286259271845059
6505,1043,0.9457942767449045,false,6505,1043,0.9457942767449045
6505,276,0.8723496932509083,false,6505,276,0.8723496932509083
6505,168374,0.88132266671361,false,6505,168374,0.88132266671361
6505,645843,0.7925290785145424,false,6505,645843,0.7925290785145424
6505,143884,0.9057814047651149,false,6505,143884,0.9057814047651149
6505,80004,0.8633734333325866,false,6505,80004,0.8633734333325866
6505,3993,0.9232523779333198,false,6505,3993,0.9232523779333198
6505,389852,0.8930547373141806,false,6505,389852,0.8930547373141806
6505,342892,0.7528292710405035,false,6505,342892,0.7528292710405035
6505,164312,0.8269519810339686,false,6505,164312,0.8269519810339686
6505,84239,0.7851307677671069,false,6505,84239,0.7851307677671069
6505,2065,0.9152130874102469,false,6505,2065,0.9152130874102469
6505,135656,0.872486142683599,false,6505,135656,0.872486142683599
6505,94059,0.9852524918914566,false,6505,94059,0.9852524918914566
6505,26769,0.9035705371018282,false,6505,26769,0.9035705371018282
6505,3960,0.8990675632998367,false,6505,3960,0.8990675632998367
6505,23584,0.8298074251137056,false,6505,23584,0.8298074251137056
6505,692213,0.9429773268464665,false,6505,692213,0.9429773268464665
6505,153643,0.8440953597999755,false,6505,153643,0.8440953597999755
6505,112268422,0.9188958053527584,false,6505,112268422,0.9188958053527584
6505,259294,0.9223538819884141,false,6505,259294,0.9223538819884141
6505,79740,0.8099159384700948,false,6505,79740,0.8099159384700948
6505,2266,0.8563957783785127,false,6505,2266,0.8563957783785127
6505,745,0.8014555854514784,false,6505,745,0.8014555854514784
6505,440352,0.8022018769807031,false,6505,440352,0.8022018769807031
3206,401089,0.7580205605593306,false,3206,401089,0.7580205605593306
3206,1028,0.7519969171863172,false,3206,1028,0.7519969171863172
3206,646480,0.8081550023042496,false,3206,646480,0.8081550023042496
8395,79818,0.8389196357688656,false,8395,79818,0.8389196357688656
8395,102725051,0.8752371290638696,false,8395,102725051,0.8752371290638696
8395,8796,0.8845189854861256,false,8395,8796,0.8845189854861256
8395,10071,0.9897577136256613,false,8395,10071,0.9897577136256613
8395,100302161,0.9964434481040078,false,8395,100302161,0.9964434481040078
8395,51208,0.7607280663760649,false,8395,51208,0.7607280663760649
8395,218,0.9003576390225527,false,8395,218,0.9003576390225527
8395,3909,0.8580320421977965,false,8395,3909,0.8580320421977965
8395,92086,0.861355536168394,false,8395,92086,0.861355536168394
8395,541473,0.7923593090607343,false,8395,541473,0.7923593090607343
8395,51554,0.8165312656480621,false,8395,51554,0.8165312656480621
8395,55329,0.8607831374250018,false,8395,55329,0.8607831374250018
8395,79977,0.9128668663776384,false,8395,79977,0.9128668663776384
8395,112268252,0.9389292324227969,false,8395,112268252,0.9389292324227969
8395,277,0.9140810956865592,false,8395,277,0.9140810956865592
8395,163131,0.9142862955634424,false,8395,163131,0.9142862955634424
8395,80736,0.7523638656636191,false,8395,80736,0.7523638656636191
8395,25901,0.9127690916981008,false,8395,25901,0.9127690916981008
8395,100302170,0.9202194991025829,false,8395,100302170,0.9202194991025829
8395,51365,0.877443987768054,false,8395,51365,0.877443987768054
8395,7225,0.8937085789748261,false,8395,7225,0.8937085789748261
8395,27134,0.9030781029089715,false,8395,27134,0.9030781029089715
8395,654412,0.9358448173145837,false,8395,654412,0.9358448173145837
8395,5340,0.9479248579615032,false,8395,5340,0.9479248579615032
8395,4582,0.9929539945107414,false,8395,4582,0.9929539945107414
8395,3248,0.8895527313203927,false,8395,3248,0.8895527313203927
8395,255189,0.829089258314733,false,8395,255189,0.829089258314733
8395,641384,0.9502783587091687,false,8395,641384,0.9502783587091687
8395,100130449,0.9759166522426176,false,8395,100130449,0.9759166522426176
8395,10103,0.8891617687658312,false,8395,10103,0.8891617687658312
8395,3856,0.8005883561745322,false,8395,3856,0.8005883561745322
8395,1048,0.9157447166831152,false,8395,1048,0.9157447166831152
8395,100419743,0.9157029036608486,false,8395,100419743,0.9157029036608486
8395,79838,0.7771136218832656,false,8395,79838,0.7771136218832656
8395,3983,0.8693650647950092,false,8395,3983,0.8693650647950092
8395,3694,0.9349786456626769,false,8395,3694,0.9349786456626769
8395,285989,0.8937765844553253,false,8395,285989,0.8937765844553253
8395,2627,0.8912516224782903,false,8395,2627,0.8912516224782903
8395,503640,0.7878773118492522,false,8395,503640,0.7878773118492522
8395,259290,0.8128867598984327,false,8395,259290,0.8128867598984327
8395,1555,0.9034058786301178,false,8395,1555,0.9034058786301178
8395,57528,0.9899383235240274,false,8395,57528,0.9899383235240274
8395,201456,0.8982882226252337,false,8395,201456,0.8982882226252337
8395,57186,0.8353325432736713,false,8395,57186,0.8353325432736713
8395,102723508,0.8345351691415068,false,8395,102723508,0.8345351691415068
8395,9356,0.9667422324513556,false,8395,9356,0.9667422324513556
8395,641776,0.9570288781668453,false,8395,641776,0.9570288781668453
8395,100506658,0.7664537728793176,false,8395,100506658,0.7664537728793176
8395,341676,0.8754788893538027,false,8395,341676,0.8754788893538027
8395,148213,0.9577703427078655,false,8395,148213,0.9577703427078655
8395,10595,0.8521357201461592,false,8395,10595,0.8521357201461592
8395,4583,0.9731476583812292,false,8395,4583,0.9731476583812292
8395,55567,0.8661594686786935,false,8395,55567,0.8661594686786935
8395,7851,0.9965874426588462,false,8395,7851,0.9965874426588462
8395,692072,0.9638680341326956,false,8395,692072,0.9638680341326956
8395,109136579,0.79197496364353,false,8395,109136579,0.79197496364353
8395,55808,0.905406507769797,false,8395,55808,0.905406507769797
8395,999,0.868314573351354,false,8395,999,0.868314573351354
8395,126353,0.9728543452223142,false,8395,126353,0.9728543452223142
8395,64332,0.8441217002825424,false,8395,64332,0.8441217002825424
8395,388743,0.9524380075168741,false,8395,388743,0.9524380075168741
8395,1577,0.9919764558506161,false,8395,1577,0.9919764558506161
8395,340267,0.8687464444149229,false,8395,340267,0.8687464444149229
8395,200879,0.9209705674756163,false,8395,200879,0.9209705674756163
8395,1510,0.922405186902143,false,8395,1510,0.922405186902143
8395,441251,0.7917098468412825,false,8395,441251,0.7917098468412825
8395,102723849,0.9659126830104791,false,8395,102723849,0.9659126830104791
8395,5284,0.8845017924592522,false,8395,5284,0.8845017924592522
8395,57669,0.805017478480622,false,8395,57669,0.805017478480622
8395,619383,0.7744247201070993,false,8395,619383,0.7744247201070993
8395,89765,0.7728950733775359,false,8395,89765,0.7728950733775359
8395,57111,0.9042441487802807,false,8395,57111,0.9042441487802807
8395,10129,0.8423806016698603,false,8395,10129,0.8423806016698603
8395,4586,0.9155717826618599,false,8395,4586,0.9155717826618599
8395,10551,0.9183049630414354,false,8395,10551,0.9183049630414354
8395,688,0.7723035957780439,false,8395,688,0.7723035957780439
8395,378938,0.7973003975085016,false,8395,378938,0.7973003975085016
8395,5545,0.8844169326350007,false,8395,5545,0.8844169326350007
8395,117155,0.9369486342940929,false,8395,117155,0.9369486342940929
8395,112268155,0.9533677877687532,false,8395,112268155,0.9533677877687532
8395,1152,0.8010454992683907,false,8395,1152,0.8010454992683907
8395,79083,0.9085876588495629,false,8395,79083,0.9085876588495629
8395,1556,0.8731041551339032,false,8395,1556,0.8731041551339032
8395,55930,0.9182009318374613,false,8395,55930,0.9182009318374613
8395,22996,0.7829562838926472,false,8395,22996,0.7829562838926472
8395,7113,0.9566515815599967,false,8395,7113,0.9566515815599967
8395,105180391,0.925447546678263,false,8395,105180391,0.925447546678263
8395,100529240,0.8760148251368847,false,8395,100529240,0.8760148251368847
8395,113218482,0.8829081616560739,false,8395,113218482,0.8829081616560739
8395,647024,0.8471086239300472,false,8395,647024,0.8471086239300472
8395,255928,0.8946984728917052,false,8395,255928,0.8946984728917052
8395,8537,0.8494652315197894,false,8395,8537,0.8494652315197894
8395,10018,0.957495447387145,false,8395,10018,0.957495447387145
8395,115019,0.9674882537684583,false,8395,115019,0.9674882537684583
8395,105180390,0.9426974951373723,false,8395,105180390,0.9426974951373723
8395,1043,0.9427632018664912,false,8395,1043,0.9427632018664912
8395,168374,0.9747463517923847,false,8395,168374,0.9747463517923847
8395,645843,0.8337489351864061,false,8395,645843,0.8337489351864061
8395,143884,0.9523486422125612,false,8395,143884,0.9523486422125612
8395,80004,0.9467168848260605,false,8395,80004,0.9467168848260605
8395,3993,0.9518268451316356,false,8395,3993,0.9518268451316356
8395,389852,0.991981811221005,false,8395,389852,0.991981811221005
8395,164312,0.8754784007355355,false,8395,164312,0.8754784007355355
8395,84239,0.8687330762215222,false,8395,84239,0.8687330762215222
8395,2065,0.9943317216854861,false,8395,2065,0.9943317216854861
8395,135656,0.9168732200053016,false,8395,135656,0.9168732200053016
8395,94059,0.8790808979242549,false,8395,94059,0.8790808979242549
8395,3960,0.9965836535752697,false,8395,3960,0.9965836535752697
8395,284323,0.8370371670794516,false,8395,284323,0.8370371670794516
8395,23584,0.9146576471597885,false,8395,23584,0.9146576471597885
8395,692213,0.9499378370514681,false,8395,692213,0.9499378370514681
8395,153643,0.8440148681345786,false,8395,153643,0.8440148681345786
8395,112268422,0.7735757830044027,false,8395,112268422,0.7735757830044027
8395,259294,0.9887918228200289,false,8395,259294,0.9887918228200289
8395,2266,0.8826739031127363,false,8395,2266,0.8826739031127363
8395,745,0.8432237200101386,false,8395,745,0.8432237200101386
8395,440352,0.8423237548439428,false,8395,440352,0.8423237548439428
57211,55289,0.8293227707625533,false,57211,55289,0.8293227707625533
57211,2160,0.8580981431855167,false,57211,2160,0.8580981431855167
57211,361,0.7855391226024012,false,57211,361,0.7855391226024012
57211,28824,0.8395562428006494,false,57211,28824,0.8395562428006494
57211,1285,0.8368392259576395,false,57211,1285,0.8368392259576395
57211,131873,0.8824361446383514,false,57211,131873,0.8824361446383514
57211,1768,0.8442550624147538,false,57211,1768,0.8442550624147538
57211,1161,0.7821819449565663,false,57211,1161,0.7821819449565663
57211,11148,0.8394694722526503,false,57211,11148,0.8394694722526503
57211,4233,0.8897636051692646,false,57211,4233,0.8897636051692646
57211,114569,0.770001899633914,false,57211,114569,0.770001899633914
57211,93035,0.8087986997916297,false,57211,93035,0.8087986997916297
57211,4883,0.7573144436706468,false,57211,4883,0.7573144436706468
57211,4629,0.7939025851149916,false,57211,4629,0.7939025851149916
57211,222389,0.8298930384441681,false,57211,222389,0.8298930384441681
57211,138428,0.8289304510327645,false,57211,138428,0.8289304510327645
57211,6523,0.8178787010600153,false,57211,6523,0.8178787010600153
57211,155465,0.8030730262024661,false,57211,155465,0.8030730262024661
57211,8436,0.7970309380751595,false,57211,8436,0.7970309380751595
57211,5225,0.839642883315595,false,57211,5225,0.839642883315595
57211,4128,0.7973502529705848,false,57211,4128,0.7973502529705848
57211,55892,0.8142247287068201,false,57211,55892,0.8142247287068201
57211,3249,0.7872954233565205,false,57211,3249,0.7872954233565205
57211,306,0.8457135485989005,false,57211,306,0.8457135485989005
57211,5265,0.8665943159855812,false,57211,5265,0.8665943159855812
57211,10568,0.862902884068861,false,57211,10568,0.862902884068861
57211,33,0.846017951258096,false,57211,33,0.846017951258096
57211,79838,0.763388813851041,false,57211,79838,0.763388813851041
57211,375612,0.7905212112001683,false,57211,375612,0.7905212112001683
57211,10529,0.9166603269890796,false,57211,10529,0.9166603269890796
57211,286207,0.8439778654862822,false,57211,286207,0.8439778654862822
57211,9914,0.8494358322488325,false,57211,9914,0.8494358322488325
57211,163720,0.8690854711963588,false,57211,163720,0.8690854711963588
57211,722,0.8456522387103392,false,57211,722,0.8456522387103392
57211,79908,0.8192357115705482,false,57211,79908,0.8192357115705482
57211,10579,0.7809051951840655,false,57211,10579,0.7809051951840655
57211,388323,0.7754174311993595,false,57211,388323,0.7754174311993595
57211,5625,0.7895681211842732,false,57211,5625,0.7895681211842732
57211,730,0.7639110588195775,false,57211,730,0.7639110588195775
57211,130367,0.8471832003902325,false,57211,130367,0.8471832003902325
57211,285335,0.8128393664008727,false,57211,285335,0.8128393664008727
57211,1910,0.8717238288781148,false,57211,1910,0.8717238288781148
57211,146177,0.8227088355997426,false,57211,146177,0.8227088355997426
57211,728226,0.7863377485023626,false,57211,728226,0.7863377485023626
57211,81615,0.8419219194693135,false,57211,81615,0.8419219194693135
57211,200373,0.856571355841842,false,57211,200373,0.856571355841842
57211,5787,0.8243679580655218,false,57211,5787,0.8243679580655218
57211,102723382,0.7945687573575768,false,57211,102723382,0.7945687573575768
57211,474354,0.8448410788050265,false,57211,474354,0.8448410788050265
57211,221395,0.863439749782962,false,57211,221395,0.863439749782962
57211,54842,0.894172573129768,false,57211,54842,0.894172573129768
57211,728643,0.9115669873726213,false,57211,728643,0.9115669873726213
57211,128602,0.815012689576469,false,57211,128602,0.815012689576469
57211,6103,0.7985368860609392,false,57211,6103,0.7985368860609392
57211,54997,0.7677196426751547,false,57211,54997,0.7677196426751547
57211,2595,0.8752440063041209,false,57211,2595,0.8752440063041209
57211,219790,0.842948478159593,false,57211,219790,0.842948478159593
57211,9223,0.8919603648169507,false,57211,9223,0.8919603648169507
57211,253970,0.8520838895795683,false,57211,253970,0.8520838895795683
57211,503645,0.861806368926526,false,57211,503645,0.861806368926526
57211,4070,0.8061968695219687,false,57211,4070,0.8061968695219687
57211,2277,0.8242439054573322,false,57211,2277,0.8242439054573322
57211,346007,0.9072609785803277,false,57211,346007,0.9072609785803277
57211,116984,0.9373538347224496,false,57211,116984,0.9373538347224496
57211,825,0.8506193609128854,false,57211,825,0.8506193609128854
57211,137872,0.7524699650305471,false,57211,137872,0.7524699650305471
57211,9196,0.8022815271359263,false,57211,9196,0.8022815271359263
57211,130271,0.8843765819170802,false,57211,130271,0.8843765819170802
57211,101927516,0.8726673154121938,false,57211,101927516,0.8726673154121938
57211,285,0.796859507904525,false,57211,285,0.796859507904525
57211,27074,0.872263414711234,false,57211,27074,0.872263414711234
57211,100996506,0.8189967497902901,false,57211,100996506,0.8189967497902901
57211,66002,0.7703909415239604,false,57211,66002,0.7703909415239604
57211,54848,0.8645082214503046,false,57211,54848,0.8645082214503046
57211,79632,0.9222111500862817,false,57211,79632,0.9222111500862817
57211,100505495,0.7983270113137477,false,57211,100505495,0.7983270113137477
57211,4179,0.7693145238303152,false,57211,4179,0.7693145238303152
57211,9476,0.7581273387052387,false,57211,9476,0.7581273387052387
57211,151531,0.7529823737353092,false,57211,151531,0.7529823737353092
57211,201625,0.8256753650777233,false,57211,201625,0.8256753650777233
57211,195814,0.8203438325280956,false,57211,195814,0.8203438325280956
57211,2122,0.910793677092172,false,57211,2122,0.910793677092172
57211,84059,0.9161341879752511,false,57211,84059,0.9161341879752511
57211,121512,0.8238416277095612,false,57211,121512,0.8238416277095612
57211,6097,0.8234959642745353,false,57211,6097,0.8234959642745353
57211,120892,0.9292106877750793,false,57211,120892,0.9292106877750793
57211,123624,0.8145317685619885,false,57211,123624,0.8145317685619885
57211,391253,0.7682875091587169,false,57211,391253,0.7682875091587169
57211,693188,0.8165792286771736,false,57211,693188,0.8165792286771736
57211,6799,0.7872453287834598,false,57211,6799,0.7872453287834598
57211,353189,0.7926314206889065,false,57211,353189,0.7926314206889065
57211,776,0.7896240556503071,false,57211,776,0.7896240556503071
57211,84851,0.8607083784347077,false,57211,84851,0.8607083784347077
57211,84525,0.8145958442050127,false,57211,84525,0.8145958442050127
57211,10203,0.9220589329307193,false,57211,10203,0.9220589329307193
57211,1080,0.9566017407221767,false,57211,1080,0.9566017407221767
57211,65217,0.8549551174264297,false,57211,65217,0.8549551174264297
57211,105372793,0.8234797940839313,false,57211,105372793,0.8234797940839313
57211,84765,0.7973826112706672,false,57211,84765,0.7973826112706672
57211,55282,0.8191980037991947,false,57211,55282,0.8191980037991947
57211,144535,0.96751108495159,false,57211,144535,0.96751108495159
57211,649946,0.9228337881608338,false,57211,649946,0.9228337881608338
57211,144571,0.8022308249616913,false,57211,144571,0.8022308249616913
57211,26298,0.8511526553670257,false,57211,26298,0.8511526553670257
57211,165186,0.7730053713357354,false,57211,165186,0.7730053713357354
57211,102465485,0.8679699001620995,false,57211,102465485,0.8679699001620995
57211,100033436,0.8507817451777525,false,57211,100033436,0.8507817451777525
79818,102725051,0.9725630161323021,false,79818,102725051,0.9725630161323021
79818,8796,0.7896726818797472,false,79818,8796,0.7896726818797472
79818,10071,0.8089726638698166,false,79818,10071,0.8089726638698166
79818,100302161,0.8262448588910785,false,79818,100302161,0.8262448588910785
79818,55289,0.83772563869364,false,79818,55289,0.83772563869364
79818,51208,0.9744407906971372,false,79818,51208,0.9744407906971372
79818,3909,0.8575412028869821,false,79818,3909,0.8575412028869821
79818,131873,0.7669582967841139,false,79818,131873,0.7669582967841139
79818,1161,0.7725020551736834,false,79818,1161,0.7725020551736834
79818,11148,0.7639575855354618,false,79818,11148,0.7639575855354618
79818,4233,0.7800147309513822,false,79818,4233,0.7800147309513822
79818,55329,0.8352655918419224,false,79818,55329,0.8352655918419224
79818,79977,0.7642423982573048,false,79818,79977,0.7642423982573048
79818,163131,0.8128123364012336,false,79818,163131,0.8128123364012336
79818,5225,0.8750713199121489,false,79818,5225,0.8750713199121489
79818,4128,0.839768161929811,false,79818,4128,0.839768161929811
79818,654412,0.9676437036027088,false,79818,654412,0.9676437036027088
79818,55892,0.7500897846154854,false,79818,55892,0.7500897846154854
79818,306,0.8167889977490679,false,79818,306,0.8167889977490679
79818,5340,0.8057042382969565,false,79818,5340,0.8057042382969565
79818,4582,0.881428450064043,false,79818,4582,0.881428450064043
79818,100130449,0.8212505917632497,false,79818,100130449,0.8212505917632497
79818,79838,0.9122349927433059,false,79818,79838,0.9122349927433059
79818,10529,0.768734330724518,false,79818,10529,0.768734330724518
79818,503640,0.9849100426120929,false,79818,503640,0.9849100426120929
79818,259290,0.9056887429591317,false,79818,259290,0.9056887429591317
79818,57528,0.7687030487277409,false,79818,57528,0.7687030487277409
79818,6751,0.9638296591728778,false,79818,6751,0.9638296591728778
79818,79908,0.7896468012854657,false,79818,79908,0.7896468012854657
79818,5625,0.8493139477149242,false,79818,5625,0.8493139477149242
79818,51185,0.7618261227724648,false,79818,51185,0.7618261227724648
79818,130367,0.900428292221565,false,79818,130367,0.900428292221565
79818,285335,0.908086906957108,false,79818,285335,0.908086906957108
79818,9356,0.9231431272548509,false,79818,9356,0.9231431272548509
79818,1910,0.7737940132050942,false,79818,1910,0.7737940132050942
79818,641776,0.9532402664589037,false,79818,641776,0.9532402664589037
79818,200373,0.8600778912828313,false,79818,200373,0.8600778912828313
79818,474354,0.7648672917100536,false,79818,474354,0.7648672917100536
79818,148213,0.7532693014289208,false,79818,148213,0.7532693014289208
79818,4583,0.7518450465298746,false,79818,4583,0.7518450465298746
79818,54842,0.784643607565353,false,79818,54842,0.784643607565353
79818,728643,0.8521712429222047,false,79818,728643,0.8521712429222047
79818,54997,0.9424180456453959,false,79818,54997,0.9424180456453959
79818,219790,0.8815868880159529,false,79818,219790,0.8815868880159529
79818,115677,0.8853381943682801,false,79818,115677,0.8853381943682801
79818,7851,0.8720849508569534,false,79818,7851,0.8720849508569534
79818,253970,0.7538302636116809,false,79818,253970,0.7538302636116809
79818,109136579,0.9465394726386598,false,79818,109136579,0.9465394726386598
79818,503645,0.8219916523887204,false,79818,503645,0.8219916523887204
79818,64332,0.9246429191568898,false,79818,64332,0.9246429191568898
79818,116984,0.8109645420084756,false,79818,116984,0.8109645420084756
79818,137872,0.9304411090976441,false,79818,137872,0.9304411090976441
79818,1577,0.8636316941204878,false,79818,1577,0.8636316941204878
79818,100033430,0.9843334356076144,false,79818,100033430,0.9843334356076144
79818,441251,0.7710912403578568,false,79818,441251,0.7710912403578568
79818,102723849,0.9336552724799716,false,79818,102723849,0.9336552724799716
79818,9196,0.8358786370009909,false,79818,9196,0.8358786370009909
79818,619383,0.8209172041755155,false,79818,619383,0.8209172041755155
79818,89765,0.9651630133144509,false,79818,89765,0.9651630133144509
79818,130271,0.7579116919978672,false,79818,130271,0.7579116919978672
79818,378938,0.9473135067386744,false,79818,378938,0.9473135067386744
79818,5545,0.9798225891749826,false,79818,5545,0.9798225891749826
79818,285,0.816460730252242,false,79818,285,0.816460730252242
79818,27074,0.8494902083981483,false,79818,27074,0.8494902083981483
79818,66002,0.8944918408225441,false,79818,66002,0.8944918408225441
79818,79632,0.8023501540405891,false,79818,79632,0.8023501540405891
79818,7620,0.9069536324284793,false,79818,7620,0.9069536324284793
79818,7113,0.8339641575263262,false,79818,7113,0.8339641575263262
79818,105180391,0.9780803068054406,false,79818,105180391,0.9780803068054406
79818,151531,0.9073468399617187,false,79818,151531,0.9073468399617187
79818,10018,0.8347678582252015,false,79818,10018,0.8347678582252015
79818,115019,0.7715971205650142,false,79818,115019,0.7715971205650142
79818,105180390,0.9644783784932969,false,79818,105180390,0.9644783784932969
79818,1043,0.8086947967603976,false,79818,1043,0.8086947967603976
79818,692058,0.8868262716353901,false,79818,692058,0.8868262716353901
79818,168374,0.8095794943090632,false,79818,168374,0.8095794943090632
79818,645843,0.9439827296820362,false,79818,645843,0.9439827296820362
79818,2122,0.7780847989215929,false,79818,2122,0.7780847989215929
79818,143884,0.7780364488740512,false,79818,143884,0.7780364488740512
79818,121512,0.9651359446345713,false,79818,121512,0.9651359446345713
79818,120892,0.7548719972747718,false,79818,120892,0.7548719972747718
79818,123624,0.752393616752561,false,79818,123624,0.752393616752561
79818,3993,0.7673468662200673,false,79818,3993,0.7673468662200673
79818,389852,0.7768495624591985,false,79818,389852,0.7768495624591985
79818,84239,0.7806714574011162,false,79818,84239,0.7806714574011162
79818,353189,0.8212584018866855,false,79818,353189,0.8212584018866855
79818,2065,0.8588306018965313,false,79818,2065,0.8588306018965313
79818,776,0.9115996199204184,false,79818,776,0.9115996199204184
79818,3960,0.8492647926862229,false,79818,3960,0.8492647926862229
79818,284323,0.991171345797683,false,79818,284323,0.991171345797683
79818,65217,0.9158316604490403,false,79818,65217,0.9158316604490403
79818,692213,0.8827345575158652,false,79818,692213,0.8827345575158652
79818,84765,0.811900728422763,false,79818,84765,0.811900728422763
79818,649946,0.7731620988232167,false,79818,649946,0.7731620988232167
79818,259294,0.7745723420264159,false,79818,259294,0.7745723420264159
79818,440352,0.8074810487219729,false,79818,440352,0.8074810487219729
102725051,8796,0.757935306800338,false,102725051,8796,0.757935306800338
102725051,10071,0.8610669569984402,false,102725051,10071,0.8610669569984402
102725051,100302161,0.8755245005506335,false,102725051,100302161,0.8755245005506335
102725051,51208,0.9170551219539816,false,102725051,51208,0.9170551219539816
102725051,3909,0.8179840561931194,false,102725051,3909,0.8179840561931194
102725051,4233,0.7604073736646235,false,102725051,4233,0.7604073736646235
102725051,55329,0.9339332035078629,false,102725051,55329,0.9339332035078629
102725051,116228,0.7509251200146814,false,102725051,116228,0.7509251200146814
102725051,79977,0.7955940890727872,false,102725051,79977,0.7955940890727872
102725051,163131,0.8588268643824342,false,102725051,163131,0.8588268643824342
102725051,25901,0.808945566940389,false,102725051,25901,0.808945566940389
102725051,5225,0.7807460228550068,false,102725051,5225,0.7807460228550068
102725051,4128,0.7741075864216096,false,102725051,4128,0.7741075864216096
102725051,654412,0.9743261254515843,false,102725051,654412,0.9743261254515843
102725051,5340,0.8910603074877913,false,102725051,5340,0.8910603074877913
102725051,4582,0.9157385408946909,false,102725051,4582,0.9157385408946909
102725051,641384,0.8188260555794443,false,102725051,641384,0.8188260555794443
102725051,100130449,0.9001160083118876,false,102725051,100130449,0.9001160083118876
102725051,79838,0.9304283528138165,false,102725051,79838,0.9304283528138165
102725051,10529,0.7708385846291268,false,102725051,10529,0.7708385846291268
102725051,503640,0.9757863984778821,false,102725051,503640,0.9757863984778821
102725051,259290,0.9484044359042101,false,102725051,259290,0.9484044359042101
102725051,57528,0.8141876819106788,false,102725051,57528,0.8141876819106788
102725051,6751,0.9164560084703183,false,102725051,6751,0.9164560084703183
102725051,51185,0.7843378483475045,false,102725051,51185,0.7843378483475045
102725051,130367,0.8466089823341436,false,102725051,130367,0.8466089823341436
102725051,285335,0.9009718288227454,false,102725051,285335,0.9009718288227454
102725051,9356,0.9276321324283193,false,102725051,9356,0.9276321324283193
102725051,641776,0.9658061145380367,false,102725051,641776,0.9658061145380367
102725051,200373,0.8222609948131703,false,102725051,200373,0.8222609948131703
102725051,148213,0.8503964688689992,false,102725051,148213,0.8503964688689992
102725051,4583,0.8313992977472584,false,102725051,4583,0.8313992977472584
102725051,728643,0.8073043168431864,false,102725051,728643,0.8073043168431864
102725051,54997,0.8845365741555432,false,102725051,54997,0.8845365741555432
102725051,219790,0.7664754799825088,false,102725051,219790,0.7664754799825088
102725051,115677,0.7775737997002978,false,102725051,115677,0.7775737997002978
102725051,7851,0.8971556980196035,false,102725051,7851,0.8971556980196035
102725051,692072,0.7528706307396711,false,102725051,692072,0.7528706307396711
102725051,109136579,0.9725623234858639,false,102725051,109136579,0.9725623234858639
102725051,126353,0.7681948602603125,false,102725051,126353,0.7681948602603125
102725051,64332,0.9253533064822033,false,102725051,64332,0.9253533064822033
102725051,137872,0.8919863365016149,false,102725051,137872,0.8919863365016149
102725051,1577,0.8937647780400033,false,102725051,1577,0.8937647780400033
102725051,100033430,0.9457458845953051,false,102725051,100033430,0.9457458845953051
102725051,102723849,0.9298436453476401,false,102725051,102723849,0.9298436453476401
102725051,9196,0.7781158842080761,false,102725051,9196,0.7781158842080761
102725051,5284,0.7604551134402201,false,102725051,5284,0.7604551134402201
102725051,619383,0.9161169070808685,false,102725051,619383,0.9161169070808685
102725051,89765,0.9268036308047894,false,102725051,89765,0.9268036308047894
102725051,378938,0.9734228657636202,false,102725051,378938,0.9734228657636202
102725051,5545,0.9525498226186958,false,102725051,5545,0.9525498226186958
102725051,285,0.7749747586610575,false,102725051,285,0.7749747586610575
102725051,27074,0.7511500594687874,false,102725051,27074,0.7511500594687874
102725051,66002,0.8288455616563442,false,102725051,66002,0.8288455616563442
102725051,7620,0.8909491512271643,false,102725051,7620,0.8909491512271643
102725051,7113,0.8377349875335577,false,102725051,7113,0.8377349875335577
102725051,105180391,0.974083895666058,false,102725051,105180391,0.974083895666058
102725051,151531,0.842525253500853,false,102725051,151531,0.842525253500853
102725051,10018,0.9153357309960469,false,102725051,10018,0.9153357309960469
102725051,115019,0.8025963407893764,false,102725051,115019,0.8025963407893764
102725051,201625,0.7721129735077232,false,102725051,201625,0.7721129735077232
102725051,105180390,0.973702056779816,false,102725051,105180390,0.973702056779816
102725051,1043,0.8534256248676514,false,102725051,1043,0.8534256248676514
102725051,692058,0.9201454706256343,false,102725051,692058,0.9201454706256343
102725051,168374,0.8347600508642108,false,102725051,168374,0.8347600508642108
102725051,645843,0.9486905945465656,false,102725051,645843,0.9486905945465656
102725051,143884,0.8473774252005181,false,102725051,143884,0.8473774252005181
102725051,80004,0.7631329270724123,false,102725051,80004,0.7631329270724123
102725051,121512,0.9266163444315261,false,102725051,121512,0.9266163444315261
102725051,3993,0.8086403770810385,false,102725051,3993,0.8086403770810385
102725051,389852,0.8284358631869975,false,102725051,389852,0.8284358631869975
102725051,84239,0.7548424225884333,false,102725051,84239,0.7548424225884333
102725051,2065,0.8961494451641813,false,102725051,2065,0.8961494451641813
102725051,776,0.8318836047315958,false,102725051,776,0.8318836047315958
102725051,94059,0.7864779586223002,false,102725051,94059,0.7864779586223002
102725051,3960,0.8948389375348383,false,102725051,3960,0.8948389375348383
102725051,284323,0.9731067017655769,false,102725051,284323,0.9731067017655769
102725051,65217,0.8883091045465943,false,102725051,65217,0.8883091045465943
102725051,692213,0.9522150575954251,false,102725051,692213,0.9522150575954251
102725051,259294,0.8362095280251921,false,102725051,259294,0.8362095280251921
102725051,440352,0.7965944795804549,false,102725051,440352,0.7965944795804549
8796,10071,0.9013496935814479,false,8796,10071,0.9013496935814479
8796,100302161,0.8819107213700972,false,8796,100302161,0.8819107213700972
8796,51208,0.7816421313896854,false,8796,51208,0.7816421313896854
8796,218,0.7624593932995404,false,8796,218,0.7624593932995404
8796,3909,0.982944065141384,false,8796,3909,0.982944065141384
8796,541473,0.9457716315080422,false,8796,541473,0.9457716315080422
8796,9365,0.8455881491754241,false,8796,9365,0.8455881491754241
8796,51554,0.8772205271650073,false,8796,51554,0.8772205271650073
8796,79977,0.9523718143986591,false,8796,79977,0.9523718143986591
8796,9208,0.8433856111305301,false,8796,9208,0.8433856111305301
8796,112268252,0.8321686198738356,false,8796,112268252,0.8321686198738356
8796,277,0.833671344111055,false,8796,277,0.833671344111055
8796,163131,0.8478446868509129,false,8796,163131,0.8478446868509129
8796,80736,0.8265415484672336,false,8796,80736,0.8265415484672336
8796,7225,0.9658331265663744,false,8796,7225,0.9658331265663744
8796,654412,0.8211850354352933,false,8796,654412,0.8211850354352933
8796,5340,0.7625152308862605,false,8796,5340,0.7625152308862605
8796,4582,0.8967000159611203,false,8796,4582,0.8967000159611203
8796,3248,0.90143932208474,false,8796,3248,0.90143932208474
8796,255189,0.9131952427552057,false,8796,255189,0.9131952427552057
8796,641384,0.7553074402858718,false,8796,641384,0.7553074402858718
8796,100130449,0.8058594273421104,false,8796,100130449,0.8058594273421104
8796,3856,0.8798252948413403,false,8796,3856,0.8798252948413403
8796,1048,0.7578870427629677,false,8796,1048,0.7578870427629677
8796,100419743,0.7577236076526594,false,8796,100419743,0.7577236076526594
8796,79838,0.8003812558526823,false,8796,79838,0.8003812558526823
8796,3983,0.8150277842253529,false,8796,3983,0.8150277842253529
8796,3694,0.844581319433831,false,8796,3694,0.844581319433831
8796,285989,0.8636757245473523,false,8796,285989,0.8636757245473523
8796,2627,0.8774810965844074,false,8796,2627,0.8774810965844074
8796,259290,0.7721085094366138,false,8796,259290,0.7721085094366138
8796,1555,0.7733055848398966,false,8796,1555,0.7733055848398966
8796,57528,0.8904788789297552,false,8796,57528,0.8904788789297552
8796,201456,0.8345456500734275,false,8796,201456,0.8345456500734275
8796,57186,0.8843717429511342,false,8796,57186,0.8843717429511342
8796,10579,0.8200916769810508,false,8796,10579,0.8200916769810508
8796,102723508,0.8127516918176506,false,8796,102723508,0.8127516918176506
8796,9356,0.8418102814514776,false,8796,9356,0.8418102814514776
8796,641776,0.8553013366954335,false,8796,641776,0.8553013366954335
8796,100506658,0.9165314892657108,false,8796,100506658,0.9165314892657108
8796,341676,0.7809482758245825,false,8796,341676,0.7809482758245825
8796,148213,0.7746620557247783,false,8796,148213,0.7746620557247783
8796,10595,0.7889218136962038,false,8796,10595,0.7889218136962038
8796,4583,0.853654437226349,false,8796,4583,0.853654437226349
8796,115677,0.8571927179503107,false,8796,115677,0.8571927179503107
8796,5961,0.8211129360122589,false,8796,5961,0.8211129360122589
8796,7851,0.9081868351505649,false,8796,7851,0.9081868351505649
8796,692072,0.9026859820803939,false,8796,692072,0.9026859820803939
8796,55808,0.7635449266792216,false,8796,55808,0.7635449266792216
8796,999,0.8030447292617321,false,8796,999,0.8030447292617321
8796,126353,0.8132673050307098,false,8796,126353,0.8132673050307098
8796,26226,0.8686300239997454,false,8796,26226,0.8686300239997454
8796,64332,0.8571867105982098,false,8796,64332,0.8571867105982098
8796,388743,0.8112714830039982,false,8796,388743,0.8112714830039982
8796,3875,0.7553777075146275,false,8796,3875,0.7553777075146275
8796,1577,0.8989139517731843,false,8796,1577,0.8989139517731843
8796,340267,0.9257516515423189,false,8796,340267,0.9257516515423189
8796,200879,0.7757359617335857,false,8796,200879,0.7757359617335857
8796,1510,0.7702548342645106,false,8796,1510,0.7702548342645106
8796,441251,0.9705455728833173,false,8796,441251,0.9705455728833173
8796,102723849,0.920834548705788,false,8796,102723849,0.920834548705788
8796,6337,0.7645997011513628,false,8796,6337,0.7645997011513628
8796,5284,0.8833773618022035,false,8796,5284,0.8833773618022035
8796,57669,0.9407528146836732,false,8796,57669,0.9407528146836732
8796,57111,0.7649526964730922,false,8796,57111,0.7649526964730922
8796,116844,0.7876250507207098,false,8796,116844,0.7876250507207098
8796,10129,0.7714868083713828,false,8796,10129,0.7714868083713828
8796,4586,0.7573113434995817,false,8796,4586,0.7573113434995817
8796,10551,0.7607714773698845,false,8796,10551,0.7607714773698845
8796,54897,0.8085147818140476,false,8796,54897,0.8085147818140476
8796,5545,0.8809072866178795,false,8796,5545,0.8809072866178795
8796,117155,0.8951632446515791,false,8796,117155,0.8951632446515791
8796,112268155,0.9051968875124392,false,8796,112268155,0.9051968875124392
8796,1152,0.7827855205627311,false,8796,1152,0.7827855205627311
8796,79083,0.7821133986923923,false,8796,79083,0.7821133986923923
8796,1556,0.9454195464595269,false,8796,1556,0.9454195464595269
8796,55930,0.7857531864678552,false,8796,55930,0.7857531864678552
8796,7113,0.9749054132426969,false,8796,7113,0.9749054132426969
8796,54861,0.8220642617208097,false,8796,54861,0.8220642617208097
8796,105180391,0.8480255293042502,false,8796,105180391,0.8480255293042502
8796,113218482,0.821379987703504,false,8796,113218482,0.821379987703504
8796,647024,0.7609905561308149,false,8796,647024,0.7609905561308149
8796,10018,0.8295963963811191,false,8796,10018,0.8295963963811191
8796,115019,0.9478373985124838,false,8796,115019,0.9478373985124838
8796,105180390,0.842081732721006,false,8796,105180390,0.842081732721006
8796,1043,0.9187053780259768,false,8796,1043,0.9187053780259768
8796,168374,0.9413023974369228,false,8796,168374,0.9413023974369228
8796,645843,0.8562066137092457,false,8796,645843,0.8562066137092457
8796,143884,0.8196573495538115,false,8796,143884,0.8196573495538115
8796,80004,0.9460434170906865,false,8796,80004,0.9460434170906865
8796,3993,0.9077849794142983,false,8796,3993,0.9077849794142983
8796,389852,0.8374439080829437,false,8796,389852,0.8374439080829437
8796,84239,0.9948593056629059,false,8796,84239,0.9948593056629059
8796,2065,0.8826056862076801,false,8796,2065,0.8826056862076801
8796,780,0.7927282413574279,false,8796,780,0.7927282413574279
8796,135656,0.7597614975256228,false,8796,135656,0.7597614975256228
8796,3880,0.7743986329209877,false,8796,3880,0.7743986329209877
8796,3960,0.8514280568748758,false,8796,3960,0.8514280568748758
8796,23584,0.9873036857562301,false,8796,23584,0.9873036857562301
8796,692213,0.8180477242498203,false,8796,692213,0.8180477242498203
8796,153643,0.8292848680156177,false,8796,153643,0.8292848680156177
8796,259294,0.8503861192086379,false,8796,259294,0.8503861192086379
8796,745,0.8193755489051704,false,8796,745,0.8193755489051704
8796,440352,0.9402836769401565,false,8796,440352,0.9402836769401565
10071,100302161,0.9964874891980674,false,10071,100302161,0.9964874891980674
10071,218,0.9106323207099043,false,10071,218,0.9106323207099043
10071,3909,0.874048884217502,false,10071,3909,0.874048884217502
10071,92086,0.8467788292479236,false,10071,92086,0.8467788292479236
10071,541473,0.8458897070257783,false,10071,541473,0.8458897070257783
10071,9365,0.8107933867357735,false,10071,9365,0.8107933867357735
10071,51554,0.8714207018967505,false,10071,51554,0.8714207018967505
10071,55329,0.860302629222905,false,10071,55329,0.860302629222905
10071,79977,0.9446624420766767,false,10071,79977,0.9446624420766767
10071,9208,0.8047206803911886,false,10071,9208,0.8047206803911886
10071,112268252,0.9355989384545982,false,10071,112268252,0.9355989384545982
10071,277,0.9534405194553627,false,10071,277,0.9534405194553627
10071,163131,0.9171719289665906,false,10071,163131,0.9171719289665906
10071,80736,0.819609854355438,false,10071,80736,0.819609854355438
10071,25901,0.9317579450261553,false,10071,25901,0.9317579450261553
10071,100302170,0.9375018723644677,false,10071,100302170,0.9375018723644677
10071,51365,0.8749616008383672,false,10071,51365,0.8749616008383672
10071,7225,0.9124748173007372,false,10071,7225,0.9124748173007372
10071,27134,0.9028453339707244,false,10071,27134,0.9028453339707244
10071,654412,0.908832541110156,false,10071,654412,0.908832541110156
10071,5340,0.9439615064445596,false,10071,5340,0.9439615064445596
10071,4582,0.9886569630464146,false,10071,4582,0.9886569630464146
10071,3248,0.9054970319318045,false,10071,3248,0.9054970319318045
10071,255189,0.8705939427159083,false,10071,255189,0.8705939427159083
10071,641384,0.9597828070521319,false,10071,641384,0.9597828070521319
10071,100130449,0.9768561261877563,false,10071,100130449,0.9768561261877563
10071,10103,0.9018352339031689,false,10071,10103,0.9018352339031689
10071,3856,0.8596224854538801,false,10071,3856,0.8596224854538801
10071,1048,0.9223587362152873,false,10071,1048,0.9223587362152873
10071,100419743,0.9223381418497479,false,10071,100419743,0.9223381418497479
10071,79838,0.7979359600277364,false,10071,79838,0.7979359600277364
10071,3983,0.8944294510651362,false,10071,3983,0.8944294510651362
10071,3694,0.9209334625879421,false,10071,3694,0.9209334625879421
10071,285989,0.9362492383511059,false,10071,285989,0.9362492383511059
10071,2627,0.914938482158627,false,10071,2627,0.914938482158627
10071,503640,0.7525698422560749,false,10071,503640,0.7525698422560749
10071,259290,0.8287236336604497,false,10071,259290,0.8287236336604497
10071,1555,0.9127754517348418,false,10071,1555,0.9127754517348418
10071,57528,0.9921340317807248,false,10071,57528,0.9921340317807248
10071,201456,0.9179796030338324,false,10071,201456,0.9179796030338324
10071,57186,0.8647542848902069,false,10071,57186,0.8647542848902069
10071,5544,0.7582556376853234,false,10071,5544,0.7582556376853234
10071,102723508,0.8593145557994081,false,10071,102723508,0.8593145557994081
10071,9356,0.9297926923754268,false,10071,9356,0.9297926923754268
10071,641776,0.9344062124885124,false,10071,641776,0.9344062124885124
10071,100506658,0.8160397319764108,false,10071,100506658,0.8160397319764108
10071,341676,0.9030484284950421,false,10071,341676,0.9030484284950421
10071,148213,0.9649285077841826,false,10071,148213,0.9649285077841826
10071,10595,0.8978295466486181,false,10071,10595,0.8978295466486181
10071,4583,0.9910122901159768,false,10071,4583,0.9910122901159768
10071,55567,0.893187632188499,false,10071,55567,0.893187632188499
10071,7851,0.9881525696650222,false,10071,7851,0.9881525696650222
10071,692072,0.9700105385988775,false,10071,692072,0.9700105385988775
10071,109136579,0.7916134073412804,false,10071,109136579,0.7916134073412804
10071,55808,0.912640975252927,false,10071,55808,0.912640975252927
10071,999,0.9029933136087649,false,10071,999,0.9029933136087649
10071,126353,0.9649894057106307,false,10071,126353,0.9649894057106307
10071,26226,0.7879906346232709,false,10071,26226,0.7879906346232709
10071,64332,0.8509305878019409,false,10071,64332,0.8509305878019409
10071,388743,0.9590932585859894,false,10071,388743,0.9590932585859894
10071,1577,0.9847178982877047,false,10071,1577,0.9847178982877047
10071,340267,0.9217479835139221,false,10071,340267,0.9217479835139221
10071,200879,0.9261945928756731,false,10071,200879,0.9261945928756731
10071,1510,0.9276456356707119,false,10071,1510,0.9276456356707119
10071,441251,0.8108126134676558,false,10071,441251,0.8108126134676558
10071,102723849,0.9524868376609316,false,10071,102723849,0.9524868376609316
10071,5284,0.9309913377713626,false,10071,5284,0.9309913377713626
10071,57669,0.843950073515099,false,10071,57669,0.843950073515099
10071,619383,0.7917600303070682,false,10071,619383,0.7917600303070682
10071,57111,0.9157884348592713,false,10071,57111,0.9157884348592713
10071,278,0.7530588098859489,false,10071,278,0.7530588098859489
10071,116844,0.7964799299575512,false,10071,116844,0.7964799299575512
10071,10129,0.895575633444966,false,10071,10129,0.895575633444966
10071,4586,0.922495180988923,false,10071,4586,0.922495180988923
10071,10551,0.9289362650621193,false,10071,10551,0.9289362650621193
10071,688,0.8399779772022234,false,10071,688,0.8399779772022234
10071,378938,0.7970745556311849,false,10071,378938,0.7970745556311849
10071,5545,0.8662904328719151,false,10071,5545,0.8662904328719151
10071,117155,0.9677435428864144,false,10071,117155,0.9677435428864144
10071,112268155,0.9704273887185185,false,10071,112268155,0.9704273887185185
10071,1152,0.8304250323506397,false,10071,1152,0.8304250323506397
10071,79083,0.9152636199202725,false,10071,79083,0.9152636199202725
10071,1556,0.9069321282629198,false,10071,1556,0.9069321282629198
10071,55930,0.9471679841247606,false,10071,55930,0.9471679841247606
10071,22996,0.830297170149778,false,10071,22996,0.830297170149778
10071,7113,0.9695350682747068,false,10071,7113,0.9695350682747068
10071,54861,0.7893779914870558,false,10071,54861,0.7893779914870558
10071,105180391,0.8995420811692338,false,10071,105180391,0.8995420811692338
10071,100529240,0.8865275705198098,false,10071,100529240,0.8865275705198098
10071,113218482,0.9110790058781387,false,10071,113218482,0.9110790058781387
10071,647024,0.8845389759658966,false,10071,647024,0.8845389759658966
10071,255928,0.8979024574619752,false,10071,255928,0.8979024574619752
10071,8537,0.8488616515227533,false,10071,8537,0.8488616515227533
10071,10018,0.9733709830438504,false,10071,10018,0.9733709830438504
10071,115019,0.9861172528774581,false,10071,115019,0.9861172528774581
10071,105180390,0.9179408648770697,false,10071,105180390,0.9179408648770697
10071,1043,0.9627987671793106,false,10071,1043,0.9627987671793106
10071,168374,0.9818422975221301,false,10071,168374,0.9818422975221301
10071,645843,0.8465772411272645,false,10071,645843,0.8465772411272645
10071,143884,0.9559936244456934,false,10071,143884,0.9559936244456934
10071,80004,0.9621247359329186,false,10071,80004,0.9621247359329186
10071,3993,0.9677860565964791,false,10071,3993,0.9677860565964791
10071,389852,0.979712901043384,false,10071,389852,0.979712901043384
10071,164312,0.8743044769127785,false,10071,164312,0.8743044769127785
10071,84239,0.8906055437481295,false,10071,84239,0.8906055437481295
10071,2065,0.984200722478744,false,10071,2065,0.984200722478744
10071,135656,0.9234148078137,false,10071,135656,0.9234148078137
10071,94059,0.9129258993759104,false,10071,94059,0.9129258993759104
10071,3960,0.984334631065477,false,10071,3960,0.984334631065477
10071,284323,0.7966854224400697,false,10071,284323,0.7966854224400697
10071,23584,0.9382856650453446,false,10071,23584,0.9382856650453446
10071,692213,0.957714442919487,false,10071,692213,0.957714442919487
10071,153643,0.8876169582653141,false,10071,153643,0.8876169582653141
10071,112268422,0.8322002821333203,false,10071,112268422,0.8322002821333203
10071,259294,0.9867675238596919,false,10071,259294,0.9867675238596919
10071,2266,0.8849031747163748,false,10071,2266,0.8849031747163748
10071,745,0.8711437258077006,false,10071,745,0.8711437258077006
10071,440352,0.8678542471387559,false,10071,440352,0.8678542471387559
762,158798,0.893952784663934,false,762,158798,0.893952784663934
762,105374373,0.8850836922628891,false,762,105374373,0.8850836922628891
762,253982,0.8397701118953116,false,762,253982,0.8397701118953116
762,2696,0.8543847275877234,false,762,2696,0.8543847275877234
762,54084,0.8337750388778399,false,762,54084,0.8337750388778399
762,100129940,0.8670247625152226,false,762,100129940,0.8670247625152226
762,7473,0.8465519639909185,false,762,7473,0.8465519639909185
762,1180,0.8006366950559042,false,762,1180,0.8006366950559042
762,6441,0.7725592762489292,false,762,6441,0.7725592762489292
762,57524,0.8761490094903823,false,762,57524,0.8761490094903823
762,256076,0.909120463607324,false,762,256076,0.909120463607324
762,140766,0.7542985523590513,false,762,140766,0.7542985523590513
762,284680,0.8906033565267141,false,762,284680,0.8906033565267141
762,128218,0.946468442633013,false,762,128218,0.946468442633013
762,105373265,0.7880812418628274,false,762,105373265,0.7880812418628274
762,440590,0.8745121350107105,false,762,440590,0.8745121350107105
100302161,218,0.9053990085662181,false,100302161,218,0.9053990085662181
100302161,3909,0.8580517582355198,false,100302161,3909,0.8580517582355198
100302161,92086,0.8492337345093599,false,100302161,92086,0.8492337345093599
100302161,541473,0.8093834408426411,false,100302161,541473,0.8093834408426411
100302161,9365,0.7691557989280564,false,100302161,9365,0.7691557989280564
100302161,51554,0.8404756490897305,false,100302161,51554,0.8404756490897305
100302161,55329,0.8720852511148334,false,100302161,55329,0.8720852511148334
100302161,79977,0.9198924180201276,false,100302161,79977,0.9198924180201276
100302161,9208,0.7653145512087685,false,100302161,9208,0.7653145512087685
100302161,112268252,0.9333875719481367,false,100302161,112268252,0.9333875719481367
100302161,277,0.9345709880367884,false,100302161,277,0.9345709880367884
100302161,163131,0.9170629138653151,false,100302161,163131,0.9170629138653151
100302161,80736,0.7734535803052338,false,100302161,80736,0.7734535803052338
100302161,25901,0.9320956181839107,false,100302161,25901,0.9320956181839107
100302161,100302170,0.9332546922067593,false,100302161,100302170,0.9332546922067593
100302161,51365,0.8789395375082797,false,100302161,51365,0.8789395375082797
100302161,7225,0.8919676251169086,false,100302161,7225,0.8919676251169086
100302161,27134,0.9017657241519837,false,100302161,27134,0.9017657241519837
100302161,654412,0.9269551555294345,false,100302161,654412,0.9269551555294345
100302161,5340,0.9503594144605164,false,100302161,5340,0.9503594144605164
100302161,4582,0.9923812812239658,false,100302161,4582,0.9923812812239658
100302161,3248,0.8887466295531181,false,100302161,3248,0.8887466295531181
100302161,255189,0.8387927601014554,false,100302161,255189,0.8387927601014554
100302161,641384,0.9623606401468462,false,100302161,641384,0.9623606401468462
100302161,100130449,0.9822923930115001,false,100302161,100130449,0.9822923930115001
100302161,10103,0.8972079695544052,false,100302161,10103,0.8972079695544052
100302161,3856,0.820307541251924,false,100302161,3856,0.820307541251924
100302161,1048,0.9213546565903987,false,100302161,1048,0.9213546565903987
100302161,100419743,0.9213517595431365,false,100302161,100419743,0.9213517595431365
100302161,79838,0.785838511526569,false,100302161,79838,0.785838511526569
100302161,3983,0.8776170172311192,false,100302161,3983,0.8776170172311192
100302161,3694,0.9185802551525946,false,100302161,3694,0.9185802551525946
100302161,285989,0.9138501169249799,false,100302161,285989,0.9138501169249799
100302161,2627,0.89336373894478,false,100302161,2627,0.89336373894478
100302161,503640,0.7767414623824122,false,100302161,503640,0.7767414623824122
100302161,259290,0.8264372947861156,false,100302161,259290,0.8264372947861156
100302161,1555,0.9072281863477902,false,100302161,1555,0.9072281863477902
100302161,57528,0.9922011517010815,false,100302161,57528,0.9922011517010815
100302161,201456,0.9043945473850094,false,100302161,201456,0.9043945473850094
100302161,57186,0.835516229618653,false,100302161,57186,0.835516229618653
100302161,102723508,0.8466079391066726,false,100302161,102723508,0.8466079391066726
100302161,9356,0.9489706251541684,false,100302161,9356,0.9489706251541684
100302161,641776,0.9472914959492162,false,100302161,641776,0.9472914959492162
100302161,100506658,0.7710638652875386,false,100302161,100506658,0.7710638652875386
100302161,341676,0.8880588672218337,false,100302161,341676,0.8880588672218337
100302161,148213,0.9669942444626554,false,100302161,148213,0.9669942444626554
100302161,10595,0.8743521205516902,false,100302161,10595,0.8743521205516902
100302161,4583,0.985615868798381,false,100302161,4583,0.985615868798381
100302161,55567,0.8799629977826351,false,100302161,55567,0.8799629977826351
100302161,7851,0.9931205324430357,false,100302161,7851,0.9931205324430357
100302161,692072,0.9691453114758366,false,100302161,692072,0.9691453114758366
100302161,109136579,0.7983385592694233,false,100302161,109136579,0.7983385592694233
100302161,55808,0.9089509000774165,false,100302161,55808,0.9089509000774165
100302161,999,0.88206439380848,false,100302161,999,0.88206439380848
100302161,126353,0.9702230325302387,false,100302161,126353,0.9702230325302387
100302161,26226,0.7574749217060682,false,100302161,26226,0.7574749217060682
100302161,64332,0.8521139547302677,false,100302161,64332,0.8521139547302677
100302161,388743,0.9576364881636641,false,100302161,388743,0.9576364881636641
100302161,1577,0.9920737853815536,false,100302161,1577,0.9920737853815536
100302161,340267,0.8912913476282316,false,100302161,340267,0.8912913476282316
100302161,200879,0.9245345716020474,false,100302161,200879,0.9245345716020474
100302161,1510,0.9259622385431098,false,100302161,1510,0.9259622385431098
100302161,441251,0.7928169853579662,false,100302161,441251,0.7928169853579662
100302161,102723849,0.9603863981200584,false,100302161,102723849,0.9603863981200584
100302161,5284,0.900669433526886,false,100302161,5284,0.900669433526886
100302161,57669,0.8098095180321789,false,100302161,57669,0.8098095180321789
100302161,619383,0.7931231980923815,false,100302161,619383,0.7931231980923815
100302161,89765,0.7585476953513277,false,100302161,89765,0.7585476953513277
100302161,57111,0.9102107579262663,false,100302161,57111,0.9102107579262663
100302161,116844,0.7524093808683668,false,100302161,116844,0.7524093808683668
100302161,10129,0.872042121535801,false,100302161,10129,0.872042121535801
100302161,4586,0.921395173307567,false,100302161,4586,0.921395173307567
100302161,10551,0.9258433147965371,false,100302161,10551,0.9258433147965371
100302161,688,0.8065882414065166,false,100302161,688,0.8065882414065166
100302161,378938,0.8036289376713784,false,100302161,378938,0.8036289376713784
100302161,5545,0.8747499302331481,false,100302161,5545,0.8747499302331481
100302161,117155,0.9501557554379529,false,100302161,117155,0.9501557554379529
100302161,112268155,0.9598872394743072,false,100302161,112268155,0.9598872394743072
100302161,1152,0.8094119744334991,false,100302161,1152,0.8094119744334991
100302161,79083,0.9113985969501929,false,100302161,79083,0.9113985969501929
100302161,1556,0.8802864292302577,false,100302161,1556,0.8802864292302577
100302161,55930,0.9332439059670018,false,100302161,55930,0.9332439059670018
100302161,22996,0.8057658283161439,false,100302161,22996,0.8057658283161439
100302161,7113,0.9589628477805672,false,100302161,7113,0.9589628477805672
100302161,105180391,0.9138034663283094,false,100302161,105180391,0.9138034663283094
100302161,100529240,0.8842890132677685,false,100302161,100529240,0.8842890132677685
100302161,113218482,0.8948714293352402,false,100302161,113218482,0.8948714293352402
100302161,647024,0.8631349397492422,false,100302161,647024,0.8631349397492422
100302161,255928,0.8993412704349264,false,100302161,255928,0.8993412704349264
100302161,8537,0.86007511638613,false,100302161,8537,0.86007511638613
100302161,10018,0.9714865863991895,false,100302161,10018,0.9714865863991895
100302161,115019,0.9749437943009859,false,100302161,115019,0.9749437943009859
100302161,105180390,0.9324703268765808,false,100302161,105180390,0.9324703268765808
100302161,1043,0.9467499195650704,false,100302161,1043,0.9467499195650704
100302161,168374,0.9782311454346171,false,100302161,168374,0.9782311454346171
100302161,645843,0.8411950479785726,false,100302161,645843,0.8411950479785726
100302161,143884,0.9628158592090057,false,100302161,143884,0.9628158592090057
100302161,80004,0.9463192098238313,false,100302161,80004,0.9463192098238313
100302161,3993,0.9531893481513942,false,100302161,3993,0.9531893481513942
100302161,389852,0.9891452600098013,false,100302161,389852,0.9891452600098013
100302161,164312,0.8711642593105219,false,100302161,164312,0.8711642593105219
100302161,84239,0.866957565294703,false,100302161,84239,0.866957565294703
100302161,2065,0.9887291664443981,false,100302161,2065,0.9887291664443981
100302161,135656,0.922418928255797,false,100302161,135656,0.922418928255797
100302161,94059,0.9012769667392345,false,100302161,94059,0.9012769667392345
100302161,3960,0.9947155757568198,false,100302161,3960,0.9947155757568198
100302161,284323,0.8227430675912145,false,100302161,284323,0.8227430675912145
100302161,23584,0.9170183798653929,false,100302161,23584,0.9170183798653929
100302161,692213,0.9597911042207079,false,100302161,692213,0.9597911042207079
100302161,153643,0.8616439100675833,false,100302161,153643,0.8616439100675833
100302161,112268422,0.8069385741212464,false,100302161,112268422,0.8069385741212464
100302161,259294,0.9920405145684073,false,100302161,259294,0.9920405145684073
100302161,2266,0.8846024651699805,false,100302161,2266,0.8846024651699805
100302161,745,0.8506298787633271,false,100302161,745,0.8506298787633271
100302161,440352,0.8444003702830513,false,100302161,440352,0.8444003702830513
55289,2160,0.939122725800529,false,55289,2160,0.939122725800529
55289,361,0.9415534942893097,false,55289,361,0.9415534942893097
55289,51208,0.9187747262517125,false,55289,51208,0.9187747262517125
55289,28824,0.9451451020919731,false,55289,28824,0.9451451020919731
55289,1285,0.8782001403094636,false,55289,1285,0.8782001403094636
55289,131873,0.9648486431445902,false,55289,131873,0.9648486431445902
55289,1161,0.9166300831051741,false,55289,1161,0.9166300831051741
55289,11148,0.9783883723233514,false,55289,11148,0.9783883723233514
55289,4233,0.8867852611958613,false,55289,4233,0.8867852611958613
55289,114569,0.8412788270476241,false,55289,114569,0.8412788270476241
55289,93035,0.9233197661657433,false,55289,93035,0.9233197661657433
55289,4629,0.7668548702538277,false,55289,4629,0.7668548702538277
55289,1528,0.91327999402469,false,55289,1528,0.91327999402469
55289,222389,0.7945890782608204,false,55289,222389,0.7945890782608204
55289,6523,0.8547825841353152,false,55289,6523,0.8547825841353152
55289,155465,0.9088804492356938,false,55289,155465,0.9088804492356938
55289,8436,0.8426580437177709,false,55289,8436,0.8426580437177709
55289,5225,0.9883691852475132,false,55289,5225,0.9883691852475132
55289,4128,0.9289919049202152,false,55289,4128,0.9289919049202152
55289,55892,0.8580313354994545,false,55289,55892,0.8580313354994545
55289,3249,0.9234759505578037,false,55289,3249,0.9234759505578037
55289,306,0.9962364085110731,false,55289,306,0.9962364085110731
55289,5265,0.9114089507945815,false,55289,5265,0.9114089507945815
55289,10568,0.9259216947143778,false,55289,10568,0.9259216947143778
55289,33,0.9303988012876983,false,55289,33,0.9303988012876983
55289,79838,0.7901599314239417,false,55289,79838,0.7901599314239417
55289,375612,0.9083966083430862,false,55289,375612,0.9083966083430862
55289,10529,0.7874428309325414,false,55289,10529,0.7874428309325414
55289,503640,0.8213283734175421,false,55289,503640,0.8213283734175421
55289,9914,0.9450139453380018,false,55289,9914,0.9450139453380018
55289,163720,0.9782458176874258,false,55289,163720,0.9782458176874258
55289,722,0.9328955026381082,false,55289,722,0.9328955026381082
55289,6751,0.8861271366084074,false,55289,6751,0.8861271366084074
55289,79908,0.9259284698647151,false,55289,79908,0.9259284698647151
55289,10579,0.7808241116397088,false,55289,10579,0.7808241116397088
55289,5625,0.9293783912316411,false,55289,5625,0.9293783912316411
55289,51185,0.7730917585789975,false,55289,51185,0.7730917585789975
55289,130367,0.9649037280889917,false,55289,130367,0.9649037280889917
55289,7080,0.8205860329969309,false,55289,7080,0.8205860329969309
55289,285335,0.890651375100234,false,55289,285335,0.890651375100234
55289,1910,0.9657279154489748,false,55289,1910,0.9657279154489748
55289,146177,0.9097547609477875,false,55289,146177,0.9097547609477875
55289,728226,0.9055052934672442,false,55289,728226,0.9055052934672442
55289,81615,0.9499034960448235,false,55289,81615,0.9499034960448235
55289,200373,0.9187822777325514,false,55289,200373,0.9187822777325514
55289,5787,0.8173454472064263,false,55289,5787,0.8173454472064263
55289,102723382,0.7716438823246082,false,55289,102723382,0.7716438823246082
55289,474354,0.8792911934039308,false,55289,474354,0.8792911934039308
55289,221395,0.9052381807165806,false,55289,221395,0.9052381807165806
55289,54842,0.9830484551676254,false,55289,54842,0.9830484551676254
55289,728643,0.9399565109061369,false,55289,728643,0.9399565109061369
55289,128602,0.9486559118301338,false,55289,128602,0.9486559118301338
55289,54997,0.9334988999283006,false,55289,54997,0.9334988999283006
55289,2595,0.9591580278381826,false,55289,2595,0.9591580278381826
55289,219790,0.9529892258068623,false,55289,219790,0.9529892258068623
55289,115677,0.8487649097444887,false,55289,115677,0.8487649097444887
55289,64073,0.8978334666906292,false,55289,64073,0.8978334666906292
55289,9223,0.8801023871802347,false,55289,9223,0.8801023871802347
55289,253970,0.9837219284693474,false,55289,253970,0.9837219284693474
55289,109136579,0.7682879298621812,false,55289,109136579,0.7682879298621812
55289,503645,0.9872131711113677,false,55289,503645,0.9872131711113677
55289,4070,0.927929035380375,false,55289,4070,0.927929035380375
55289,2277,0.8819900629958385,false,55289,2277,0.8819900629958385
55289,346007,0.8931788968556156,false,55289,346007,0.8931788968556156
55289,116984,0.9580883836695905,false,55289,116984,0.9580883836695905
55289,825,0.9098248417221142,false,55289,825,0.9098248417221142
55289,3875,0.8101491099874346,false,55289,3875,0.8101491099874346
55289,137872,0.9136747878217986,false,55289,137872,0.9136747878217986
55289,100033430,0.8811504856173087,false,55289,100033430,0.8811504856173087
55289,9196,0.8842669442851672,false,55289,9196,0.8842669442851672
55289,93517,0.8281766606532482,false,55289,93517,0.8281766606532482
55289,89765,0.8759638803259641,false,55289,89765,0.8759638803259641
55289,130271,0.8861539892116116,false,55289,130271,0.8861539892116116
55289,101927516,0.9191716941038872,false,55289,101927516,0.9191716941038872
55289,378938,0.7659525362512216,false,55289,378938,0.7659525362512216
55289,5545,0.8010503938309554,false,55289,5545,0.8010503938309554
55289,285,0.877442357089075,false,55289,285,0.877442357089075
55289,27074,0.9922679439682344,false,55289,27074,0.9922679439682344
55289,100996506,0.760839778486389,false,55289,100996506,0.760839778486389
55289,66002,0.937444128844677,false,55289,66002,0.937444128844677
55289,79632,0.9718965936875595,false,55289,79632,0.9718965936875595
55289,100505495,0.8835314485758483,false,55289,100505495,0.8835314485758483
55289,7620,0.8340185085560752,false,55289,7620,0.8340185085560752
55289,26084,0.7651859616087149,false,55289,26084,0.7651859616087149
55289,9476,0.927752613816938,false,55289,9476,0.927752613816938
55289,151531,0.9246086080267049,false,55289,151531,0.9246086080267049
55289,195814,0.8771984447515099,false,55289,195814,0.8771984447515099
55289,692058,0.7703412935014823,false,55289,692058,0.7703412935014823
55289,645843,0.7957818249414541,false,55289,645843,0.7957818249414541
55289,2122,0.9525726332741072,false,55289,2122,0.9525726332741072
55289,84059,0.9587630148251431,false,55289,84059,0.9587630148251431
55289,121512,0.9107568347019113,false,55289,121512,0.9107568347019113
55289,6097,0.9532351555083979,false,55289,6097,0.9532351555083979
55289,120892,0.9521611263800425,false,55289,120892,0.9521611263800425
55289,123624,0.9573394505730379,false,55289,123624,0.9573394505730379
55289,391253,0.9142228601857606,false,55289,391253,0.9142228601857606
55289,220136,0.8467288746488989,false,55289,220136,0.8467288746488989
55289,693188,0.8519820090991324,false,55289,693188,0.8519820090991324
55289,6799,0.9021320241936096,false,55289,6799,0.9021320241936096
55289,389376,0.8338001330525656,false,55289,389376,0.8338001330525656
55289,353189,0.9455813640716533,false,55289,353189,0.9455813640716533
55289,776,0.9326300435749211,false,55289,776,0.9326300435749211
55289,84851,0.8439320527286752,false,55289,84851,0.8439320527286752
55289,84525,0.9333139919575264,false,55289,84525,0.9333139919575264
55289,4861,0.9000629053349593,false,55289,4861,0.9000629053349593
55289,10203,0.9111172419453748,false,55289,10203,0.9111172419453748
55289,284323,0.8022537969317388,false,55289,284323,0.8022537969317388
55289,1080,0.8705745309512121,false,55289,1080,0.8705745309512121
55289,65217,0.8344664807428466,false,55289,65217,0.8344664807428466
55289,1286,0.827408147391143,false,55289,1286,0.827408147391143
55289,105372793,0.7766962407434188,false,55289,105372793,0.7766962407434188
55289,56955,0.7981529446003746,false,55289,56955,0.7981529446003746
55289,84765,0.8871590219896147,false,55289,84765,0.8871590219896147
55289,653509,0.8730128109494136,false,55289,653509,0.8730128109494136
55289,55282,0.914331093818988,false,55289,55282,0.914331093818988
55289,729238,0.7575088631342618,false,55289,729238,0.7575088631342618
55289,79098,0.9256885411536185,false,55289,79098,0.9256885411536185
55289,144535,0.8739458566435406,false,55289,144535,0.8739458566435406
55289,649946,0.9273691918669235,false,55289,649946,0.9273691918669235
55289,144571,0.8931411883702602,false,55289,144571,0.8931411883702602
55289,26298,0.8172106095864065,false,55289,26298,0.8172106095864065
55289,165186,0.9131164543831098,false,55289,165186,0.9131164543831098
55289,102465485,0.8991749265721735,false,55289,102465485,0.8991749265721735
55289,100033436,0.8710449160611823,false,55289,100033436,0.8710449160611823
1999,541473,0.8758163605761561,false,1999,541473,0.8758163605761561
1999,9365,0.9691379709238372,false,1999,9365,0.9691379709238372
1999,51554,0.9233141375540814,false,1999,51554,0.9233141375540814
1999,79977,0.7862698219895055,false,1999,79977,0.7862698219895055
1999,9208,0.8523318079846575,false,1999,9208,0.8523318079846575
1999,277,0.7974005260582766,false,1999,277,0.7974005260582766
1999,80736,0.9200501542526016,false,1999,80736,0.9200501542526016
1999,7225,0.7993470450842008,false,1999,7225,0.7993470450842008
1999,3248,0.8243280217955726,false,1999,3248,0.8243280217955726
1999,255189,0.8773089179730934,false,1999,255189,0.8773089179730934
1999,3856,0.9378307278542201,false,1999,3856,0.9378307278542201
1999,3983,0.8173220540145941,false,1999,3983,0.8173220540145941
1999,22941,0.8522524710984519,false,1999,22941,0.8522524710984519
1999,285989,0.8492577990672239,false,1999,285989,0.8492577990672239
1999,2627,0.8387840524440744,false,1999,2627,0.8387840524440744
1999,201456,0.8031185363072361,false,1999,201456,0.8031185363072361
1999,57186,0.8193329956075367,false,1999,57186,0.8193329956075367
1999,102723508,0.8231606126884642,false,1999,102723508,0.8231606126884642
1999,100506658,0.8641957117590408,false,1999,100506658,0.8641957117590408
1999,168090,0.8313023078616778,false,1999,168090,0.8313023078616778
1999,341676,0.8100763763143876,false,1999,341676,0.8100763763143876
1999,10595,0.8639789335212663,false,1999,10595,0.8639789335212663
1999,5961,0.9493817776069192,false,1999,5961,0.9493817776069192
1999,999,0.8416617138452003,false,1999,999,0.8416617138452003
1999,26226,0.910186358594051,false,1999,26226,0.910186358594051
1999,340267,0.8897452140996984,false,1999,340267,0.8897452140996984
1999,6337,0.8864144053983262,false,1999,6337,0.8864144053983262
1999,5284,0.8056497370602649,false,1999,5284,0.8056497370602649
1999,57669,0.8111165379350487,false,1999,57669,0.8111165379350487
1999,278,0.7815331512180165,false,1999,278,0.7815331512180165
1999,116844,0.9730204821184166,false,1999,116844,0.9730204821184166
1999,10129,0.8100704980288562,false,1999,10129,0.8100704980288562
1999,688,0.8535323075991603,false,1999,688,0.8535323075991603
1999,6101,0.7568120472779756,false,1999,6101,0.7568120472779756
1999,54897,0.8442789792602635,false,1999,54897,0.8442789792602635
1999,117155,0.8139151251596595,false,1999,117155,0.8139151251596595
1999,112268155,0.7723327089952733,false,1999,112268155,0.7723327089952733
1999,1152,0.8452377372465933,false,1999,1152,0.8452377372465933
1999,1556,0.8689533166847289,false,1999,1556,0.8689533166847289
1999,22996,0.809971672848622,false,1999,22996,0.809971672848622
1999,54861,0.930629792504127,false,1999,54861,0.930629792504127
1999,222256,0.9741669002827406,false,1999,222256,0.9741669002827406
1999,113218482,0.8204258321563902,false,1999,113218482,0.8204258321563902
1999,647024,0.830788096559244,false,1999,647024,0.830788096559244
1999,276,0.7678495809587977,false,1999,276,0.7678495809587977
1999,83481,0.9637497232618668,false,1999,83481,0.9637497232618668
1999,1579,0.8572141372156006,false,1999,1579,0.8572141372156006
1999,84239,0.7532695290612189,false,1999,84239,0.7532695290612189
1999,3880,0.9618479210217106,false,1999,3880,0.9618479210217106
1999,100129460,0.9213404214377419,false,1999,100129460,0.9213404214377419
1999,23584,0.7908748615344949,false,1999,23584,0.7908748615344949
1999,153643,0.886259845447506,false,1999,153643,0.886259845447506
1999,112268422,0.8144598253273999,false,1999,112268422,0.8144598253273999
1999,79740,0.775569097284528,false,1999,79740,0.775569097284528
1999,745,0.8427544274286672,false,1999,745,0.8427544274286672
2160,361,0.9459320928979305,false,2160,361,0.9459320928979305
2160,28824,0.9710308733373421,false,2160,28824,0.9710308733373421
2160,1285,0.9468812113741963,false,2160,1285,0.9468812113741963
2160,131873,0.9715135548665156,false,2160,131873,0.9715135548665156
2160,1161,0.9008624029635788,false,2160,1161,0.9008624029635788
2160,11148,0.9677309443018087,false,2160,11148,0.9677309443018087
2160,4233,0.8481297884120146,false,2160,4233,0.8481297884120146
2160,114569,0.7715478408097661,false,2160,114569,0.7715478408097661
2160,93035,0.9386025337093755,false,2160,93035,0.9386025337093755
2160,4629,0.7723934083554572,false,2160,4629,0.7723934083554572
2160,1528,0.9592088585526651,false,2160,1528,0.9592088585526651
2160,222389,0.8960688410367014,false,2160,222389,0.8960688410367014
2160,138428,0.7951808720415338,false,2160,138428,0.7951808720415338
2160,6523,0.869764270811661,false,2160,6523,0.869764270811661
2160,155465,0.9178376214558194,false,2160,155465,0.9178376214558194
2160,8436,0.8530034037082478,false,2160,8436,0.8530034037082478
2160,5225,0.9014417224657593,false,2160,5225,0.9014417224657593
2160,4128,0.881891848271847,false,2160,4128,0.881891848271847
2160,55892,0.8433969590147554,false,2160,55892,0.8433969590147554
2160,3249,0.9332247207090015,false,2160,3249,0.9332247207090015
2160,306,0.9417339779657937,false,2160,306,0.9417339779657937
2160,6440,0.777710990479033,false,2160,6440,0.777710990479033
2160,5265,0.9653007746402882,false,2160,5265,0.9653007746402882
2160,10568,0.9722775725663929,false,2160,10568,0.9722775725663929
2160,33,0.9566113854856351,false,2160,33,0.9566113854856351
2160,375612,0.9235218209110558,false,2160,375612,0.9235218209110558
2160,9914,0.9888232717387511,false,2160,9914,0.9888232717387511
2160,56241,0.7830427793591132,false,2160,56241,0.7830427793591132
2160,57530,0.8190702426277967,false,2160,57530,0.8190702426277967
2160,163720,0.9844919606914179,false,2160,163720,0.9844919606914179
2160,722,0.9706949377815447,false,2160,722,0.9706949377815447
2160,79908,0.9088583480552446,false,2160,79908,0.9088583480552446
2160,388323,0.7627696890013523,false,2160,388323,0.7627696890013523
2160,5625,0.8711613813282917,false,2160,5625,0.8711613813282917
2160,130367,0.8739055344424419,false,2160,130367,0.8739055344424419
2160,7080,0.9045260638782173,false,2160,7080,0.9045260638782173
2160,285335,0.7693368739910733,false,2160,285335,0.7693368739910733
2160,6439,0.7639500143330538,false,2160,6439,0.7639500143330538
2160,1910,0.9304299678643568,false,2160,1910,0.9304299678643568
2160,146177,0.9806981349671948,false,2160,146177,0.9806981349671948
2160,728226,0.921019489262846,false,2160,728226,0.921019489262846
2160,81615,0.9819243160247249,false,2160,81615,0.9819243160247249
2160,200373,0.847113183749178,false,2160,200373,0.847113183749178
2160,5787,0.8131397271844422,false,2160,5787,0.8131397271844422
2160,102723382,0.8166544141001097,false,2160,102723382,0.8166544141001097
2160,474354,0.872994363193681,false,2160,474354,0.872994363193681
2160,221395,0.9604182772501411,false,2160,221395,0.9604182772501411
2160,54842,0.9497298679018803,false,2160,54842,0.9497298679018803
2160,728643,0.8806262721892603,false,2160,728643,0.8806262721892603
2160,128602,0.9764272134717337,false,2160,128602,0.9764272134717337
2160,107985317,0.7563191510472121,false,2160,107985317,0.7563191510472121
2160,54997,0.8158492304941045,false,2160,54997,0.8158492304941045
2160,2595,0.9847269960060847,false,2160,2595,0.9847269960060847
2160,219790,0.8959865849624767,false,2160,219790,0.8959865849624767
2160,64073,0.9414056345945746,false,2160,64073,0.9414056345945746
2160,9223,0.973443171073195,false,2160,9223,0.973443171073195
2160,253970,0.9715124393167981,false,2160,253970,0.9715124393167981
2160,503645,0.9529120920049043,false,2160,503645,0.9529120920049043
2160,4070,0.9595401870253755,false,2160,4070,0.9595401870253755
2160,2277,0.9631014898823639,false,2160,2277,0.9631014898823639
2160,346007,0.8937872186436282,false,2160,346007,0.8937872186436282
2160,116984,0.9238776206596362,false,2160,116984,0.9238776206596362
2160,825,0.9788582020733939,false,2160,825,0.9788582020733939
2160,137872,0.7920346677245697,false,2160,137872,0.7920346677245697
2160,9196,0.8469358095058652,false,2160,9196,0.8469358095058652
2160,93517,0.8250257395252315,false,2160,93517,0.8250257395252315
2160,130271,0.8669610179870275,false,2160,130271,0.8669610179870275
2160,101927516,0.9413128975147218,false,2160,101927516,0.9413128975147218
2160,285,0.8430159174289972,false,2160,285,0.8430159174289972
2160,27074,0.9393260901684504,false,2160,27074,0.9393260901684504
2160,100996506,0.8002485887770364,false,2160,100996506,0.8002485887770364
2160,66002,0.8504335009193079,false,2160,66002,0.8504335009193079
2160,54848,0.834702708638494,false,2160,54848,0.834702708638494
2160,79632,0.94536855672789,false,2160,79632,0.94536855672789
2160,100505495,0.9108268334634746,false,2160,100505495,0.9108268334634746
2160,26084,0.7562261704090182,false,2160,26084,0.7562261704090182
2160,9476,0.918287073512643,false,2160,9476,0.918287073512643
2160,151531,0.8241340300781836,false,2160,151531,0.8241340300781836
2160,195814,0.9463547185828,false,2160,195814,0.9463547185828
2160,2122,0.9522083427273483,false,2160,2122,0.9522083427273483
2160,84059,0.9602615649897348,false,2160,84059,0.9602615649897348
2160,121512,0.7750692778811311,false,2160,121512,0.7750692778811311
2160,6097,0.9849961139564056,false,2160,6097,0.9849961139564056
2160,120892,0.9448415575584281,false,2160,120892,0.9448415575584281
2160,100820829,0.7632314885178839,false,2160,100820829,0.7632314885178839
2160,123624,0.9532619039044605,false,2160,123624,0.9532619039044605
2160,391253,0.9229968811118754,false,2160,391253,0.9229968811118754
2160,220136,0.9307515439346274,false,2160,220136,0.9307515439346274
2160,693188,0.8852129922994383,false,2160,693188,0.8852129922994383
2160,6799,0.9629320783829483,false,2160,6799,0.9629320783829483
2160,389376,0.8641379000935783,false,2160,389376,0.8641379000935783
2160,353189,0.9048091070091339,false,2160,353189,0.9048091070091339
2160,776,0.855785777323765,false,2160,776,0.855785777323765
2160,84851,0.846802800345253,false,2160,84851,0.846802800345253
2160,84525,0.974368691437277,false,2160,84525,0.974368691437277
2160,4861,0.9039560516147763,false,2160,4861,0.9039560516147763
2160,10203,0.9572322940689277,false,2160,10203,0.9572322940689277
2160,1080,0.8654918395818072,false,2160,1080,0.8654918395818072
2160,1286,0.7938376339693939,false,2160,1286,0.7938376339693939
2160,105372793,0.8060349854247433,false,2160,105372793,0.8060349854247433
2160,56955,0.8198145782183218,false,2160,56955,0.8198145782183218
2160,84765,0.8688237589710477,false,2160,84765,0.8688237589710477
2160,653509,0.9042913866112593,false,2160,653509,0.9042913866112593
2160,55282,0.9917540465683692,false,2160,55282,0.9917540465683692
2160,729238,0.7920610621345826,false,2160,729238,0.7920610621345826
2160,79098,0.9011492249918015,false,2160,79098,0.9011492249918015
2160,144535,0.8607193407275603,false,2160,144535,0.8607193407275603
2160,649946,0.9139721438699444,false,2160,649946,0.9139721438699444
2160,144571,0.9650638134407367,false,2160,144571,0.9650638134407367
2160,26298,0.8026391009619762,false,2160,26298,0.8026391009619762
2160,165186,0.9327104154526108,false,2160,165186,0.9327104154526108
2160,102465485,0.9438457525798575,false,2160,102465485,0.9438457525798575
2160,100033436,0.8950836749835654,false,2160,100033436,0.8950836749835654
724026,158798,0.8919611317069798,false,724026,158798,0.8919611317069798
724026,284266,0.9602731047002078,false,724026,284266,0.9602731047002078
724026,2696,0.877942491207198,false,724026,2696,0.877942491207198
724026,54084,0.8750977023833622,false,724026,54084,0.8750977023833622
724026,100129940,0.7898574684271032,false,724026,100129940,0.7898574684271032
724026,339983,0.9999999999999996,false,724026,339983,0.9999999999999996
724026,7473,0.9628904453676935,false,724026,7473,0.9628904453676935
724026,1180,0.7937924875207175,false,724026,1180,0.7937924875207175
724026,109729184,0.8923568375190621,false,724026,109729184,0.8923568375190621
724026,57524,0.7576943478908169,false,724026,57524,0.7576943478908169
724026,256076,0.8348206855179953,false,724026,256076,0.8348206855179953
724026,9771,0.8236196126290072,false,724026,9771,0.8236196126290072
724026,105373265,0.8341360093436251,false,724026,105373265,0.8341360093436251
724026,9211,0.999361496828063,false,724026,9211,0.999361496828063
361,51208,0.8089659176623979,false,361,51208,0.8089659176623979
361,28824,0.9803689934634421,false,361,28824,0.9803689934634421
361,1285,0.8134101469248748,false,361,1285,0.8134101469248748
361,131873,0.9709530114892326,false,361,131873,0.9709530114892326
361,1161,0.9449413064638671,false,361,1161,0.9449413064638671
361,11148,0.9718545985507614,false,361,11148,0.9718545985507614
361,4233,0.8560280933842227,false,361,4233,0.8560280933842227
361,93035,0.9848771368731056,false,361,93035,0.9848771368731056
361,1528,0.9786613796264216,false,361,1528,0.9786613796264216
361,138428,0.8094427971105886,false,361,138428,0.8094427971105886
361,6523,0.9309481984885176,false,361,6523,0.9309481984885176
361,155465,0.9757075885901016,false,361,155465,0.9757075885901016
361,5225,0.8967013362451876,false,361,5225,0.8967013362451876
361,4128,0.9489978701280555,false,361,4128,0.9489978701280555
361,55892,0.9114080931799757,false,361,55892,0.9114080931799757
361,3249,0.9903656331266241,false,361,3249,0.9903656331266241
361,306,0.9259373862796916,false,361,306,0.9259373862796916
361,6440,0.812411538669589,false,361,6440,0.812411538669589
361,5265,0.9503882141268614,false,361,5265,0.9503882141268614
361,10568,0.9514887841047268,false,361,10568,0.9514887841047268
361,33,0.9775648660375913,false,361,33,0.9775648660375913
361,375612,0.9828351348860391,false,361,375612,0.9828351348860391
361,9914,0.9626668481078328,false,361,9914,0.9626668481078328
361,56241,0.810595059893971,false,361,56241,0.810595059893971
361,163720,0.9366783553247391,false,361,163720,0.9366783553247391
361,722,0.9835826196027919,false,361,722,0.9835826196027919
361,6751,0.8414671545984218,false,361,6751,0.8414671545984218
361,79908,0.9741756868669034,false,361,79908,0.9741756868669034
361,388323,0.8334957461364287,false,361,388323,0.8334957461364287
361,5625,0.9161498116100484,false,361,5625,0.9161498116100484
361,130367,0.908528710966224,false,361,130367,0.908528710966224
361,7080,0.8002868669681659,false,361,7080,0.8002868669681659
361,285335,0.8382482686666999,false,361,285335,0.8382482686666999
361,1910,0.8532838037686433,false,361,1910,0.8532838037686433
361,146177,0.9634251228257348,false,361,146177,0.9634251228257348
361,728226,0.9837166418606267,false,361,728226,0.9837166418606267
361,81615,0.9592669781605255,false,361,81615,0.9592669781605255
361,200373,0.9173753577183268,false,361,200373,0.9173753577183268
361,5787,0.7575516402631173,false,361,5787,0.7575516402631173
361,102723382,0.8276507108008566,false,361,102723382,0.8276507108008566
361,474354,0.9361571525367015,false,361,474354,0.9361571525367015
361,221395,0.911648724217028,false,361,221395,0.911648724217028
361,54842,0.9198384519344208,false,361,54842,0.9198384519344208
361,728643,0.8793300986952262,false,361,728643,0.8793300986952262
361,128602,0.9908948518447602,false,361,128602,0.9908948518447602
361,107985317,0.8412711365376296,false,361,107985317,0.8412711365376296
361,54997,0.8967021205780842,false,361,54997,0.8967021205780842
361,2595,0.9628038271500982,false,361,2595,0.9628038271500982
361,219790,0.9003344453058131,false,361,219790,0.9003344453058131
361,64073,0.9199932010163513,false,361,64073,0.9199932010163513
361,9223,0.916051467875923,false,361,9223,0.916051467875923
361,253970,0.9748679102205757,false,361,253970,0.9748679102205757
361,503645,0.9291289018815367,false,361,503645,0.9291289018815367
361,4070,0.9886672671564587,false,361,4070,0.9886672671564587
361,2277,0.8999690805306267,false,361,2277,0.8999690805306267
361,346007,0.8940326206077669,false,361,346007,0.8940326206077669
361,116984,0.9091255865631381,false,361,116984,0.9091255865631381
361,825,0.9660021940786728,false,361,825,0.9660021940786728
361,137872,0.8825708179101464,false,361,137872,0.8825708179101464
361,100033430,0.8073672878147221,false,361,100033430,0.8073672878147221
361,9196,0.9199880693639758,false,361,9196,0.9199880693639758
361,93517,0.9494140288257436,false,361,93517,0.9494140288257436
361,89765,0.7833608307027053,false,361,89765,0.7833608307027053
361,130271,0.7525852824597326,false,361,130271,0.7525852824597326
361,101927516,0.958922852399706,false,361,101927516,0.958922852399706
361,285,0.8903460708535796,false,361,285,0.8903460708535796
361,27074,0.9481375859175621,false,361,27074,0.9481375859175621
361,100996506,0.8520610920613334,false,361,100996506,0.8520610920613334
361,66002,0.9359133197018112,false,361,66002,0.9359133197018112
361,54848,0.7742196007508331,false,361,54848,0.7742196007508331
361,79632,0.9051053801039072,false,361,79632,0.9051053801039072
361,100505495,0.97015946740458,false,361,100505495,0.97015946740458
361,7620,0.7928177040349355,false,361,7620,0.7928177040349355
361,9476,0.9866329902684324,false,361,9476,0.9866329902684324
361,151531,0.9200242659850234,false,361,151531,0.9200242659850234
361,195814,0.8386004665334907,false,361,195814,0.8386004665334907
361,2122,0.9629589588596178,false,361,2122,0.9629589588596178
361,84059,0.8924389471226969,false,361,84059,0.8924389471226969
361,121512,0.8371713845885641,false,361,121512,0.8371713845885641
361,6097,0.9823335631672921,false,361,6097,0.9823335631672921
361,120892,0.9204031405606222,false,361,120892,0.9204031405606222
361,123624,0.9910648383835056,false,361,123624,0.9910648383835056
361,391253,0.973493656206761,false,361,391253,0.973493656206761
361,220136,0.8577102608718967,false,361,220136,0.8577102608718967
361,693188,0.9381627340417621,false,361,693188,0.9381627340417621
361,6799,0.8702434323426157,false,361,6799,0.8702434323426157
361,389376,0.9450472947048406,false,361,389376,0.9450472947048406
361,353189,0.9762191741172667,false,361,353189,0.9762191741172667
361,776,0.8987456642880538,false,361,776,0.8987456642880538
361,84851,0.88434941669888,false,361,84851,0.88434941669888
361,84525,0.915450908161049,false,361,84525,0.915450908161049
361,4861,0.9877654389884701,false,361,4861,0.9877654389884701
361,10203,0.9275229622908415,false,361,10203,0.9275229622908415
361,1080,0.80036213408965,false,361,1080,0.80036213408965
361,65217,0.7694647054192488,false,361,65217,0.7694647054192488
361,105372793,0.8539089523645474,false,361,105372793,0.8539089523645474
361,56955,0.9287760341260599,false,361,56955,0.9287760341260599
361,84765,0.9267551741901701,false,361,84765,0.9267551741901701
361,653509,0.8824044108981512,false,361,653509,0.8824044108981512
361,55282,0.9442296522737882,false,361,55282,0.9442296522737882
361,729238,0.7619907521160822,false,361,729238,0.7619907521160822
361,79098,0.9893294364946856,false,361,79098,0.9893294364946856
361,144535,0.8166864804616774,false,361,144535,0.8166864804616774
361,649946,0.8559540419571092,false,361,649946,0.8559540419571092
361,144571,0.9512148232771649,false,361,144571,0.9512148232771649
361,26298,0.8484935901841518,false,361,26298,0.8484935901841518
361,165186,0.9947516943061746,false,361,165186,0.9947516943061746
361,102465485,0.918321371189949,false,361,102465485,0.918321371189949
361,100033436,0.9250609542137489,false,361,100033436,0.9250609542137489
51208,28824,0.7887685524433565,false,51208,28824,0.7887685524433565
51208,3909,0.8602787570770338,false,51208,3909,0.8602787570770338
51208,131873,0.841559226091098,false,51208,131873,0.841559226091098
51208,1161,0.81676550425568,false,51208,1161,0.81676550425568
51208,11148,0.8453006290405214,false,51208,11148,0.8453006290405214
51208,4233,0.8043955198705023,false,51208,4233,0.8043955198705023
51208,93035,0.790072489819101,false,51208,93035,0.790072489819101
51208,155465,0.7842801470937877,false,51208,155465,0.7842801470937877
51208,5225,0.9366221215861963,false,51208,5225,0.9366221215861963
51208,4128,0.8778973471008974,false,51208,4128,0.8778973471008974
51208,654412,0.9210497426852535,false,51208,654412,0.9210497426852535
51208,55892,0.7735930397174977,false,51208,55892,0.7735930397174977
51208,3249,0.7882816853606854,false,51208,3249,0.7882816853606854
51208,306,0.9048495114132592,false,51208,306,0.9048495114132592
51208,4582,0.8175395226402163,false,51208,4582,0.8175395226402163
51208,33,0.7740304966043537,false,51208,33,0.7740304966043537
51208,79838,0.8929987294803517,false,51208,79838,0.8929987294803517
51208,375612,0.7854356865334693,false,51208,375612,0.7854356865334693
51208,10529,0.7553246551353615,false,51208,10529,0.7553246551353615
51208,503640,0.9510218742394015,false,51208,503640,0.9510218742394015
51208,259290,0.8465592173970679,false,51208,259290,0.8465592173970679
51208,163720,0.8260951042854549,false,51208,163720,0.8260951042854549
51208,722,0.7697319958370519,false,51208,722,0.7697319958370519
51208,6751,0.9672588725630894,false,51208,6751,0.9672588725630894
51208,79908,0.8377519592710361,false,51208,79908,0.8377519592710361
51208,10579,0.75347512070543,false,51208,10579,0.75347512070543
51208,5625,0.9049361362720376,false,51208,5625,0.9049361362720376
51208,130367,0.9349168304861776,false,51208,130367,0.9349168304861776
51208,285335,0.9103850326509363,false,51208,285335,0.9103850326509363
51208,9356,0.8507202039448114,false,51208,9356,0.8507202039448114
51208,1910,0.8540018615536259,false,51208,1910,0.8540018615536259
51208,641776,0.8854506883095392,false,51208,641776,0.8854506883095392
51208,728226,0.7826424439828907,false,51208,728226,0.7826424439828907
51208,81615,0.76374561197161,false,51208,81615,0.76374561197161
51208,200373,0.8862392087354409,false,51208,200373,0.8862392087354409
51208,5787,0.7601305993990345,false,51208,5787,0.7601305993990345
51208,474354,0.7910297377111414,false,51208,474354,0.7910297377111414
51208,221395,0.7522046230511984,false,51208,221395,0.7522046230511984
51208,54842,0.867056926543621,false,51208,54842,0.867056926543621
51208,728643,0.8813085122454902,false,51208,728643,0.8813085122454902
51208,128602,0.7806990627828242,false,51208,128602,0.7806990627828242
51208,54997,0.9580852178350322,false,51208,54997,0.9580852178350322
51208,2595,0.7831700835698521,false,51208,2595,0.7831700835698521
51208,219790,0.921073307075655,false,51208,219790,0.921073307075655
51208,115677,0.9027868016948989,false,51208,115677,0.9027868016948989
51208,7851,0.8060826655525113,false,51208,7851,0.8060826655525113
51208,253970,0.84887022064813,false,51208,253970,0.84887022064813
51208,109136579,0.8925843320987601,false,51208,109136579,0.8925843320987601
51208,503645,0.8853420045200744,false,51208,503645,0.8853420045200744
51208,4070,0.752660375586326,false,51208,4070,0.752660375586326
51208,64332,0.8691349100741257,false,51208,64332,0.8691349100741257
51208,346007,0.7711521090595134,false,51208,346007,0.7711521090595134
51208,116984,0.8606617547010097,false,51208,116984,0.8606617547010097
51208,137872,0.9397551766043268,false,51208,137872,0.9397551766043268
51208,1577,0.7894690821990743,false,51208,1577,0.7894690821990743
51208,100033430,0.9762262437028582,false,51208,100033430,0.9762262437028582
51208,441251,0.7831335315821241,false,51208,441251,0.7831335315821241
51208,102723849,0.884162991166192,false,51208,102723849,0.884162991166192
51208,9196,0.8453674236119166,false,51208,9196,0.8453674236119166
51208,89765,0.9851069978131722,false,51208,89765,0.9851069978131722
51208,130271,0.8037543398984337,false,51208,130271,0.8037543398984337
51208,101927516,0.7792444487558006,false,51208,101927516,0.7792444487558006
51208,378938,0.8928394499129106,false,51208,378938,0.8928394499129106
51208,5545,0.9526167114401491,false,51208,5545,0.9526167114401491
51208,285,0.8218087571331906,false,51208,285,0.8218087571331906
51208,27074,0.9176819448408668,false,51208,27074,0.9176819448408668
51208,66002,0.9239913176012315,false,51208,66002,0.9239913176012315
51208,79632,0.8617302000787297,false,51208,79632,0.8617302000787297
51208,100505495,0.7555093384874524,false,51208,100505495,0.7555093384874524
51208,7620,0.888701977605553,false,51208,7620,0.888701977605553
51208,7113,0.8021969946772849,false,51208,7113,0.8021969946772849
51208,105180391,0.9225775025567311,false,51208,105180391,0.9225775025567311
51208,9476,0.8029515482702573,false,51208,9476,0.8029515482702573
51208,151531,0.9297100313156533,false,51208,151531,0.9297100313156533
51208,105180390,0.8991697851561982,false,51208,105180390,0.8991697851561982
51208,692058,0.8464416688181446,false,51208,692058,0.8464416688181446
51208,645843,0.917366426774619,false,51208,645843,0.917366426774619
51208,2122,0.8335089958353011,false,51208,2122,0.8335089958353011
51208,84059,0.8043169279473741,false,51208,84059,0.8043169279473741
51208,121512,0.9610509469380771,false,51208,121512,0.9610509469380771
51208,6097,0.7751793588076357,false,51208,6097,0.7751793588076357
51208,120892,0.821423003582448,false,51208,120892,0.821423003582448
51208,123624,0.8304821567116593,false,51208,123624,0.8304821567116593
51208,391253,0.7855061198819326,false,51208,391253,0.7855061198819326
51208,84239,0.770439708701256,false,51208,84239,0.770439708701256
51208,353189,0.8740149577378024,false,51208,353189,0.8740149577378024
51208,2065,0.7858000797737931,false,51208,2065,0.7858000797737931
51208,776,0.9296481825791487,false,51208,776,0.9296481825791487
51208,4861,0.7791489210913982,false,51208,4861,0.7791489210913982
51208,3960,0.766890255790715,false,51208,3960,0.766890255790715
51208,10203,0.7664587058172777,false,51208,10203,0.7664587058172777
51208,284323,0.9570515196088125,false,51208,284323,0.9570515196088125
51208,1080,0.7531420687855872,false,51208,1080,0.7531420687855872
51208,65217,0.8854266147478616,false,51208,65217,0.8854266147478616
51208,692213,0.8074851177304173,false,51208,692213,0.8074851177304173
51208,84765,0.843257953507435,false,51208,84765,0.843257953507435
51208,79098,0.8312532983769028,false,51208,79098,0.8312532983769028
51208,144535,0.7585681808107579,false,51208,144535,0.7585681808107579
51208,649946,0.8129954694004292,false,51208,649946,0.8129954694004292
51208,165186,0.7653473831844141,false,51208,165186,0.7653473831844141
51208,440352,0.8370160106210749,false,51208,440352,0.8370160106210749
218,92086,0.9695137423039304,false,218,92086,0.9695137423039304
218,9365,0.832090940289386,false,218,9365,0.832090940289386
218,51554,0.8750167085203076,false,218,51554,0.8750167085203076
218,79977,0.8271752811858218,false,218,79977,0.8271752811858218
218,112268252,0.9313506011819486,false,218,112268252,0.9313506011819486
218,277,0.9196401461914784,false,218,277,0.9196401461914784
218,163131,0.7713125016243365,false,218,163131,0.7713125016243365
218,80736,0.8399882828313188,false,218,80736,0.8399882828313188
218,25901,0.883901645755668,false,218,25901,0.883901645755668
218,100302170,0.9744911368536018,false,218,100302170,0.9744911368536018
218,51365,0.9845762739824171,false,218,51365,0.9845762739824171
218,7225,0.8255285435678696,false,218,7225,0.8255285435678696
218,27134,0.9961903282772014,false,218,27134,0.9961903282772014
218,5340,0.8400328917625198,false,218,5340,0.8400328917625198
218,4582,0.8591650729455844,false,218,4582,0.8591650729455844
218,3248,0.9241506353285328,false,218,3248,0.9241506353285328
218,255189,0.8861557031189283,false,218,255189,0.8861557031189283
218,641384,0.919151669243991,false,218,641384,0.919151669243991
218,100130449,0.8762562104917947,false,218,100130449,0.8762562104917947
218,10103,0.9886016639376233,false,218,10103,0.9886016639376233
218,3856,0.873744303876554,false,218,3856,0.873744303876554
218,1048,0.9939921120891883,false,218,1048,0.9939921120891883
218,100419743,0.9938708483749723,false,218,100419743,0.9938708483749723
218,3983,0.9689280456804346,false,218,3983,0.9689280456804346
218,3694,0.9384885894985866,false,218,3694,0.9384885894985866
218,285989,0.9027133443677161,false,218,285989,0.9027133443677161
218,2627,0.947727284499354,false,218,2627,0.947727284499354
218,1555,0.9986486295301039,false,218,1555,0.9986486295301039
218,57528,0.9407556308615672,false,218,57528,0.9407556308615672
218,201456,0.9829098168902528,false,218,201456,0.9829098168902528
218,57186,0.798839958485965,false,218,57186,0.798839958485965
218,5544,0.7800571952811205,false,218,5544,0.7800571952811205
218,102723508,0.9338141896050225,false,218,102723508,0.9338141896050225
218,9356,0.7775571243299872,false,218,9356,0.7775571243299872
218,100506658,0.7516822612701648,false,218,100506658,0.7516822612701648
218,341676,0.9809938174699006,false,218,341676,0.9809938174699006
218,148213,0.8998074618897351,false,218,148213,0.8998074618897351
218,10595,0.957324290575023,false,218,10595,0.957324290575023
218,4583,0.9274129591291144,false,218,4583,0.9274129591291144
218,55567,0.9530015214487532,false,218,55567,0.9530015214487532
218,5961,0.7558155259122298,false,218,5961,0.7558155259122298
218,7851,0.8700462253879475,false,218,7851,0.8700462253879475
218,692072,0.9359728967973467,false,218,692072,0.9359728967973467
218,55808,0.9978115584295011,false,218,55808,0.9978115584295011
218,999,0.9769524717339239,false,218,999,0.9769524717339239
218,126353,0.9668111576970264,false,218,126353,0.9668111576970264
218,26226,0.8149305053510149,false,218,26226,0.8149305053510149
218,388743,0.9868942101468905,false,218,388743,0.9868942101468905
218,1577,0.8649973815279035,false,218,1577,0.8649973815279035
218,340267,0.8637234202892804,false,218,340267,0.8637234202892804
218,200879,0.9937220467424537,false,218,200879,0.9937220467424537
218,1510,0.9973737575808668,false,218,1510,0.9973737575808668
218,102723849,0.7705334420345739,false,218,102723849,0.7705334420345739
218,5284,0.8489254743261755,false,218,5284,0.8489254743261755
218,57111,0.9962820194469373,false,218,57111,0.9962820194469373
218,116844,0.8300099895337945,false,218,116844,0.8300099895337945
218,10129,0.8465612764823037,false,218,10129,0.8465612764823037
218,4586,0.9938030130207705,false,218,4586,0.9938030130207705
218,10551,0.9902566220963569,false,218,10551,0.9902566220963569
218,688,0.8547051329529523,false,218,688,0.8547051329529523
218,54897,0.8093318399785141,false,218,54897,0.8093318399785141
218,117155,0.9469635215658131,false,218,117155,0.9469635215658131
218,112268155,0.9416883762135894,false,218,112268155,0.9416883762135894
218,1152,0.9212331650558235,false,218,1152,0.9212331650558235
218,79083,0.991434507823178,false,218,79083,0.991434507823178
218,1556,0.8918632600308798,false,218,1556,0.8918632600308798
218,55930,0.9432656980707057,false,218,55930,0.9432656980707057
218,22996,0.9354068532542122,false,218,22996,0.9354068532542122
218,7113,0.842586596206917,false,218,7113,0.842586596206917
218,54861,0.7641956112497489,false,218,54861,0.7641956112497489
218,222256,0.8227598964676176,false,218,222256,0.8227598964676176
218,100529240,0.969679841548595,false,218,100529240,0.969679841548595
218,113218482,0.9800852541759592,false,218,113218482,0.9800852541759592
218,647024,0.9773298948720031,false,218,647024,0.9773298948720031
218,255928,0.9901811530284061,false,218,255928,0.9901811530284061
218,8537,0.955184392155936,false,218,8537,0.955184392155936
218,10018,0.837251671606116,false,218,10018,0.837251671606116
218,115019,0.9063969695215542,false,218,115019,0.9063969695215542
218,1043,0.8357128944441912,false,218,1043,0.8357128944441912
218,168374,0.8786173670356384,false,218,168374,0.8786173670356384
218,143884,0.8591969500981991,false,218,143884,0.8591969500981991
218,80004,0.901521623524823,false,218,80004,0.901521623524823
218,3993,0.8974306134163762,false,218,3993,0.8974306134163762
218,389852,0.935843910631179,false,218,389852,0.935843910631179
218,164312,0.990882787186485,false,218,164312,0.990882787186485
218,2065,0.8775221775755964,false,218,2065,0.8775221775755964
218,135656,0.993839516506048,false,218,135656,0.993839516506048
218,3880,0.771574361409831,false,218,3880,0.771574361409831
218,94059,0.8487056927953737,false,218,94059,0.8487056927953737
218,3960,0.8876441399783942,false,218,3960,0.8876441399783942
218,23584,0.8490052147238785,false,218,23584,0.8490052147238785
218,692213,0.790778326129185,false,218,692213,0.790778326129185
218,153643,0.9527446886353266,false,218,153643,0.9527446886353266
218,112268422,0.8853026606010075,false,218,112268422,0.8853026606010075
218,259294,0.9293602383370768,false,218,259294,0.9293602383370768
218,2266,0.9743941762710233,false,218,2266,0.9743941762710233
218,745,0.9663743589843342,false,218,745,0.9663743589843342
28824,1285,0.8545763458152297,false,28824,1285,0.8545763458152297
28824,131873,0.9730777434445296,false,28824,131873,0.9730777434445296
28824,1161,0.9708521153194603,false,28824,1161,0.9708521153194603
28824,11148,0.9898648209811877,false,28824,11148,0.9898648209811877
28824,4233,0.9028802428177903,false,28824,4233,0.9028802428177903
28824,79188,0.770370397276286,false,28824,79188,0.770370397276286
28824,93035,0.9920769392121318,false,28824,93035,0.9920769392121318
28824,1528,0.968612925394848,false,28824,1528,0.968612925394848
28824,222389,0.795332983825223,false,28824,222389,0.795332983825223
28824,138428,0.8524359942400489,false,28824,138428,0.8524359942400489
28824,6523,0.9524712400602522,false,28824,6523,0.9524712400602522
28824,155465,0.9843540805017222,false,28824,155465,0.9843540805017222
28824,5225,0.9128741161336597,false,28824,5225,0.9128741161336597
28824,4128,0.9485762221615913,false,28824,4128,0.9485762221615913
28824,55892,0.9337789523995021,false,28824,55892,0.9337789523995021
28824,3249,0.9885695704853457,false,28824,3249,0.9885695704853457
28824,306,0.9299551182422658,false,28824,306,0.9299551182422658
28824,5265,0.9450445927018063,false,28824,5265,0.9450445927018063
28824,10568,0.9417689189397493,false,28824,10568,0.9417689189397493
28824,33,0.995324669566729,false,28824,33,0.995324669566729
28824,375612,0.983684909242209,false,28824,375612,0.983684909242209
28824,10529,0.7768713982642086,false,28824,10529,0.7768713982642086
28824,286207,0.7562765578474123,false,28824,286207,0.7562765578474123
28824,9914,0.9816310181376131,false,28824,9914,0.9816310181376131
28824,163720,0.9633729683448412,false,28824,163720,0.9633729683448412
28824,722,0.9979103392309696,false,28824,722,0.9979103392309696
28824,6751,0.8228301880427078,false,28824,6751,0.8228301880427078
28824,79908,0.9754568154347736,false,28824,79908,0.9754568154347736
28824,388323,0.8687381203251378,false,28824,388323,0.8687381203251378
28824,5625,0.8816985357078728,false,28824,5625,0.8816985357078728
28824,51185,0.8052649585262827,false,28824,51185,0.8052649585262827
28824,130367,0.9271193935408328,false,28824,130367,0.9271193935408328
28824,7080,0.7990035337654944,false,28824,7080,0.7990035337654944
28824,285335,0.8571942523549456,false,28824,285335,0.8571942523549456
28824,1910,0.8876153050874318,false,28824,1910,0.8876153050874318
28824,146177,0.9556076928722831,false,28824,146177,0.9556076928722831
28824,728226,0.9818515979800957,false,28824,728226,0.9818515979800957
28824,81615,0.9851086107496158,false,28824,81615,0.9851086107496158
28824,200373,0.9221850089784105,false,28824,200373,0.9221850089784105
28824,102723382,0.885120966580814,false,28824,102723382,0.885120966580814
28824,474354,0.9530840465897998,false,28824,474354,0.9530840465897998
28824,221395,0.9172258492773651,false,28824,221395,0.9172258492773651
28824,54842,0.9390979255846186,false,28824,54842,0.9390979255846186
28824,728643,0.9146334486935472,false,28824,728643,0.9146334486935472
28824,128602,0.9921005586295191,false,28824,128602,0.9921005586295191
28824,107985317,0.8504417847453105,false,28824,107985317,0.8504417847453105
28824,54997,0.8952490761948302,false,28824,54997,0.8952490761948302
28824,2595,0.9833606659594136,false,28824,2595,0.9833606659594136
28824,219790,0.900675181973254,false,28824,219790,0.900675181973254
28824,64073,0.9008344698078435,false,28824,64073,0.9008344698078435
28824,9223,0.93718384220621,false,28824,9223,0.93718384220621
28824,253970,0.9779406787838528,false,28824,253970,0.9779406787838528
28824,503645,0.961375198863553,false,28824,503645,0.961375198863553
28824,4070,0.9792632399329161,false,28824,4070,0.9792632399329161
28824,2277,0.8977094203855186,false,28824,2277,0.8977094203855186
28824,346007,0.9421198068324108,false,28824,346007,0.9421198068324108
28824,116984,0.9416940279542357,false,28824,116984,0.9416940279542357
28824,825,0.9907026792647277,false,28824,825,0.9907026792647277
28824,137872,0.8876422564331178,false,28824,137872,0.8876422564331178
28824,100033430,0.8000748404963164,false,28824,100033430,0.8000748404963164
28824,9196,0.9318074228611569,false,28824,9196,0.9318074228611569
28824,93517,0.8788717001136757,false,28824,93517,0.8788717001136757
28824,130271,0.7956064375610761,false,28824,130271,0.7956064375610761
28824,101927516,0.9864406833116223,false,28824,101927516,0.9864406833116223
28824,285,0.9293065642196885,false,28824,285,0.9293065642196885
28824,27074,0.9498878689489042,false,28824,27074,0.9498878689489042
28824,100996506,0.8845479648076883,false,28824,100996506,0.8845479648076883
28824,66002,0.932848714438018,false,28824,66002,0.932848714438018
28824,54848,0.7992411748025141,false,28824,54848,0.7992411748025141
28824,79632,0.9432428554515454,false,28824,79632,0.9432428554515454
28824,100505495,0.9759678338237854,false,28824,100505495,0.9759678338237854
28824,7620,0.8102286652914572,false,28824,7620,0.8102286652914572
28824,9476,0.9421254743710771,false,28824,9476,0.9421254743710771
28824,151531,0.9141581424271442,false,28824,151531,0.9141581424271442
28824,195814,0.8741451503338201,false,28824,195814,0.8741451503338201
28824,692058,0.7535616715051138,false,28824,692058,0.7535616715051138
28824,2122,0.9826354130963498,false,28824,2122,0.9826354130963498
28824,84059,0.9296937988774356,false,28824,84059,0.9296937988774356
28824,121512,0.8455673665926157,false,28824,121512,0.8455673665926157
28824,6097,0.9888286862742057,false,28824,6097,0.9888286862742057
28824,120892,0.9507136350348493,false,28824,120892,0.9507136350348493
28824,123624,0.9942068595373733,false,28824,123624,0.9942068595373733
28824,391253,0.9864654098847859,false,28824,391253,0.9864654098847859
28824,220136,0.9010965005103191,false,28824,220136,0.9010965005103191
28824,693188,0.9581262209859824,false,28824,693188,0.9581262209859824
28824,6799,0.8970721466992175,false,28824,6799,0.8970721466992175
28824,389376,0.8756509068253961,false,28824,389376,0.8756509068253961
28824,353189,0.9727894141459044,false,28824,353189,0.9727894141459044
28824,776,0.9039104125393743,false,28824,776,0.9039104125393743
28824,84851,0.9199260201206452,false,28824,84851,0.9199260201206452
28824,84525,0.9406632660367718,false,28824,84525,0.9406632660367718
28824,4861,0.9709084374419648,false,28824,4861,0.9709084374419648
28824,10203,0.9588334143272066,false,28824,10203,0.9588334143272066
28824,1080,0.8419963348058167,false,28824,1080,0.8419963348058167
28824,65217,0.7871812558307025,false,28824,65217,0.7871812558307025
28824,105372793,0.8903530375046929,false,28824,105372793,0.8903530375046929
28824,56955,0.8727652421500611,false,28824,56955,0.8727652421500611
28824,84765,0.9085908181461845,false,28824,84765,0.9085908181461845
28824,653509,0.8461004612081104,false,28824,653509,0.8461004612081104
28824,55282,0.9526596980243279,false,28824,55282,0.9526596980243279
28824,79098,0.9446049403917927,false,28824,79098,0.9446049403917927
28824,144535,0.8538462307945504,false,28824,144535,0.8538462307945504
28824,649946,0.9166442177826555,false,28824,649946,0.9166442177826555
28824,144571,0.9822954421589176,false,28824,144571,0.9822954421589176
28824,26298,0.8663204818211838,false,28824,26298,0.8663204818211838
28824,165186,0.9798095804613015,false,28824,165186,0.9798095804613015
28824,102465485,0.9616505041751677,false,28824,102465485,0.9616505041751677
28824,100033436,0.9570979239667889,false,28824,100033436,0.9570979239667889
4604,401492,0.9999951788853837,false,4604,401492,0.9999951788853837
4604,401089,0.9646090204223022,false,4604,401089,0.9646090204223022
4604,29895,0.9966716338280389,false,4604,29895,0.9966716338280389
4604,11081,0.9945108271701291,false,4604,11081,0.9945108271701291
4604,4062,0.9996348713850596,false,4604,4062,0.9996348713850596
4604,7125,0.9998412266323979,false,4604,7125,0.9998412266323979
4604,3229,0.9997576620301364,false,4604,3229,0.9997576620301364
4604,7060,0.9995475404669594,false,4604,7060,0.9995475404669594
4604,54112,0.9999478455162771,false,4604,54112,0.9999478455162771
4604,4892,0.9948213192034345,false,4604,4892,0.9948213192034345
4604,3207,0.8840650158092918,false,4604,3207,0.8840650158092918
4604,105369937,0.9999478455162774,false,4604,105369937,0.9999478455162774
4604,107984498,0.9995902302669338,false,4604,107984498,0.9995902302669338
4604,284111,0.9979741265466849,false,4604,284111,0.9979741265466849
4604,10331,0.8076607026928886,false,4604,10331,0.8076607026928886
4604,128674,0.9999478455162774,false,4604,128674,0.9999478455162774
4604,101928580,0.9557804291508579,false,4604,101928580,0.9557804291508579
4604,57110,0.9995572046807752,false,4604,57110,0.9995572046807752
4604,646480,0.9045859324036373,false,4604,646480,0.9045859324036373
4604,4606,0.999670067857417,false,4604,4606,0.999670067857417
1285,131873,0.8805144144563838,false,1285,131873,0.8805144144563838
1285,11148,0.8766997614322547,false,1285,11148,0.8766997614322547
1285,114569,0.8774860325282012,false,1285,114569,0.8774860325282012
1285,93035,0.7866236127161609,false,1285,93035,0.7866236127161609
1285,4629,0.9019361345458746,false,1285,4629,0.9019361345458746
1285,1528,0.8410635885218052,false,1285,1528,0.8410635885218052
1285,222389,0.9735936118973328,false,1285,222389,0.9735936118973328
1285,155465,0.7548941064015046,false,1285,155465,0.7548941064015046
1285,8436,0.9637352374394691,false,1285,8436,0.9637352374394691
1285,5225,0.8569867248812543,false,1285,5225,0.8569867248812543
1285,3249,0.7833713585415908,false,1285,3249,0.7833713585415908
1285,306,0.9040447352767189,false,1285,306,0.9040447352767189
1285,5265,0.9095282300691075,false,1285,5265,0.9095282300691075
1285,10568,0.9139161545438715,false,1285,10568,0.9139161545438715
1285,33,0.830300113308501,false,1285,33,0.830300113308501
1285,375612,0.7568911054697899,false,1285,375612,0.7568911054697899
1285,9914,0.9235704629105096,false,1285,9914,0.9235704629105096
1285,57530,0.9363709876124445,false,1285,57530,0.9363709876124445
1285,163720,0.9458911546322946,false,1285,163720,0.9458911546322946
1285,722,0.8496516348398822,false,1285,722,0.8496516348398822
1285,10579,0.8024964075920982,false,1285,10579,0.8024964075920982
1285,5625,0.7641730302006606,false,1285,5625,0.7641730302006606
1285,130367,0.7702437043825343,false,1285,130367,0.7702437043825343
1285,7080,0.9619596015976615,false,1285,7080,0.9619596015976615
1285,6439,0.857639896735433,false,1285,6439,0.857639896735433
1285,1910,0.9419734524401313,false,1285,1910,0.9419734524401313
1285,146177,0.9077767015110733,false,1285,146177,0.9077767015110733
1285,728226,0.7527926650182507,false,1285,728226,0.7527926650182507
1285,81615,0.9135329092039323,false,1285,81615,0.9135329092039323
1285,5787,0.8048566126286743,false,1285,5787,0.8048566126286743
1285,1040,0.768952694956243,false,1285,1040,0.768952694956243
1285,221395,0.8997955616215695,false,1285,221395,0.8997955616215695
1285,54842,0.9216823733463536,false,1285,54842,0.9216823733463536
1285,728643,0.7993441670070611,false,1285,728643,0.7993441670070611
1285,128602,0.8710099643860769,false,1285,128602,0.8710099643860769
1285,102723552,0.867099885505914,false,1285,102723552,0.867099885505914
1285,6332,0.808035287672416,false,1285,6332,0.808035287672416
1285,2595,0.920692219580585,false,1285,2595,0.920692219580585
1285,219790,0.8110947447460635,false,1285,219790,0.8110947447460635
1285,64073,0.919118868274133,false,1285,64073,0.919118868274133
1285,9223,0.9096468475095407,false,1285,9223,0.9096468475095407
1285,253970,0.8959455762721574,false,1285,253970,0.8959455762721574
1285,503645,0.8874858757486068,false,1285,503645,0.8874858757486068
1285,4070,0.8502019680928551,false,1285,4070,0.8502019680928551
1285,2277,0.9360221025736151,false,1285,2277,0.9360221025736151
1285,346007,0.7866811067050298,false,1285,346007,0.7866811067050298
1285,116984,0.8661735071713776,false,1285,116984,0.8661735071713776
1285,825,0.8760796274696016,false,1285,825,0.8760796274696016
1285,3875,0.8525328945418292,false,1285,3875,0.8525328945418292
1285,4680,0.776942082275904,false,1285,4680,0.776942082275904
1285,79148,0.7996361069810037,false,1285,79148,0.7996361069810037
1285,130271,0.8959980584590511,false,1285,130271,0.8959980584590511
1285,101927516,0.8085224058098508,false,1285,101927516,0.8085224058098508
1285,6532,0.8002893378912797,false,1285,6532,0.8002893378912797
1285,27074,0.8639569648415611,false,1285,27074,0.8639569648415611
1285,54848,0.7937434099118168,false,1285,54848,0.7937434099118168
1285,79632,0.9018378898361012,false,1285,79632,0.9018378898361012
1285,26084,0.8942846355390658,false,1285,26084,0.8942846355390658
1285,9476,0.8002527285379489,false,1285,9476,0.8002527285379489
1285,117156,0.8704643833779173,false,1285,117156,0.8704643833779173
1285,195814,0.9824295615241349,false,1285,195814,0.9824295615241349
1285,2122,0.8450240186543186,false,1285,2122,0.8450240186543186
1285,84059,0.9536015214525965,false,1285,84059,0.9536015214525965
1285,6097,0.8975364682733872,false,1285,6097,0.8975364682733872
1285,120892,0.8846379564632413,false,1285,120892,0.8846379564632413
1285,100820829,0.8615174749028685,false,1285,100820829,0.8615174749028685
1285,123624,0.8248710246674272,false,1285,123624,0.8248710246674272
1285,391253,0.7634420882000774,false,1285,391253,0.7634420882000774
1285,220136,0.8994589592142411,false,1285,220136,0.8994589592142411
1285,6799,0.98158821445967,false,1285,6799,0.98158821445967
1285,57402,0.8702529891004156,false,1285,57402,0.8702529891004156
1285,84525,0.9592853827299802,false,1285,84525,0.9592853827299802
1285,10203,0.8590596274046379,false,1285,10203,0.8590596274046379
1285,1080,0.853867170574799,false,1285,1080,0.853867170574799
1285,1286,0.9083932577659591,false,1285,1286,0.9083932577659591
1285,653509,0.8993655324282761,false,1285,653509,0.8993655324282761
1285,55282,0.941823000715144,false,1285,55282,0.941823000715144
1285,729238,0.8325489835608464,false,1285,729238,0.8325489835608464
1285,79098,0.7535534096791279,false,1285,79098,0.7535534096791279
1285,144535,0.8419886323261841,false,1285,144535,0.8419886323261841
1285,649946,0.867196295117861,false,1285,649946,0.867196295117861
1285,144571,0.8594693703351212,false,1285,144571,0.8594693703351212
1285,165186,0.7871211710700573,false,1285,165186,0.7871211710700573
1285,102465485,0.8647743476540932,false,1285,102465485,0.8647743476540932
1285,100033436,0.7571088078261052,false,1285,100033436,0.7571088078261052
3909,541473,0.9215408905790587,false,3909,541473,0.9215408905790587
3909,9365,0.7680772523144459,false,3909,9365,0.7680772523144459
3909,114569,0.8170608411113442,false,3909,114569,0.8170608411113442
3909,51554,0.8106807248556763,false,3909,51554,0.8106807248556763
3909,79977,0.927517377689835,false,3909,79977,0.927517377689835
3909,9208,0.841574038792414,false,3909,9208,0.841574038792414
3909,112268252,0.7745462585135362,false,3909,112268252,0.7745462585135362
3909,277,0.7850893249210192,false,3909,277,0.7850893249210192
3909,163131,0.8480975192183369,false,3909,163131,0.8480975192183369
3909,80736,0.7526671525112945,false,3909,80736,0.7526671525112945
3909,5225,0.781553511615907,false,3909,5225,0.781553511615907
3909,7225,0.9232865137440676,false,3909,7225,0.9232865137440676
3909,654412,0.8540390008310881,false,3909,654412,0.8540390008310881
3909,4582,0.8877205344165643,false,3909,4582,0.8877205344165643
3909,3248,0.8204496938630665,false,3909,3248,0.8204496938630665
3909,255189,0.8379535311746201,false,3909,255189,0.8379535311746201
3909,100130449,0.7900622308107316,false,3909,100130449,0.7900622308107316
3909,3856,0.8025196719274474,false,3909,3856,0.8025196719274474
3909,79838,0.8697733937789536,false,3909,79838,0.8697733937789536
3909,3694,0.7692179825761832,false,3909,3694,0.7692179825761832
3909,285989,0.8110040181594488,false,3909,285989,0.8110040181594488
3909,2627,0.7897974837844265,false,3909,2627,0.7897974837844265
3909,503640,0.767977842170904,false,3909,503640,0.767977842170904
3909,259290,0.8391573642937934,false,3909,259290,0.8391573642937934
3909,57528,0.8464675940592992,false,3909,57528,0.8464675940592992
3909,57186,0.8304743018757109,false,3909,57186,0.8304743018757109
3909,10579,0.8687374114640737,false,3909,10579,0.8687374114640737
3909,9356,0.8438431920972131,false,3909,9356,0.8438431920972131
3909,1910,0.7685047592999492,false,3909,1910,0.7685047592999492
3909,641776,0.8747182855467284,false,3909,641776,0.8747182855467284
3909,100506658,0.8651808913439315,false,3909,100506658,0.8651808913439315
3909,4583,0.8179136044865519,false,3909,4583,0.8179136044865519
3909,6103,0.7689264520912948,false,3909,6103,0.7689264520912948
3909,115677,0.9034822487866656,false,3909,115677,0.9034822487866656
3909,7851,0.8926405827368474,false,3909,7851,0.8926405827368474
3909,692072,0.8551273128950273,false,3909,692072,0.8551273128950273
3909,109136579,0.8117435087916328,false,3909,109136579,0.8117435087916328
3909,126353,0.7522020109098461,false,3909,126353,0.7522020109098461
3909,26226,0.7906174934876469,false,3909,26226,0.7906174934876469
3909,64332,0.9153571674046257,false,3909,64332,0.9153571674046257
3909,3875,0.8197667049535214,false,3909,3875,0.8197667049535214
3909,1577,0.8881820219508317,false,3909,1577,0.8881820219508317
3909,100033430,0.7772681794117183,false,3909,100033430,0.7772681794117183
3909,340267,0.8823505072793641,false,3909,340267,0.8823505072793641
3909,441251,0.9792232515077072,false,3909,441251,0.9792232515077072
3909,102723849,0.9337838563191034,false,3909,102723849,0.9337838563191034
3909,5284,0.849367542991122,false,3909,5284,0.849367542991122
3909,57669,0.922746546538502,false,3909,57669,0.922746546538502
3909,89765,0.8191328868620648,false,3909,89765,0.8191328868620648
3909,130271,0.7911558395640887,false,3909,130271,0.7911558395640887
3909,378938,0.8160279931781022,false,3909,378938,0.8160279931781022
3909,5545,0.9306759849763777,false,3909,5545,0.9306759849763777
3909,117155,0.8345350227157777,false,3909,117155,0.8345350227157777
3909,112268155,0.8465182346046601,false,3909,112268155,0.8465182346046601
3909,1556,0.8784589939095462,false,3909,1556,0.8784589939095462
3909,7113,0.9579068981626342,false,3909,7113,0.9579068981626342
3909,54861,0.7616224547799855,false,3909,54861,0.7616224547799855
3909,105180391,0.8837693434293752,false,3909,105180391,0.8837693434293752
3909,10018,0.8290529357803356,false,3909,10018,0.8290529357803356
3909,115019,0.912430406516195,false,3909,115019,0.912430406516195
3909,105180390,0.8699947360787968,false,3909,105180390,0.8699947360787968
3909,1043,0.8992802522564499,false,3909,1043,0.8992802522564499
3909,168374,0.9172826126599777,false,3909,168374,0.9172826126599777
3909,645843,0.9206731540744101,false,3909,645843,0.9206731540744101
3909,143884,0.8044483598928318,false,3909,143884,0.8044483598928318
3909,80004,0.8968535062451571,false,3909,80004,0.8968535062451571
3909,121512,0.7695031527075507,false,3909,121512,0.7695031527075507
3909,3993,0.8687699194747933,false,3909,3993,0.8687699194747933
3909,389852,0.7945736016165467,false,3909,389852,0.7945736016165467
3909,84239,0.979741180736667,false,3909,84239,0.979741180736667
3909,2065,0.8620716661560603,false,3909,2065,0.8620716661560603
3909,780,0.8362687310840864,false,3909,780,0.8362687310840864
3909,3960,0.8320116047241448,false,3909,3960,0.8320116047241448
3909,284323,0.8050571599513324,false,3909,284323,0.8050571599513324
3909,1286,0.8123846243352145,false,3909,1286,0.8123846243352145
3909,23584,0.9496861390007157,false,3909,23584,0.9496861390007157
3909,692213,0.8327010406465791,false,3909,692213,0.8327010406465791
3909,259294,0.8140097492176406,false,3909,259294,0.8140097492176406
3909,440352,0.9471859558680102,false,3909,440352,0.9471859558680102
131873,1161,0.9240833017298695,false,131873,1161,0.9240833017298695
131873,11148,0.9721380103198649,false,131873,11148,0.9721380103198649
131873,4233,0.8781485077322484,false,131873,4233,0.8781485077322484
131873,93035,0.9604177899451306,false,131873,93035,0.9604177899451306
131873,1528,0.9462391349478629,false,131873,1528,0.9462391349478629
131873,222389,0.7998035928008173,false,131873,222389,0.7998035928008173
131873,138428,0.7905809065417426,false,131873,138428,0.7905809065417426
131873,6523,0.8993738589791344,false,131873,6523,0.8993738589791344
131873,155465,0.9447276377270718,false,131873,155465,0.9447276377270718
131873,8436,0.7991907062104112,false,131873,8436,0.7991907062104112
131873,5225,0.9357830100065715,false,131873,5225,0.9357830100065715
131873,4128,0.9435407832257265,false,131873,4128,0.9435407832257265
131873,55892,0.8898157145713446,false,131873,55892,0.8898157145713446
131873,3249,0.9538893754526798,false,131873,3249,0.9538893754526798
131873,306,0.9611594055298913,false,131873,306,0.9611594055298913
131873,6440,0.7607151353654692,false,131873,6440,0.7607151353654692
131873,5265,0.9537137832232345,false,131873,5265,0.9537137832232345
131873,10568,0.9709922367610326,false,131873,10568,0.9709922367610326
131873,33,0.9626890500530415,false,131873,33,0.9626890500530415
131873,375612,0.9548797015487981,false,131873,375612,0.9548797015487981
131873,10529,0.8089086616461195,false,131873,10529,0.8089086616461195
131873,503640,0.7700305074892777,false,131873,503640,0.7700305074892777
131873,9914,0.9629211346168869,false,131873,9914,0.9629211346168869
131873,163720,0.9727397358087712,false,131873,163720,0.9727397358087712
131873,722,0.9758448126113848,false,131873,722,0.9758448126113848
131873,6751,0.8436832996505788,false,131873,6751,0.8436832996505788
131873,79908,0.9582135832390878,false,131873,79908,0.9582135832390878
131873,388323,0.7887735171150273,false,131873,388323,0.7887735171150273
131873,5625,0.9545204539163114,false,131873,5625,0.9545204539163114
131873,51185,0.7523379845016746,false,131873,51185,0.7523379845016746
131873,130367,0.9298356017522956,false,131873,130367,0.9298356017522956
131873,7080,0.8280545162307261,false,131873,7080,0.8280545162307261
131873,285335,0.8524726980354205,false,131873,285335,0.8524726980354205
131873,1910,0.9243601979605929,false,131873,1910,0.9243601979605929
131873,146177,0.9649425064673535,false,131873,146177,0.9649425064673535
131873,728226,0.9536325747315262,false,131873,728226,0.9536325747315262
131873,81615,0.9572448936842415,false,131873,81615,0.9572448936842415
131873,200373,0.9219396595574004,false,131873,200373,0.9219396595574004
131873,5787,0.8725094886865132,false,131873,5787,0.8725094886865132
131873,102723382,0.806381712595901,false,131873,102723382,0.806381712595901
131873,474354,0.9252575162625063,false,131873,474354,0.9252575162625063
131873,221395,0.9721263707853168,false,131873,221395,0.9721263707853168
131873,54842,0.9598110715197651,false,131873,54842,0.9598110715197651
131873,728643,0.9245516507290042,false,131873,728643,0.9245516507290042
131873,128602,0.9740560617943237,false,131873,128602,0.9740560617943237
131873,107985317,0.7841737181659052,false,131873,107985317,0.7841737181659052
131873,54997,0.9058483005390876,false,131873,54997,0.9058483005390876
131873,2595,0.9715621621935718,false,131873,2595,0.9715621621935718
131873,219790,0.9625469409115116,false,131873,219790,0.9625469409115116
131873,115677,0.8095028031953145,false,131873,115677,0.8095028031953145
131873,64073,0.8996875114568998,false,131873,64073,0.8996875114568998
131873,9223,0.9645928109289557,false,131873,9223,0.9645928109289557
131873,253970,0.980445520532729,false,131873,253970,0.980445520532729
131873,503645,0.9637098032748048,false,131873,503645,0.9637098032748048
131873,4070,0.9587242005851879,false,131873,4070,0.9587242005851879
131873,2277,0.9453121758859111,false,131873,2277,0.9453121758859111
131873,346007,0.9106305152427537,false,131873,346007,0.9106305152427537
131873,116984,0.9525994762703414,false,131873,116984,0.9525994762703414
131873,825,0.9608346067035185,false,131873,825,0.9608346067035185
131873,137872,0.8793760723256895,false,131873,137872,0.8793760723256895
131873,100033430,0.828053632845082,false,131873,100033430,0.828053632845082
131873,9196,0.9200223809181726,false,131873,9196,0.9200223809181726
131873,93517,0.8657070309959176,false,131873,93517,0.8657070309959176
131873,89765,0.7965775178414805,false,131873,89765,0.7965775178414805
131873,130271,0.8800151299420145,false,131873,130271,0.8800151299420145
131873,101927516,0.9577684282933826,false,131873,101927516,0.9577684282933826
131873,285,0.8901998887799599,false,131873,285,0.8901998887799599
131873,27074,0.9809302870718694,false,131873,27074,0.9809302870718694
131873,100996506,0.8287642178594442,false,131873,100996506,0.8287642178594442
131873,66002,0.9261026439081054,false,131873,66002,0.9261026439081054
131873,54848,0.8028466172585101,false,131873,54848,0.8028466172585101
131873,79632,0.9572307189625685,false,131873,79632,0.9572307189625685
131873,100505495,0.9427035655664547,false,131873,100505495,0.9427035655664547
131873,7620,0.8039391582659724,false,131873,7620,0.8039391582659724
131873,9476,0.9508139814602452,false,131873,9476,0.9508139814602452
131873,151531,0.9093153323961362,false,131873,151531,0.9093153323961362
131873,195814,0.8712462843622575,false,131873,195814,0.8712462843622575
131873,2122,0.9823891955330433,false,131873,2122,0.9823891955330433
131873,84059,0.945133681438733,false,131873,84059,0.945133681438733
131873,121512,0.8790581551370041,false,131873,121512,0.8790581551370041
131873,6097,0.9728845622030847,false,131873,6097,0.9728845622030847
131873,120892,0.9557474573106067,false,131873,120892,0.9557474573106067
131873,123624,0.9725930484360376,false,131873,123624,0.9725930484360376
131873,391253,0.9386920617425745,false,131873,391253,0.9386920617425745
131873,220136,0.8369965923843508,false,131873,220136,0.8369965923843508
131873,693188,0.9151608343075252,false,131873,693188,0.9151608343075252
131873,6799,0.8929559283845337,false,131873,6799,0.8929559283845337
131873,389376,0.8807764960431055,false,131873,389376,0.8807764960431055
131873,353189,0.9563363896790524,false,131873,353189,0.9563363896790524
131873,776,0.9333451551587021,false,131873,776,0.9333451551587021
131873,84851,0.8777686146266556,false,131873,84851,0.8777686146266556
131873,84525,0.9233159438147955,false,131873,84525,0.9233159438147955
131873,4861,0.9360800388593756,false,131873,4861,0.9360800388593756
131873,10203,0.9754740529730284,false,131873,10203,0.9754740529730284
131873,1080,0.879874896409817,false,131873,1080,0.879874896409817
131873,65217,0.8490361857358683,false,131873,65217,0.8490361857358683
131873,1286,0.7684347753230116,false,131873,1286,0.7684347753230116
131873,105372793,0.8292189868986327,false,131873,105372793,0.8292189868986327
131873,56955,0.8456036728345241,false,131873,56955,0.8456036728345241
131873,84765,0.9514925766813147,false,131873,84765,0.9514925766813147
131873,653509,0.8763841850197127,false,131873,653509,0.8763841850197127
131873,55282,0.958909270377112,false,131873,55282,0.958909270377112
131873,729238,0.7523097795299107,false,131873,729238,0.7523097795299107
131873,79098,0.9502880257861379,false,131873,79098,0.9502880257861379
131873,144535,0.8819655833430379,false,131873,144535,0.8819655833430379
131873,649946,0.91672230589407,false,131873,649946,0.91672230589407
131873,144571,0.9292189481243341,false,131873,144571,0.9292189481243341
131873,26298,0.8376890218180048,false,131873,26298,0.8376890218180048
131873,165186,0.9513487144780711,false,131873,165186,0.9513487144780711
131873,102465485,0.9152622888803326,false,131873,102465485,0.9152622888803326
131873,100033436,0.9046554878243046,false,131873,100033436,0.9046554878243046
1768,80122,0.761787385049641,false,1768,80122,0.761787385049641
1768,4233,0.8672188579438326,false,1768,4233,0.8672188579438326
1768,4883,0.8327116786515045,false,1768,4883,0.8327116786515045
1768,222389,0.7981292195719186,false,1768,222389,0.7981292195719186
1768,138428,0.9351213134767984,false,1768,138428,0.9351213134767984
1768,6523,0.7782137056130741,false,1768,6523,0.7782137056130741
1768,55892,0.7708299166106403,false,1768,55892,0.7708299166106403
1768,5265,0.7899250595360442,false,1768,5265,0.7899250595360442
1768,10568,0.7525662489216904,false,1768,10568,0.7525662489216904
1768,33,0.7606769567540824,false,1768,33,0.7606769567540824
1768,1770,0.9086621518416248,false,1768,1770,0.9086621518416248
1768,10529,0.8595296960193584,false,1768,10529,0.8595296960193584
1768,11254,0.9115497664026717,false,1768,11254,0.9115497664026717
1768,286207,0.9457756642599243,false,1768,286207,0.9457756642599243
1768,9914,0.7627635714150546,false,1768,9914,0.7627635714150546
1768,388323,0.8144924288860813,false,1768,388323,0.8144924288860813
1768,51185,0.7587483167353467,false,1768,51185,0.7587483167353467
1768,200373,0.7517151752483037,false,1768,200373,0.7517151752483037
1768,102723382,0.8714807815623619,false,1768,102723382,0.8714807815623619
1768,1040,0.8536066648776817,false,1768,1040,0.8536066648776817
1768,728643,0.8080824013034361,false,1768,728643,0.8080824013034361
1768,2595,0.7651252722726178,false,1768,2595,0.7651252722726178
1768,346007,0.8647096843750508,false,1768,346007,0.8647096843750508
1768,116984,0.7809369565943349,false,1768,116984,0.7809369565943349
1768,101927516,0.7817875702828131,false,1768,101927516,0.7817875702828131
1768,100996506,0.8447294940231352,false,1768,100996506,0.8447294940231352
1768,54848,0.9192960970783818,false,1768,54848,0.9192960970783818
1768,79632,0.7871140175463357,false,1768,79632,0.7871140175463357
1768,4179,0.9046608810337662,false,1768,4179,0.9046608810337662
1768,201625,0.8609649847649108,false,1768,201625,0.8609649847649108
1768,195814,0.7795153003439047,false,1768,195814,0.7795153003439047
1768,2122,0.7641949659181855,false,1768,2122,0.7641949659181855
1768,84059,0.7960201389758982,false,1768,84059,0.7960201389758982
1768,120892,0.8489734289956127,false,1768,120892,0.8489734289956127
1768,84851,0.8557565195228379,false,1768,84851,0.8557565195228379
1768,10203,0.7608490610057672,false,1768,10203,0.7608490610057672
1768,1080,0.902543296937025,false,1768,1080,0.902543296937025
1768,105372793,0.8593776835691826,false,1768,105372793,0.8593776835691826
1768,144535,0.9067587267675148,false,1768,144535,0.9067587267675148
1768,649946,0.8356773946799169,false,1768,649946,0.8356773946799169
1768,144571,0.7576104908522856,false,1768,144571,0.7576104908522856
1768,26298,0.9096202082911052,false,1768,26298,0.9096202082911052
1768,102465485,0.8659059651927038,false,1768,102465485,0.8659059651927038
1768,100033436,0.8397158831308923,false,1768,100033436,0.8397158831308923
92086,9365,0.7563445523585793,false,92086,9365,0.7563445523585793
92086,51554,0.7902697887288119,false,92086,51554,0.7902697887288119
92086,79977,0.7646679169623242,false,92086,79977,0.7646679169623242
92086,112268252,0.8856238839577145,false,92086,112268252,0.8856238839577145
92086,277,0.8505713925844317,false,92086,277,0.8505713925844317
92086,80736,0.7539711210133805,false,92086,80736,0.7539711210133805
92086,25901,0.8239266171904338,false,92086,25901,0.8239266171904338
92086,100302170,0.9339568040957783,false,92086,100302170,0.9339568040957783
92086,51365,0.9796004514861735,false,92086,51365,0.9796004514861735
92086,7225,0.7963885259525546,false,92086,7225,0.7963885259525546
92086,27134,0.9842925009748439,false,92086,27134,0.9842925009748439
92086,5340,0.8127740242093995,false,92086,5340,0.8127740242093995
92086,4582,0.8032269134447956,false,92086,4582,0.8032269134447956
92086,3248,0.906649804270943,false,92086,3248,0.906649804270943
92086,255189,0.8125243271425554,false,92086,255189,0.8125243271425554
92086,641384,0.8706980486572012,false,92086,641384,0.8706980486572012
92086,100130449,0.8252568339566623,false,92086,100130449,0.8252568339566623
92086,10103,0.9664600375868411,false,92086,10103,0.9664600375868411
92086,3856,0.7947303914617873,false,92086,3856,0.7947303914617873
92086,1048,0.968471241894985,false,92086,1048,0.968471241894985
92086,100419743,0.9682991710337601,false,92086,100419743,0.9682991710337601
92086,3983,0.936042160534541,false,92086,3983,0.936042160534541
92086,3694,0.9426279206734379,false,92086,3694,0.9426279206734379
92086,285989,0.8388916047897069,false,92086,285989,0.8388916047897069
92086,2627,0.9255442210165574,false,92086,2627,0.9255442210165574
92086,1555,0.9747833190091398,false,92086,1555,0.9747833190091398
92086,57528,0.8931120951334148,false,92086,57528,0.8931120951334148
92086,201456,0.9506879762569385,false,92086,201456,0.9506879762569385
92086,57186,0.79065029012602,false,92086,57186,0.79065029012602
92086,102723508,0.8900816648916298,false,92086,102723508,0.8900816648916298
92086,9356,0.76875814126747,false,92086,9356,0.76875814126747
92086,341676,0.9450339150978195,false,92086,341676,0.9450339150978195
92086,148213,0.8554307545013499,false,92086,148213,0.8554307545013499
92086,10595,0.8938544918162598,false,92086,10595,0.8938544918162598
92086,4583,0.8642670379131355,false,92086,4583,0.8642670379131355
92086,55567,0.9225920071881657,false,92086,55567,0.9225920071881657
92086,7851,0.8230468071201734,false,92086,7851,0.8230468071201734
92086,692072,0.8787248419699643,false,92086,692072,0.8787248419699643
92086,55808,0.9762610979163134,false,92086,55808,0.9762610979163134
92086,999,0.9306701578188289,false,92086,999,0.9306701578188289
92086,126353,0.9363606055643465,false,92086,126353,0.9363606055643465
92086,26226,0.7581425985542583,false,92086,26226,0.7581425985542583
92086,388743,0.9514386417862507,false,92086,388743,0.9514386417862507
92086,1577,0.8124160500763847,false,92086,1577,0.8124160500763847
92086,340267,0.7680355888924989,false,92086,340267,0.7680355888924989
92086,200879,0.9725677892731428,false,92086,200879,0.9725677892731428
92086,1510,0.9704138068378894,false,92086,1510,0.9704138068378894
92086,5284,0.7697745984204462,false,92086,5284,0.7697745984204462
92086,57111,0.9714934468864664,false,92086,57111,0.9714934468864664
92086,10129,0.7706383740421012,false,92086,10129,0.7706383740421012
92086,4586,0.9679879663533055,false,92086,4586,0.9679879663533055
92086,10551,0.9625503067274245,false,92086,10551,0.9625503067274245
92086,688,0.7547332520289546,false,92086,688,0.7547332520289546
92086,54897,0.8266238932252012,false,92086,54897,0.8266238932252012
92086,117155,0.884688032750033,false,92086,117155,0.884688032750033
92086,112268155,0.8978011182633544,false,92086,112268155,0.8978011182633544
92086,1152,0.8962298721338234,false,92086,1152,0.8962298721338234
92086,79083,0.9752097724813349,false,92086,79083,0.9752097724813349
92086,1556,0.8322571756595054,false,92086,1556,0.8322571756595054
92086,55930,0.88753730918088,false,92086,55930,0.88753730918088
92086,22996,0.888197361148057,false,92086,22996,0.888197361148057
92086,7113,0.7700163697760507,false,92086,7113,0.7700163697760507
92086,100529240,0.9581704018323028,false,92086,100529240,0.9581704018323028
92086,113218482,0.9319127176024589,false,92086,113218482,0.9319127176024589
92086,647024,0.9292361388986348,false,92086,647024,0.9292361388986348
92086,255928,0.9673395108564452,false,92086,255928,0.9673395108564452
92086,8537,0.9164984159340993,false,92086,8537,0.9164984159340993
92086,10018,0.7627453011650683,false,92086,10018,0.7627453011650683
92086,115019,0.8355241235523566,false,92086,115019,0.8355241235523566
92086,1043,0.787417270664949,false,92086,1043,0.787417270664949
92086,168374,0.8245231782191327,false,92086,168374,0.8245231782191327
92086,143884,0.8106161478374565,false,92086,143884,0.8106161478374565
92086,80004,0.8463766844226205,false,92086,80004,0.8463766844226205
92086,3993,0.8363814544595786,false,92086,3993,0.8363814544595786
92086,389852,0.9053342342267071,false,92086,389852,0.9053342342267071
92086,164312,0.9888396675630501,false,92086,164312,0.9888396675630501
92086,2065,0.8432306100044964,false,92086,2065,0.8432306100044964
92086,1513,0.8293268365035681,false,92086,1513,0.8293268365035681
92086,135656,0.9683019662394611,false,92086,135656,0.9683019662394611
92086,94059,0.7897517875893904,false,92086,94059,0.7897517875893904
92086,3960,0.8436109778823243,false,92086,3960,0.8436109778823243
92086,23584,0.7858817852914805,false,92086,23584,0.7858817852914805
92086,153643,0.8912462963270102,false,92086,153643,0.8912462963270102
92086,112268422,0.8171264940844912,false,92086,112268422,0.8171264940844912
92086,259294,0.888137800246164,false,92086,259294,0.888137800246164
92086,2266,0.976701737122981,false,92086,2266,0.976701737122981
92086,745,0.9298973214445226,false,92086,745,0.9298973214445226
7203,222166,0.7784990296999952,false,7203,222166,0.7784990296999952
7203,84700,0.8397947353018147,false,7203,84700,0.8397947353018147
7203,1132,0.8330912533185377,false,7203,1132,0.8330912533185377
7203,3207,0.7625350754101435,false,7203,3207,0.7625350754101435
7203,23562,0.8091148754641289,false,7203,23562,0.8091148754641289
7203,100130701,0.8987932510940451,false,7203,100130701,0.8987932510940451
7203,140766,0.7857044723563561,false,7203,140766,0.7857044723563561
7203,441151,0.7554970805262764,false,7203,441151,0.7554970805262764
7203,9454,0.8536834427861986,false,7203,9454,0.8536834427861986
7203,222183,0.8372086276184684,false,7203,222183,0.8372086276184684
7203,57710,0.8027117058049466,false,7203,57710,0.8027117058049466
80122,107984125,0.8975654234530943,false,80122,107984125,0.8975654234530943
80122,149465,0.8235646773813324,false,80122,149465,0.8235646773813324
80122,9173,0.8212494929278756,false,80122,9173,0.8212494929278756
80122,345895,0.7705015660238674,false,80122,345895,0.7705015660238674
80122,11254,0.9474122754543888,false,80122,11254,0.9474122754543888
80122,85452,0.8340055739796094,false,80122,85452,0.8340055739796094
80122,1906,0.9325205630491092,false,80122,1906,0.9325205630491092
80122,3240,0.856792354702559,false,80122,3240,0.856792354702559
80122,6969,0.9153753018087806,false,80122,6969,0.9153753018087806
80122,56892,0.8606858309069292,false,80122,56892,0.8606858309069292
80122,400578,0.7938228253420908,false,80122,400578,0.7938228253420908
80122,85349,0.7842871553119053,false,80122,85349,0.7842871553119053
80122,1767,0.8667748327096163,false,80122,1767,0.8667748327096163
246,58524,0.9808175082092533,false,246,58524,0.9808175082092533
246,8999,0.7654873223577566,false,246,8999,0.7654873223577566
246,677831,0.8972270813661174,false,246,677831,0.8972270813661174
246,60494,0.8465090243095729,false,246,60494,0.8465090243095729
246,22943,0.9866704164184384,false,246,22943,0.9866704164184384
246,7033,0.9886729243361786,false,246,7033,0.9886729243361786
246,160728,0.9926060212996153,false,246,160728,0.9926060212996153
246,94025,0.9657489917417981,false,246,94025,0.9657489917417981
246,388633,0.9911199213996866,false,246,388633,0.9911199213996866
246,3929,0.9653369332796929,false,246,3929,0.9653369332796929
246,100158262,0.7887216133422552,false,246,100158262,0.7887216133422552
246,727897,0.9697234687594046,false,246,727897,0.9697234687594046
246,1604,0.8705864140239544,false,246,1604,0.8705864140239544
246,886,0.9800634792744034,false,246,886,0.9800634792744034
246,4057,0.9865270466290201,false,246,4057,0.9865270466290201
246,26797,0.9884330893274731,false,246,26797,0.9884330893274731
246,112577518,0.9501592720533447,false,246,112577518,0.9501592720533447
246,692209,0.9894456341866333,false,246,692209,0.9894456341866333
246,563,0.9779342417940373,false,246,563,0.9779342417940373
246,4069,0.8098713238154336,false,246,4069,0.8098713238154336
246,83643,0.9493213351915495,false,246,83643,0.9493213351915495
246,284434,0.9909863621143551,false,246,284434,0.9909863621143551
3219,84700,0.7873633214098312,false,3219,84700,0.7873633214098312
3219,200407,0.9461790374081662,false,3219,200407,0.9461790374081662
3219,388327,0.7927104029980392,false,3219,388327,0.7927104029980392
3219,109729184,0.825896740378488,false,3219,109729184,0.825896740378488
3219,7546,0.9407690986941984,false,3219,7546,0.9407690986941984
1161,11148,0.9635158631345501,false,1161,11148,0.9635158631345501
1161,4233,0.9339004452442766,false,1161,4233,0.9339004452442766
1161,79188,0.837830090330519,false,1161,79188,0.837830090330519
1161,93035,0.9802062666330585,false,1161,93035,0.9802062666330585
1161,4883,0.8310015887930113,false,1161,4883,0.8310015887930113
1161,1528,0.9225829280316761,false,1161,1528,0.9225829280316761
1161,138428,0.8668869611400182,false,1161,138428,0.8668869611400182
1161,6523,0.971101620311848,false,1161,6523,0.971101620311848
1161,155465,0.9845530086846044,false,1161,155465,0.9845530086846044
1161,5225,0.8880655650379341,false,1161,5225,0.8880655650379341
1161,4128,0.9782452440734852,false,1161,4128,0.9782452440734852
1161,55892,0.974773673779528,false,1161,55892,0.974773673779528
1161,3249,0.9700383796926316,false,1161,3249,0.9700383796926316
1161,306,0.8892957414928637,false,1161,306,0.8892957414928637
1161,5265,0.8626128794590862,false,1161,5265,0.8626128794590862
1161,10568,0.8657629337726942,false,1161,10568,0.8657629337726942
1161,33,0.9755247587104234,false,1161,33,0.9755247587104234
1161,375612,0.9740001114779623,false,1161,375612,0.9740001114779623
1161,10529,0.8091402386232126,false,1161,10529,0.8091402386232126
1161,503640,0.8206010152884563,false,1161,503640,0.8206010152884563
1161,286207,0.7857404513968214,false,1161,286207,0.7857404513968214
1161,9914,0.9226680723228801,false,1161,9914,0.9226680723228801
1161,163720,0.9057707346947022,false,1161,163720,0.9057707346947022
1161,722,0.9611955858516971,false,1161,722,0.9611955858516971
1161,6751,0.8791926863539543,false,1161,6751,0.8791926863539543
1161,79908,0.981815516614186,false,1161,79908,0.981815516614186
1161,388323,0.9053814869468342,false,1161,388323,0.9053814869468342
1161,5625,0.8462892876035553,false,1161,5625,0.8462892876035553
1161,51185,0.9074762758324065,false,1161,51185,0.9074762758324065
1161,130367,0.9497451559625291,false,1161,130367,0.9497451559625291
1161,285335,0.9176159496416426,false,1161,285335,0.9176159496416426
1161,1910,0.8378972086345344,false,1161,1910,0.8378972086345344
1161,146177,0.8729258380032933,false,1161,146177,0.8729258380032933
1161,728226,0.9705906010598021,false,1161,728226,0.9705906010598021
1161,81615,0.9314712812383357,false,1161,81615,0.9314712812383357
1161,200373,0.9504528259191166,false,1161,200373,0.9504528259191166
1161,102723382,0.923828336958019,false,1161,102723382,0.923828336958019
1161,474354,0.9730999390965985,false,1161,474354,0.9730999390965985
1161,221395,0.8392568582120917,false,1161,221395,0.8392568582120917
1161,54842,0.8843913022343415,false,1161,54842,0.8843913022343415
1161,728643,0.9290785782275781,false,1161,728643,0.9290785782275781
1161,128602,0.9482881471580842,false,1161,128602,0.9482881471580842
1161,107985317,0.8123885188771952,false,1161,107985317,0.8123885188771952
1161,54997,0.933128069972877,false,1161,54997,0.933128069972877
1161,2595,0.9270771303939996,false,1161,2595,0.9270771303939996
1161,219790,0.8738484873847873,false,1161,219790,0.8738484873847873
1161,64073,0.8018625484715423,false,1161,64073,0.8018625484715423
1161,9223,0.8503602712012006,false,1161,9223,0.8503602712012006
1161,253970,0.9375759870919508,false,1161,253970,0.9375759870919508
1161,109136579,0.756670267956828,false,1161,109136579,0.756670267956828
1161,503645,0.9437585671330129,false,1161,503645,0.9437585671330129
1161,4070,0.9335369949347946,false,1161,4070,0.9335369949347946
1161,2277,0.7818295801559842,false,1161,2277,0.7818295801559842
1161,346007,0.9523656000235993,false,1161,346007,0.9523656000235993
1161,116984,0.9091457944668798,false,1161,116984,0.9091457944668798
1161,825,0.940520610780179,false,1161,825,0.940520610780179
1161,137872,0.9428558803670363,false,1161,137872,0.9428558803670363
1161,100033430,0.8589608393193521,false,1161,100033430,0.8589608393193521
1161,9196,0.9698656553306655,false,1161,9196,0.9698656553306655
1161,93517,0.8538634680356877,false,1161,93517,0.8538634680356877
1161,89765,0.7787890247623067,false,1161,89765,0.7787890247623067
1161,101927516,0.9797324153755003,false,1161,101927516,0.9797324153755003
1161,378938,0.7517894585949603,false,1161,378938,0.7517894585949603
1161,285,0.9837647241145208,false,1161,285,0.9837647241145208
1161,27074,0.9236174314161198,false,1161,27074,0.9236174314161198
1161,100996506,0.9148908926287529,false,1161,100996506,0.9148908926287529
1161,66002,0.9633124856404967,false,1161,66002,0.9633124856404967
1161,79632,0.9162537029482443,false,1161,79632,0.9162537029482443
1161,100505495,0.9729861932354782,false,1161,100505495,0.9729861932354782
1161,7620,0.9085965152611223,false,1161,7620,0.9085965152611223
1161,4179,0.7766028260718222,false,1161,4179,0.7766028260718222
1161,9476,0.8962904734766961,false,1161,9476,0.8962904734766961
1161,151531,0.9447311841877524,false,1161,151531,0.9447311841877524
1161,195814,0.7756542603678851,false,1161,195814,0.7756542603678851
1161,692058,0.8546226195577802,false,1161,692058,0.8546226195577802
1161,2122,0.9569528631982556,false,1161,2122,0.9569528631982556
1161,84059,0.8697088246696835,false,1161,84059,0.8697088246696835
1161,121512,0.8809994738631395,false,1161,121512,0.8809994738631395
1161,6097,0.938179582896291,false,1161,6097,0.938179582896291
1161,120892,0.9252840759634192,false,1161,120892,0.9252840759634192
1161,123624,0.9754253941970336,false,1161,123624,0.9754253941970336
1161,391253,0.9875224760130742,false,1161,391253,0.9875224760130742
1161,220136,0.8493636487836427,false,1161,220136,0.8493636487836427
1161,693188,0.971578426700765,false,1161,693188,0.971578426700765
1161,6799,0.8003075869215353,false,1161,6799,0.8003075869215353
1161,389376,0.8070860569409694,false,1161,389376,0.8070860569409694
1161,353189,0.9773242305877012,false,1161,353189,0.9773242305877012
1161,776,0.9309345500475336,false,1161,776,0.9309345500475336
1161,84851,0.9500183772650008,false,1161,84851,0.9500183772650008
1161,84525,0.8609467664358708,false,1161,84525,0.8609467664358708
1161,4861,0.9620430997472748,false,1161,4861,0.9620430997472748
1161,10203,0.9248573465635953,false,1161,10203,0.9248573465635953
1161,284323,0.7752555114186347,false,1161,284323,0.7752555114186347
1161,1080,0.8123750740652889,false,1161,1080,0.8123750740652889
1161,65217,0.8284169048672226,false,1161,65217,0.8284169048672226
1161,105372793,0.9213806998457551,false,1161,105372793,0.9213806998457551
1161,56955,0.8023925838158548,false,1161,56955,0.8023925838158548
1161,84765,0.8958908012412491,false,1161,84765,0.8958908012412491
1161,55282,0.8609831053811171,false,1161,55282,0.8609831053811171
1161,79098,0.9193851151448333,false,1161,79098,0.9193851151448333
1161,144535,0.8167352011318142,false,1161,144535,0.8167352011318142
1161,649946,0.9133819278899772,false,1161,649946,0.9133819278899772
1161,144571,0.9479241058106369,false,1161,144571,0.9479241058106369
1161,26298,0.8897596811291201,false,1161,26298,0.8897596811291201
1161,165186,0.9468057566991729,false,1161,165186,0.9468057566991729
1161,102465485,0.9380460168131771,false,1161,102465485,0.9380460168131771
1161,100033436,0.9643139090955601,false,1161,100033436,0.9643139090955601
107984125,149465,0.858270754521984,false,107984125,149465,0.858270754521984
107984125,9173,0.8355922196047763,false,107984125,9173,0.8355922196047763
107984125,345895,0.8461075981505758,false,107984125,345895,0.8461075981505758
107984125,8999,0.8049815221235077,false,107984125,8999,0.8049815221235077
107984125,105377033,0.8524588818817949,false,107984125,105377033,0.8524588818817949
107984125,5555,0.8010242322932808,false,107984125,5555,0.8010242322932808
107984125,85452,0.9455015474942604,false,107984125,85452,0.9455015474942604
107984125,1906,0.8885636220428021,false,107984125,1906,0.8885636220428021
107984125,3240,0.8626175786302429,false,107984125,3240,0.8626175786302429
107984125,6969,0.9536871520869731,false,107984125,6969,0.9536871520869731
107984125,56892,0.8515028746528278,false,107984125,56892,0.8515028746528278
107984125,7356,0.754094547328772,false,107984125,7356,0.754094547328772
107984125,400578,0.8072999677306871,false,107984125,400578,0.8072999677306871
107984125,85349,0.7794321024255216,false,107984125,85349,0.7794321024255216
107984125,1767,0.8835517696178637,false,107984125,1767,0.8835517696178637
541473,9365,0.9364317243944356,false,541473,9365,0.9364317243944356
541473,51554,0.9366777327514256,false,541473,51554,0.9366777327514256
541473,79977,0.9373496788972532,false,541473,79977,0.9373496788972532
541473,9208,0.9496729667785675,false,541473,9208,0.9496729667785675
541473,277,0.8590700969674321,false,541473,277,0.8590700969674321
541473,163131,0.8185166242470114,false,541473,163131,0.8185166242470114
541473,80736,0.8666991264580786,false,541473,80736,0.8666991264580786
541473,7225,0.9556862030322392,false,541473,7225,0.9556862030322392
541473,4582,0.8039655124864394,false,541473,4582,0.8039655124864394
541473,3248,0.8917200526094877,false,541473,3248,0.8917200526094877
541473,255189,0.9012115726725962,false,541473,255189,0.9012115726725962
541473,3856,0.9309823027264466,false,541473,3856,0.9309823027264466
541473,79838,0.7570991131181913,false,541473,79838,0.7570991131181913
541473,3983,0.8261436165394764,false,541473,3983,0.8261436165394764
541473,285989,0.9096525322024,false,541473,285989,0.9096525322024
541473,2627,0.8748359490203058,false,541473,2627,0.8748359490203058
541473,57528,0.8276296605708204,false,541473,57528,0.8276296605708204
541473,201456,0.8245927202423932,false,541473,201456,0.8245927202423932
541473,57186,0.9175337714714602,false,541473,57186,0.9175337714714602
541473,10579,0.8089951937328868,false,541473,10579,0.8089951937328868
541473,102723508,0.8293053780308511,false,541473,102723508,0.8293053780308511
541473,28984,0.77960968844437,false,541473,28984,0.77960968844437
541473,100506658,0.9228091047310756,false,541473,100506658,0.9228091047310756
541473,341676,0.7981003805771704,false,541473,341676,0.7981003805771704
541473,10595,0.8364365329988325,false,541473,10595,0.8364365329988325
541473,4583,0.8279198253261429,false,541473,4583,0.8279198253261429
541473,6103,0.760553366839421,false,541473,6103,0.760553366839421
541473,5961,0.9044119401918573,false,541473,5961,0.9044119401918573
541473,7851,0.8127750573645068,false,541473,7851,0.8127750573645068
541473,692072,0.8484401478838367,false,541473,692072,0.8484401478838367
541473,999,0.8204418243113811,false,541473,999,0.8204418243113811
541473,26226,0.9196745075518282,false,541473,26226,0.9196745075518282
541473,64332,0.8212479699060784,false,541473,64332,0.8212479699060784
541473,388743,0.7707499634296544,false,541473,388743,0.7707499634296544
541473,1577,0.8130152228244846,false,541473,1577,0.8130152228244846
541473,340267,0.9612846478113376,false,541473,340267,0.9612846478113376
541473,441251,0.9264665674834671,false,541473,441251,0.9264665674834671
541473,102723849,0.8142396374731543,false,541473,102723849,0.8142396374731543
541473,6337,0.7900765008740326,false,541473,6337,0.7900765008740326
541473,5284,0.888832112992366,false,541473,5284,0.888832112992366
541473,57669,0.9680921010482814,false,541473,57669,0.9680921010482814
541473,278,0.7796262422670371,false,541473,278,0.7796262422670371
541473,116844,0.9012270272332918,false,541473,116844,0.9012270272332918
541473,10129,0.8489322761025333,false,541473,10129,0.8489322761025333
541473,688,0.7946202071167587,false,541473,688,0.7946202071167587
541473,54897,0.8101308840627527,false,541473,54897,0.8101308840627527
541473,5545,0.762630880094279,false,541473,5545,0.762630880094279
541473,117155,0.897861661803702,false,541473,117155,0.897861661803702
541473,112268155,0.8917178933639783,false,541473,112268155,0.8917178933639783
541473,1152,0.7990577927408603,false,541473,1152,0.7990577927408603
541473,79083,0.7579200438362882,false,541473,79083,0.7579200438362882
541473,1556,0.9403953821789881,false,541473,1556,0.9403953821789881
541473,55930,0.7799589070306436,false,541473,55930,0.7799589070306436
541473,7113,0.9075793441518887,false,541473,7113,0.9075793441518887
541473,54861,0.9288628502797692,false,541473,54861,0.9288628502797692
541473,222256,0.8587442752105214,false,541473,222256,0.8587442752105214
541473,113218482,0.8262736164388954,false,541473,113218482,0.8262736164388954
541473,647024,0.7839899551619129,false,541473,647024,0.7839899551619129
541473,10018,0.7942962078527509,false,541473,10018,0.7942962078527509
541473,115019,0.9050491346108935,false,541473,115019,0.9050491346108935
541473,1043,0.8908444548673082,false,541473,1043,0.8908444548673082
541473,168374,0.8931839195756567,false,541473,168374,0.8931839195756567
541473,83481,0.858345298633867,false,541473,83481,0.858345298633867
541473,645843,0.8005635543373273,false,541473,645843,0.8005635543373273
541473,143884,0.7956320389402926,false,541473,143884,0.7956320389402926
541473,1579,0.7566536536960298,false,541473,1579,0.7566536536960298
541473,80004,0.8856110191680612,false,541473,80004,0.8856110191680612
541473,3993,0.8325369613864145,false,541473,3993,0.8325369613864145
541473,389852,0.751178253445224,false,541473,389852,0.751178253445224
541473,84239,0.955368787600028,false,541473,84239,0.955368787600028
541473,2065,0.7860250781121861,false,541473,2065,0.7860250781121861
541473,780,0.8324566498396578,false,541473,780,0.8324566498396578
541473,3880,0.8429702222838837,false,541473,3880,0.8429702222838837
541473,94059,0.7569827961204783,false,541473,94059,0.7569827961204783
541473,7433,0.7636824495006495,false,541473,7433,0.7636824495006495
541473,3960,0.7540953551814593,false,541473,3960,0.7540953551814593
541473,100129460,0.7789401904368012,false,541473,100129460,0.7789401904368012
541473,23584,0.9489400455199313,false,541473,23584,0.9489400455199313
541473,692213,0.7540466459701888,false,541473,692213,0.7540466459701888
541473,153643,0.8629103942017513,false,541473,153643,0.8629103942017513
541473,259294,0.7896158557729464,false,541473,259294,0.7896158557729464
541473,745,0.8209830911079228,false,541473,745,0.8209830911079228
541473,440352,0.8564996688467007,false,541473,440352,0.8564996688467007
11148,4233,0.9144554174098846,false,11148,4233,0.9144554174098846
11148,79188,0.7554834196678306,false,11148,79188,0.7554834196678306
11148,114569,0.7744177189247544,false,11148,114569,0.7744177189247544
11148,93035,0.9741886421944261,false,11148,93035,0.9741886421944261
11148,1528,0.9546311697883877,false,11148,1528,0.9546311697883877
11148,222389,0.8136660442411703,false,11148,222389,0.8136660442411703
11148,138428,0.8294449645949036,false,11148,138428,0.8294449645949036
11148,6523,0.926587034103776,false,11148,6523,0.926587034103776
11148,155465,0.9650407026078947,false,11148,155465,0.9650407026078947
11148,8436,0.7995884463806606,false,11148,8436,0.7995884463806606
11148,5225,0.956082244168217,false,11148,5225,0.956082244168217
11148,4128,0.9462442257164846,false,11148,4128,0.9462442257164846
11148,55892,0.9155646738190554,false,11148,55892,0.9155646738190554
11148,3249,0.9733928107936425,false,11148,3249,0.9733928107936425
11148,306,0.9672477263160186,false,11148,306,0.9672477263160186
11148,5265,0.9404889866302523,false,11148,5265,0.9404889866302523
11148,10568,0.9391668573279826,false,11148,10568,0.9391668573279826
11148,33,0.9821082228498748,false,11148,33,0.9821082228498748
11148,375612,0.9604074535531114,false,11148,375612,0.9604074535531114
11148,10529,0.786572797897524,false,11148,10529,0.786572797897524
11148,503640,0.7734233034243221,false,11148,503640,0.7734233034243221
11148,286207,0.7653932865404576,false,11148,286207,0.7653932865404576
11148,9914,0.9817729336059463,false,11148,9914,0.9817729336059463
11148,163720,0.9814478051394392,false,11148,163720,0.9814478051394392
11148,722,0.981302273770401,false,11148,722,0.981302273770401
11148,6751,0.8508628296846965,false,11148,6751,0.8508628296846965
11148,79908,0.9624207572366837,false,11148,79908,0.9624207572366837
11148,388323,0.8326156750594457,false,11148,388323,0.8326156750594457
11148,5625,0.8916868105743967,false,11148,5625,0.8916868105743967
11148,51185,0.8108050692980437,false,11148,51185,0.8108050692980437
11148,130367,0.955154808048346,false,11148,130367,0.955154808048346
11148,7080,0.8185142712861393,false,11148,7080,0.8185142712861393
11148,285335,0.8838602939544786,false,11148,285335,0.8838602939544786
11148,1910,0.9317925707880544,false,11148,1910,0.9317925707880544
11148,146177,0.9420576834443386,false,11148,146177,0.9420576834443386
11148,728226,0.9577625508402109,false,11148,728226,0.9577625508402109
11148,81615,0.9879596922671332,false,11148,81615,0.9879596922671332
11148,200373,0.9296042543695305,false,11148,200373,0.9296042543695305
11148,5787,0.758569567508636,false,11148,5787,0.758569567508636
11148,102723382,0.8607701952762875,false,11148,102723382,0.8607701952762875
11148,474354,0.9314480523139129,false,11148,474354,0.9314480523139129
11148,1040,0.7666778249861742,false,11148,1040,0.7666778249861742
11148,221395,0.9066794234251174,false,11148,221395,0.9066794234251174
11148,54842,0.9699461528198172,false,11148,54842,0.9699461528198172
11148,728643,0.937152510889224,false,11148,728643,0.937152510889224
11148,128602,0.9857209817423827,false,11148,128602,0.9857209817423827
11148,107985317,0.8209084492370281,false,11148,107985317,0.8209084492370281
11148,54997,0.9165755888044426,false,11148,54997,0.9165755888044426
11148,2595,0.9880401423622924,false,11148,2595,0.9880401423622924
11148,219790,0.9176933346006672,false,11148,219790,0.9176933346006672
11148,64073,0.9136950784447406,false,11148,64073,0.9136950784447406
11148,9223,0.9131912749514816,false,11148,9223,0.9131912749514816
11148,253970,0.9923173692835525,false,11148,253970,0.9923173692835525
11148,503645,0.9851828418400207,false,11148,503645,0.9851828418400207
11148,4070,0.9701881485567424,false,11148,4070,0.9701881485567424
11148,2277,0.8890478724461378,false,11148,2277,0.8890478724461378
11148,346007,0.9390245598754673,false,11148,346007,0.9390245598754673
11148,116984,0.9610201795429335,false,11148,116984,0.9610201795429335
11148,825,0.9697704098201176,false,11148,825,0.9697704098201176
11148,137872,0.9079743971507586,false,11148,137872,0.9079743971507586
11148,100033430,0.8361047416901819,false,11148,100033430,0.8361047416901819
11148,9196,0.9159166708169925,false,11148,9196,0.9159166708169925
11148,93517,0.8621209780785746,false,11148,93517,0.8621209780785746
11148,89765,0.8030550043653822,false,11148,89765,0.8030550043653822
11148,130271,0.8319597863414884,false,11148,130271,0.8319597863414884
11148,101927516,0.9708450880756002,false,11148,101927516,0.9708450880756002
11148,285,0.9200193264779128,false,11148,285,0.9200193264779128
11148,27074,0.9737641745759485,false,11148,27074,0.9737641745759485
11148,100996506,0.847328577398327,false,11148,100996506,0.847328577398327
11148,66002,0.9422043483862813,false,11148,66002,0.9422043483862813
11148,54848,0.7671248039456996,false,11148,54848,0.7671248039456996
11148,79632,0.9679929028867377,false,11148,79632,0.9679929028867377
11148,100505495,0.9453323155920171,false,11148,100505495,0.9453323155920171
11148,7620,0.8258188027466274,false,11148,7620,0.8258188027466274
11148,9476,0.9416547953883087,false,11148,9476,0.9416547953883087
11148,151531,0.9251817256558668,false,11148,151531,0.9251817256558668
11148,195814,0.8946065692766064,false,11148,195814,0.8946065692766064
11148,692058,0.769265629641466,false,11148,692058,0.769265629641466
11148,2122,0.9790155378196365,false,11148,2122,0.9790155378196365
11148,84059,0.9564382458975597,false,11148,84059,0.9564382458975597
11148,121512,0.876436760416212,false,11148,121512,0.876436760416212
11148,6097,0.9868252458069247,false,11148,6097,0.9868252458069247
11148,120892,0.9648089443360014,false,11148,120892,0.9648089443360014
11148,123624,0.9906396783546702,false,11148,123624,0.9906396783546702
11148,391253,0.9701738888399593,false,11148,391253,0.9701738888399593
11148,220136,0.9046435261133714,false,11148,220136,0.9046435261133714
11148,693188,0.9241283459418888,false,11148,693188,0.9241283459418888
11148,6799,0.9167046778233465,false,11148,6799,0.9167046778233465
11148,389376,0.8609831869470914,false,11148,389376,0.8609831869470914
11148,353189,0.9702170119391751,false,11148,353189,0.9702170119391751
11148,776,0.9150896287403991,false,11148,776,0.9150896287403991
11148,84851,0.9041383726873575,false,11148,84851,0.9041383726873575
11148,84525,0.9568681758541213,false,11148,84525,0.9568681758541213
11148,4861,0.9510620540431979,false,11148,4861,0.9510620540431979
11148,10203,0.9415080059866524,false,11148,10203,0.9415080059866524
11148,1080,0.863480827575757,false,11148,1080,0.863480827575757
11148,65217,0.8011160426715429,false,11148,65217,0.8011160426715429
11148,105372793,0.8604475477908546,false,11148,105372793,0.8604475477908546
11148,56955,0.8492417439274724,false,11148,56955,0.8492417439274724
11148,84765,0.8902046285638283,false,11148,84765,0.8902046285638283
11148,653509,0.866259925409338,false,11148,653509,0.866259925409338
11148,55282,0.9441208374214118,false,11148,55282,0.9441208374214118
11148,79098,0.9401020521644279,false,11148,79098,0.9401020521644279
11148,144535,0.8741658629245893,false,11148,144535,0.8741658629245893
11148,649946,0.9364320953524086,false,11148,649946,0.9364320953524086
11148,144571,0.9633071824526285,false,11148,144571,0.9633071824526285
11148,26298,0.8626399289573615,false,11148,26298,0.8626399289573615
11148,165186,0.9623675788458035,false,11148,165186,0.9623675788458035
11148,102465485,0.9574026565262134,false,11148,102465485,0.9574026565262134
11148,100033436,0.9395354510042526,false,11148,100033436,0.9395354510042526
222166,6496,0.9456533837538424,false,222166,6496,0.9456533837538424
222166,6928,0.7967062479448386,false,222166,6928,0.7967062479448386
222166,253982,0.7613910021966248,false,222166,253982,0.7613910021966248
222166,4574,0.9053087932916656,false,222166,4574,0.9053087932916656
222166,8313,0.8852367394130107,false,222166,8313,0.8852367394130107
222166,102724057,0.806206401046776,false,222166,102724057,0.806206401046776
222166,103504738,0.8245906133678075,false,222166,103504738,0.8245906133678075
222166,1132,0.8152044607631412,false,222166,1132,0.8152044607631412
222166,89,0.8159962677922031,false,222166,89,0.8159962677922031
222166,57526,0.8877881880958783,false,222166,57526,0.8877881880958783
222166,406903,0.8013840231466218,false,222166,406903,0.8013840231466218
222166,84842,0.8068526791119743,false,222166,84842,0.8068526791119743
222166,102466759,0.9236989030645166,false,222166,102466759,0.9236989030645166
222166,388555,0.804479478845554,false,222166,388555,0.804479478845554
222166,100506380,0.7676970865489235,false,222166,100506380,0.7676970865489235
222166,363,0.8044794788455542,false,222166,363,0.8044794788455542
222166,65998,0.9471893038205088,false,222166,65998,0.9471893038205088
222166,419,0.804479478845554,false,222166,419,0.804479478845554
222166,387882,0.8398975340344161,false,222166,387882,0.8398975340344161
222166,102723635,0.9434187777164572,false,222166,102723635,0.9434187777164572
222166,10586,0.8332593592114521,false,222166,10586,0.8332593592114521
222166,3780,0.8979325253886355,false,222166,3780,0.8979325253886355
222166,64137,0.9037302797227926,false,222166,64137,0.9037302797227926
222166,23562,0.9227890579857441,false,222166,23562,0.9227890579857441
222166,163479,0.7618050062498016,false,222166,163479,0.7618050062498016
222166,2619,0.9386239482507702,false,222166,2619,0.9386239482507702
222166,84867,0.7911675596901966,false,222166,84867,0.7911675596901966
222166,100130701,0.8453838203101269,false,222166,100130701,0.8453838203101269
222166,441151,0.8258708826035299,false,222166,441151,0.8258708826035299
222166,222183,0.8830711469882794,false,222166,222183,0.8830711469882794
222166,113219467,0.7970578692647724,false,222166,113219467,0.7970578692647724
222166,57710,0.7576502401129912,false,222166,57710,0.7576502401129912
222166,100423031,0.8044794788455542,false,222166,100423031,0.8044794788455542
4233,79188,0.795340146697314,false,4233,79188,0.795340146697314
4233,114569,0.7565542127652709,false,4233,114569,0.7565542127652709
4233,116228,0.762561481884527,false,4233,116228,0.762561481884527
4233,93035,0.899307015605545,false,4233,93035,0.899307015605545
4233,4883,0.9227305771128782,false,4233,4883,0.9227305771128782
4233,1528,0.7926615333531366,false,4233,1528,0.7926615333531366
4233,138428,0.9351391927992199,false,4233,138428,0.9351391927992199
4233,6523,0.9401242016808724,false,4233,6523,0.9401242016808724
4233,155465,0.9121183443902983,false,4233,155465,0.9121183443902983
4233,5225,0.8827848739856161,false,4233,5225,0.8827848739856161
4233,4128,0.9244679255443811,false,4233,4128,0.9244679255443811
4233,55892,0.957412032352802,false,4233,55892,0.957412032352802
4233,3249,0.8824002241532024,false,4233,3249,0.8824002241532024
4233,306,0.8787188327745272,false,4233,306,0.8787188327745272
4233,5265,0.8494040822230448,false,4233,5265,0.8494040822230448
4233,10568,0.8406527788299173,false,4233,10568,0.8406527788299173
4233,33,0.9251280540653741,false,4233,33,0.9251280540653741
4233,79838,0.8410421812371536,false,4233,79838,0.8410421812371536
4233,375612,0.8789355735299732,false,4233,375612,0.8789355735299732
4233,10529,0.9441825590650789,false,4233,10529,0.9441825590650789
4233,503640,0.8205783450083839,false,4233,503640,0.8205783450083839
4233,286207,0.9365471597567976,false,4233,286207,0.9365471597567976
4233,9914,0.8815885926265513,false,4233,9914,0.8815885926265513
4233,259290,0.8014815176115635,false,4233,259290,0.8014815176115635
4233,163720,0.8746457344424177,false,4233,163720,0.8746457344424177
4233,722,0.8918115238283588,false,4233,722,0.8918115238283588
4233,6751,0.8204331791401519,false,4233,6751,0.8204331791401519
4233,79908,0.9185550537486765,false,4233,79908,0.9185550537486765
4233,388323,0.9144740614277903,false,4233,388323,0.9144740614277903
4233,5625,0.7775865060329056,false,4233,5625,0.7775865060329056
4233,51185,0.9451134435092328,false,4233,51185,0.9451134435092328
4233,130367,0.9564616990768152,false,4233,130367,0.9564616990768152
4233,285335,0.9607215061762847,false,4233,285335,0.9607215061762847
4233,1910,0.8655103682421998,false,4233,1910,0.8655103682421998
4233,146177,0.8066533339131927,false,4233,146177,0.8066533339131927
4233,728226,0.8733086048245241,false,4233,728226,0.8733086048245241
4233,81615,0.8834873756291183,false,4233,81615,0.8834873756291183
4233,200373,0.964409058145444,false,4233,200373,0.964409058145444
4233,102723382,0.9449471002154357,false,4233,102723382,0.9449471002154357
4233,474354,0.9436901090620583,false,4233,474354,0.9436901090620583
4233,1040,0.8593700084210754,false,4233,1040,0.8593700084210754
4233,221395,0.7835044540572829,false,4233,221395,0.7835044540572829
4233,54842,0.8953349333399687,false,4233,54842,0.8953349333399687
4233,728643,0.982729148893598,false,4233,728643,0.982729148893598
4233,128602,0.8744131090728673,false,4233,128602,0.8744131090728673
4233,6103,0.7853699374702579,false,4233,6103,0.7853699374702579
4233,54997,0.8898203571457834,false,4233,54997,0.8898203571457834
4233,2595,0.8992764833524524,false,4233,2595,0.8992764833524524
4233,219790,0.83020934935677,false,4233,219790,0.83020934935677
4233,9223,0.8052165303301293,false,4233,9223,0.8052165303301293
4233,253970,0.9045487446838711,false,4233,253970,0.9045487446838711
4233,109136579,0.8503635935354132,false,4233,109136579,0.8503635935354132
4233,503645,0.9209474878480595,false,4233,503645,0.9209474878480595
4233,4070,0.8718516879694926,false,4233,4070,0.8718516879694926
4233,346007,0.9901112217874479,false,4233,346007,0.9901112217874479
4233,116984,0.9447680695971258,false,4233,116984,0.9447680695971258
4233,825,0.87923169454683,false,4233,825,0.87923169454683
4233,137872,0.9095551561607838,false,4233,137872,0.9095551561607838
4233,100033430,0.8284298131575434,false,4233,100033430,0.8284298131575434
4233,9196,0.9136761975453598,false,4233,9196,0.9136761975453598
4233,89765,0.7796249988342006,false,4233,89765,0.7796249988342006
4233,130271,0.7935194945752928,false,4233,130271,0.7935194945752928
4233,101927516,0.9482769401006023,false,4233,101927516,0.9482769401006023
4233,378938,0.8458731428921672,false,4233,378938,0.8458731428921672
4233,285,0.9454495366739754,false,4233,285,0.9454495366739754
4233,27074,0.9091888357169993,false,4233,27074,0.9091888357169993
4233,100996506,0.9318109567032417,false,4233,100996506,0.9318109567032417
4233,66002,0.9009958633086816,false,4233,66002,0.9009958633086816
4233,54848,0.8056680850783048,false,4233,54848,0.8056680850783048
4233,79632,0.9459558148198124,false,4233,79632,0.9459558148198124
4233,100505495,0.8880530165090706,false,4233,100505495,0.8880530165090706
4233,7620,0.8710115366936085,false,4233,7620,0.8710115366936085
4233,4179,0.856232775380424,false,4233,4179,0.856232775380424
4233,9476,0.8232275706167022,false,4233,9476,0.8232275706167022
4233,151531,0.8783248652936819,false,4233,151531,0.8783248652936819
4233,201625,0.8949238884644763,false,4233,201625,0.8949238884644763
4233,195814,0.7892518995134823,false,4233,195814,0.7892518995134823
4233,692058,0.9103088297364036,false,4233,692058,0.9103088297364036
4233,645843,0.8015103635442465,false,4233,645843,0.8015103635442465
4233,2122,0.9416183596304342,false,4233,2122,0.9416183596304342
4233,84059,0.9031592839528184,false,4233,84059,0.9031592839528184
4233,121512,0.902371260042919,false,4233,121512,0.902371260042919
4233,6097,0.872934937349149,false,4233,6097,0.872934937349149
4233,120892,0.9647103949331458,false,4233,120892,0.9647103949331458
4233,123624,0.9034344516953499,false,4233,123624,0.9034344516953499
4233,391253,0.890764089676941,false,4233,391253,0.890764089676941
4233,220136,0.7826586448705672,false,4233,220136,0.7826586448705672
4233,693188,0.9194599253685424,false,4233,693188,0.9194599253685424
4233,6799,0.7704957195984564,false,4233,6799,0.7704957195984564
4233,353189,0.9005947918319296,false,4233,353189,0.9005947918319296
4233,776,0.8739077154817105,false,4233,776,0.8739077154817105
4233,84851,0.9778086292107941,false,4233,84851,0.9778086292107941
4233,84525,0.827934605333679,false,4233,84525,0.827934605333679
4233,4861,0.8570137145153676,false,4233,4861,0.8570137145153676
4233,10203,0.9073870011605394,false,4233,10203,0.9073870011605394
4233,284323,0.7551733235573201,false,4233,284323,0.7551733235573201
4233,1080,0.9341313866525247,false,4233,1080,0.9341313866525247
4233,65217,0.8828668479431868,false,4233,65217,0.8828668479431868
4233,105372793,0.946380508208644,false,4233,105372793,0.946380508208644
4233,84765,0.808895787496705,false,4233,84765,0.808895787496705
4233,55282,0.7865274359344046,false,4233,55282,0.7865274359344046
4233,79098,0.8230274436552617,false,4233,79098,0.8230274436552617
4233,144535,0.941036247885747,false,4233,144535,0.941036247885747
4233,649946,0.9678884268933932,false,4233,649946,0.9678884268933932
4233,144571,0.8798125151915338,false,4233,144571,0.8798125151915338
4233,26298,0.9664639201505317,false,4233,26298,0.9664639201505317
4233,165186,0.8538429742584209,false,4233,165186,0.8538429742584209
4233,102465485,0.944997917298161,false,4233,102465485,0.944997917298161
4233,100033436,0.960665769207198,false,4233,100033436,0.960665769207198
55507,149465,0.7599734093649834,false,55507,149465,0.7599734093649834
55507,127733,0.7846679429655048,false,55507,127733,0.7846679429655048
55507,100996301,0.7746630489344714,false,55507,100996301,0.7746630489344714
55507,345895,0.7719627287443315,false,55507,345895,0.7719627287443315
55507,1636,0.8198699507702394,false,55507,1636,0.8198699507702394
55507,767566,0.777703655828399,false,55507,767566,0.777703655828399
55507,10917,0.9979478591121884,false,55507,10917,0.9979478591121884
55507,177,0.7895700345832999,false,55507,177,0.7895700345832999
55507,5555,0.7539360531824298,false,55507,5555,0.7539360531824298
55507,100129940,0.8695320776440186,false,55507,100129940,0.8695320776440186
55507,3240,0.770399799859682,false,55507,3240,0.770399799859682
55507,6332,0.7928357925144294,false,55507,6332,0.7928357925144294
55507,56892,0.758961516795434,false,55507,56892,0.758961516795434
55507,653082,0.9175886889570917,false,55507,653082,0.9175886889570917
55507,8091,0.8083655508564573,false,55507,8091,0.8083655508564573
55507,644649,0.7782791034627994,false,55507,644649,0.7782791034627994
55507,7356,0.785463469273966,false,55507,7356,0.785463469273966
55507,85349,0.7550085163641337,false,55507,85349,0.7550085163641337
55507,79148,0.7800092118382996,false,55507,79148,0.7800092118382996
55507,728276,0.7942862445464461,false,55507,728276,0.7942862445464461
55507,27022,0.7757237005940906,false,55507,27022,0.7757237005940906
55507,6101,0.7900930856631242,false,55507,6101,0.7900930856631242
55507,6532,0.7977629808735557,false,55507,6532,0.7977629808735557
55507,256076,0.7927140316311837,false,55507,256076,0.7927140316311837
55507,105,0.852285465629521,false,55507,105,0.852285465629521
55507,57477,0.8446863023071917,false,55507,57477,0.8446863023071917
79188,93035,0.7676444538915908,false,79188,93035,0.7676444538915908
79188,4883,0.7595949291587654,false,79188,4883,0.7595949291587654
79188,138428,0.8329827247360106,false,79188,138428,0.8329827247360106
79188,6523,0.8117979717429865,false,79188,6523,0.8117979717429865
79188,155465,0.7832593569649917,false,79188,155465,0.7832593569649917
79188,55892,0.8108917588677665,false,79188,55892,0.8108917588677665
79188,3249,0.7505551272887147,false,79188,3249,0.7505551272887147
79188,33,0.7939063121500919,false,79188,33,0.7939063121500919
79188,9914,0.7547646191380978,false,79188,9914,0.7547646191380978
79188,388323,0.8095590273426472,false,79188,388323,0.8095590273426472
79188,51185,0.8550430808379312,false,79188,51185,0.8550430808379312
79188,81615,0.7549665688017367,false,79188,81615,0.7549665688017367
79188,102723382,0.9083335066680597,false,79188,102723382,0.9083335066680597
79188,474354,0.7573358515023433,false,79188,474354,0.7573358515023433
79188,1040,0.8373419869178941,false,79188,1040,0.8373419869178941
79188,346007,0.8068848886641485,false,79188,346007,0.8068848886641485
79188,825,0.7681354479959241,false,79188,825,0.7681354479959241
79188,101927516,0.7969531357018266,false,79188,101927516,0.7969531357018266
79188,285,0.8087700329512646,false,79188,285,0.8087700329512646
79188,100996506,0.8113988678757732,false,79188,100996506,0.8113988678757732
79188,100505495,0.7609994483785784,false,79188,100505495,0.7609994483785784
79188,4179,0.8301757153499207,false,79188,4179,0.8301757153499207
79188,123624,0.7533279576398356,false,79188,123624,0.7533279576398356
79188,391253,0.798615784020778,false,79188,391253,0.798615784020778
79188,220136,0.8484011097429442,false,79188,220136,0.8484011097429442
79188,693188,0.801935202342796,false,79188,693188,0.801935202342796
79188,84851,0.820043214139172,false,79188,84851,0.820043214139172
79188,105372793,0.8260019647028333,false,79188,105372793,0.8260019647028333
79188,649946,0.7661221143749504,false,79188,649946,0.7661221143749504
79188,144571,0.8407336853120495,false,79188,144571,0.8407336853120495
79188,26298,0.773360668976532,false,79188,26298,0.773360668976532
79188,102465485,0.8453949340837047,false,79188,102465485,0.8453949340837047
79188,100033436,0.8368740486151284,false,79188,100033436,0.8368740486151284
9365,51554,0.9863825039978079,false,9365,51554,0.9863825039978079
9365,79977,0.8787291508950662,false,9365,79977,0.8787291508950662
9365,9208,0.8863504714495125,false,9365,9208,0.8863504714495125
9365,277,0.8902088963674721,false,9365,277,0.8902088963674721
9365,80736,0.9342440483583534,false,9365,80736,0.9342440483583534
9365,100302170,0.8219982794621247,false,9365,100302170,0.8219982794621247
9365,51365,0.776417439396884,false,9365,51365,0.776417439396884
9365,7225,0.9042215843928377,false,9365,7225,0.9042215843928377
9365,27134,0.7968572157404177,false,9365,27134,0.7968572157404177
9365,3248,0.9284757368233162,false,9365,3248,0.9284757368233162
9365,255189,0.9431303458259356,false,9365,255189,0.9431303458259356
9365,10103,0.8162265166808587,false,9365,10103,0.8162265166808587
9365,3856,0.9845158136698805,false,9365,3856,0.9845158136698805
9365,1048,0.8229831841295397,false,9365,1048,0.8229831841295397
9365,100419743,0.8229636712546061,false,9365,100419743,0.8229636712546061
9365,3983,0.9183242200651448,false,9365,3983,0.9183242200651448
9365,3694,0.7613784954670976,false,9365,3694,0.7613784954670976
9365,285989,0.935885044255781,false,9365,285989,0.935885044255781
9365,2627,0.9305271908800821,false,9365,2627,0.9305271908800821
9365,1555,0.8442040553347717,false,9365,1555,0.8442040553347717
9365,57528,0.8157952976104176,false,9365,57528,0.8157952976104176
9365,201456,0.9100576088403612,false,9365,201456,0.9100576088403612
9365,57186,0.8917959542385777,false,9365,57186,0.8917959542385777
9365,102723508,0.9226858943766224,false,9365,102723508,0.9226858943766224
9365,100506658,0.896962237966097,false,9365,100506658,0.896962237966097
9365,168090,0.7568782739796525,false,9365,168090,0.7568782739796525
9365,341676,0.9052302078893353,false,9365,341676,0.9052302078893353
9365,10595,0.9389063236313249,false,9365,10595,0.9389063236313249
9365,4583,0.8236912880195655,false,9365,4583,0.8236912880195655
9365,55567,0.8248287663539217,false,9365,55567,0.8248287663539217
9365,5961,0.9708707665177907,false,9365,5961,0.9708707665177907
9365,692072,0.850166687417629,false,9365,692072,0.850166687417629
9365,55808,0.833073498893859,false,9365,55808,0.833073498893859
9365,999,0.9248529719075078,false,9365,999,0.9248529719075078
9365,126353,0.7534390438266658,false,9365,126353,0.7534390438266658
9365,26226,0.968229606565802,false,9365,26226,0.968229606565802
9365,388743,0.8294187305801699,false,9365,388743,0.8294187305801699
9365,340267,0.9630408122260165,false,9365,340267,0.9630408122260165
9365,200879,0.8320221367931524,false,9365,200879,0.8320221367931524
9365,1510,0.8170805360689909,false,9365,1510,0.8170805360689909
9365,441251,0.7853528657331464,false,9365,441251,0.7853528657331464
9365,6337,0.8916604669229647,false,9365,6337,0.8916604669229647
9365,5284,0.8746618919960388,false,9365,5284,0.8746618919960388
9365,57669,0.875571253862936,false,9365,57669,0.875571253862936
9365,57111,0.8461345108689331,false,9365,57111,0.8461345108689331
9365,278,0.7926233579249315,false,9365,278,0.7926233579249315
9365,116844,0.989088937118171,false,9365,116844,0.989088937118171
9365,10129,0.8792027021844425,false,9365,10129,0.8792027021844425
9365,4586,0.8233570798032994,false,9365,4586,0.8233570798032994
9365,10551,0.8317160620130818,false,9365,10551,0.8317160620130818
9365,688,0.8824913592734647,false,9365,688,0.8824913592734647
9365,54897,0.8906875856365021,false,9365,54897,0.8906875856365021
9365,117155,0.9231558302807855,false,9365,117155,0.9231558302807855
9365,112268155,0.90120625895549,false,9365,112268155,0.90120625895549
9365,1152,0.9105719822211067,false,9365,1152,0.9105719822211067
9365,79083,0.8510401170469462,false,9365,79083,0.8510401170469462
9365,1556,0.9551052068045656,false,9365,1556,0.9551052068045656
9365,55930,0.8323654188547003,false,9365,55930,0.8323654188547003
9365,22996,0.8613886403201424,false,9365,22996,0.8613886403201424
9365,7113,0.8284528369211636,false,9365,7113,0.8284528369211636
9365,54861,0.9560348858909773,false,9365,54861,0.9560348858909773
9365,222256,0.9788751050120609,false,9365,222256,0.9788751050120609
9365,100529240,0.8005856492100528,false,9365,100529240,0.8005856492100528
9365,113218482,0.9204515635488291,false,9365,113218482,0.9204515635488291
9365,647024,0.9074405517033464,false,9365,647024,0.9074405517033464
9365,255928,0.7926342115403135,false,9365,255928,0.7926342115403135
9365,115019,0.8730471632079202,false,9365,115019,0.8730471632079202
9365,1043,0.8247599812692209,false,9365,1043,0.8247599812692209
9365,276,0.765664563927812,false,9365,276,0.765664563927812
9365,168374,0.8387741492556872,false,9365,168374,0.8387741492556872
9365,83481,0.9221429693352584,false,9365,83481,0.9221429693352584
9365,143884,0.7610089419597426,false,9365,143884,0.7610089419597426
9365,1579,0.8023529906291674,false,9365,1579,0.8023529906291674
9365,80004,0.8583088434405616,false,9365,80004,0.8583088434405616
9365,3993,0.807362488116109,false,9365,3993,0.807362488116109
9365,164312,0.7903453372067792,false,9365,164312,0.7903453372067792
9365,84239,0.8521092468506434,false,9365,84239,0.8521092468506434
9365,135656,0.8236274808706175,false,9365,135656,0.8236274808706175
9365,3880,0.9489619709482325,false,9365,3880,0.9489619709482325
9365,94059,0.7710809398854614,false,9365,94059,0.7710809398854614
9365,100129460,0.8301211476846717,false,9365,100129460,0.8301211476846717
9365,23584,0.8987079310167176,false,9365,23584,0.8987079310167176
9365,153643,0.959677179133235,false,9365,153643,0.959677179133235
9365,112268422,0.8639417734722449,false,9365,112268422,0.8639417734722449
9365,259294,0.7785908901922993,false,9365,259294,0.7785908901922993
9365,2266,0.7976408676210135,false,9365,2266,0.7976408676210135
9365,745,0.9285384434770443,false,9365,745,0.9285384434770443
401492,401089,0.9645238604313051,false,401492,401089,0.9645238604313051
401492,29895,0.9968879359384186,false,401492,29895,0.9968879359384186
401492,11081,0.9947622550939237,false,401492,11081,0.9947622550939237
401492,4062,0.9995984719672028,false,401492,4062,0.9995984719672028
401492,7125,0.999822249944152,false,401492,7125,0.999822249944152
401492,3229,0.9997224075243705,false,401492,3229,0.9997224075243705
401492,7060,0.9995456674243375,false,401492,7060,0.9995456674243375
401492,54112,0.9999162760727465,false,401492,54112,0.9999162760727465
401492,4892,0.9947949609216832,false,401492,4892,0.9947949609216832
401492,3207,0.8841611390980624,false,401492,3207,0.8841611390980624
401492,105369937,0.9999162760727462,false,401492,105369937,0.9999162760727462
401492,107984498,0.999553472678312,false,401492,107984498,0.999553472678312
401492,284111,0.9981388779044386,false,401492,284111,0.9981388779044386
401492,10331,0.8065940176619464,false,401492,10331,0.8065940176619464
401492,128674,0.9999162760727462,false,401492,128674,0.9999162760727462
401492,101928580,0.955305515832091,false,401492,101928580,0.955305515832091
401492,57110,0.9996377165889788,false,401492,57110,0.9996377165889788
401492,646480,0.9044390326754803,false,401492,646480,0.9044390326754803
401492,4606,0.9996310023395797,false,401492,4606,0.9996310023395797
114569,4629,0.9131457831940581,false,114569,4629,0.9131457831940581
114569,222389,0.8691858284365942,false,114569,222389,0.8691858284365942
114569,8436,0.9352473178577095,false,114569,8436,0.9352473178577095
114569,5225,0.8631492131676307,false,114569,5225,0.8631492131676307
114569,306,0.8740325675468994,false,114569,306,0.8740325675468994
114569,79838,0.7926323373024339,false,114569,79838,0.7926323373024339
114569,9914,0.7695123175497052,false,114569,9914,0.7695123175497052
114569,57530,0.8300738945219492,false,114569,57530,0.8300738945219492
114569,142827,0.8230722205559239,false,114569,142827,0.8230722205559239
114569,163720,0.8434695566417253,false,114569,163720,0.8434695566417253
114569,10579,0.9433051347657868,false,114569,10579,0.9433051347657868
114569,130367,0.7863951047503656,false,114569,130367,0.7863951047503656
114569,7080,0.7975995516174758,false,114569,7080,0.7975995516174758
114569,6439,0.7640338386749086,false,114569,6439,0.7640338386749086
114569,1910,0.9368520468176577,false,114569,1910,0.9368520468176577
114569,81615,0.7689469527679517,false,114569,81615,0.7689469527679517
114569,1040,0.8555397548649982,false,114569,1040,0.8555397548649982
114569,54842,0.8746862054494065,false,114569,54842,0.8746862054494065
114569,728643,0.8143388651843222,false,114569,728643,0.8143388651843222
114569,102723552,0.873058097408102,false,114569,102723552,0.873058097408102
114569,6103,0.8685113058207097,false,114569,6103,0.8685113058207097
114569,2595,0.7877858275184174,false,114569,2595,0.7877858275184174
114569,115677,0.7780297145745402,false,114569,115677,0.7780297145745402
114569,64073,0.7562254429492659,false,114569,64073,0.7562254429492659
114569,253970,0.7982924790051619,false,114569,253970,0.7982924790051619
114569,503645,0.8386511632745781,false,114569,503645,0.8386511632745781
114569,116984,0.8258802882499562,false,114569,116984,0.8258802882499562
114569,3875,0.9811992946957231,false,114569,3875,0.9811992946957231
114569,4680,0.8655436816770442,false,114569,4680,0.8655436816770442
114569,441251,0.8137388704692932,false,114569,441251,0.8137388704692932
114569,130271,0.8902446703038468,false,114569,130271,0.8902446703038468
114569,27074,0.8156950374406453,false,114569,27074,0.8156950374406453
114569,79632,0.8709425726598273,false,114569,79632,0.8709425726598273
114569,26084,0.9631609691637723,false,114569,26084,0.9631609691637723
114569,117156,0.7882327703346589,false,114569,117156,0.7882327703346589
114569,201625,0.7502141754385274,false,114569,201625,0.7502141754385274
114569,195814,0.8655592744946807,false,114569,195814,0.8655592744946807
114569,645843,0.7935019653577572,false,114569,645843,0.7935019653577572
114569,84059,0.8982697318762962,false,114569,84059,0.8982697318762962
114569,120892,0.8322036364658376,false,114569,120892,0.8322036364658376
114569,6799,0.8452580517155801,false,114569,6799,0.8452580517155801
114569,57402,0.9299105651991173,false,114569,57402,0.9299105651991173
114569,780,0.9249009656289165,false,114569,780,0.9249009656289165
114569,84525,0.8284767051397801,false,114569,84525,0.8284767051397801
114569,7433,0.8742466448372956,false,114569,7433,0.8742466448372956
114569,1080,0.8578997244907247,false,114569,1080,0.8578997244907247
114569,1286,0.9411263340899138,false,114569,1286,0.9411263340899138
114569,653509,0.7723264976037169,false,114569,653509,0.7723264976037169
114569,144535,0.8403863407941594,false,114569,144535,0.8403863407941594
114569,649946,0.8554356557615269,false,114569,649946,0.8554356557615269
114569,102465485,0.7514660856887526,false,114569,102465485,0.7514660856887526
114569,440352,0.7703566426963432,false,114569,440352,0.7703566426963432
149465,9173,0.9939259294224798,false,149465,9173,0.9939259294224798
149465,127733,0.9709911169439156,false,149465,127733,0.9709911169439156
149465,100996301,0.9528782639112594,false,149465,100996301,0.9528782639112594
149465,345895,0.9807416612541453,false,149465,345895,0.9807416612541453
149465,767566,0.9557788909093938,false,149465,767566,0.9557788909093938
149465,22941,0.8618057059957552,false,149465,22941,0.8618057059957552
149465,177,0.7628251535580672,false,149465,177,0.7628251535580672
149465,5555,0.9755048423225025,false,149465,5555,0.9755048423225025
149465,142827,0.8166497263118099,false,149465,142827,0.8166497263118099
149465,146556,0.7538283811358605,false,149465,146556,0.7538283811358605
149465,85452,0.8381594413423461,false,149465,85452,0.8381594413423461
149465,1906,0.9595664571338224,false,149465,1906,0.9595664571338224
149465,3240,0.9914284771017248,false,149465,3240,0.9914284771017248
149465,102723552,0.7664961890592524,false,149465,102723552,0.7664961890592524
149465,56892,0.9928630407620752,false,149465,56892,0.9928630407620752
149465,653082,0.8812154214715828,false,149465,653082,0.8812154214715828
149465,644649,0.9536816296959933,false,149465,644649,0.9536816296959933
149465,7356,0.9344265477827449,false,149465,7356,0.9344265477827449
149465,109729127,0.8755103086006093,false,149465,109729127,0.8755103086006093
149465,400578,0.9875240097387062,false,149465,400578,0.9875240097387062
149465,85349,0.985657805900731,false,149465,85349,0.985657805900731
149465,728276,0.9610835034683818,false,149465,728276,0.9610835034683818
149465,27022,0.9539022304873427,false,149465,27022,0.9539022304873427
149465,6101,0.9172891433599437,false,149465,6101,0.9172891433599437
149465,105,0.9481980422610624,false,149465,105,0.9481980422610624
149465,5349,0.7729107066795335,false,149465,5349,0.7729107066795335
149465,7433,0.7733175234036054,false,149465,7433,0.7733175234036054
149465,100129460,0.7962920499269444,false,149465,100129460,0.7962920499269444
149465,3855,0.8808242444072033,false,149465,3855,0.8808242444072033
158798,105374373,0.9226068712801099,false,158798,105374373,0.9226068712801099
158798,253982,0.8982919716235404,false,158798,253982,0.8982919716235404
158798,284266,0.8502738578265884,false,158798,284266,0.8502738578265884
158798,2696,0.929710454856622,false,158798,2696,0.929710454856622
158798,54084,0.9371723359164086,false,158798,54084,0.9371723359164086
158798,100129940,0.7636447617631965,false,158798,100129940,0.7636447617631965
158798,339983,0.8919611317069797,false,158798,339983,0.8919611317069797
158798,7473,0.9804446697708404,false,158798,7473,0.9804446697708404
158798,1180,0.8831540480697154,false,158798,1180,0.8831540480697154
158798,57524,0.961841913143441,false,158798,57524,0.961841913143441
158798,256076,0.8567474258255934,false,158798,256076,0.8567474258255934
158798,140766,0.7661782295073224,false,158798,140766,0.7661782295073224
158798,284680,0.9316879574564756,false,158798,284680,0.9316879574564756
158798,128218,0.8651825509494913,false,158798,128218,0.8651825509494913
158798,105373265,0.9249073941675946,false,158798,105373265,0.9249073941675946
158798,9211,0.888699320322654,false,158798,9211,0.888699320322654
158798,440590,0.9475290975788239,false,158798,440590,0.9475290975788239
51554,79977,0.8985827782002941,false,51554,79977,0.8985827782002941
51554,9208,0.8808334578416431,false,51554,9208,0.8808334578416431
51554,112268252,0.7872545146293471,false,51554,112268252,0.7872545146293471
51554,277,0.9198507059097074,false,51554,277,0.9198507059097074
51554,163131,0.7918859101234172,false,51554,163131,0.7918859101234172
51554,80736,0.9165835452279999,false,51554,80736,0.9165835452279999
51554,25901,0.781012063811995,false,51554,25901,0.781012063811995
51554,100302170,0.8676439278041265,false,51554,100302170,0.8676439278041265
51554,51365,0.8243110499252979,false,51554,51365,0.8243110499252979
51554,7225,0.9213654224843012,false,51554,7225,0.9213654224843012
51554,27134,0.8410994132024477,false,51554,27134,0.8410994132024477
51554,4582,0.799188279871517,false,51554,4582,0.799188279871517
51554,3248,0.9491996866033265,false,51554,3248,0.9491996866033265
51554,255189,0.954412467478727,false,51554,255189,0.954412467478727
51554,641384,0.806092852920871,false,51554,641384,0.806092852920871
51554,100130449,0.7760219032048907,false,51554,100130449,0.7760219032048907
51554,10103,0.8536232504272112,false,51554,10103,0.8536232504272112
51554,3856,0.9778469899664266,false,51554,3856,0.9778469899664266
51554,1048,0.8712480388514654,false,51554,1048,0.8712480388514654
51554,100419743,0.8712388337336192,false,51554,100419743,0.8712388337336192
51554,3983,0.9381063629886388,false,51554,3983,0.9381063629886388
51554,3694,0.8018895716802799,false,51554,3694,0.8018895716802799
51554,285989,0.9576145114226513,false,51554,285989,0.9576145114226513
51554,2627,0.9413602384638103,false,51554,2627,0.9413602384638103
51554,1555,0.8843078471193048,false,51554,1555,0.8843078471193048
51554,57528,0.8778060261892631,false,51554,57528,0.8778060261892631
51554,201456,0.9394471953012239,false,51554,201456,0.9394471953012239
51554,57186,0.878541855181968,false,51554,57186,0.878541855181968
51554,102723508,0.9581960436414645,false,51554,102723508,0.9581960436414645
51554,100506658,0.8728584562233621,false,51554,100506658,0.8728584562233621
51554,341676,0.9305746045631151,false,51554,341676,0.9305746045631151
51554,148213,0.7934635333440305,false,51554,148213,0.7934635333440305
51554,10595,0.9561833115741725,false,51554,10595,0.9561833115741725
51554,4583,0.8780489266408996,false,51554,4583,0.8780489266408996
51554,55567,0.8476347918795663,false,51554,55567,0.8476347918795663
51554,5961,0.9571871490230722,false,51554,5961,0.9571871490230722
51554,7851,0.8120395229179749,false,51554,7851,0.8120395229179749
51554,692072,0.9165947995837734,false,51554,692072,0.9165947995837734
51554,55808,0.8751638255637232,false,51554,55808,0.8751638255637232
51554,999,0.9428174013824049,false,51554,999,0.9428174013824049
51554,126353,0.8177476183598893,false,51554,126353,0.8177476183598893
51554,26226,0.9733500519094396,false,51554,26226,0.9733500519094396
51554,388743,0.8821319039002664,false,51554,388743,0.8821319039002664
51554,1577,0.8229230877833951,false,51554,1577,0.8229230877833951
51554,340267,0.9827220696077795,false,51554,340267,0.9827220696077795
51554,200879,0.8783565262037798,false,51554,200879,0.8783565262037798
51554,1510,0.8653327433700212,false,51554,1510,0.8653327433700212
51554,441251,0.8241340146828848,false,51554,441251,0.8241340146828848
51554,102723849,0.762425188386481,false,51554,102723849,0.762425188386481
51554,6337,0.8524608915093561,false,51554,6337,0.8524608915093561
51554,5284,0.8864751907548898,false,51554,5284,0.8864751907548898
51554,57669,0.8676808354784572,false,51554,57669,0.8676808354784572
51554,57111,0.8856365587307696,false,51554,57111,0.8856365587307696
51554,278,0.7919871557416636,false,51554,278,0.7919871557416636
51554,116844,0.9744843435034767,false,51554,116844,0.9744843435034767
51554,10129,0.8978866135675043,false,51554,10129,0.8978866135675043
51554,4586,0.8714796454183781,false,51554,4586,0.8714796454183781
51554,10551,0.8763987175724544,false,51554,10551,0.8763987175724544
51554,688,0.8926138409549822,false,51554,688,0.8926138409549822
51554,54897,0.8665717713894352,false,51554,54897,0.8665717713894352
51554,117155,0.9549407248676908,false,51554,117155,0.9549407248676908
51554,112268155,0.9410228456099982,false,51554,112268155,0.9410228456099982
51554,1152,0.9245102119556383,false,51554,1152,0.9245102119556383
51554,79083,0.8917591414085346,false,51554,79083,0.8917591414085346
51554,1556,0.9717737533789397,false,51554,1556,0.9717737533789397
51554,55930,0.8659035313529837,false,51554,55930,0.8659035313529837
51554,22996,0.8656973332661854,false,51554,22996,0.8656973332661854
51554,7113,0.8808615476924282,false,51554,7113,0.8808615476924282
51554,54861,0.9320162191274343,false,51554,54861,0.9320162191274343
51554,222256,0.9610381771444031,false,51554,222256,0.9610381771444031
51554,100529240,0.8381854714231658,false,51554,100529240,0.8381854714231658
51554,113218482,0.948837960827244,false,51554,113218482,0.948837960827244
51554,647024,0.923103239843981,false,51554,647024,0.923103239843981
51554,255928,0.842385454747957,false,51554,255928,0.842385454747957
51554,8537,0.8120196183191343,false,51554,8537,0.8120196183191343
51554,10018,0.798612544716004,false,51554,10018,0.798612544716004
51554,115019,0.923188338200965,false,51554,115019,0.923188338200965
51554,1043,0.854560206391156,false,51554,1043,0.854560206391156
51554,276,0.7566057494086337,false,51554,276,0.7566057494086337
51554,168374,0.8984315911181919,false,51554,168374,0.8984315911181919
51554,83481,0.8807841166424039,false,51554,83481,0.8807841166424039
51554,143884,0.8339337970550045,false,51554,143884,0.8339337970550045
51554,80004,0.8924282718670421,false,51554,80004,0.8924282718670421
51554,3993,0.846067471903303,false,51554,3993,0.846067471903303
51554,389852,0.8146727566313944,false,51554,389852,0.8146727566313944
51554,164312,0.8264378916703863,false,51554,164312,0.8264378916703863
51554,84239,0.8736671608843521,false,51554,84239,0.8736671608843521
51554,2065,0.7902841249130027,false,51554,2065,0.7902841249130027
51554,135656,0.8719809017105177,false,51554,135656,0.8719809017105177
51554,3880,0.9128704784738592,false,51554,3880,0.9128704784738592
51554,94059,0.8039732187625727,false,51554,94059,0.8039732187625727
51554,3960,0.7826926167439179,false,51554,3960,0.7826926167439179
51554,100129460,0.7601257082617272,false,51554,100129460,0.7601257082617272
51554,23584,0.9278692894421562,false,51554,23584,0.9278692894421562
51554,153643,0.9735355536058264,false,51554,153643,0.9735355536058264
51554,112268422,0.8714902943388126,false,51554,112268422,0.8714902943388126
51554,259294,0.8480511510340426,false,51554,259294,0.8480511510340426
51554,2266,0.8335653821263698,false,51554,2266,0.8335653821263698
51554,745,0.9450923679535208,false,51554,745,0.9450923679535208
51554,440352,0.7777009001867886,false,51554,440352,0.7777009001867886
55329,116228,0.8332138925253149,false,55329,116228,0.8332138925253149
55329,79977,0.7861166025067594,false,55329,79977,0.7861166025067594
55329,277,0.8295340906469849,false,55329,277,0.8295340906469849
55329,163131,0.8955605847280919,false,55329,163131,0.8955605847280919
55329,25901,0.9240168182052292,false,55329,25901,0.9240168182052292
55329,100302170,0.7995127837998713,false,55329,100302170,0.7995127837998713
55329,654412,0.889182404129189,false,55329,654412,0.889182404129189
55329,5340,0.9572980353123777,false,55329,5340,0.9572980353123777
55329,4582,0.88514373413057,false,55329,4582,0.88514373413057
55329,641384,0.9085448677035429,false,55329,641384,0.9085448677035429
55329,100130449,0.9379785518965174,false,55329,100130449,0.9379785518965174
55329,79838,0.8610571825119988,false,55329,79838,0.8610571825119988
55329,285989,0.7689607360285257,false,55329,285989,0.7689607360285257
55329,503640,0.8648738570120486,false,55329,503640,0.8648738570120486
55329,259290,0.9237720094387192,false,55329,259290,0.9237720094387192
55329,57528,0.8129312607357111,false,55329,57528,0.8129312607357111
55329,5544,0.8085095557796953,false,55329,5544,0.8085095557796953
55329,285335,0.7744284404388088,false,55329,285335,0.7744284404388088
55329,9356,0.8728290281727084,false,55329,9356,0.8728290281727084
55329,641776,0.9055836323331943,false,55329,641776,0.9055836323331943
55329,148213,0.9274592631293794,false,55329,148213,0.9274592631293794
55329,4583,0.8754058629246931,false,55329,4583,0.8754058629246931
55329,55567,0.7775957544519944,false,55329,55567,0.7775957544519944
55329,79848,0.7693795122380932,false,55329,79848,0.7693795122380932
55329,7851,0.8592815555289295,false,55329,7851,0.8592815555289295
55329,109136579,0.9139039943345973,false,55329,109136579,0.9139039943345973
55329,126353,0.7991458710501477,false,55329,126353,0.7991458710501477
55329,64332,0.8400733102183717,false,55329,64332,0.8400733102183717
55329,388743,0.7704477378828146,false,55329,388743,0.7704477378828146
55329,1577,0.8693527030070809,false,55329,1577,0.8693527030070809
55329,100033430,0.7869745531599939,false,55329,100033430,0.7869745531599939
55329,102723849,0.8432272898094098,false,55329,102723849,0.8432272898094098
55329,5284,0.80131543374929,false,55329,5284,0.80131543374929
55329,619383,0.9715356590577344,false,55329,619383,0.9715356590577344
55329,89765,0.754582825850372,false,55329,89765,0.754582825850372
55329,278,0.7701366334046063,false,55329,278,0.7701366334046063
55329,10129,0.821287455421541,false,55329,10129,0.821287455421541
55329,378938,0.9153196029965677,false,55329,378938,0.9153196029965677
55329,5545,0.8339899663642522,false,55329,5545,0.8339899663642522
55329,112268155,0.7503871950133085,false,55329,112268155,0.7503871950133085
55329,4585,0.8225215400631714,false,55329,4585,0.8225215400631714
55329,55930,0.8417359495325538,false,55329,55930,0.8417359495325538
55329,7620,0.7888910244370019,false,55329,7620,0.7888910244370019
55329,7113,0.7630235914546829,false,55329,7113,0.7630235914546829
55329,105180391,0.8873838047697361,false,55329,105180391,0.8873838047697361
55329,10018,0.9481515381043817,false,55329,10018,0.9481515381043817
55329,115019,0.7741649163262828,false,55329,115019,0.7741649163262828
55329,201625,0.7552910770210206,false,55329,201625,0.7552910770210206
55329,105180390,0.9085765169252884,false,55329,105180390,0.9085765169252884
55329,1043,0.8604204715554518,false,55329,1043,0.8604204715554518
55329,692058,0.8643675207548522,false,55329,692058,0.8643675207548522
55329,168374,0.8128054515001631,false,55329,168374,0.8128054515001631
55329,645843,0.860128275207324,false,55329,645843,0.860128275207324
55329,143884,0.894809730169019,false,55329,143884,0.894809730169019
55329,121512,0.7665122241264619,false,55329,121512,0.7665122241264619
55329,3993,0.7985511457713025,false,55329,3993,0.7985511457713025
55329,389852,0.8419374366612918,false,55329,389852,0.8419374366612918
55329,342892,0.8103135444617797,false,55329,342892,0.8103135444617797
55329,2065,0.8863550615549115,false,55329,2065,0.8863550615549115
55329,94059,0.9098580283548678,false,55329,94059,0.9098580283548678
55329,26769,0.8054234343456594,false,55329,26769,0.8054234343456594
55329,3960,0.8856172837884422,false,55329,3960,0.8856172837884422
55329,284323,0.8549584283924824,false,55329,284323,0.8549584283924824
55329,65217,0.7889536055416588,false,55329,65217,0.7889536055416588
55329,692213,0.9619273558961575,false,55329,692213,0.9619273558961575
55329,259294,0.8697097554288111,false,55329,259294,0.8697097554288111
9173,127733,0.9707808159596463,false,9173,127733,0.9707808159596463
9173,100996301,0.9647347980688894,false,9173,100996301,0.9647347980688894
9173,345895,0.973047651864936,false,9173,345895,0.973047651864936
9173,767566,0.9664744881454775,false,9173,767566,0.9664744881454775
9173,22941,0.8624161905649657,false,9173,22941,0.8624161905649657
9173,5555,0.9774540785753768,false,9173,5555,0.9774540785753768
9173,142827,0.8365192892385068,false,9173,142827,0.8365192892385068
9173,85452,0.7938119680945318,false,9173,85452,0.7938119680945318
9173,1906,0.9578951704434694,false,9173,1906,0.9578951704434694
9173,3240,0.9888263064329295,false,9173,3240,0.9888263064329295
9173,102723552,0.7895197569023799,false,9173,102723552,0.7895197569023799
9173,56892,0.9903462265554928,false,9173,56892,0.9903462265554928
9173,653082,0.86111362192569,false,9173,653082,0.86111362192569
9173,644649,0.9629644220038286,false,9173,644649,0.9629644220038286
9173,7356,0.9003989555751383,false,9173,7356,0.9003989555751383
9173,109729127,0.8698561707978383,false,9173,109729127,0.8698561707978383
9173,400578,0.9959383787172892,false,9173,400578,0.9959383787172892
9173,85349,0.9951798003218206,false,9173,85349,0.9951798003218206
9173,728276,0.958982596862325,false,9173,728276,0.958982596862325
9173,27022,0.9653712634892835,false,9173,27022,0.9653712634892835
9173,6101,0.9119870106493247,false,9173,6101,0.9119870106493247
9173,105,0.9492225035753437,false,9173,105,0.9492225035753437
9173,7433,0.7876285659890379,false,9173,7433,0.7876285659890379
9173,100129460,0.8126491016539037,false,9173,100129460,0.8126491016539037
9173,3855,0.8701307998655318,false,9173,3855,0.8701307998655318
116228,4883,0.842403424656231,false,116228,4883,0.842403424656231
116228,79838,0.8308281093534808,false,116228,79838,0.8308281093534808
116228,10529,0.8280994287677629,false,116228,10529,0.8280994287677629
116228,286207,0.8207064240868783,false,116228,286207,0.8207064240868783
116228,259290,0.8701791491181831,false,116228,259290,0.8701791491181831
116228,28984,0.8469677955155587,false,116228,28984,0.8469677955155587
116228,51185,0.8154065807343889,false,116228,51185,0.8154065807343889
116228,285335,0.7680370866608311,false,116228,285335,0.7680370866608311
116228,6103,0.7970751392893158,false,116228,6103,0.7970751392893158
116228,79848,0.9010064341158954,false,116228,79848,0.9010064341158954
116228,109136579,0.8392207539084079,false,116228,109136579,0.8392207539084079
116228,619383,0.9284388571139549,false,116228,619383,0.9284388571139549
116228,278,0.8369730007806734,false,116228,278,0.8369730007806734
116228,100158262,0.8383099144364299,false,116228,100158262,0.8383099144364299
116228,378938,0.8375788318185272,false,116228,378938,0.8375788318185272
116228,4585,0.9590658176880356,false,116228,4585,0.9590658176880356
116228,1604,0.7652761034084311,false,116228,1604,0.7652761034084311
116228,201625,0.9189890227696209,false,116228,201625,0.9189890227696209
116228,276,0.8457318797666654,false,116228,276,0.8457318797666654
116228,692058,0.8267308959444296,false,116228,692058,0.8267308959444296
116228,645843,0.7772441559178109,false,116228,645843,0.7772441559178109
116228,342892,0.937059873179788,false,116228,342892,0.937059873179788
116228,94059,0.7616285319225978,false,116228,94059,0.7616285319225978
116228,26769,0.7896748163198528,false,116228,26769,0.7896748163198528
116228,4069,0.8870592476364894,false,116228,4069,0.8870592476364894
116228,692213,0.754667166953613,false,116228,692213,0.754667166953613
116228,79740,0.7817014416924798,false,116228,79740,0.7817014416924798
93035,4883,0.7765389698348778,false,93035,4883,0.7765389698348778
93035,1528,0.9623920523649881,false,93035,1528,0.9623920523649881
93035,138428,0.8591232776825654,false,93035,138428,0.8591232776825654
93035,6523,0.9721559797448547,false,93035,6523,0.9721559797448547
93035,155465,0.9976626051707855,false,93035,155465,0.9976626051707855
93035,5225,0.8860848193433851,false,93035,5225,0.8860848193433851
93035,4128,0.9665077699201315,false,93035,4128,0.9665077699201315
93035,55892,0.9573541653991329,false,93035,55892,0.9573541653991329
93035,3249,0.9970134998175271,false,93035,3249,0.9970134998175271
93035,306,0.9008357440371194,false,93035,306,0.9008357440371194
93035,5265,0.9237999652317663,false,93035,5265,0.9237999652317663
93035,10568,0.9209483364713859,false,93035,10568,0.9209483364713859
93035,33,0.993463764247607,false,93035,33,0.993463764247607
93035,375612,0.9977544066172079,false,93035,375612,0.9977544066172079
93035,10529,0.775115211094771,false,93035,10529,0.775115211094771
93035,503640,0.7653848082030447,false,93035,503640,0.7653848082030447
93035,286207,0.761355035611193,false,93035,286207,0.761355035611193
93035,9914,0.956198470708883,false,93035,9914,0.956198470708883
93035,163720,0.927324227929368,false,93035,163720,0.927324227929368
93035,722,0.9926330911031676,false,93035,722,0.9926330911031676
93035,6751,0.8483097841431263,false,93035,6751,0.8483097841431263
93035,79908,0.9914771044685105,false,93035,79908,0.9914771044685105
93035,388323,0.8969711052158534,false,93035,388323,0.8969711052158534
93035,5625,0.8838112208124653,false,93035,5625,0.8838112208124653
93035,51185,0.8226434835158813,false,93035,51185,0.8226434835158813
93035,130367,0.9241253659505095,false,93035,130367,0.9241253659505095
93035,285335,0.8711567742908893,false,93035,285335,0.8711567742908893
93035,1910,0.8382564628308249,false,93035,1910,0.8382564628308249
93035,146177,0.9363796234038827,false,93035,146177,0.9363796234038827
93035,728226,0.9969462192428514,false,93035,728226,0.9969462192428514
93035,81615,0.9592914289535771,false,93035,81615,0.9592914289535771
93035,200373,0.9382504282332632,false,93035,200373,0.9382504282332632
93035,102723382,0.893109680455235,false,93035,102723382,0.893109680455235
93035,474354,0.9738383226669736,false,93035,474354,0.9738383226669736
93035,221395,0.8925450055710221,false,93035,221395,0.8925450055710221
93035,54842,0.9051258568872889,false,93035,54842,0.9051258568872889
93035,728643,0.9038763299418208,false,93035,728643,0.9038763299418208
93035,128602,0.9827099753537097,false,93035,128602,0.9827099753537097
93035,107985317,0.865169189238338,false,93035,107985317,0.865169189238338
93035,54997,0.9102238021403238,false,93035,54997,0.9102238021403238
93035,2595,0.9583171723524948,false,93035,2595,0.9583171723524948
93035,219790,0.8891390626442769,false,93035,219790,0.8891390626442769
93035,64073,0.8671922758483188,false,93035,64073,0.8671922758483188
93035,9223,0.9113937700996882,false,93035,9223,0.9113937700996882
93035,253970,0.9603026020939256,false,93035,253970,0.9603026020939256
93035,503645,0.9361340805777632,false,93035,503645,0.9361340805777632
93035,4070,0.9750111623277075,false,93035,4070,0.9750111623277075
93035,2277,0.8611689455758097,false,93035,2277,0.8611689455758097
93035,346007,0.9372176048447937,false,93035,346007,0.9372176048447937
93035,116984,0.9194750328703292,false,93035,116984,0.9194750328703292
93035,825,0.9772020454110424,false,93035,825,0.9772020454110424
93035,137872,0.9073653249695564,false,93035,137872,0.9073653249695564
93035,100033430,0.8191878810687488,false,93035,100033430,0.8191878810687488
93035,9196,0.9571306249602176,false,93035,9196,0.9571306249602176
93035,93517,0.9088423660015933,false,93035,93517,0.9088423660015933
93035,89765,0.7601938482576515,false,93035,89765,0.7601938482576515
93035,101927516,0.9873716711690822,false,93035,101927516,0.9873716711690822
93035,285,0.9456700347995741,false,93035,285,0.9456700347995741
93035,27074,0.9350434361146382,false,93035,27074,0.9350434361146382
93035,100996506,0.9092068446844381,false,93035,100996506,0.9092068446844381
93035,66002,0.9507149006474465,false,93035,66002,0.9507149006474465
93035,54848,0.7803524239813375,false,93035,54848,0.7803524239813375
93035,79632,0.9133281469938959,false,93035,79632,0.9133281469938959
93035,100505495,0.993955960044418,false,93035,100505495,0.993955960044418
93035,7620,0.8368658393805322,false,93035,7620,0.8368658393805322
93035,4179,0.7519723001996956,false,93035,4179,0.7519723001996956
93035,9476,0.9481414623935936,false,93035,9476,0.9481414623935936
93035,151531,0.93424770419321,false,93035,151531,0.93424770419321
93035,195814,0.8142555349048357,false,93035,195814,0.8142555349048357
93035,692058,0.7888159945843949,false,93035,692058,0.7888159945843949
93035,2122,0.9761034534370482,false,93035,2122,0.9761034534370482
93035,84059,0.8860021282625217,false,93035,84059,0.8860021282625217
93035,121512,0.8540983816677667,false,93035,121512,0.8540983816677667
93035,6097,0.9721108060173498,false,93035,6097,0.9721108060173498
93035,120892,0.9293661537906243,false,93035,120892,0.9293661537906243
93035,123624,0.9940178850512746,false,93035,123624,0.9940178850512746
93035,391253,0.9955553623598196,false,93035,391253,0.9955553623598196
93035,220136,0.8593039200731161,false,93035,220136,0.8593039200731161
93035,693188,0.9783381308190339,false,93035,693188,0.9783381308190339
93035,6799,0.8410218946516327,false,93035,6799,0.8410218946516327
93035,389376,0.886862962293043,false,93035,389376,0.886862962293043
93035,353189,0.985815609353143,false,93035,353189,0.985815609353143
93035,776,0.9120043239859432,false,93035,776,0.9120043239859432
93035,84851,0.9331768672254194,false,93035,84851,0.9331768672254194
93035,84525,0.8966445595531425,false,93035,84525,0.8966445595531425
93035,4861,0.9903429311083344,false,93035,4861,0.9903429311083344
93035,10203,0.9466612960414436,false,93035,10203,0.9466612960414436
93035,1080,0.8104945824378456,false,93035,1080,0.8104945824378456
93035,65217,0.7990324032283721,false,93035,65217,0.7990324032283721
93035,105372793,0.9107650869385105,false,93035,105372793,0.9107650869385105
93035,56955,0.8908082235444261,false,93035,56955,0.8908082235444261
93035,84765,0.926254610250392,false,93035,84765,0.926254610250392
93035,653509,0.813646458107254,false,93035,653509,0.813646458107254
93035,55282,0.9207987476074513,false,93035,55282,0.9207987476074513
93035,79098,0.9604861474416737,false,93035,79098,0.9604861474416737
93035,144535,0.8262065065405095,false,93035,144535,0.8262065065405095
93035,649946,0.8872678644293198,false,93035,649946,0.8872678644293198
93035,144571,0.968774551949749,false,93035,144571,0.968774551949749
93035,26298,0.878713421459497,false,93035,26298,0.878713421459497
93035,165186,0.9887081622328132,false,93035,165186,0.9887081622328132
93035,102465485,0.9427746362581583,false,93035,102465485,0.9427746362581583
93035,100033436,0.9634293035187349,false,93035,100033436,0.9634293035187349
127733,100996301,0.9915793336849529,false,127733,100996301,0.9915793336849529
127733,345895,0.9566248433943741,false,127733,345895,0.9566248433943741
127733,399949,0.8113466880719753,false,127733,399949,0.8113466880719753
127733,1636,0.7802200980981905,false,127733,1636,0.7802200980981905
127733,767566,0.9929375178219737,false,127733,767566,0.9929375178219737
127733,10917,0.7569930091505009,false,127733,10917,0.7569930091505009
127733,22941,0.8949002096462456,false,127733,22941,0.8949002096462456
127733,177,0.8383823026148599,false,127733,177,0.8383823026148599
127733,5555,0.9719601302959214,false,127733,5555,0.9719601302959214
127733,142827,0.8858515622224146,false,127733,142827,0.8858515622224146
127733,146556,0.7838176699789642,false,127733,146556,0.7838176699789642
127733,168090,0.8183144515436084,false,127733,168090,0.8183144515436084
127733,1906,0.888253870499985,false,127733,1906,0.888253870499985
127733,3240,0.9489184699160393,false,127733,3240,0.9489184699160393
127733,102723552,0.8256024877893134,false,127733,102723552,0.8256024877893134
127733,56892,0.9560717514831647,false,127733,56892,0.9560717514831647
127733,653082,0.8380480394859635,false,127733,653082,0.8380480394859635
127733,644649,0.9934192133025764,false,127733,644649,0.9934192133025764
127733,4680,0.7806548025202935,false,127733,4680,0.7806548025202935
127733,7356,0.9446262946926601,false,127733,7356,0.9446262946926601
127733,109729127,0.9468150450026264,false,127733,109729127,0.9468150450026264
127733,400578,0.9781730654524273,false,127733,400578,0.9781730654524273
127733,85349,0.9832840426809424,false,127733,85349,0.9832840426809424
127733,728276,0.9988202982340015,false,127733,728276,0.9988202982340015
127733,27022,0.9920897618561245,false,127733,27022,0.9920897618561245
127733,6101,0.9476054648474542,false,127733,6101,0.9476054648474542
127733,117156,0.7636035437728677,false,127733,117156,0.7636035437728677
127733,105,0.9889983310209973,false,127733,105,0.9889983310209973
127733,1579,0.7788226647621947,false,127733,1579,0.7788226647621947
127733,57477,0.7787676482258606,false,127733,57477,0.7787676482258606
127733,5349,0.7594377866830792,false,127733,5349,0.7594377866830792
127733,57402,0.7909404419635854,false,127733,57402,0.7909404419635854
127733,21,0.7629452017344622,false,127733,21,0.7629452017344622
127733,7433,0.8451578332435453,false,127733,7433,0.8451578332435453
127733,100129460,0.7750061444792992,false,127733,100129460,0.7750061444792992
127733,3855,0.9354032327525724,false,127733,3855,0.9354032327525724
4883,138428,0.9283406120428629,false,4883,138428,0.9283406120428629
4883,6523,0.8925850785259627,false,4883,6523,0.8925850785259627
4883,155465,0.8113655571228728,false,4883,155465,0.8113655571228728
4883,4128,0.8292045429178425,false,4883,4128,0.8292045429178425
4883,55892,0.9230111068874621,false,4883,55892,0.9230111068874621
4883,3249,0.7519127227392179,false,4883,3249,0.7519127227392179
4883,33,0.7936740474489574,false,4883,33,0.7936740474489574
4883,1770,0.7571449885908427,false,4883,1770,0.7571449885908427
4883,375612,0.7663834657608078,false,4883,375612,0.7663834657608078
4883,10529,0.9095918175539128,false,4883,10529,0.9095918175539128
4883,503640,0.753090497959675,false,4883,503640,0.753090497959675
4883,286207,0.935164901620384,false,4883,286207,0.935164901620384
4883,79908,0.8171561764140997,false,4883,79908,0.8171561764140997
4883,388323,0.9357389500583712,false,4883,388323,0.9357389500583712
4883,51185,0.9435005694733395,false,4883,51185,0.9435005694733395
4883,130367,0.8160276866769349,false,4883,130367,0.8160276866769349
4883,285335,0.8918851638371951,false,4883,285335,0.8918851638371951
4883,728226,0.7616837359915971,false,4883,728226,0.7616837359915971
4883,200373,0.8871649239989163,false,4883,200373,0.8871649239989163
4883,102723382,0.928115301290468,false,4883,102723382,0.928115301290468
4883,474354,0.8871936980985556,false,4883,474354,0.8871936980985556
4883,728643,0.8578314179419684,false,4883,728643,0.8578314179419684
4883,54997,0.7676354996125032,false,4883,54997,0.7676354996125032
4883,109136579,0.7965166644422541,false,4883,109136579,0.7965166644422541
4883,346007,0.9026002950904011,false,4883,346007,0.9026002950904011
4883,116984,0.77098058611858,false,4883,116984,0.77098058611858
4883,137872,0.8135233014315291,false,4883,137872,0.8135233014315291
4883,9196,0.8499741422997493,false,4883,9196,0.8499741422997493
4883,619383,0.7902929434101019,false,4883,619383,0.7902929434101019
4883,101927516,0.8386319331095822,false,4883,101927516,0.8386319331095822
4883,378938,0.7909183091581815,false,4883,378938,0.7909183091581815
4883,285,0.8818933324850834,false,4883,285,0.8818933324850834
4883,100996506,0.9448785927836976,false,4883,100996506,0.9448785927836976
4883,66002,0.7859073879545257,false,4883,66002,0.7859073879545257
4883,79632,0.7547565465773967,false,4883,79632,0.7547565465773967
4883,4585,0.7578787285739086,false,4883,4585,0.7578787285739086
4883,100505495,0.8008851004061511,false,4883,100505495,0.8008851004061511
4883,7620,0.8196471107819281,false,4883,7620,0.8196471107819281
4883,4179,0.9111014711464533,false,4883,4179,0.9111014711464533
4883,151531,0.7628907583654404,false,4883,151531,0.7628907583654404
4883,201625,0.8720630454046764,false,4883,201625,0.8720630454046764
4883,692058,0.9241428105824371,false,4883,692058,0.9241428105824371
4883,2122,0.7981181870893534,false,4883,2122,0.7981181870893534
4883,121512,0.7887456370294571,false,4883,121512,0.7887456370294571
4883,120892,0.8084154305766138,false,4883,120892,0.8084154305766138
4883,391253,0.7693878657905575,false,4883,391253,0.7693878657905575
4883,693188,0.8678637453346638,false,4883,693188,0.8678637453346638
4883,353189,0.7731461964499791,false,4883,353189,0.7731461964499791
4883,84851,0.9439713985889967,false,4883,84851,0.9439713985889967
4883,10203,0.7686051839554644,false,4883,10203,0.7686051839554644
4883,1080,0.7987181108455348,false,4883,1080,0.7987181108455348
4883,65217,0.8171285778372683,false,4883,65217,0.8171285778372683
4883,105372793,0.9482032814860308,false,4883,105372793,0.9482032814860308
4883,144535,0.8096262838100233,false,4883,144535,0.8096262838100233
4883,649946,0.8131612126327051,false,4883,649946,0.8131612126327051
4883,26298,0.943264810738684,false,4883,26298,0.943264810738684
4883,102465485,0.811141303461092,false,4883,102465485,0.811141303461092
4883,100033436,0.8909324083928313,false,4883,100033436,0.8909324083928313
4629,222389,0.8769650240707033,false,4629,222389,0.8769650240707033
4629,8436,0.9423241943972132,false,4629,8436,0.9423241943972132
4629,5225,0.7665964524028605,false,4629,5225,0.7665964524028605
4629,306,0.8170325227485995,false,4629,306,0.8170325227485995
4629,5265,0.7533860389180308,false,4629,5265,0.7533860389180308
4629,10568,0.7884788307845778,false,4629,10568,0.7884788307845778
4629,57530,0.8558792723321794,false,4629,57530,0.8558792723321794
4629,142827,0.7639072599513042,false,4629,142827,0.7639072599513042
4629,163720,0.8044710317774644,false,4629,163720,0.8044710317774644
4629,10579,0.9534068815901561,false,4629,10579,0.9534068815901561
4629,7080,0.8540787023210749,false,4629,7080,0.8540787023210749
4629,6439,0.8205361097918447,false,4629,6439,0.8205361097918447
4629,1910,0.8879551524260001,false,4629,1910,0.8879551524260001
4629,5787,0.8350879452463004,false,4629,5787,0.8350879452463004
4629,221395,0.7998590539284368,false,4629,221395,0.7998590539284368
4629,54842,0.8162997910100808,false,4629,54842,0.8162997910100808
4629,102723552,0.8370042559030383,false,4629,102723552,0.8370042559030383
4629,6103,0.7941557815160992,false,4629,6103,0.7941557815160992
4629,6332,0.8783619741928386,false,4629,6332,0.8783619741928386
4629,219790,0.7504049361185571,false,4629,219790,0.7504049361185571
4629,115677,0.8036899986730297,false,4629,115677,0.8036899986730297
4629,9223,0.7620983348113095,false,4629,9223,0.7620983348113095
4629,503645,0.7543854548655727,false,4629,503645,0.7543854548655727
4629,2277,0.8131897588987371,false,4629,2277,0.8131897588987371
4629,8091,0.7656362165154982,false,4629,8091,0.7656362165154982
4629,116984,0.7539732356105575,false,4629,116984,0.7539732356105575
4629,3875,0.9216480637154892,false,4629,3875,0.9216480637154892
4629,4680,0.8434567858861347,false,4629,4680,0.8434567858861347
4629,79148,0.7880010478213524,false,4629,79148,0.7880010478213524
4629,130271,0.9276333175722357,false,4629,130271,0.9276333175722357
4629,6532,0.8684239031878395,false,4629,6532,0.8684239031878395
4629,27074,0.7679539422417421,false,4629,27074,0.7679539422417421
4629,79632,0.8028388405543773,false,4629,79632,0.8028388405543773
4629,26084,0.9151620905800117,false,4629,26084,0.9151620905800117
4629,117156,0.8570905016546947,false,4629,117156,0.8570905016546947
4629,195814,0.8469950403495647,false,4629,195814,0.8469950403495647
4629,84059,0.8516743561528809,false,4629,84059,0.8516743561528809
4629,57477,0.7769389654497577,false,4629,57477,0.7769389654497577
4629,120892,0.7703760115389294,false,4629,120892,0.7703760115389294
4629,100820829,0.8445989676800012,false,4629,100820829,0.8445989676800012
4629,6799,0.8254754153297876,false,4629,6799,0.8254754153297876
4629,57402,0.8970463761906442,false,4629,57402,0.8970463761906442
4629,780,0.7765532851275446,false,4629,780,0.7765532851275446
4629,84525,0.7767595489379457,false,4629,84525,0.7767595489379457
4629,7433,0.8716211567542411,false,4629,7433,0.8716211567542411
4629,1080,0.8346016731059761,false,4629,1080,0.8346016731059761
4629,1286,0.9722648509386479,false,4629,1286,0.9722648509386479
4629,653509,0.7967350535437384,false,4629,653509,0.7967350535437384
4629,55282,0.7596336528061877,false,4629,55282,0.7596336528061877
4629,729238,0.7769597499784585,false,4629,729238,0.7769597499784585
4629,144535,0.7996817644914199,false,4629,144535,0.7996817644914199
4629,649946,0.7707327847287027,false,4629,649946,0.7707327847287027
6496,4574,0.9392828561968113,false,6496,4574,0.9392828561968113
6496,8313,0.8753167301096645,false,6496,8313,0.8753167301096645
6496,103504738,0.8171090756211129,false,6496,103504738,0.8171090756211129
6496,1132,0.8080663053780444,false,6496,1132,0.8080663053780444
6496,89,0.7838313602855494,false,6496,89,0.7838313602855494
6496,57526,0.89764026030932,false,6496,57526,0.89764026030932
6496,406903,0.8136144186671085,false,6496,406903,0.8136144186671085
6496,84842,0.8199541635818661,false,6496,84842,0.8199541635818661
6496,102466759,0.8232227945789903,false,6496,102466759,0.8232227945789903
6496,388555,0.8218603607277907,false,6496,388555,0.8218603607277907
6496,100506380,0.8317847161045486,false,6496,100506380,0.8317847161045486
6496,363,0.8218603607277906,false,6496,363,0.8218603607277906
6496,65998,0.8861251223549674,false,6496,65998,0.8861251223549674
6496,419,0.8218603607277908,false,6496,419,0.8218603607277908
6496,387882,0.7912847075235753,false,6496,387882,0.7912847075235753
6496,102723635,0.8153106400540351,false,6496,102723635,0.8153106400540351
6496,10586,0.8167958835492725,false,6496,10586,0.8167958835492725
6496,3780,0.9144564085799939,false,6496,3780,0.9144564085799939
6496,64137,0.9675711157734797,false,6496,64137,0.9675711157734797
6496,23562,0.950765232837434,false,6496,23562,0.950765232837434
6496,163479,0.7702886736806215,false,6496,163479,0.7702886736806215
6496,2619,0.9194283378244289,false,6496,2619,0.9194283378244289
6496,100130701,0.7580530201145651,false,6496,100130701,0.7580530201145651
6496,441151,0.8701787108437649,false,6496,441151,0.8701787108437649
6496,222183,0.8895280506179335,false,6496,222183,0.8895280506179335
6496,113219467,0.8717368083423489,false,6496,113219467,0.8717368083423489
6496,1028,0.7666211095457456,false,6496,1028,0.7666211095457456
6496,100423031,0.8218603607277907,false,6496,100423031,0.8218603607277907
1528,222389,0.7611166587226645,false,1528,222389,0.7611166587226645
1528,138428,0.7582484157501768,false,1528,138428,0.7582484157501768
1528,6523,0.8847319677533309,false,1528,6523,0.8847319677533309
1528,155465,0.9455775508629166,false,1528,155465,0.9455775508629166
1528,5225,0.8533133717738098,false,1528,5225,0.8533133717738098
1528,4128,0.9062646461737891,false,1528,4128,0.9062646461737891
1528,55892,0.8565328193645096,false,1528,55892,0.8565328193645096
1528,3249,0.9663798024021839,false,1528,3249,0.9663798024021839
1528,306,0.898856105544173,false,1528,306,0.898856105544173
1528,6440,0.8215706446084058,false,1528,6440,0.8215706446084058
1528,5265,0.932229487175825,false,1528,5265,0.932229487175825
1528,10568,0.9411112191534345,false,1528,10568,0.9411112191534345
1528,33,0.9565005551650118,false,1528,33,0.9565005551650118
1528,375612,0.9586913301551588,false,1528,375612,0.9586913301551588
1528,9914,0.9618444520014126,false,1528,9914,0.9618444520014126
1528,56241,0.840679579897756,false,1528,56241,0.840679579897756
1528,163720,0.9323097878473948,false,1528,163720,0.9323097878473948
1528,722,0.9697826956466635,false,1528,722,0.9697826956466635
1528,6751,0.7673251554767594,false,1528,6751,0.7673251554767594
1528,79908,0.9322401078493283,false,1528,79908,0.9322401078493283
1528,388323,0.7711341454060363,false,1528,388323,0.7711341454060363
1528,5625,0.8733209706963256,false,1528,5625,0.8733209706963256
1528,130367,0.8483518715359649,false,1528,130367,0.8483518715359649
1528,7080,0.8406577701489661,false,1528,7080,0.8406577701489661
1528,1910,0.8387510157800154,false,1528,1910,0.8387510157800154
1528,146177,0.9694394896746897,false,1528,146177,0.9694394896746897
1528,728226,0.9588325596540971,false,1528,728226,0.9588325596540971
1528,81615,0.9560143652574654,false,1528,81615,0.9560143652574654
1528,200373,0.8386341832092322,false,1528,200373,0.8386341832092322
1528,102723382,0.7987644422070647,false,1528,102723382,0.7987644422070647
1528,474354,0.8805934690033499,false,1528,474354,0.8805934690033499
1528,221395,0.9142640977720446,false,1528,221395,0.9142640977720446
1528,54842,0.8842737818893811,false,1528,54842,0.8842737818893811
1528,728643,0.8174991897805267,false,1528,728643,0.8174991897805267
1528,128602,0.9841981670652775,false,1528,128602,0.9841981670652775
1528,107985317,0.7928072922075053,false,1528,107985317,0.7928072922075053
1528,54997,0.8302405492310423,false,1528,54997,0.8302405492310423
1528,2595,0.9486611219566782,false,1528,2595,0.9486611219566782
1528,219790,0.8626707660819796,false,1528,219790,0.8626707660819796
1528,64073,0.9327838627056317,false,1528,64073,0.9327838627056317
1528,9223,0.9187054548777536,false,1528,9223,0.9187054548777536
1528,253970,0.9528045424779413,false,1528,253970,0.9528045424779413
1528,503645,0.9099110363458601,false,1528,503645,0.9099110363458601
1528,4070,0.9742511400007706,false,1528,4070,0.9742511400007706
1528,2277,0.9167421903550442,false,1528,2277,0.9167421903550442
1528,346007,0.8436350691439813,false,1528,346007,0.8436350691439813
1528,116984,0.8509298281095267,false,1528,116984,0.8509298281095267
1528,825,0.9642370273065501,false,1528,825,0.9642370273065501
1528,137872,0.811708743430518,false,1528,137872,0.811708743430518
1528,9196,0.8680487346014534,false,1528,9196,0.8680487346014534
1528,93517,0.9248120424472193,false,1528,93517,0.9248120424472193
1528,101927516,0.9288065349225338,false,1528,101927516,0.9288065349225338
1528,285,0.849171614549666,false,1528,285,0.849171614549666
1528,27074,0.9070222144262651,false,1528,27074,0.9070222144262651
1528,100996506,0.7960484773856992,false,1528,100996506,0.7960484773856992
1528,66002,0.8791850559478971,false,1528,66002,0.8791850559478971
1528,54848,0.7531828937315577,false,1528,54848,0.7531828937315577
1528,79632,0.8697716994000859,false,1528,79632,0.8697716994000859
1528,100505495,0.9433521452407957,false,1528,100505495,0.9433521452407957
1528,9476,0.9571090359760842,false,1528,9476,0.9571090359760842
1528,151531,0.8558372307224787,false,1528,151531,0.8558372307224787
1528,195814,0.8610528486119202,false,1528,195814,0.8610528486119202
1528,2122,0.9200856159820359,false,1528,2122,0.9200856159820359
1528,84059,0.8709782172814766,false,1528,84059,0.8709782172814766
1528,6097,0.980645175080797,false,1528,6097,0.980645175080797
1528,120892,0.8795379721030739,false,1528,120892,0.8795379721030739
1528,123624,0.9689067875172187,false,1528,123624,0.9689067875172187
1528,391253,0.9585169764532103,false,1528,391253,0.9585169764532103
1528,220136,0.9128250555515011,false,1528,220136,0.9128250555515011
1528,693188,0.90390175223964,false,1528,693188,0.90390175223964
1528,6799,0.9021607122303439,false,1528,6799,0.9021607122303439
1528,389376,0.9353796367077669,false,1528,389376,0.9353796367077669
1528,353189,0.9347458179500037,false,1528,353189,0.9347458179500037
1528,776,0.8581479227799687,false,1528,776,0.8581479227799687
1528,84851,0.8264743354243977,false,1528,84851,0.8264743354243977
1528,84525,0.9282057655636772,false,1528,84525,0.9282057655636772
1528,4861,0.9623611799036209,false,1528,4861,0.9623611799036209
1528,10203,0.9067511189269587,false,1528,10203,0.9067511189269587
1528,105372793,0.7966779025024571,false,1528,105372793,0.7966779025024571
1528,56955,0.8973471984513146,false,1528,56955,0.8973471984513146
1528,84765,0.8870161271055865,false,1528,84765,0.8870161271055865
1528,653509,0.8853863375959077,false,1528,653509,0.8853863375959077
1528,55282,0.9648100110263751,false,1528,55282,0.9648100110263751
1528,729238,0.7798174248549862,false,1528,729238,0.7798174248549862
1528,79098,0.9578469935720011,false,1528,79098,0.9578469935720011
1528,649946,0.8243188369581091,false,1528,649946,0.8243188369581091
1528,144571,0.9629669960786217,false,1528,144571,0.9629669960786217
1528,26298,0.7730202813893591,false,1528,26298,0.7730202813893591
1528,165186,0.9726634630490866,false,1528,165186,0.9726634630490866
1528,102465485,0.903063415497575,false,1528,102465485,0.903063415497575
1528,100033436,0.8847899643125953,false,1528,100033436,0.8847899643125953
79977,9208,0.9127981510590735,false,79977,9208,0.9127981510590735
79977,112268252,0.866120606488429,false,79977,112268252,0.866120606488429
79977,277,0.9416237005755724,false,79977,277,0.9416237005755724
79977,163131,0.9203777794201169,false,79977,163131,0.9203777794201169
79977,80736,0.9027224864347996,false,79977,80736,0.9027224864347996
79977,25901,0.8438537508730731,false,79977,25901,0.8438537508730731
79977,100302170,0.8537481358117619,false,79977,100302170,0.8537481358117619
79977,51365,0.7589510736400742,false,79977,51365,0.7589510736400742
79977,7225,0.9672416845355625,false,79977,7225,0.9672416845355625
79977,27134,0.8150027542325284,false,79977,27134,0.8150027542325284
79977,654412,0.8228812374039345,false,79977,654412,0.8228812374039345
79977,5340,0.8774763555064244,false,79977,5340,0.8774763555064244
79977,4582,0.9261973750088224,false,79977,4582,0.9261973750088224
79977,3248,0.918225216609387,false,79977,3248,0.918225216609387
79977,255189,0.9082871454969031,false,79977,255189,0.9082871454969031
79977,641384,0.8690199022135432,false,79977,641384,0.8690199022135432
79977,100130449,0.8928100782634545,false,79977,100130449,0.8928100782634545
79977,10103,0.8139732178790257,false,79977,10103,0.8139732178790257
79977,3856,0.9081555925113861,false,79977,3856,0.9081555925113861
79977,1048,0.8270548016035072,false,79977,1048,0.8270548016035072
79977,100419743,0.8267766193213916,false,79977,100419743,0.8267766193213916
79977,79838,0.851790647038577,false,79977,79838,0.851790647038577
79977,3983,0.8520395047707373,false,79977,3983,0.8520395047707373
79977,3694,0.8857225156052386,false,79977,3694,0.8857225156052386
79977,285989,0.9463215743828455,false,79977,285989,0.9463215743828455
79977,2627,0.9279851895070197,false,79977,2627,0.9279851895070197
79977,259290,0.8420309150281728,false,79977,259290,0.8420309150281728
79977,1555,0.8360293153335385,false,79977,1555,0.8360293153335385
79977,57528,0.918829529715175,false,79977,57528,0.918829529715175
79977,201456,0.879544689406211,false,79977,201456,0.879544689406211
79977,57186,0.9518817991649197,false,79977,57186,0.9518817991649197
79977,10579,0.7776299015237976,false,79977,10579,0.7776299015237976
79977,102723508,0.8227703176712704,false,79977,102723508,0.8227703176712704
79977,28984,0.7836398971039232,false,79977,28984,0.7836398971039232
79977,9356,0.8508954033882549,false,79977,9356,0.8508954033882549
79977,641776,0.8752845785638358,false,79977,641776,0.8752845785638358
79977,100506658,0.9413644241894478,false,79977,100506658,0.9413644241894478
79977,341676,0.8613072794624249,false,79977,341676,0.8613072794624249
79977,148213,0.8871342242629936,false,79977,148213,0.8871342242629936
79977,10595,0.8745540277816418,false,79977,10595,0.8745540277816418
79977,4583,0.9311988717371376,false,79977,4583,0.9311988717371376
79977,55567,0.8492345784266386,false,79977,55567,0.8492345784266386
79977,115677,0.7545903496053314,false,79977,115677,0.7545903496053314
79977,5961,0.7936527117360527,false,79977,5961,0.7936527117360527
79977,7851,0.9238642063362827,false,79977,7851,0.9238642063362827
79977,692072,0.9043602727688212,false,79977,692072,0.9043602727688212
79977,109136579,0.7807436986023787,false,79977,109136579,0.7807436986023787
79977,55808,0.8273189176184763,false,79977,55808,0.8273189176184763
79977,999,0.8787417608671857,false,79977,999,0.8787417608671857
79977,126353,0.8636692240067873,false,79977,126353,0.8636692240067873
79977,26226,0.839220349442147,false,79977,26226,0.839220349442147
79977,64332,0.8537271130714247,false,79977,64332,0.8537271130714247
79977,388743,0.8733022377230276,false,79977,388743,0.8733022377230276
79977,1577,0.9162401341447983,false,79977,1577,0.9162401341447983
79977,340267,0.9565569078305236,false,79977,340267,0.9565569078305236
79977,200879,0.8396842401867245,false,79977,200879,0.8396842401867245
79977,1510,0.8349868893971584,false,79977,1510,0.8349868893971584
79977,441251,0.870740839788506,false,79977,441251,0.870740839788506
79977,102723849,0.9023003583572006,false,79977,102723849,0.9023003583572006
79977,5284,0.9788193312822374,false,79977,5284,0.9788193312822374
79977,57669,0.9633026217890619,false,79977,57669,0.9633026217890619
79977,619383,0.7720185807126113,false,79977,619383,0.7720185807126113
79977,57111,0.838265009794755,false,79977,57111,0.838265009794755
79977,278,0.8212380794654013,false,79977,278,0.8212380794654013
79977,116844,0.85461616599082,false,79977,116844,0.85461616599082
79977,10129,0.9061741734839698,false,79977,10129,0.9061741734839698
79977,4586,0.8273566540727295,false,79977,4586,0.8273566540727295
79977,10551,0.8433856099982335,false,79977,10551,0.8433856099982335
79977,688,0.870820907073107,false,79977,688,0.870820907073107
79977,378938,0.7861316437309294,false,79977,378938,0.7861316437309294
79977,54897,0.7933108153069361,false,79977,54897,0.7933108153069361
79977,5545,0.8557583589825418,false,79977,5545,0.8557583589825418
79977,117155,0.9445870278706867,false,79977,117155,0.9445870278706867
79977,112268155,0.9365054332925674,false,79977,112268155,0.9365054332925674
79977,1152,0.8513162146283374,false,79977,1152,0.8513162146283374
79977,79083,0.8408928044934592,false,79977,79083,0.8408928044934592
79977,1556,0.9393271914391498,false,79977,1556,0.9393271914391498
79977,55930,0.9112049479086133,false,79977,55930,0.9112049479086133
79977,22996,0.8069202573978153,false,79977,22996,0.8069202573978153
79977,7113,0.9584472011966427,false,79977,7113,0.9584472011966427
79977,54861,0.8991324329218616,false,79977,54861,0.8991324329218616
79977,222256,0.8112084379380814,false,79977,222256,0.8112084379380814
79977,105180391,0.8510875057838279,false,79977,105180391,0.8510875057838279
79977,100529240,0.8035629335396673,false,79977,100529240,0.8035629335396673
79977,113218482,0.8657278694953542,false,79977,113218482,0.8657278694953542
79977,647024,0.8513045206776937,false,79977,647024,0.8513045206776937
79977,255928,0.7809849448829153,false,79977,255928,0.7809849448829153
79977,10018,0.9199875769980164,false,79977,10018,0.9199875769980164
79977,115019,0.9582299054917782,false,79977,115019,0.9582299054917782
79977,105180390,0.8604917954896838,false,79977,105180390,0.8604917954896838
79977,1043,0.9878974532094236,false,79977,1043,0.9878974532094236
79977,276,0.7905297468940529,false,79977,276,0.7905297468940529
79977,168374,0.9526683674491134,false,79977,168374,0.9526683674491134
79977,645843,0.872463814370206,false,79977,645843,0.872463814370206
79977,143884,0.8852643213898247,false,79977,143884,0.8852643213898247
79977,80004,0.948335952344742,false,79977,80004,0.948335952344742
79977,3993,0.9557281321359024,false,79977,3993,0.9557281321359024
79977,389852,0.8777362061388333,false,79977,389852,0.8777362061388333
79977,164312,0.7944807173944858,false,79977,164312,0.7944807173944858
79977,84239,0.9667374015619041,false,79977,84239,0.9667374015619041
79977,2065,0.9267053650329223,false,79977,2065,0.9267053650329223
79977,780,0.7759350359413193,false,79977,780,0.7759350359413193
79977,135656,0.8285065472244008,false,79977,135656,0.8285065472244008
79977,3880,0.7928808014783463,false,79977,3880,0.7928808014783463
79977,94059,0.8793890704271657,false,79977,94059,0.8793890704271657
79977,3960,0.888527113861909,false,79977,3960,0.888527113861909
79977,23584,0.9702935796970327,false,79977,23584,0.9702935796970327
79977,692213,0.900530925835781,false,79977,692213,0.900530925835781
79977,153643,0.878106635994048,false,79977,153643,0.878106635994048
79977,112268422,0.811027269074089,false,79977,112268422,0.811027269074089
79977,259294,0.9065269069045386,false,79977,259294,0.9065269069045386
79977,79740,0.781334861444531,false,79977,79740,0.781334861444531
79977,2266,0.7929930245685328,false,79977,2266,0.7929930245685328
79977,745,0.849346577632845,false,79977,745,0.849346577632845
79977,440352,0.9364151399537128,false,79977,440352,0.9364151399537128
9208,277,0.8760620585553637,false,9208,277,0.8760620585553637
9208,163131,0.8533808680419392,false,9208,163131,0.8533808680419392
9208,80736,0.8335032639956783,false,9208,80736,0.8335032639956783
9208,25901,0.7534390305998938,false,9208,25901,0.7534390305998938
9208,7225,0.8879835720002597,false,9208,7225,0.8879835720002597
9208,4582,0.7588199412339718,false,9208,4582,0.7588199412339718
9208,3248,0.8078101033211905,false,9208,3248,0.8078101033211905
9208,255189,0.7918748442484926,false,9208,255189,0.7918748442484926
9208,100130449,0.7510013989775657,false,9208,100130449,0.7510013989775657
9208,3856,0.8580837207097036,false,9208,3856,0.8580837207097036
9208,79838,0.8103573819345381,false,9208,79838,0.8103573819345381
9208,285989,0.9112647883966781,false,9208,285989,0.9112647883966781
9208,2627,0.8066085998717044,false,9208,2627,0.8066085998717044
9208,259290,0.8232943315526725,false,9208,259290,0.8232943315526725
9208,57528,0.7599715823756072,false,9208,57528,0.7599715823756072
9208,57186,0.9017854400807418,false,9208,57186,0.9017854400807418
9208,10579,0.7830609777822678,false,9208,10579,0.7830609777822678
9208,28984,0.9232252726919441,false,9208,28984,0.9232252726919441
9208,100506658,0.8566657835420797,false,9208,100506658,0.8566657835420797
9208,341676,0.7562938155540833,false,9208,341676,0.7562938155540833
9208,148213,0.7601526842237258,false,9208,148213,0.7601526842237258
9208,10595,0.8089040506405231,false,9208,10595,0.8089040506405231
9208,4583,0.8156613786555454,false,9208,4583,0.8156613786555454
9208,6103,0.8619480149614646,false,9208,6103,0.8619480149614646
9208,79848,0.7518491715628594,false,9208,79848,0.7518491715628594
9208,5961,0.8088147172900133,false,9208,5961,0.8088147172900133
9208,7851,0.7518545224631351,false,9208,7851,0.7518545224631351
9208,692072,0.7664851815394305,false,9208,692072,0.7664851815394305
9208,999,0.7702979075957389,false,9208,999,0.7702979075957389
9208,26226,0.8196998692483193,false,9208,26226,0.8196998692483193
9208,64332,0.8339385023674597,false,9208,64332,0.8339385023674597
9208,1577,0.7662735328124463,false,9208,1577,0.7662735328124463
9208,340267,0.9209018185350045,false,9208,340267,0.9209018185350045
9208,441251,0.812850030145173,false,9208,441251,0.812850030145173
9208,102723849,0.7507010671777083,false,9208,102723849,0.7507010671777083
9208,5284,0.8952550215795507,false,9208,5284,0.8952550215795507
9208,57669,0.9436818500756698,false,9208,57669,0.9436818500756698
9208,619383,0.760081961229505,false,9208,619383,0.760081961229505
9208,278,0.9191519836584346,false,9208,278,0.9191519836584346
9208,116844,0.8839232088271283,false,9208,116844,0.8839232088271283
9208,10129,0.9144701082267676,false,9208,10129,0.9144701082267676
9208,688,0.8476220416794602,false,9208,688,0.8476220416794602
9208,117155,0.847133216504353,false,9208,117155,0.847133216504353
9208,112268155,0.8283608818515257,false,9208,112268155,0.8283608818515257
9208,1152,0.76007314880316,false,9208,1152,0.76007314880316
9208,1556,0.8414699041306759,false,9208,1556,0.8414699041306759
9208,55930,0.7932462027704409,false,9208,55930,0.7932462027704409
9208,7113,0.8223262382758888,false,9208,7113,0.8223262382758888
9208,54861,0.9418028459755,false,9208,54861,0.9418028459755
9208,222256,0.8431720065141683,false,9208,222256,0.8431720065141683
9208,10018,0.8209844335562535,false,9208,10018,0.8209844335562535
9208,115019,0.833030854274337,false,9208,115019,0.833030854274337
9208,1043,0.8851617779915919,false,9208,1043,0.8851617779915919
9208,276,0.9025853745156809,false,9208,276,0.9025853745156809
9208,168374,0.8397405270530836,false,9208,168374,0.8397405270530836
9208,83481,0.789159126743767,false,9208,83481,0.789159126743767
9208,645843,0.8220883026755913,false,9208,645843,0.8220883026755913
9208,143884,0.8078453954297578,false,9208,143884,0.8078453954297578
9208,80004,0.7830558286832502,false,9208,80004,0.7830558286832502
9208,3993,0.7734080644545891,false,9208,3993,0.7734080644545891
9208,84239,0.8753032408003891,false,9208,84239,0.8753032408003891
9208,780,0.8247777002667647,false,9208,780,0.8247777002667647
9208,3880,0.7572752892493445,false,9208,3880,0.7572752892493445
9208,94059,0.8327850551945005,false,9208,94059,0.8327850551945005
9208,26769,0.7778022182840406,false,9208,26769,0.7778022182840406
9208,100129460,0.7936293950647059,false,9208,100129460,0.7936293950647059
9208,23584,0.8550533390854196,false,9208,23584,0.8550533390854196
9208,692213,0.7791496434667708,false,9208,692213,0.7791496434667708
9208,153643,0.7965345006103608,false,9208,153643,0.7965345006103608
9208,112268422,0.8045121149995738,false,9208,112268422,0.8045121149995738
9208,259294,0.7586070976852594,false,9208,259294,0.7586070976852594
9208,79740,0.8688512703634685,false,9208,79740,0.8688512703634685
9208,440352,0.7991789693003614,false,9208,440352,0.7991789693003614
406969,57575,0.9271394027419584,false,406969,57575,0.9271394027419584
406969,2208,0.9991502198441332,false,406969,2208,0.9991502198441332
406969,5694,0.8194135135534611,false,406969,5694,0.8194135135534611
406969,100506686,0.881976585928001,false,406969,100506686,0.881976585928001
406969,101929066,0.8808673261279676,false,406969,101929066,0.8808673261279676
406969,340596,0.8171078640906547,false,406969,340596,0.8171078640906547
406969,100506755,0.8795379689027651,false,406969,100506755,0.8795379689027651
406969,1746,0.9951685648746639,false,406969,1746,0.9951685648746639
406969,399726,0.9283004625286999,false,406969,399726,0.9283004625286999
406969,57710,0.7621492085166564,false,406969,57710,0.7621492085166564
406969,9699,0.9797223805075944,false,406969,9699,0.9797223805075944
406969,80381,0.7798278858550961,false,406969,80381,0.7798278858550961
406969,100874002,0.9850083732651661,false,406969,100874002,0.9850083732651661
406969,219793,0.988093196530707,false,406969,219793,0.988093196530707
100996301,345895,0.9394577222601695,false,100996301,345895,0.9394577222601695
100996301,399949,0.7608767383522135,false,100996301,399949,0.7608767383522135
100996301,767566,0.9997448984370119,false,100996301,767566,0.9997448984370119
100996301,22941,0.8879448537060652,false,100996301,22941,0.8879448537060652
100996301,177,0.7945964487777321,false,100996301,177,0.7945964487777321
100996301,5555,0.9657193822449442,false,100996301,5555,0.9657193822449442
100996301,142827,0.8983284013709042,false,100996301,142827,0.8983284013709042
100996301,168090,0.8105857461004772,false,100996301,168090,0.8105857461004772
100996301,1906,0.8726509367015055,false,100996301,1906,0.8726509367015055
100996301,3240,0.9371202902287741,false,100996301,3240,0.9371202902287741
100996301,102723552,0.8448007032123032,false,100996301,102723552,0.8448007032123032
100996301,56892,0.9411252649344399,false,100996301,56892,0.9411252649344399
100996301,653082,0.8322748968921082,false,100996301,653082,0.8322748968921082
100996301,644649,0.9995582749442554,false,100996301,644649,0.9995582749442554
100996301,4680,0.7697452886233225,false,100996301,4680,0.7697452886233225
100996301,7356,0.8954310623851901,false,100996301,7356,0.8954310623851901
100996301,109729127,0.933254646240716,false,100996301,109729127,0.933254646240716
100996301,400578,0.9771138484683283,false,100996301,400578,0.9771138484683283
100996301,85349,0.9829074941292897,false,100996301,85349,0.9829074941292897
100996301,728276,0.9887405345596493,false,100996301,728276,0.9887405345596493
100996301,27022,0.9999714832273351,false,100996301,27022,0.9999714832273351
100996301,6101,0.9393915551202441,false,100996301,6101,0.9393915551202441
100996301,105,0.988524671429631,false,100996301,105,0.988524671429631
100996301,1579,0.7870326249000298,false,100996301,1579,0.7870326249000298
100996301,57477,0.7694309463608389,false,100996301,57477,0.7694309463608389
100996301,57402,0.8110995581771415,false,100996301,57402,0.8110995581771415
100996301,7433,0.8574581425103887,false,100996301,7433,0.8574581425103887
100996301,100129460,0.7872634973154876,false,100996301,100129460,0.7872634973154876
100996301,3855,0.908551167579476,false,100996301,3855,0.908551167579476
284340,6440,0.7551597276637216,false,284340,6440,0.7551597276637216
284340,1636,0.8022342903418686,false,284340,1636,0.8022342903418686
284340,105375355,0.8365494687058828,false,284340,105375355,0.8365494687058828
284340,1580,0.9272811762236347,false,284340,1580,0.9272811762236347
284340,177,0.9618213862960361,false,284340,177,0.9618213862960361
284340,57530,0.8427895505930915,false,284340,57530,0.8427895505930915
284340,2327,0.8517899337093665,false,284340,2327,0.8517899337093665
284340,146556,0.7742082473625,false,284340,146556,0.7742082473625
284340,7080,0.8154460170043433,false,284340,7080,0.8154460170043433
284340,6439,0.8847916434149925,false,284340,6439,0.8847916434149925
284340,6332,0.880060669897026,false,284340,6332,0.880060669897026
284340,6441,0.8690164728747388,false,284340,6441,0.8690164728747388
284340,4680,0.774116809405071,false,284340,4680,0.774116809405071
284340,7356,0.8163385244348169,false,284340,7356,0.8163385244348169
284340,109729127,0.8580731975959032,false,284340,109729127,0.8580731975959032
284340,79148,0.8237142749887848,false,284340,79148,0.8237142749887848
284340,6532,0.8589401524947035,false,284340,6532,0.8589401524947035
284340,11185,0.8475861489378316,false,284340,11185,0.8475861489378316
284340,2125,0.78032394098464,false,284340,2125,0.78032394098464
284340,117156,0.9202790185636102,false,284340,117156,0.9202790185636102
284340,100820829,0.7949187633821014,false,284340,100820829,0.7949187633821014
284340,21,0.9810040853554253,false,284340,21,0.9810040853554253
284340,729238,0.8432571498937707,false,284340,729238,0.8432571498937707
284340,3855,0.8748623223954909,false,284340,3855,0.8748623223954909
401089,29895,0.956753678678721,false,401089,29895,0.956753678678721
401089,11081,0.9517238129515478,false,401089,11081,0.9517238129515478
401089,4062,0.9639010509690803,false,401089,4062,0.9639010509690803
401089,7125,0.9633481107909718,false,401089,7125,0.9633481107909718
401089,3229,0.9642488055341588,false,401089,3229,0.9642488055341588
401089,7060,0.9687203763169168,false,401089,7060,0.9687203763169168
401089,54112,0.9651689069618595,false,401089,54112,0.9651689069618595
401089,4892,0.98615203651356,false,401089,4892,0.98615203651356
401089,3207,0.8009385154475724,false,401089,3207,0.8009385154475724
401089,105369937,0.9651689069618596,false,401089,105369937,0.9651689069618596
401089,107984498,0.9637862102023356,false,401089,107984498,0.9637862102023356
401089,284111,0.9582496942329904,false,401089,284111,0.9582496942329904
401089,10331,0.7540962499554,false,401089,10331,0.7540962499554
401089,128674,0.9651689069618596,false,401089,128674,0.9651689069618596
401089,101928580,0.9033136349431891,false,401089,101928580,0.9033136349431891
401089,57110,0.9626647445840222,false,401089,57110,0.9626647445840222
401089,646480,0.9801776089349421,false,401089,646480,0.9801776089349421
401089,4606,0.9639164727838861,false,401089,4606,0.9639164727838861
112268252,277,0.8710001183426604,false,112268252,277,0.8710001183426604
112268252,163131,0.7775921919814314,false,112268252,163131,0.7775921919814314
112268252,80736,0.8249183610978041,false,112268252,80736,0.8249183610978041
112268252,25901,0.8446065757195553,false,112268252,25901,0.8446065757195553
112268252,100302170,0.8960319237009184,false,112268252,100302170,0.8960319237009184
112268252,51365,0.8788188947522372,false,112268252,51365,0.8788188947522372
112268252,7225,0.8174585971375767,false,112268252,7225,0.8174585971375767
112268252,27134,0.9343431131723766,false,112268252,27134,0.9343431131723766
112268252,654412,0.8427961313726109,false,112268252,654412,0.8427961313726109
112268252,5340,0.8572379589050589,false,112268252,5340,0.8572379589050589
112268252,4582,0.9290536353427736,false,112268252,4582,0.9290536353427736
112268252,3248,0.8592168654917411,false,112268252,3248,0.8592168654917411
112268252,255189,0.8782038413094925,false,112268252,255189,0.8782038413094925
112268252,641384,0.8905711274463042,false,112268252,641384,0.8905711274463042
112268252,100130449,0.9012823094930984,false,112268252,100130449,0.9012823094930984
112268252,10103,0.8940645263169872,false,112268252,10103,0.8940645263169872
112268252,3856,0.8175351238429116,false,112268252,3856,0.8175351238429116
112268252,1048,0.9112110019805332,false,112268252,1048,0.9112110019805332
112268252,100419743,0.9108640789987312,false,112268252,100419743,0.9108640789987312
112268252,3983,0.8708413893304726,false,112268252,3983,0.8708413893304726
112268252,3694,0.9670354609539604,false,112268252,3694,0.9670354609539604
112268252,285989,0.8295898192302887,false,112268252,285989,0.8295898192302887
112268252,2627,0.8895212689250629,false,112268252,2627,0.8895212689250629
112268252,1555,0.921974461753939,false,112268252,1555,0.921974461753939
112268252,57528,0.943277810846185,false,112268252,57528,0.943277810846185
112268252,201456,0.90270296634455,false,112268252,201456,0.90270296634455
112268252,57186,0.7632586706321277,false,112268252,57186,0.7632586706321277
112268252,102723508,0.8116138953859777,false,112268252,102723508,0.8116138953859777
112268252,9356,0.8693753883535583,false,112268252,9356,0.8693753883535583
112268252,641776,0.842276266236087,false,112268252,641776,0.842276266236087
112268252,100506658,0.79778295976005,false,112268252,100506658,0.79778295976005
112268252,341676,0.87430448175345,false,112268252,341676,0.87430448175345
112268252,148213,0.8905215583506179,false,112268252,148213,0.8905215583506179
112268252,10595,0.8507950907502698,false,112268252,10595,0.8507950907502698
112268252,4583,0.9159997426362313,false,112268252,4583,0.9159997426362313
112268252,55567,0.8663380219533043,false,112268252,55567,0.8663380219533043
112268252,7851,0.9294355797032399,false,112268252,7851,0.9294355797032399
112268252,692072,0.9166422575943007,false,112268252,692072,0.9166422575943007
112268252,55808,0.918192623728813,false,112268252,55808,0.918192623728813
112268252,999,0.8882356717004889,false,112268252,999,0.8882356717004889
112268252,126353,0.9704762068128641,false,112268252,126353,0.9704762068128641
112268252,388743,0.9362659711129445,false,112268252,388743,0.9362659711129445
112268252,1577,0.906696469634225,false,112268252,1577,0.906696469634225
112268252,340267,0.8332883823617351,false,112268252,340267,0.8332883823617351
112268252,200879,0.9143361429074562,false,112268252,200879,0.9143361429074562
112268252,1510,0.9344720407972209,false,112268252,1510,0.9344720407972209
112268252,102723849,0.8634115876144924,false,112268252,102723849,0.8634115876144924
112268252,5284,0.8776078772662779,false,112268252,5284,0.8776078772662779
112268252,57111,0.9105121662803265,false,112268252,57111,0.9105121662803265
112268252,10129,0.762972793025597,false,112268252,10129,0.762972793025597
112268252,4586,0.9105552487043529,false,112268252,4586,0.9105552487043529
112268252,10551,0.9066045215340585,false,112268252,10551,0.9066045215340585
112268252,688,0.7923079650625177,false,112268252,688,0.7923079650625177
112268252,5545,0.7537313885652788,false,112268252,5545,0.7537313885652788
112268252,117155,0.9045985530120534,false,112268252,117155,0.9045985530120534
112268252,112268155,0.8967143465846213,false,112268252,112268155,0.8967143465846213
112268252,1152,0.8170264411394694,false,112268252,1152,0.8170264411394694
112268252,79083,0.9014097216343271,false,112268252,79083,0.9014097216343271
112268252,1556,0.8682351844419159,false,112268252,1556,0.8682351844419159
112268252,55930,0.9116779634746084,false,112268252,55930,0.9116779634746084
112268252,22996,0.8179393009260285,false,112268252,22996,0.8179393009260285
112268252,7113,0.9081347403566498,false,112268252,7113,0.9081347403566498
112268252,105180391,0.7964274505802189,false,112268252,105180391,0.7964274505802189
112268252,100529240,0.85548618440576,false,112268252,100529240,0.85548618440576
112268252,113218482,0.8923124883061664,false,112268252,113218482,0.8923124883061664
112268252,647024,0.8812912471560476,false,112268252,647024,0.8812912471560476
112268252,255928,0.9031669763593422,false,112268252,255928,0.9031669763593422
112268252,8537,0.847520836016065,false,112268252,8537,0.847520836016065
112268252,10018,0.870286770607644,false,112268252,10018,0.870286770607644
112268252,115019,0.9242273043918022,false,112268252,115019,0.9242273043918022
112268252,105180390,0.8198958642948455,false,112268252,105180390,0.8198958642948455
112268252,1043,0.8754027543159083,false,112268252,1043,0.8754027543159083
112268252,168374,0.8885899897464891,false,112268252,168374,0.8885899897464891
112268252,143884,0.8239903150159001,false,112268252,143884,0.8239903150159001
112268252,80004,0.9445706057952513,false,112268252,80004,0.9445706057952513
112268252,3993,0.9695937321627647,false,112268252,3993,0.9695937321627647
112268252,389852,0.9424477284012326,false,112268252,389852,0.9424477284012326
112268252,164312,0.9269299851798303,false,112268252,164312,0.9269299851798303
112268252,84239,0.8114081104652193,false,112268252,84239,0.8114081104652193
112268252,2065,0.9369643823108906,false,112268252,2065,0.9369643823108906
112268252,135656,0.9115429343181285,false,112268252,135656,0.9115429343181285
112268252,94059,0.8010836447536213,false,112268252,94059,0.8010836447536213
112268252,3960,0.9326854949223886,false,112268252,3960,0.9326854949223886
112268252,23584,0.8844649867011493,false,112268252,23584,0.8844649867011493
112268252,692213,0.8658364020660169,false,112268252,692213,0.8658364020660169
112268252,153643,0.859341779832174,false,112268252,153643,0.859341779832174
112268252,112268422,0.7505758474711777,false,112268252,112268422,0.7505758474711777
112268252,259294,0.9217415605675778,false,112268252,259294,0.9217415605675778
112268252,2266,0.8627419700817325,false,112268252,2266,0.8627419700817325
112268252,745,0.8779894615639564,false,112268252,745,0.8779894615639564
112268252,440352,0.8492728620946373,false,112268252,440352,0.8492728620946373
105374373,6928,0.8997259477234764,false,105374373,6928,0.8997259477234764
105374373,253982,0.980296621169934,false,105374373,253982,0.980296621169934
105374373,102724057,0.7781178681416231,false,105374373,102724057,0.7781178681416231
105374373,2696,0.8162261709208708,false,105374373,2696,0.8162261709208708
105374373,102466759,0.7573844404539274,false,105374373,102466759,0.7573844404539274
105374373,54084,0.8312163677758907,false,105374373,54084,0.8312163677758907
105374373,7473,0.8291661671304967,false,105374373,7473,0.8291661671304967
105374373,1180,0.8096392355836424,false,105374373,1180,0.8096392355836424
105374373,102723635,0.8561154847683534,false,105374373,102723635,0.8561154847683534
105374373,57524,0.9729191616361593,false,105374373,57524,0.9729191616361593
105374373,84867,0.7680295702081055,false,105374373,84867,0.7680295702081055
105374373,284680,0.997359472932811,false,105374373,284680,0.997359472932811
105374373,128218,0.9640349045847588,false,105374373,128218,0.9640349045847588
105374373,105373265,0.845515253048769,false,105374373,105373265,0.845515253048769
105374373,440590,0.9818997806297517,false,105374373,440590,0.9818997806297517
92304,105377033,0.7721651336083993,false,92304,105377033,0.7721651336083993
92304,6441,0.7768985098151922,false,92304,6441,0.7768985098151922
92304,11185,0.8045317080954782,false,92304,11185,0.8045317080954782
92304,128218,0.8168452608440008,false,92304,128218,0.8168452608440008
92304,5349,0.7542447096510068,false,92304,5349,0.7542447096510068
92304,123872,0.8901739518996439,false,92304,123872,0.8901739518996439
222389,8436,0.9312033081781576,false,222389,8436,0.9312033081781576
222389,5225,0.7729280237122991,false,222389,5225,0.7729280237122991
222389,306,0.8276512584037721,false,222389,306,0.8276512584037721
222389,5265,0.8686830851563612,false,222389,5265,0.8686830851563612
222389,10568,0.8599351239635703,false,222389,10568,0.8599351239635703
222389,33,0.7840636392215942,false,222389,33,0.7840636392215942
222389,11254,0.774530300493222,false,222389,11254,0.774530300493222
222389,9914,0.8813515782880349,false,222389,9914,0.8813515782880349
222389,57530,0.9243926637426134,false,222389,57530,0.9243926637426134
222389,163720,0.8843632126543206,false,222389,163720,0.8843632126543206
222389,722,0.7892268968046481,false,222389,722,0.7892268968046481
222389,10579,0.7726629698184712,false,222389,10579,0.7726629698184712
222389,7080,0.925460290389567,false,222389,7080,0.925460290389567
222389,6439,0.8251176615647857,false,222389,6439,0.8251176615647857
222389,1910,0.8922174567725788,false,222389,1910,0.8922174567725788
222389,146177,0.8474559164368783,false,222389,146177,0.8474559164368783
222389,81615,0.866110300652376,false,222389,81615,0.866110300652376
222389,1040,0.8404479294647035,false,222389,1040,0.8404479294647035
222389,221395,0.8198567531661527,false,222389,221395,0.8198567531661527
222389,54842,0.8601521026954098,false,222389,54842,0.8601521026954098
222389,728643,0.7667053792037871,false,222389,728643,0.7667053792037871
222389,128602,0.8066096184438001,false,222389,128602,0.8066096184438001
222389,102723552,0.9055063051625546,false,222389,102723552,0.9055063051625546
222389,6332,0.8175347751104257,false,222389,6332,0.8175347751104257
222389,2595,0.8733483417638044,false,222389,2595,0.8733483417638044
222389,64073,0.8635294446668536,false,222389,64073,0.8635294446668536
222389,9223,0.8546259953400035,false,222389,9223,0.8546259953400035
222389,253970,0.8315995702292354,false,222389,253970,0.8315995702292354
222389,503645,0.8250845018783727,false,222389,503645,0.8250845018783727
222389,4070,0.7945091417854424,false,222389,4070,0.7945091417854424
222389,2277,0.8583688773427202,false,222389,2277,0.8583688773427202
222389,346007,0.7806107676058373,false,222389,346007,0.7806107676058373
222389,116984,0.818357327737791,false,222389,116984,0.818357327737791
222389,825,0.8336948175634596,false,222389,825,0.8336948175634596
222389,3875,0.8277187447486859,false,222389,3875,0.8277187447486859
222389,4680,0.7590334100674104,false,222389,4680,0.7590334100674104
222389,79148,0.8334669471617381,false,222389,79148,0.8334669471617381
222389,130271,0.8454910264212908,false,222389,130271,0.8454910264212908
222389,101927516,0.769635422040033,false,222389,101927516,0.769635422040033
222389,6532,0.7883850407722484,false,222389,6532,0.7883850407722484
222389,27074,0.7833808409496547,false,222389,27074,0.7833808409496547
222389,54848,0.8370403093075084,false,222389,54848,0.8370403093075084
222389,79632,0.8612432635395098,false,222389,79632,0.8612432635395098
222389,26084,0.9153783265701543,false,222389,26084,0.9153783265701543
222389,117156,0.8782887959891995,false,222389,117156,0.8782887959891995
222389,195814,0.975585905745891,false,222389,195814,0.975585905745891
222389,2122,0.7888230522568703,false,222389,2122,0.7888230522568703
222389,84059,0.9211912422156017,false,222389,84059,0.9211912422156017
222389,6097,0.8385543520928451,false,222389,6097,0.8385543520928451
222389,120892,0.8595449197894726,false,222389,120892,0.8595449197894726
222389,100820829,0.8221669167428034,false,222389,100820829,0.8221669167428034
222389,123624,0.7530112928343965,false,222389,123624,0.7530112928343965
222389,220136,0.89477178361514,false,222389,220136,0.89477178361514
222389,6799,0.9498828316669053,false,222389,6799,0.9498828316669053
222389,57402,0.8741443507328079,false,222389,57402,0.8741443507328079
222389,84525,0.9209266637185728,false,222389,84525,0.9209266637185728
222389,10203,0.8138481063216938,false,222389,10203,0.8138481063216938
222389,1080,0.8619435737635143,false,222389,1080,0.8619435737635143
222389,1286,0.8540213369465448,false,222389,1286,0.8540213369465448
222389,653509,0.8514891079294272,false,222389,653509,0.8514891079294272
222389,55282,0.8803044025252895,false,222389,55282,0.8803044025252895
222389,729238,0.7793425559543435,false,222389,729238,0.7793425559543435
222389,144535,0.8450177014466227,false,222389,144535,0.8450177014466227
222389,649946,0.8568498401833847,false,222389,649946,0.8568498401833847
222389,144571,0.8322834495153587,false,222389,144571,0.8322834495153587
222389,102465485,0.8650965477724681,false,222389,102465485,0.8650965477724681
79839,6262,0.8366299590575473,false,79839,6262,0.8366299590575473
79839,4318,0.8195443219205207,false,79839,4318,0.8195443219205207
79839,9356,0.7600826394887426,false,79839,9356,0.7600826394887426
79839,5787,0.8002617301429488,false,79839,5787,0.8002617301429488
79839,115677,0.8235287027399782,false,79839,115677,0.8235287027399782
79839,114327,0.9195529179664752,false,79839,114327,0.9195529179664752
79839,9771,0.8032314946237262,false,79839,9771,0.8032314946237262
6928,253982,0.918281335728579,false,6928,253982,0.918281335728579
6928,4574,0.7684341455321413,false,6928,4574,0.7684341455321413
6928,102724057,0.9740921180922373,false,6928,102724057,0.9740921180922373
6928,103504738,0.8886651534247667,false,6928,103504738,0.8886651534247667
6928,89,0.9176444559481732,false,6928,89,0.9176444559481732
6928,57526,0.8372964071806283,false,6928,57526,0.8372964071806283
6928,406903,0.8572457789751506,false,6928,406903,0.8572457789751506
6928,101929066,0.7643543208115171,false,6928,101929066,0.7643543208115171
6928,84842,0.8582059555831573,false,6928,84842,0.8582059555831573
6928,388555,0.8288755289656702,false,6928,388555,0.8288755289656702
6928,363,0.8288755289656703,false,6928,363,0.8288755289656703
6928,1180,0.7611721872083865,false,6928,1180,0.7611721872083865
6928,65998,0.891988278969511,false,6928,65998,0.891988278969511
6928,419,0.8288755289656703,false,6928,419,0.8288755289656703
6928,102723635,0.8810435619289309,false,6928,102723635,0.8810435619289309
6928,340596,0.7527093600553367,false,6928,340596,0.7527093600553367
6928,10586,0.8975932274078259,false,6928,10586,0.8975932274078259
6928,2125,0.7737425101295584,false,6928,2125,0.7737425101295584
6928,3780,0.8031837966111548,false,6928,3780,0.8031837966111548
6928,100126311,0.7873395998890875,false,6928,100126311,0.7873395998890875
6928,57524,0.8133903426934399,false,6928,57524,0.8133903426934399
6928,163479,0.8344179885296222,false,6928,163479,0.8344179885296222
6928,2619,0.8727065102823092,false,6928,2619,0.8727065102823092
6928,84867,0.9699977573609335,false,6928,84867,0.9699977573609335
6928,284680,0.908210248126372,false,6928,284680,0.908210248126372
6928,128218,0.8795051035040159,false,6928,128218,0.8795051035040159
6928,440590,0.8582523411620662,false,6928,440590,0.8582523411620662
6928,100423031,0.8288755289656703,false,6928,100423031,0.8288755289656703
6928,1515,0.8904191199085749,false,6928,1515,0.8904191199085749
138428,6523,0.9381809423440544,false,138428,6523,0.9381809423440544
138428,155465,0.8794726859807283,false,138428,155465,0.8794726859807283
138428,4128,0.8316882727648077,false,138428,4128,0.8316882727648077
138428,55892,0.9285654048023232,false,138428,55892,0.9285654048023232
138428,3249,0.8465807539878168,false,138428,3249,0.8465807539878168
138428,5265,0.8449655613043432,false,138428,5265,0.8449655613043432
138428,10568,0.80913129448097,false,138428,10568,0.80913129448097
138428,33,0.8952730761396059,false,138428,33,0.8952730761396059
138428,1770,0.8246874319509165,false,138428,1770,0.8246874319509165
138428,375612,0.8391505659159373,false,138428,375612,0.8391505659159373
138428,10529,0.8668376488402989,false,138428,10529,0.8668376488402989
138428,286207,0.9444975355834456,false,138428,286207,0.9444975355834456
138428,9914,0.8466987049067024,false,138428,9914,0.8466987049067024
138428,163720,0.7706239841772969,false,138428,163720,0.7706239841772969
138428,722,0.8548525919938904,false,138428,722,0.8548525919938904
138428,79908,0.85615729249742,false,138428,79908,0.85615729249742
138428,388323,0.9630456880015154,false,138428,388323,0.9630456880015154
138428,51185,0.8728880076925537,false,138428,51185,0.8728880076925537
138428,130367,0.8163674294578193,false,138428,130367,0.8163674294578193
138428,285335,0.8301844907709859,false,138428,285335,0.8301844907709859
138428,146177,0.7922851658393774,false,138428,146177,0.7922851658393774
138428,728226,0.8358224975497133,false,138428,728226,0.8358224975497133
138428,81615,0.8342029758924948,false,138428,81615,0.8342029758924948
138428,200373,0.8752006720310777,false,138428,200373,0.8752006720310777
138428,102723382,0.9783553165530307,false,138428,102723382,0.9783553165530307
138428,474354,0.9054190815047606,false,138428,474354,0.9054190815047606
138428,1040,0.803666978632015,false,138428,1040,0.803666978632015
138428,54842,0.7771065239379997,false,138428,54842,0.7771065239379997
138428,728643,0.8687419774654911,false,138428,728643,0.8687419774654911
138428,128602,0.8343833077815358,false,138428,128602,0.8343833077815358
138428,2595,0.8466615918687246,false,138428,2595,0.8466615918687246
138428,9223,0.7718765735677822,false,138428,9223,0.7718765735677822
138428,253970,0.8243208516767906,false,138428,253970,0.8243208516767906
138428,503645,0.7895938622838116,false,138428,503645,0.7895938622838116
138428,4070,0.8593955321327237,false,138428,4070,0.8593955321327237
138428,346007,0.9494261790655644,false,138428,346007,0.9494261790655644
138428,116984,0.8397033574588937,false,138428,116984,0.8397033574588937
138428,825,0.8671864991189195,false,138428,825,0.8671864991189195
138428,137872,0.7581361036904702,false,138428,137872,0.7581361036904702
138428,9196,0.8261419831687528,false,138428,9196,0.8261419831687528
138428,101927516,0.9122813902458968,false,138428,101927516,0.9122813902458968
138428,285,0.859943491514408,false,138428,285,0.859943491514408
138428,27074,0.7789903320916636,false,138428,27074,0.7789903320916636
138428,100996506,0.9741223953130075,false,138428,100996506,0.9741223953130075
138428,66002,0.7713861125064986,false,138428,66002,0.7713861125064986
138428,54848,0.9005603743021253,false,138428,54848,0.9005603743021253
138428,79632,0.8313175405105837,false,138428,79632,0.8313175405105837
138428,100505495,0.8661388462773237,false,138428,100505495,0.8661388462773237
138428,4179,0.9582003162081596,false,138428,4179,0.9582003162081596
138428,9476,0.7856322482779102,false,138428,9476,0.7856322482779102
138428,201625,0.8072340742313521,false,138428,201625,0.8072340742313521
138428,195814,0.7596279577654563,false,138428,195814,0.7596279577654563
138428,692058,0.7889416479327412,false,138428,692058,0.7889416479327412
138428,2122,0.8722861873412633,false,138428,2122,0.8722861873412633
138428,84059,0.8093872860656162,false,138428,84059,0.8093872860656162
138428,6097,0.8295651223785899,false,138428,6097,0.8295651223785899
138428,120892,0.8946327954587191,false,138428,120892,0.8946327954587191
138428,123624,0.8406945842162042,false,138428,123624,0.8406945842162042
138428,391253,0.8449025692529094,false,138428,391253,0.8449025692529094
138428,220136,0.779152494966033,false,138428,220136,0.779152494966033
138428,693188,0.9157710565087912,false,138428,693188,0.9157710565087912
138428,353189,0.8116696182151744,false,138428,353189,0.8116696182151744
138428,84851,0.968274735719058,false,138428,84851,0.968274735719058
138428,84525,0.7778239227794456,false,138428,84525,0.7778239227794456
138428,4861,0.8298514592749265,false,138428,4861,0.8298514592749265
138428,10203,0.849828961204422,false,138428,10203,0.849828961204422
138428,1080,0.8665701595716798,false,138428,1080,0.8665701595716798
138428,105372793,0.9815128210227012,false,138428,105372793,0.9815128210227012
138428,55282,0.7516700912992677,false,138428,55282,0.7516700912992677
138428,79098,0.7670255572625401,false,138428,79098,0.7670255572625401
138428,144535,0.8829793781301805,false,138428,144535,0.8829793781301805
138428,649946,0.8676686899294856,false,138428,649946,0.8676686899294856
138428,144571,0.8808826818678072,false,138428,144571,0.8808826818678072
138428,26298,0.97592305799651,false,138428,26298,0.97592305799651
138428,165186,0.8339294629740126,false,138428,165186,0.8339294629740126
138428,102465485,0.9392358226298971,false,138428,102465485,0.9392358226298971
138428,100033436,0.9620966816256878,false,138428,100033436,0.9620966816256878
277,163131,0.9070635556362762,false,277,163131,0.9070635556362762
277,80736,0.8965670093622696,false,277,80736,0.8965670093622696
277,25901,0.9533216474906144,false,277,25901,0.9533216474906144
277,100302170,0.9648104645197121,false,277,100302170,0.9648104645197121
277,51365,0.8824640262983083,false,277,51365,0.8824640262983083
277,7225,0.8999486885389817,false,277,7225,0.8999486885389817
277,27134,0.9040623589657532,false,277,27134,0.9040623589657532
277,654412,0.7648634247978577,false,277,654412,0.7648634247978577
277,5340,0.9217006381368605,false,277,5340,0.9217006381368605
277,4582,0.9066836211999273,false,277,4582,0.9066836211999273
277,3248,0.9176467460603984,false,277,3248,0.9176467460603984
277,255189,0.8772693029756803,false,277,255189,0.8772693029756803
277,641384,0.9590251163851451,false,277,641384,0.9590251163851451
277,100130449,0.9352883578838059,false,277,100130449,0.9352883578838059
277,10103,0.9330705848322708,false,277,10103,0.9330705848322708
277,3856,0.90701734397921,false,277,3856,0.90701734397921
277,1048,0.9291897384882274,false,277,1048,0.9291897384882274
277,100419743,0.9290657864805733,false,277,100419743,0.9290657864805733
277,3983,0.9163060523579433,false,277,3983,0.9163060523579433
277,3694,0.8804248199215152,false,277,3694,0.8804248199215152
277,285989,0.9883485924427012,false,277,285989,0.9883485924427012
277,2627,0.9437992566419606,false,277,2627,0.9437992566419606
277,259290,0.7820681921842304,false,277,259290,0.7820681921842304
277,1555,0.9242272977830912,false,277,1555,0.9242272977830912
277,57528,0.9397267006821907,false,277,57528,0.9397267006821907
277,201456,0.9379100451925397,false,277,201456,0.9379100451925397
277,57186,0.9085716780602079,false,277,57186,0.9085716780602079
277,5544,0.8881726961062518,false,277,5544,0.8881726961062518
277,102723508,0.8873895243498547,false,277,102723508,0.8873895243498547
277,9356,0.8069558029775292,false,277,9356,0.8069558029775292
277,641776,0.8216012193455614,false,277,641776,0.8216012193455614
277,100506658,0.8397030731157611,false,277,100506658,0.8397030731157611
277,341676,0.9536574337946956,false,277,341676,0.9536574337946956
277,148213,0.9564998168142584,false,277,148213,0.9564998168142584
277,10595,0.9642992682399633,false,277,10595,0.9642992682399633
277,4583,0.9780610930203223,false,277,4583,0.9780610930203223
277,55567,0.9631722327151113,false,277,55567,0.9631722327151113
277,5961,0.7769881757637888,false,277,5961,0.7769881757637888
277,7851,0.901507176192002,false,277,7851,0.901507176192002
277,692072,0.9238635815006595,false,277,692072,0.9238635815006595
277,55808,0.9209659990459902,false,277,55808,0.9209659990459902
277,999,0.9539808480960054,false,277,999,0.9539808480960054
277,126353,0.9150024279463899,false,277,126353,0.9150024279463899
277,26226,0.8252456398272529,false,277,26226,0.8252456398272529
277,64332,0.7681047923476861,false,277,64332,0.7681047923476861
277,388743,0.9488539491989826,false,277,388743,0.9488539491989826
277,1577,0.9067563510013261,false,277,1577,0.9067563510013261
277,340267,0.9477783926896662,false,277,340267,0.9477783926896662
277,200879,0.9309513229698294,false,277,200879,0.9309513229698294
277,1510,0.9254488839741551,false,277,1510,0.9254488839741551
277,102723849,0.8358497160194898,false,277,102723849,0.8358497160194898
277,5284,0.9633576877919003,false,277,5284,0.9633576877919003
277,57669,0.8570504778366286,false,277,57669,0.8570504778366286
277,619383,0.7852392044099107,false,277,619383,0.7852392044099107
277,57111,0.9351265752475325,false,277,57111,0.9351265752475325
277,278,0.8882468126846578,false,277,278,0.8882468126846578
277,116844,0.9020346301247867,false,277,116844,0.9020346301247867
277,10129,0.9816709128394551,false,277,10129,0.9816709128394551
277,4586,0.930056348135907,false,277,4586,0.930056348135907
277,10551,0.946125885923825,false,277,10551,0.946125885923825
277,688,0.9504604182759029,false,277,688,0.9504604182759029
277,54897,0.750281331318598,false,277,54897,0.750281331318598
277,117155,0.9751308388756978,false,277,117155,0.9751308388756978
277,112268155,0.9584059019663551,false,277,112268155,0.9584059019663551
277,1152,0.9063759411876313,false,277,1152,0.9063759411876313
277,79083,0.9272845485328034,false,277,79083,0.9272845485328034
277,1556,0.9064866881309557,false,277,1556,0.9064866881309557
277,55930,0.98590452930234,false,277,55930,0.98590452930234
277,22996,0.9380093534088358,false,277,22996,0.9380093534088358
277,7113,0.89419738247175,false,277,7113,0.89419738247175
277,54861,0.8964108621078694,false,277,54861,0.8964108621078694
277,222256,0.873736169598522,false,277,222256,0.873736169598522
277,105180391,0.7704827153956775,false,277,105180391,0.7704827153956775
277,100529240,0.9342330031001902,false,277,100529240,0.9342330031001902
277,113218482,0.935593902166862,false,277,113218482,0.935593902166862
277,647024,0.9456502247094435,false,277,647024,0.9456502247094435
277,255928,0.8950618360414916,false,277,255928,0.8950618360414916
277,8537,0.8488696085359284,false,277,8537,0.8488696085359284
277,10018,0.9461760846386691,false,277,10018,0.9461760846386691
277,115019,0.9416233981129932,false,277,115019,0.9416233981129932
277,105180390,0.8000518171333008,false,277,105180390,0.8000518171333008
277,1043,0.950422837443587,false,277,1043,0.950422837443587
277,276,0.8616183263748448,false,277,276,0.8616183263748448
277,168374,0.9333873275423932,false,277,168374,0.9333873275423932
277,645843,0.7628741218907011,false,277,645843,0.7628741218907011
277,143884,0.9357632165108565,false,277,143884,0.9357632165108565
277,80004,0.9073398549848,false,277,80004,0.9073398549848
277,3993,0.9270072001328227,false,277,3993,0.9270072001328227
277,389852,0.9159974008940892,false,277,389852,0.9159974008940892
277,164312,0.8803201983446485,false,277,164312,0.8803201983446485
277,84239,0.8430981043485062,false,277,84239,0.8430981043485062
277,2065,0.9132744352724063,false,277,2065,0.9132744352724063
277,135656,0.9298014374086834,false,277,135656,0.9298014374086834
277,3880,0.7760468877154496,false,277,3880,0.7760468877154496
277,94059,0.9679680658521616,false,277,94059,0.9679680658521616
277,26769,0.8801777662327237,false,277,26769,0.8801777662327237
277,3960,0.9027467111335741,false,277,3960,0.9027467111335741
277,23584,0.8976256370315859,false,277,23584,0.8976256370315859
277,692213,0.9045189248738604,false,277,692213,0.9045189248738604
277,153643,0.9368155841134257,false,277,153643,0.9368155841134257
277,112268422,0.9520548239813301,false,277,112268422,0.9520548239813301
277,259294,0.9481846829580519,false,277,259294,0.9481846829580519
277,79740,0.7765709809880958,false,277,79740,0.7765709809880958
277,2266,0.9096814807420813,false,277,2266,0.9096814807420813
277,745,0.9011667629169694,false,277,745,0.9011667629169694
277,440352,0.8053204196727668,false,277,440352,0.8053204196727668
84700,11081,0.7505503485737327,false,84700,11081,0.7505503485737327
84700,1132,0.8835036562734058,false,84700,1132,0.8835036562734058
84700,3207,0.9018574153762511,false,84700,3207,0.9018574153762511
84700,23562,0.8164748702314104,false,84700,23562,0.8164748702314104
84700,10331,0.7548896224089021,false,84700,10331,0.7548896224089021
84700,100130701,0.9595484367111881,false,84700,100130701,0.9595484367111881
84700,222183,0.8662202298546361,false,84700,222183,0.8662202298546361
84700,7546,0.7693942152967543,false,84700,7546,0.7693942152967543
84700,57710,0.7758333549137647,false,84700,57710,0.7758333549137647
84700,101928580,0.7988299095172242,false,84700,101928580,0.7988299095172242
29895,11081,0.998017047442139,false,29895,11081,0.998017047442139
29895,4062,0.9951368443859501,false,29895,4062,0.9951368443859501
29895,7125,0.9962705442626896,false,29895,7125,0.9962705442626896
29895,3229,0.9953398242361421,false,29895,3229,0.9953398242361421
29895,7060,0.9965468531733583,false,29895,7060,0.9965468531733583
29895,54112,0.9957885062012255,false,29895,54112,0.9957885062012255
29895,4892,0.9901024825225102,false,29895,4892,0.9901024825225102
29895,3207,0.8914129721006755,false,29895,3207,0.8914129721006755
29895,105369937,0.9957885062012254,false,29895,105369937,0.9957885062012254
29895,107984498,0.9950671292170119,false,29895,107984498,0.9950671292170119
29895,284111,0.9992540817070303,false,29895,284111,0.9992540817070303
29895,10331,0.7996591161502833,false,29895,10331,0.7996591161502833
29895,128674,0.9957885062012254,false,29895,128674,0.9957885062012254
29895,101928580,0.9466868480439339,false,29895,101928580,0.9466868480439339
29895,57110,0.9986400184583859,false,29895,57110,0.9986400184583859
29895,646480,0.8925100558003215,false,29895,646480,0.8925100558003215
29895,4606,0.995177542584609,false,29895,4606,0.995177542584609
163131,25901,0.8881202402784427,false,163131,25901,0.8881202402784427
163131,100302170,0.8463251337601895,false,163131,100302170,0.8463251337601895
163131,7225,0.9024322288852148,false,163131,7225,0.9024322288852148
163131,27134,0.773844343150763,false,163131,27134,0.773844343150763
163131,654412,0.8590220535081456,false,163131,654412,0.8590220535081456
163131,5340,0.93946707668901,false,163131,5340,0.93946707668901
163131,4582,0.917945465465762,false,163131,4582,0.917945465465762
163131,3248,0.8539320577433168,false,163131,3248,0.8539320577433168
163131,641384,0.901220165107732,false,163131,641384,0.901220165107732
163131,100130449,0.9221909362296221,false,163131,100130449,0.9221909362296221
163131,10103,0.786374966304736,false,163131,10103,0.786374966304736
163131,1048,0.8033348655198773,false,163131,1048,0.8033348655198773
163131,100419743,0.8030489087851809,false,163131,100419743,0.8030489087851809
163131,79838,0.8493884240080763,false,163131,79838,0.8493884240080763
163131,3983,0.7564755645779349,false,163131,3983,0.7564755645779349
163131,3694,0.8292675626392624,false,163131,3694,0.8292675626392624
163131,285989,0.9063808730418881,false,163131,285989,0.9063808730418881
163131,2627,0.838545696021918,false,163131,2627,0.838545696021918
163131,503640,0.7795589107257366,false,163131,503640,0.7795589107257366
163131,259290,0.910142623548549,false,163131,259290,0.910142623548549
163131,1555,0.7857639907629724,false,163131,1555,0.7857639907629724
163131,57528,0.8908419932181807,false,163131,57528,0.8908419932181807
163131,201456,0.8082124995565219,false,163131,201456,0.8082124995565219
163131,57186,0.8864792997131219,false,163131,57186,0.8864792997131219
163131,5544,0.7728941098825715,false,163131,5544,0.7728941098825715
163131,102723508,0.7721912169098158,false,163131,102723508,0.7721912169098158
163131,9356,0.9031383720945801,false,163131,9356,0.9031383720945801
163131,641776,0.9182329422417658,false,163131,641776,0.9182329422417658
163131,341676,0.8080960014349482,false,163131,341676,0.8080960014349482
163131,148213,0.9193882939094539,false,163131,148213,0.9193882939094539
163131,10595,0.7945360370999462,false,163131,10595,0.7945360370999462
163131,4583,0.9174383366188001,false,163131,4583,0.9174383366188001
163131,55567,0.8272513550429114,false,163131,55567,0.8272513550429114
163131,7851,0.916062934191998,false,163131,7851,0.916062934191998
163131,692072,0.8786399712909578,false,163131,692072,0.8786399712909578
163131,109136579,0.8641062530981938,false,163131,109136579,0.8641062530981938
163131,55808,0.7838137905069611,false,163131,55808,0.7838137905069611
163131,999,0.7904713578286827,false,163131,999,0.7904713578286827
163131,126353,0.8377964013246235,false,163131,126353,0.8377964013246235
163131,64332,0.9100484055076465,false,163131,64332,0.9100484055076465
163131,388743,0.8469582936845418,false,163131,388743,0.8469582936845418
163131,1577,0.9373109207135897,false,163131,1577,0.9373109207135897
163131,340267,0.84976227229801,false,163131,340267,0.84976227229801
163131,200879,0.8139722743378333,false,163131,200879,0.8139722743378333
163131,1510,0.7958210073748323,false,163131,1510,0.7958210073748323
163131,441251,0.7752933564622088,false,163131,441251,0.7752933564622088
163131,102723849,0.911046304727616,false,163131,102723849,0.911046304727616
163131,5284,0.8793171311344621,false,163131,5284,0.8793171311344621
163131,57669,0.8722973700401166,false,163131,57669,0.8722973700401166
163131,619383,0.8770929326862743,false,163131,619383,0.8770929326862743
163131,57111,0.7990818377736575,false,163131,57111,0.7990818377736575
163131,278,0.8135232078087463,false,163131,278,0.8135232078087463
163131,10129,0.8989260059231082,false,163131,10129,0.8989260059231082
163131,4586,0.8039834104429748,false,163131,4586,0.8039834104429748
163131,10551,0.8237722316121006,false,163131,10551,0.8237722316121006
163131,688,0.798442209089157,false,163131,688,0.798442209089157
163131,378938,0.868402332648515,false,163131,378938,0.868402332648515
163131,5545,0.8878293491978686,false,163131,5545,0.8878293491978686
163131,117155,0.8696570027606729,false,163131,117155,0.8696570027606729
163131,112268155,0.8901094097417881,false,163131,112268155,0.8901094097417881
163131,1152,0.8010171200486998,false,163131,1152,0.8010171200486998
163131,79083,0.8101887425031246,false,163131,79083,0.8101887425031246
163131,1556,0.8106471979716732,false,163131,1556,0.8106471979716732
163131,55930,0.8758628492806062,false,163131,55930,0.8758628492806062
163131,7113,0.8801640003816792,false,163131,7113,0.8801640003816792
163131,54861,0.8242060147257179,false,163131,54861,0.8242060147257179
163131,105180391,0.9010334325165268,false,163131,105180391,0.9010334325165268
163131,100529240,0.8151633683769736,false,163131,100529240,0.8151633683769736
163131,113218482,0.7782962317444044,false,163131,113218482,0.7782962317444044
163131,647024,0.7587586894861321,false,163131,647024,0.7587586894861321
163131,10018,0.9401028237605553,false,163131,10018,0.9401028237605553
163131,115019,0.8893413846375461,false,163131,115019,0.8893413846375461
163131,105180390,0.9147095516905713,false,163131,105180390,0.9147095516905713
163131,1043,0.9495298896956282,false,163131,1043,0.9495298896956282
163131,276,0.7793935185279787,false,163131,276,0.7793935185279787
163131,168374,0.9425974426558869,false,163131,168374,0.9425974426558869
163131,645843,0.8864877702469937,false,163131,645843,0.8864877702469937
163131,143884,0.9628173273350489,false,163131,143884,0.9628173273350489
163131,80004,0.827060476500042,false,163131,80004,0.827060476500042
163131,3993,0.8557998614846685,false,163131,3993,0.8557998614846685
163131,389852,0.8861417693642595,false,163131,389852,0.8861417693642595
163131,84239,0.8658695239100201,false,163131,84239,0.8658695239100201
163131,2065,0.9277197814420227,false,163131,2065,0.9277197814420227
163131,135656,0.805010534407494,false,163131,135656,0.805010534407494
163131,94059,0.9026690182817072,false,163131,94059,0.9026690182817072
163131,26769,0.767980521432663,false,163131,26769,0.767980521432663
163131,3960,0.9035273185081992,false,163131,3960,0.9035273185081992
163131,284323,0.8030312415224621,false,163131,284323,0.8030312415224621
163131,65217,0.7606285476040201,false,163131,65217,0.7606285476040201
163131,23584,0.8588679334338434,false,163131,23584,0.8588679334338434
163131,692213,0.9247846000369675,false,163131,692213,0.9247846000369675
163131,153643,0.7649323673516888,false,163131,153643,0.7649323673516888
163131,112268422,0.7766505672061699,false,163131,112268422,0.7766505672061699
163131,259294,0.9295648762983711,false,163131,259294,0.9295648762983711
163131,2266,0.787322521939031,false,163131,2266,0.787322521939031
163131,440352,0.8134968159366721,false,163131,440352,0.8134968159366721
80736,100302170,0.8190876343389719,false,80736,100302170,0.8190876343389719
80736,7225,0.8543115408611321,false,80736,7225,0.8543115408611321
80736,27134,0.812918776205824,false,80736,27134,0.812918776205824
80736,4582,0.7537768304931645,false,80736,4582,0.7537768304931645
80736,3248,0.8769141246187536,false,80736,3248,0.8769141246187536
80736,255189,0.951588326983274,false,80736,255189,0.951588326983274
80736,641384,0.7624190501247828,false,80736,641384,0.7624190501247828
80736,10103,0.8142443183471503,false,80736,10103,0.8142443183471503
80736,3856,0.9612957733108038,false,80736,3856,0.9612957733108038
80736,1048,0.8058347629869768,false,80736,1048,0.8058347629869768
80736,100419743,0.8053936867449708,false,80736,100419743,0.8053936867449708
80736,3983,0.8692270999173175,false,80736,3983,0.8692270999173175
80736,3694,0.8232794600076891,false,80736,3694,0.8232794600076891
80736,285989,0.8986788388698109,false,80736,285989,0.8986788388698109
80736,2627,0.9177376714322021,false,80736,2627,0.9177376714322021
80736,1555,0.8392072630635252,false,80736,1555,0.8392072630635252
80736,57528,0.8050741572302041,false,80736,57528,0.8050741572302041
80736,201456,0.8827450896407906,false,80736,201456,0.8827450896407906
80736,57186,0.8670616923494765,false,80736,57186,0.8670616923494765
80736,102723508,0.8322598922953264,false,80736,102723508,0.8322598922953264
80736,100506658,0.9491131925444463,false,80736,100506658,0.9491131925444463
80736,341676,0.8797751356609423,false,80736,341676,0.8797751356609423
80736,148213,0.7600734662295774,false,80736,148213,0.7600734662295774
80736,10595,0.913385800832777,false,80736,10595,0.913385800832777
80736,4583,0.8283704711641581,false,80736,4583,0.8283704711641581
80736,55567,0.8543932971015603,false,80736,55567,0.8543932971015603
80736,5961,0.8692833466877797,false,80736,5961,0.8692833466877797
80736,692072,0.8093777666711605,false,80736,692072,0.8093777666711605
80736,55808,0.8236232784969744,false,80736,55808,0.8236232784969744
80736,999,0.9177599753568906,false,80736,999,0.9177599753568906
80736,126353,0.7829098323801734,false,80736,126353,0.7829098323801734
80736,26226,0.8604339382940972,false,80736,26226,0.8604339382940972
80736,388743,0.8221645976777266,false,80736,388743,0.8221645976777266
80736,340267,0.9330850159934798,false,80736,340267,0.9330850159934798
80736,200879,0.8130900832648648,false,80736,200879,0.8130900832648648
80736,1510,0.8188568796868618,false,80736,1510,0.8188568796868618
80736,6337,0.8734246516729886,false,80736,6337,0.8734246516729886
80736,5284,0.9413202491166426,false,80736,5284,0.9413202491166426
80736,57669,0.8504801420056533,false,80736,57669,0.8504801420056533
80736,57111,0.8351256571926994,false,80736,57111,0.8351256571926994
80736,278,0.8025795235499635,false,80736,278,0.8025795235499635
80736,116844,0.9400207429661168,false,80736,116844,0.9400207429661168
80736,10129,0.8597977235132149,false,80736,10129,0.8597977235132149
80736,4586,0.8061652300073526,false,80736,4586,0.8061652300073526
80736,10551,0.8184957888316926,false,80736,10551,0.8184957888316926
80736,688,0.9343512208761477,false,80736,688,0.9343512208761477
80736,54897,0.8512904427405803,false,80736,54897,0.8512904427405803
80736,117155,0.9004258653671371,false,80736,117155,0.9004258653671371
80736,112268155,0.8545589828491579,false,80736,112268155,0.8545589828491579
80736,1152,0.8938776529114509,false,80736,1152,0.8938776529114509
80736,79083,0.821806892350145,false,80736,79083,0.821806892350145
80736,1556,0.9247974255717648,false,80736,1556,0.9247974255717648
80736,55930,0.8817883533958263,false,80736,55930,0.8817883533958263
80736,22996,0.8897617801442562,false,80736,22996,0.8897617801442562
80736,7113,0.8276688746745118,false,80736,7113,0.8276688746745118
80736,54861,0.8929008232218565,false,80736,54861,0.8929008232218565
80736,222256,0.9248494655286146,false,80736,222256,0.9248494655286146
80736,100529240,0.7854840288459107,false,80736,100529240,0.7854840288459107
80736,113218482,0.8880056966096888,false,80736,113218482,0.8880056966096888
80736,647024,0.9117647961370584,false,80736,647024,0.9117647961370584
80736,255928,0.7733116590338877,false,80736,255928,0.7733116590338877
80736,10018,0.7624357355341715,false,80736,10018,0.7624357355341715
80736,115019,0.8605159933385106,false,80736,115019,0.8605159933385106
80736,1043,0.8532421455237119,false,80736,1043,0.8532421455237119
80736,276,0.7832339479902657,false,80736,276,0.7832339479902657
80736,168374,0.8028276740122533,false,80736,168374,0.8028276740122533
80736,83481,0.868954900089444,false,80736,83481,0.868954900089444
80736,80004,0.8773534755729873,false,80736,80004,0.8773534755729873
80736,3993,0.887426483164484,false,80736,3993,0.887426483164484
80736,164312,0.8146680002543553,false,80736,164312,0.8146680002543553
80736,84239,0.8418795876984687,false,80736,84239,0.8418795876984687
80736,2065,0.7586134071951609,false,80736,2065,0.7586134071951609
80736,135656,0.8061117581763724,false,80736,135656,0.8061117581763724
80736,3880,0.9476396214347398,false,80736,3880,0.9476396214347398
80736,94059,0.7913457282917744,false,80736,94059,0.7913457282917744
80736,23584,0.8873326906786008,false,80736,23584,0.8873326906786008
80736,153643,0.9279618334567072,false,80736,153643,0.9279618334567072
80736,112268422,0.8559832202055246,false,80736,112268422,0.8559832202055246
80736,259294,0.7711405230528973,false,80736,259294,0.7711405230528973
80736,79740,0.8204689458404155,false,80736,79740,0.8204689458404155
80736,2266,0.7664882467709463,false,80736,2266,0.7664882467709463
80736,745,0.9007930779360422,false,80736,745,0.9007930779360422
80736,440352,0.838649182145526,false,80736,440352,0.838649182145526
6523,155465,0.9845431768643074,false,6523,155465,0.9845431768643074
6523,5225,0.8230942249028731,false,6523,5225,0.8230942249028731
6523,4128,0.9497296497908528,false,6523,4128,0.9497296497908528
6523,55892,0.9922388384606604,false,6523,55892,0.9922388384606604
6523,3249,0.9638773842116067,false,6523,3249,0.9638773842116067
6523,306,0.8296277429623615,false,6523,306,0.8296277429623615
6523,5265,0.878895458708304,false,6523,5265,0.878895458708304
6523,10568,0.8612937564891122,false,6523,10568,0.8612937564891122
6523,33,0.9735624577546658,false,6523,33,0.9735624577546658
6523,375612,0.9676733955262625,false,6523,375612,0.9676733955262625
6523,10529,0.8354901709504383,false,6523,10529,0.8354901709504383
6523,503640,0.761843524497933,false,6523,503640,0.761843524497933
6523,286207,0.8518964092640524,false,6523,286207,0.8518964092640524
6523,9914,0.9064107019965763,false,6523,9914,0.9064107019965763
6523,163720,0.8561267298775552,false,6523,163720,0.8561267298775552
6523,722,0.9537132553858189,false,6523,722,0.9537132553858189
6523,6751,0.8122322053613087,false,6523,6751,0.8122322053613087
6523,79908,0.9739243132850351,false,6523,79908,0.9739243132850351
6523,388323,0.9740331788470288,false,6523,388323,0.9740331788470288
6523,5625,0.7967861070668232,false,6523,5625,0.7967861070668232
6523,51185,0.8901682542569327,false,6523,51185,0.8901682542569327
6523,130367,0.9087033837342655,false,6523,130367,0.9087033837342655
6523,285335,0.898969041489498,false,6523,285335,0.898969041489498
6523,1910,0.7695869996937561,false,6523,1910,0.7695869996937561
6523,146177,0.8667007590948614,false,6523,146177,0.8667007590948614
6523,728226,0.9660570663803666,false,6523,728226,0.9660570663803666
6523,81615,0.9087676409300748,false,6523,81615,0.9087676409300748
6523,200373,0.951921608799296,false,6523,200373,0.951921608799296
6523,102723382,0.9585896742409684,false,6523,102723382,0.9585896742409684
6523,474354,0.9908043385414004,false,6523,474354,0.9908043385414004
6523,221395,0.8067931417825565,false,6523,221395,0.8067931417825565
6523,54842,0.8483901110171799,false,6523,54842,0.8483901110171799
6523,728643,0.9093951689089749,false,6523,728643,0.9093951689089749
6523,128602,0.9298771616902443,false,6523,128602,0.9298771616902443
6523,107985317,0.8433082729412158,false,6523,107985317,0.8433082729412158
6523,54997,0.8804530483320543,false,6523,54997,0.8804530483320543
6523,2595,0.9116644661217497,false,6523,2595,0.9116644661217497
6523,219790,0.8110951385879103,false,6523,219790,0.8110951385879103
6523,64073,0.7814128707113921,false,6523,64073,0.7814128707113921
6523,9223,0.8478813951244631,false,6523,9223,0.8478813951244631
6523,253970,0.9070760059149455,false,6523,253970,0.9070760059149455
6523,503645,0.8844000866836578,false,6523,503645,0.8844000866836578
6523,4070,0.9342878442097213,false,6523,4070,0.9342878442097213
6523,2277,0.7563720347662041,false,6523,2277,0.7563720347662041
6523,346007,0.9671488827835368,false,6523,346007,0.9671488827835368
6523,116984,0.8990770269692443,false,6523,116984,0.8990770269692443
6523,825,0.9409078408367402,false,6523,825,0.9409078408367402
6523,137872,0.898209195975042,false,6523,137872,0.898209195975042
6523,100033430,0.7890499548273817,false,6523,100033430,0.7890499548273817
6523,9196,0.9556166481876547,false,6523,9196,0.9556166481876547
6523,93517,0.8622005583436619,false,6523,93517,0.8622005583436619
6523,101927516,0.9826321060007209,false,6523,101927516,0.9826321060007209
6523,285,0.9604120072489891,false,6523,285,0.9604120072489891
6523,27074,0.8804425997654495,false,6523,27074,0.8804425997654495
6523,100996506,0.9778574869911338,false,6523,100996506,0.9778574869911338
6523,66002,0.9235701709771044,false,6523,66002,0.9235701709771044
6523,54848,0.8097749236132893,false,6523,54848,0.8097749236132893
6523,79632,0.8818957786877797,false,6523,79632,0.8818957786877797
6523,100505495,0.9794023998758706,false,6523,100505495,0.9794023998758706
6523,7620,0.8408588187112517,false,6523,7620,0.8408588187112517
6523,4179,0.8618967152696015,false,6523,4179,0.8618967152696015
6523,9476,0.8901489192529927,false,6523,9476,0.8901489192529927
6523,151531,0.9045193809751467,false,6523,151531,0.9045193809751467
6523,195814,0.7502530114005362,false,6523,195814,0.7502530114005362
6523,692058,0.8529719553015418,false,6523,692058,0.8529719553015418
6523,2122,0.9539384926612511,false,6523,2122,0.9539384926612511
6523,84059,0.8399363203968714,false,6523,84059,0.8399363203968714
6523,121512,0.8429790842590821,false,6523,121512,0.8429790842590821
6523,6097,0.9152456249469658,false,6523,6097,0.9152456249469658
6523,120892,0.9183006910783094,false,6523,120892,0.9183006910783094
6523,123624,0.9529740437300888,false,6523,123624,0.9529740437300888
6523,391253,0.9678426454360095,false,6523,391253,0.9678426454360095
6523,220136,0.8040186816063231,false,6523,220136,0.8040186816063231
6523,693188,0.9935034740426277,false,6523,693188,0.9935034740426277
6523,6799,0.7554492290597693,false,6523,6799,0.7554492290597693
6523,389376,0.8157615489222596,false,6523,389376,0.8157615489222596
6523,353189,0.9522749846594579,false,6523,353189,0.9522749846594579
6523,776,0.8658107221527183,false,6523,776,0.8658107221527183
6523,84851,0.9837055657923657,false,6523,84851,0.9837055657923657
6523,84525,0.8270118721294714,false,6523,84525,0.8270118721294714
6523,4861,0.9583599374838383,false,6523,4861,0.9583599374838383
6523,10203,0.9190268482101641,false,6523,10203,0.9190268482101641
6523,1080,0.8231160772971553,false,6523,1080,0.8231160772971553
6523,65217,0.8082553186420416,false,6523,65217,0.8082553186420416
6523,105372793,0.9798587268553481,false,6523,105372793,0.9798587268553481
6523,56955,0.8319230967971375,false,6523,56955,0.8319230967971375
6523,84765,0.8705872725079465,false,6523,84765,0.8705872725079465
6523,55282,0.8357255636669931,false,6523,55282,0.8357255636669931
6523,79098,0.9027727557589448,false,6523,79098,0.9027727557589448
6523,144535,0.845546344765289,false,6523,144535,0.845546344765289
6523,649946,0.8842295882942952,false,6523,649946,0.8842295882942952
6523,144571,0.9404140048623035,false,6523,144571,0.9404140048623035
6523,26298,0.9433752621150429,false,6523,26298,0.9433752621150429
6523,165186,0.9483293866060577,false,6523,165186,0.9483293866060577
6523,102465485,0.9460659261451574,false,6523,102465485,0.9460659261451574
6523,100033436,0.9918509633252219,false,6523,100033436,0.9918509633252219
155465,5225,0.8732012018717935,false,155465,5225,0.8732012018717935
155465,4128,0.9689991693883357,false,155465,4128,0.9689991693883357
155465,55892,0.9725331595931219,false,155465,55892,0.9725331595931219
155465,3249,0.9941832481240213,false,155465,3249,0.9941832481240213
155465,306,0.8837724343516964,false,155465,306,0.8837724343516964
155465,5265,0.9094852783956857,false,155465,5265,0.9094852783956857
155465,10568,0.9024465756690041,false,155465,10568,0.9024465756690041
155465,33,0.9910893772947827,false,155465,33,0.9910893772947827
155465,375612,0.9955122814428963,false,155465,375612,0.9955122814428963
155465,10529,0.7883201685539631,false,155465,10529,0.7883201685539631
155465,503640,0.7760001413645755,false,155465,503640,0.7760001413645755
155465,286207,0.7843806831650475,false,155465,286207,0.7843806831650475
155465,9914,0.9426837583521107,false,155465,9914,0.9426837583521107
155465,163720,0.9077587729473255,false,155465,163720,0.9077587729473255
155465,722,0.9844502332737594,false,155465,722,0.9844502332737594
155465,6751,0.8513400838096337,false,155465,6751,0.8513400838096337
155465,79908,0.9929454769411248,false,155465,79908,0.9929454769411248
155465,388323,0.9220000058201467,false,155465,388323,0.9220000058201467
155465,5625,0.8645012176550775,false,155465,5625,0.8645012176550775
155465,51185,0.8466883527270411,false,155465,51185,0.8466883527270411
155465,130367,0.9259245596281056,false,155465,130367,0.9259245596281056
155465,285335,0.886234060138733,false,155465,285335,0.886234060138733
155465,1910,0.8176308631531121,false,155465,1910,0.8176308631531121
155465,146177,0.916107181774601,false,155465,146177,0.916107181774601
155465,728226,0.994611529393735,false,155465,728226,0.994611529393735
155465,81615,0.9467903988854662,false,155465,81615,0.9467903988854662
155465,200373,0.9478796756697677,false,155465,200373,0.9478796756697677
155465,102723382,0.9120960238992287,false,155465,102723382,0.9120960238992287
155465,474354,0.9833157548194742,false,155465,474354,0.9833157548194742
155465,221395,0.8655104040741057,false,155465,221395,0.8655104040741057
155465,54842,0.890145549731339,false,155465,54842,0.890145549731339
155465,728643,0.9069293355944322,false,155465,728643,0.9069293355944322
155465,128602,0.9713871126722026,false,155465,128602,0.9713871126722026
155465,107985317,0.867429025722868,false,155465,107985317,0.867429025722868
155465,54997,0.9120101369775037,false,155465,54997,0.9120101369775037
155465,2595,0.9459425650254322,false,155465,2595,0.9459425650254322
155465,219790,0.8705892037460742,false,155465,219790,0.8705892037460742
155465,64073,0.8439612147691626,false,155465,64073,0.8439612147691626
155465,9223,0.8889256037328637,false,155465,9223,0.8889256037328637
155465,253970,0.948439156668918,false,155465,253970,0.948439156668918
155465,503645,0.9245591372112049,false,155465,503645,0.9245591372112049
155465,4070,0.9669525691726721,false,155465,4070,0.9669525691726721
155465,2277,0.8278959272163776,false,155465,2277,0.8278959272163776
155465,346007,0.9460561452017365,false,155465,346007,0.9460561452017365
155465,116984,0.9143198451586532,false,155465,116984,0.9143198451586532
155465,825,0.9674723705664134,false,155465,825,0.9674723705664134
155465,137872,0.9156413907168074,false,155465,137872,0.9156413907168074
155465,100033430,0.8227320651932479,false,155465,100033430,0.8227320651932479
155465,9196,0.9636327545854461,false,155465,9196,0.9636327545854461
155465,93517,0.9052279210685723,false,155465,93517,0.9052279210685723
155465,89765,0.7610345862219429,false,155465,89765,0.7610345862219429
155465,101927516,0.9883998807352206,false,155465,101927516,0.9883998807352206
155465,285,0.9561902124571682,false,155465,285,0.9561902124571682
155465,27074,0.9232065346002957,false,155465,27074,0.9232065346002957
155465,100996506,0.929685554937959,false,155465,100996506,0.929685554937959
155465,66002,0.9531576803421531,false,155465,66002,0.9531576803421531
155465,54848,0.778166640426008,false,155465,54848,0.778166640426008
155465,79632,0.9042275161683111,false,155465,79632,0.9042275161683111
155465,100505495,0.995151205317627,false,155465,100505495,0.995151205317627
155465,7620,0.8483186281441435,false,155465,7620,0.8483186281441435
155465,4179,0.7768590096781798,false,155465,4179,0.7768590096781798
155465,9476,0.9378416927715336,false,155465,9476,0.9378416927715336
155465,151531,0.9369560115614184,false,155465,151531,0.9369560115614184
155465,195814,0.7908803788467939,false,155465,195814,0.7908803788467939
155465,692058,0.8151616304524554,false,155465,692058,0.8151616304524554
155465,2122,0.9716658115742678,false,155465,2122,0.9716658115742678
155465,84059,0.870581715782673,false,155465,84059,0.870581715782673
155465,121512,0.8582291390899586,false,155465,121512,0.8582291390899586
155465,6097,0.9586474494800011,false,155465,6097,0.9586474494800011
155465,120892,0.9253868934002042,false,155465,120892,0.9253868934002042
155465,123624,0.9881912500858218,false,155465,123624,0.9881912500858218
155465,391253,0.9948335192832409,false,155465,391253,0.9948335192832409
155465,220136,0.8435948478109024,false,155465,220136,0.8435948478109024
155465,693188,0.9864177411462571,false,155465,693188,0.9864177411462571
155465,6799,0.8141034989122744,false,155465,6799,0.8141034989122744
155465,389376,0.8727226812893337,false,155465,389376,0.8727226812893337
155465,353189,0.984701860098967,false,155465,353189,0.984701860098967
155465,776,0.9059419479508191,false,155465,776,0.9059419479508191
155465,84851,0.949320675679144,false,155465,84851,0.949320675679144
155465,84525,0.8766130755729764,false,155465,84525,0.8766130755729764
155465,4861,0.989482545171852,false,155465,4861,0.989482545171852
155465,10203,0.9366354182985718,false,155465,10203,0.9366354182985718
155465,1080,0.8076447682106532,false,155465,1080,0.8076447682106532
155465,65217,0.8038184299897249,false,155465,65217,0.8038184299897249
155465,105372793,0.9317142904557515,false,155465,105372793,0.9317142904557515
155465,56955,0.8827777776552246,false,155465,56955,0.8827777776552246
155465,84765,0.9155275684670592,false,155465,84765,0.9155275684670592
155465,653509,0.7902207048102678,false,155465,653509,0.7902207048102678
155465,55282,0.8954784637103046,false,155465,55282,0.8954784637103046
155465,79098,0.9524126260254798,false,155465,79098,0.9524126260254798
155465,144535,0.8264394183073703,false,155465,144535,0.8264394183073703
155465,649946,0.8844195875180623,false,155465,649946,0.8844195875180623
155465,144571,0.9622144825048877,false,155465,144571,0.9622144825048877
155465,26298,0.8977810762367181,false,155465,26298,0.8977810762367181
155465,165186,0.9835266599909648,false,155465,165186,0.9835266599909648
155465,102465485,0.9431386218567224,false,155465,102465485,0.9431386218567224
155465,100033436,0.9737579446931535,false,155465,100033436,0.9737579446931535
345895,767566,0.9442081916103148,false,345895,767566,0.9442081916103148
345895,10917,0.7557801356518397,false,345895,10917,0.7557801356518397
345895,22941,0.9335839460079017,false,345895,22941,0.9335839460079017
345895,5555,0.9927044297332,false,345895,5555,0.9927044297332
345895,142827,0.8515702851771042,false,345895,142827,0.8515702851771042
345895,85452,0.8163287650329293,false,345895,85452,0.8163287650329293
345895,168090,0.8415258591229788,false,345895,168090,0.8415258591229788
345895,1906,0.9314611263712188,false,345895,1906,0.9314611263712188
345895,3240,0.976258097276075,false,345895,3240,0.976258097276075
345895,56892,0.9644675633491694,false,345895,56892,0.9644675633491694
345895,653082,0.8996119698017015,false,345895,653082,0.8996119698017015
345895,644649,0.9400064296252406,false,345895,644649,0.9400064296252406
345895,7356,0.9185123647974099,false,345895,7356,0.9185123647974099
345895,109729127,0.8370841406654741,false,345895,109729127,0.8370841406654741
345895,400578,0.965089227659205,false,345895,400578,0.965089227659205
345895,85349,0.9649227312980159,false,345895,85349,0.9649227312980159
345895,728276,0.947217878321696,false,345895,728276,0.947217878321696
345895,27022,0.941099445683263,false,345895,27022,0.941099445683263
345895,6101,0.9657831330921616,false,345895,6101,0.9657831330921616
345895,83481,0.7682500113951858,false,345895,83481,0.7682500113951858
345895,105,0.9378511051470563,false,345895,105,0.9378511051470563
345895,1579,0.8188094669681657,false,345895,1579,0.8188094669681657
345895,57477,0.8032730635550226,false,345895,57477,0.8032730635550226
345895,7433,0.8143663359944493,false,345895,7433,0.8143663359944493
345895,100129460,0.8846963627967425,false,345895,100129460,0.8846963627967425
345895,3855,0.838534727987435,false,345895,3855,0.838534727987435
58524,8999,0.7979045182727917,false,58524,8999,0.7979045182727917
58524,677831,0.9490414458535562,false,58524,677831,0.9490414458535562
58524,60494,0.7950971870575652,false,58524,60494,0.7950971870575652
58524,22943,0.9928087294022843,false,58524,22943,0.9928087294022843
58524,6969,0.753708475328481,false,58524,6969,0.753708475328481
58524,7033,0.9964611367417155,false,58524,7033,0.9964611367417155
58524,160728,0.9953543414975718,false,58524,160728,0.9953543414975718
58524,94025,0.9928597035426121,false,58524,94025,0.9928597035426121
58524,388633,0.9736087686679901,false,58524,388633,0.9736087686679901
58524,3929,0.9905932865386177,false,58524,3929,0.9905932865386177
58524,100158262,0.8562656903720832,false,58524,100158262,0.8562656903720832
58524,727897,0.9968683240451321,false,58524,727897,0.9968683240451321
58524,1604,0.930311219763818,false,58524,1604,0.930311219763818
58524,886,0.9999555854599053,false,58524,886,0.9999555854599053
58524,4057,0.9992392260758568,false,58524,4057,0.9992392260758568
58524,26797,0.9762385501260158,false,58524,26797,0.9762385501260158
58524,112577518,0.9802511118674089,false,58524,112577518,0.9802511118674089
58524,692209,0.9937453247048876,false,58524,692209,0.9937453247048876
58524,563,0.9979614861913786,false,58524,563,0.9979614861913786
58524,4069,0.8635115447052409,false,58524,4069,0.8635115447052409
58524,83643,0.961325954965025,false,58524,83643,0.961325954965025
58524,284434,0.9931525288572008,false,58524,284434,0.9931525288572008
8436,5225,0.8496634762803522,false,8436,5225,0.8496634762803522
8436,306,0.8781848684739904,false,8436,306,0.8781848684739904
8436,5265,0.8312921721857021,false,8436,5265,0.8312921721857021
8436,10568,0.8299002748251147,false,8436,10568,0.8299002748251147
8436,9914,0.835429170575137,false,8436,9914,0.835429170575137
8436,57530,0.9402834057743765,false,8436,57530,0.9402834057743765
8436,142827,0.7584665578831487,false,8436,142827,0.7584665578831487
8436,163720,0.8887752213469902,false,8436,163720,0.8887752213469902
8436,10579,0.881575279841748,false,8436,10579,0.881575279841748
8436,7080,0.926476274045357,false,8436,7080,0.926476274045357
8436,6439,0.8702552407643706,false,8436,6439,0.8702552407643706
8436,1910,0.9289468732053249,false,8436,1910,0.9289468732053249
8436,146177,0.8049715370460987,false,8436,146177,0.8049715370460987
8436,81615,0.8317833086367347,false,8436,81615,0.8317833086367347
8436,5787,0.7904094220422893,false,8436,5787,0.7904094220422893
8436,221395,0.8070158078979494,false,8436,221395,0.8070158078979494
8436,54842,0.8993982427869582,false,8436,54842,0.8993982427869582
8436,128602,0.7690609321517294,false,8436,128602,0.7690609321517294
8436,102723552,0.9092512815872924,false,8436,102723552,0.9092512815872924
8436,6332,0.7961196538013539,false,8436,6332,0.7961196538013539
8436,2595,0.8457931602148709,false,8436,2595,0.8457931602148709
8436,219790,0.7630484789776175,false,8436,219790,0.7630484789776175
8436,115677,0.7576166539810485,false,8436,115677,0.7576166539810485
8436,64073,0.8623632468914724,false,8436,64073,0.8623632468914724
8436,9223,0.8019208466693886,false,8436,9223,0.8019208466693886
8436,253970,0.8297354426809951,false,8436,253970,0.8297354426809951
8436,503645,0.8305838582549553,false,8436,503645,0.8305838582549553
8436,2277,0.8573006612273326,false,8436,2277,0.8573006612273326
8436,116984,0.8317165751104333,false,8436,116984,0.8317165751104333
8436,825,0.7566631244417086,false,8436,825,0.7566631244417086
8436,3875,0.9453367929395082,false,8436,3875,0.9453367929395082
8436,4680,0.875224642891039,false,8436,4680,0.875224642891039
8436,130271,0.8819817452168867,false,8436,130271,0.8819817452168867
8436,6532,0.779256582768923,false,8436,6532,0.779256582768923
8436,27074,0.8183985604196287,false,8436,27074,0.8183985604196287
8436,79632,0.8576374725852846,false,8436,79632,0.8576374725852846
8436,26084,0.9421329440914242,false,8436,26084,0.9421329440914242
8436,117156,0.8849444840734157,false,8436,117156,0.8849444840734157
8436,195814,0.9364219720135403,false,8436,195814,0.9364219720135403
8436,2122,0.7608825832819277,false,8436,2122,0.7608825832819277
8436,84059,0.9195903020438925,false,8436,84059,0.9195903020438925
8436,6097,0.8022341070540263,false,8436,6097,0.8022341070540263
8436,120892,0.8229958741758157,false,8436,120892,0.8229958741758157
8436,100820829,0.816095861665103,false,8436,100820829,0.816095861665103
8436,220136,0.7944816664053476,false,8436,220136,0.7944816664053476
8436,6799,0.9285130652228828,false,8436,6799,0.9285130652228828
8436,57402,0.9402353262026943,false,8436,57402,0.9402353262026943
8436,780,0.7686688524701962,false,8436,780,0.7686688524701962
8436,84525,0.9016643008043892,false,8436,84525,0.9016643008043892
8436,7433,0.8442138212003456,false,8436,7433,0.8442138212003456
8436,1080,0.8184442137429265,false,8436,1080,0.8184442137429265
8436,1286,0.9544021276845767,false,8436,1286,0.9544021276845767
8436,653509,0.8553737538561932,false,8436,653509,0.8553737538561932
8436,55282,0.8468137961411034,false,8436,55282,0.8468137961411034
8436,729238,0.8178289515009678,false,8436,729238,0.8178289515009678
8436,144535,0.8185055540402205,false,8436,144535,0.8185055540402205
8436,649946,0.8066234895250495,false,8436,649946,0.8066234895250495
8436,102465485,0.7650068461175672,false,8436,102465485,0.7650068461175672
25901,100302170,0.9617025645123699,false,25901,100302170,0.9617025645123699
25901,51365,0.8771645961374239,false,25901,51365,0.8771645961374239
25901,7225,0.775949035259274,false,25901,7225,0.775949035259274
25901,27134,0.8790261669578624,false,25901,27134,0.8790261669578624
25901,654412,0.8117836461898049,false,25901,654412,0.8117836461898049
25901,5340,0.9688593192142084,false,25901,5340,0.9688593192142084
25901,4582,0.9052388874497063,false,25901,4582,0.9052388874497063
25901,3248,0.8018403170247761,false,25901,3248,0.8018403170247761
25901,641384,0.9930176805110584,false,25901,641384,0.9930176805110584
25901,100130449,0.9716970676954898,false,25901,100130449,0.9716970676954898
25901,10103,0.9203313783828961,false,25901,10103,0.9203313783828961
25901,3856,0.7543804677871703,false,25901,3856,0.7543804677871703
25901,1048,0.9106345127523752,false,25901,1048,0.9106345127523752
25901,100419743,0.9106552045644473,false,25901,100419743,0.9106552045644473
25901,3983,0.8319208985171376,false,25901,3983,0.8319208985171376
25901,3694,0.8331468203283314,false,25901,3694,0.8331468203283314
25901,285989,0.9100128118018567,false,25901,285989,0.9100128118018567
25901,2627,0.8385444532093772,false,25901,2627,0.8385444532093772
25901,259290,0.8004655152383416,false,25901,259290,0.8004655152383416
25901,1555,0.8835834664994718,false,25901,1555,0.8835834664994718
25901,57528,0.9159117023454959,false,25901,57528,0.9159117023454959
25901,201456,0.8584065196891391,false,25901,201456,0.8584065196891391
25901,57186,0.7923555176202609,false,25901,57186,0.7923555176202609
25901,5544,0.9244683638175659,false,25901,5544,0.9244683638175659
25901,102723508,0.7843262614772147,false,25901,102723508,0.7843262614772147
25901,9356,0.8385320511852274,false,25901,9356,0.8385320511852274
25901,641776,0.849625565273913,false,25901,641776,0.849625565273913
25901,341676,0.8896055614939404,false,25901,341676,0.8896055614939404
25901,148213,0.989194766837252,false,25901,148213,0.989194766837252
25901,10595,0.8856191924780376,false,25901,10595,0.8856191924780376
25901,4583,0.9674733891861567,false,25901,4583,0.9674733891861567
25901,55567,0.9455080041397743,false,25901,55567,0.9455080041397743
25901,79848,0.76581210062423,false,25901,79848,0.76581210062423
25901,7851,0.8919919941719741,false,25901,7851,0.8919919941719741
25901,692072,0.8720582922827353,false,25901,692072,0.8720582922827353
25901,109136579,0.7523726094636795,false,25901,109136579,0.7523726094636795
25901,55808,0.8887285318529874,false,25901,55808,0.8887285318529874
25901,999,0.8721843963519886,false,25901,999,0.8721843963519886
25901,126353,0.9174222727827964,false,25901,126353,0.9174222727827964
25901,64332,0.7517550261886824,false,25901,64332,0.7517550261886824
25901,388743,0.9293279782681616,false,25901,388743,0.9293279782681616
25901,1577,0.9002540963162495,false,25901,1577,0.9002540963162495
25901,340267,0.825000934773846,false,25901,340267,0.825000934773846
25901,200879,0.9046035566252684,false,25901,200879,0.9046035566252684
25901,1510,0.903795128253735,false,25901,1510,0.903795128253735
25901,102723849,0.8227847142656758,false,25901,102723849,0.8227847142656758
25901,5284,0.8812629512030029,false,25901,5284,0.8812629512030029
25901,619383,0.858973600835757,false,25901,619383,0.858973600835757
25901,57111,0.9010787002784759,false,25901,57111,0.9010787002784759
25901,278,0.8351561419798512,false,25901,278,0.8351561419798512
25901,116844,0.7526498004797685,false,25901,116844,0.7526498004797685
25901,10129,0.9359877980318166,false,25901,10129,0.9359877980318166
25901,4586,0.9117880048790193,false,25901,4586,0.9117880048790193
25901,10551,0.9283826250882767,false,25901,10551,0.9283826250882767
25901,688,0.871907991252571,false,25901,688,0.871907991252571
25901,378938,0.756830984711573,false,25901,378938,0.756830984711573
25901,117155,0.9026246151992827,false,25901,117155,0.9026246151992827
25901,112268155,0.8930682570491649,false,25901,112268155,0.8930682570491649
25901,1152,0.7910494429249318,false,25901,1152,0.7910494429249318
25901,79083,0.8863836875256201,false,25901,79083,0.8863836875256201
25901,1556,0.7640039438429812,false,25901,1556,0.7640039438429812
25901,55930,0.965523331428096,false,25901,55930,0.965523331428096
25901,22996,0.8888883338219399,false,25901,22996,0.8888883338219399
25901,7113,0.8194451816741023,false,25901,7113,0.8194451816741023
25901,105180391,0.7976063234258433,false,25901,105180391,0.7976063234258433
25901,100529240,0.9311173005939631,false,25901,100529240,0.9311173005939631
25901,113218482,0.8553560327138138,false,25901,113218482,0.8553560327138138
25901,647024,0.8736612190344741,false,25901,647024,0.8736612190344741
25901,255928,0.8861941287795126,false,25901,255928,0.8861941287795126
25901,8537,0.8559762756663757,false,25901,8537,0.8559762756663757
25901,10018,0.9645736696394162,false,25901,10018,0.9645736696394162
25901,115019,0.8740191053302483,false,25901,115019,0.8740191053302483
25901,105180390,0.8338190180419996,false,25901,105180390,0.8338190180419996
25901,1043,0.8954866450460555,false,25901,1043,0.8954866450460555
25901,276,0.8109478330185526,false,25901,276,0.8109478330185526
25901,168374,0.8807411002455005,false,25901,168374,0.8807411002455005
25901,143884,0.9465021800546788,false,25901,143884,0.9465021800546788
25901,80004,0.8250681807085763,false,25901,80004,0.8250681807085763
25901,3993,0.8725555080989843,false,25901,3993,0.8725555080989843
25901,389852,0.9277142039080406,false,25901,389852,0.9277142039080406
25901,164312,0.8449882289417041,false,25901,164312,0.8449882289417041
25901,2065,0.9134565004297814,false,25901,2065,0.9134565004297814
25901,135656,0.9110141856512346,false,25901,135656,0.9110141856512346
25901,94059,0.9833427301751523,false,25901,94059,0.9833427301751523
25901,26769,0.9035067233450536,false,25901,26769,0.9035067233450536
25901,3960,0.9246233817365364,false,25901,3960,0.9246233817365364
25901,23584,0.7758472250409761,false,25901,23584,0.7758472250409761
25901,692213,0.938067833818644,false,25901,692213,0.938067833818644
25901,153643,0.8274934760228566,false,25901,153643,0.8274934760228566
25901,112268422,0.9169050633104918,false,25901,112268422,0.9169050633104918
25901,259294,0.9496949685909581,false,25901,259294,0.9496949685909581
25901,2266,0.9012286074239608,false,25901,2266,0.9012286074239608
25901,745,0.7917522420710575,false,25901,745,0.7917522420710575
100302170,51365,0.9688646531873804,false,100302170,51365,0.9688646531873804
100302170,7225,0.8309404325249309,false,100302170,7225,0.8309404325249309
100302170,27134,0.9690784676121634,false,100302170,27134,0.9690784676121634
100302170,5340,0.9172264745605737,false,100302170,5340,0.9172264745605737
100302170,4582,0.8895276745183373,false,100302170,4582,0.8895276745183373
100302170,3248,0.9017957718699738,false,100302170,3248,0.9017957718699738
100302170,255189,0.8321640212669527,false,100302170,255189,0.8321640212669527
100302170,641384,0.9765443720140701,false,100302170,641384,0.9765443720140701
100302170,100130449,0.9359650943099413,false,100302170,100130449,0.9359650943099413
100302170,10103,0.9905751349470154,false,100302170,10103,0.9905751349470154
100302170,3856,0.8511931088361346,false,100302170,3856,0.8511931088361346
100302170,1048,0.986902173764043,false,100302170,1048,0.986902173764043
100302170,100419743,0.9868986840927483,false,100302170,100419743,0.9868986840927483
100302170,3983,0.9433897168478581,false,100302170,3983,0.9433897168478581
100302170,3694,0.9048103463895315,false,100302170,3694,0.9048103463895315
100302170,285989,0.9415198346366244,false,100302170,285989,0.9415198346366244
100302170,2627,0.930590978663323,false,100302170,2627,0.930590978663323
100302170,1555,0.9760530963905756,false,100302170,1555,0.9760530963905756
100302170,57528,0.949782338697786,false,100302170,57528,0.949782338697786
100302170,201456,0.9589034750201069,false,100302170,201456,0.9589034750201069
100302170,57186,0.8309395571223147,false,100302170,57186,0.8309395571223147
100302170,5544,0.8840676355996581,false,100302170,5544,0.8840676355996581
100302170,102723508,0.9030192185301209,false,100302170,102723508,0.9030192185301209
100302170,9356,0.8108267754077517,false,100302170,9356,0.8108267754077517
100302170,641776,0.7950575819521429,false,100302170,641776,0.7950575819521429
100302170,341676,0.9759559504740335,false,100302170,341676,0.9759559504740335
100302170,148213,0.9623900454701761,false,100302170,148213,0.9623900454701761
100302170,10595,0.9618091798490673,false,100302170,10595,0.9618091798490673
100302170,4583,0.9687904990722456,false,100302170,4583,0.9687904990722456
100302170,55567,0.9827335813305865,false,100302170,55567,0.9827335813305865
100302170,7851,0.8914290560641028,false,100302170,7851,0.8914290560641028
100302170,692072,0.928728400149138,false,100302170,692072,0.928728400149138
100302170,55808,0.9784870628561854,false,100302170,55808,0.9784870628561854
100302170,999,0.9631588580817063,false,100302170,999,0.9631588580817063
100302170,126353,0.9613238351405501,false,100302170,126353,0.9613238351405501
100302170,26226,0.775322818383743,false,100302170,26226,0.775322818383743
100302170,388743,0.9876376076036687,false,100302170,388743,0.9876376076036687
100302170,1577,0.8942345270329535,false,100302170,1577,0.8942345270329535
100302170,340267,0.8736633579728242,false,100302170,340267,0.8736633579728242
100302170,200879,0.9841062812989441,false,100302170,200879,0.9841062812989441
100302170,1510,0.9820710259177201,false,100302170,1510,0.9820710259177201
100302170,102723849,0.8004005744839096,false,100302170,102723849,0.8004005744839096
100302170,5284,0.8822979352010482,false,100302170,5284,0.8822979352010482
100302170,57111,0.984755836006917,false,100302170,57111,0.984755836006917
100302170,278,0.7717877400867363,false,100302170,278,0.7717877400867363
100302170,116844,0.8347432194047426,false,100302170,116844,0.8347432194047426
100302170,10129,0.9234933878024196,false,100302170,10129,0.9234933878024196
100302170,4586,0.9874289446549152,false,100302170,4586,0.9874289446549152
100302170,10551,0.9939536304758484,false,100302170,10551,0.9939536304758484
100302170,688,0.8893161907744377,false,100302170,688,0.8893161907744377
100302170,117155,0.9563784590593261,false,100302170,117155,0.9563784590593261
100302170,112268155,0.9501020606337585,false,100302170,112268155,0.9501020606337585
100302170,1152,0.8961766250898948,false,100302170,1152,0.8961766250898948
100302170,79083,0.9767734135475433,false,100302170,79083,0.9767734135475433
100302170,1556,0.85989463019243,false,100302170,1556,0.85989463019243
100302170,55930,0.9783348382095649,false,100302170,55930,0.9783348382095649
100302170,22996,0.9508047494010449,false,100302170,22996,0.9508047494010449
100302170,7113,0.8437859272946797,false,100302170,7113,0.8437859272946797
100302170,54861,0.7979982054625618,false,100302170,54861,0.7979982054625618
100302170,222256,0.8157106407965579,false,100302170,222256,0.8157106407965579
100302170,100529240,0.9886215828500063,false,100302170,100529240,0.9886215828500063
100302170,113218482,0.956680605586302,false,100302170,113218482,0.956680605586302
100302170,647024,0.9641470361489274,false,100302170,647024,0.9641470361489274
100302170,255928,0.9731921022176073,false,100302170,255928,0.9731921022176073
100302170,8537,0.9374196931076465,false,100302170,8537,0.9374196931076465
100302170,10018,0.9109676361842982,false,100302170,10018,0.9109676361842982
100302170,115019,0.9107631461537555,false,100302170,115019,0.9107631461537555
100302170,105180390,0.7684382399494447,false,100302170,105180390,0.7684382399494447
100302170,1043,0.882081961861636,false,100302170,1043,0.882081961861636
100302170,168374,0.9003480756431248,false,100302170,168374,0.9003480756431248
100302170,143884,0.9251023594557329,false,100302170,143884,0.9251023594557329
100302170,80004,0.8826446842821417,false,100302170,80004,0.8826446842821417
100302170,3993,0.8952582785499429,false,100302170,3993,0.8952582785499429
100302170,389852,0.9502516222863227,false,100302170,389852,0.9502516222863227
100302170,164312,0.9506667799888029,false,100302170,164312,0.9506667799888029
100302170,2065,0.9054724811661918,false,100302170,2065,0.9054724811661918
100302170,135656,0.9869794219844743,false,100302170,135656,0.9869794219844743
100302170,94059,0.9397107828300133,false,100302170,94059,0.9397107828300133
100302170,26769,0.8414018522632639,false,100302170,26769,0.8414018522632639
100302170,3960,0.9165272684470587,false,100302170,3960,0.9165272684470587
100302170,23584,0.8336017350411367,false,100302170,23584,0.8336017350411367
100302170,692213,0.8657939331763342,false,100302170,692213,0.8657939331763342
100302170,153643,0.9307251761713156,false,100302170,153643,0.9307251761713156
100302170,112268422,0.9407576271834239,false,100302170,112268422,0.9407576271834239
100302170,259294,0.9596431120409478,false,100302170,259294,0.9596431120409478
100302170,2266,0.9783324716419803,false,100302170,2266,0.9783324716419803
100302170,745,0.9199823879154865,false,100302170,745,0.9199823879154865
5225,4128,0.8979204838337853,false,5225,4128,0.8979204838337853
5225,55892,0.8312138695985494,false,5225,55892,0.8312138695985494
5225,3249,0.885829995834242,false,5225,3249,0.885829995834242
5225,306,0.9841563609262711,false,5225,306,0.9841563609262711
5225,5265,0.8661476754959845,false,5225,5265,0.8661476754959845
5225,10568,0.8750288693995509,false,5225,10568,0.8750288693995509
5225,33,0.8945561929447484,false,5225,33,0.8945561929447484
5225,79838,0.8299242663427991,false,5225,79838,0.8299242663427991
5225,375612,0.8691426519970309,false,5225,375612,0.8691426519970309
5225,10529,0.7912407820972958,false,5225,10529,0.7912407820972958
5225,503640,0.8467133150392628,false,5225,503640,0.8467133150392628
5225,9914,0.9084216645083307,false,5225,9914,0.9084216645083307
5225,259290,0.7536059254784794,false,5225,259290,0.7536059254784794
5225,163720,0.9610880489003528,false,5225,163720,0.9610880489003528
5225,722,0.8964823488154473,false,5225,722,0.8964823488154473
5225,6751,0.8929263039135454,false,5225,6751,0.8929263039135454
5225,79908,0.8950700260934071,false,5225,79908,0.8950700260934071
5225,10579,0.8040559105258098,false,5225,10579,0.8040559105258098
5225,5625,0.9060807906582377,false,5225,5625,0.9060807906582377
5225,51185,0.7627945062949691,false,5225,51185,0.7627945062949691
5225,130367,0.9664822657241164,false,5225,130367,0.9664822657241164
5225,7080,0.7731048632288913,false,5225,7080,0.7731048632288913
5225,285335,0.9008029269683502,false,5225,285335,0.9008029269683502
5225,1910,0.9648499006339374,false,5225,1910,0.9648499006339374
5225,146177,0.8535714622318771,false,5225,146177,0.8535714622318771
5225,728226,0.8654270412840696,false,5225,728226,0.8654270412840696
5225,81615,0.9235151487594997,false,5225,81615,0.9235151487594997
5225,200373,0.9084477553402239,false,5225,200373,0.9084477553402239
5225,5787,0.8148180801707546,false,5225,5787,0.8148180801707546
5225,474354,0.8544363407590685,false,5225,474354,0.8544363407590685
5225,221395,0.8649583315759745,false,5225,221395,0.8649583315759745
5225,54842,0.9817524332276234,false,5225,54842,0.9817524332276234
5225,728643,0.9402008467425138,false,5225,728643,0.9402008467425138
5225,128602,0.9053135183252035,false,5225,128602,0.9053135183252035
5225,54997,0.9364147625526393,false,5225,54997,0.9364147625526393
5225,2595,0.9331439067521453,false,5225,2595,0.9331439067521453
5225,219790,0.9460792053878868,false,5225,219790,0.9460792053878868
5225,115677,0.8749538077891484,false,5225,115677,0.8749538077891484
5225,64073,0.8472227466204211,false,5225,64073,0.8472227466204211
5225,9223,0.8402267567923075,false,5225,9223,0.8402267567923075
5225,253970,0.9550272070945798,false,5225,253970,0.9550272070945798
5225,109136579,0.81076758531454,false,5225,109136579,0.81076758531454
5225,503645,0.9788955103809214,false,5225,503645,0.9788955103809214
5225,4070,0.8778492054582094,false,5225,4070,0.8778492054582094
5225,64332,0.7974495230181775,false,5225,64332,0.7974495230181775
5225,2277,0.8379135048130185,false,5225,2277,0.8379135048130185
5225,346007,0.8810910451480509,false,5225,346007,0.8810910451480509
5225,116984,0.9660421075580715,false,5225,116984,0.9660421075580715
5225,825,0.8695719903430171,false,5225,825,0.8695719903430171
5225,3875,0.8377238027617949,false,5225,3875,0.8377238027617949
5225,137872,0.9177190767142085,false,5225,137872,0.9177190767142085
5225,100033430,0.9004719398320183,false,5225,100033430,0.9004719398320183
5225,9196,0.8630296989415538,false,5225,9196,0.8630296989415538
5225,93517,0.7539513739436462,false,5225,93517,0.7539513739436462
5225,89765,0.900956168850245,false,5225,89765,0.900956168850245
5225,130271,0.8892682537231511,false,5225,130271,0.8892682537231511
5225,101927516,0.8890374746191795,false,5225,101927516,0.8890374746191795
5225,378938,0.8091076833329732,false,5225,378938,0.8091076833329732
5225,5545,0.8426623353939086,false,5225,5545,0.8426623353939086
5225,285,0.8629650997654352,false,5225,285,0.8629650997654352
5225,27074,0.9784098074563934,false,5225,27074,0.9784098074563934
5225,66002,0.9277723005299954,false,5225,66002,0.9277723005299954
5225,79632,0.96875029875749,false,5225,79632,0.96875029875749
5225,100505495,0.8414921637196459,false,5225,100505495,0.8414921637196459
5225,7620,0.826285425959083,false,5225,7620,0.826285425959083
5225,105180391,0.7731010577671175,false,5225,105180391,0.7731010577671175
5225,26084,0.7631810077796561,false,5225,26084,0.7631810077796561
5225,9476,0.8747940232262289,false,5225,9476,0.8747940232262289
5225,151531,0.9231549558871023,false,5225,151531,0.9231549558871023
5225,195814,0.8464227525990421,false,5225,195814,0.8464227525990421
5225,692058,0.7845463794430508,false,5225,692058,0.7845463794430508
5225,645843,0.8430898530953419,false,5225,645843,0.8430898530953419
5225,2122,0.9345016589521288,false,5225,2122,0.9345016589521288
5225,84059,0.9516273591351975,false,5225,84059,0.9516273591351975
5225,121512,0.9326500608435724,false,5225,121512,0.9326500608435724
5225,6097,0.9116240522380579,false,5225,6097,0.9116240522380579
5225,120892,0.9358725922784238,false,5225,120892,0.9358725922784238
5225,123624,0.924045280741448,false,5225,123624,0.924045280741448
5225,391253,0.8787941513540466,false,5225,391253,0.8787941513540466
5225,220136,0.7965512949110678,false,5225,220136,0.7965512949110678
5225,693188,0.811969612190903,false,5225,693188,0.811969612190903
5225,6799,0.8682081886311174,false,5225,6799,0.8682081886311174
5225,389376,0.7571420375559226,false,5225,389376,0.7571420375559226
5225,353189,0.9223595762356008,false,5225,353189,0.9223595762356008
5225,776,0.919429816579888,false,5225,776,0.919429816579888
5225,84851,0.8202124247006426,false,5225,84851,0.8202124247006426
5225,84525,0.905692145719329,false,5225,84525,0.905692145719329
5225,4861,0.853372673790726,false,5225,4861,0.853372673790726
5225,10203,0.8801255817103721,false,5225,10203,0.8801255817103721
5225,284323,0.8312490854747486,false,5225,284323,0.8312490854747486
5225,1080,0.863169747797768,false,5225,1080,0.863169747797768
5225,65217,0.8456620343558643,false,5225,65217,0.8456620343558643
5225,1286,0.8355833799631257,false,5225,1286,0.8355833799631257
5225,56955,0.751793950028209,false,5225,56955,0.751793950028209
5225,84765,0.8549439763556009,false,5225,84765,0.8549439763556009
5225,653509,0.8132510504782973,false,5225,653509,0.8132510504782973
5225,55282,0.8673853740035309,false,5225,55282,0.8673853740035309
5225,79098,0.8747801107100337,false,5225,79098,0.8747801107100337
5225,144535,0.8762496067357886,false,5225,144535,0.8762496067357886
5225,649946,0.9242697994639136,false,5225,649946,0.9242697994639136
5225,144571,0.8463307297058165,false,5225,144571,0.8463307297058165
5225,26298,0.7907342365620881,false,5225,26298,0.7907342365620881
5225,165186,0.8675429196020829,false,5225,165186,0.8675429196020829
5225,102465485,0.8684327169636319,false,5225,102465485,0.8684327169636319
5225,100033436,0.8409337352799462,false,5225,100033436,0.8409337352799462
51365,7225,0.7800633764659288,false,51365,7225,0.7800633764659288
51365,27134,0.9871935471141225,false,51365,27134,0.9871935471141225
51365,5340,0.832117160258538,false,51365,5340,0.832117160258538
51365,4582,0.8229066654585825,false,51365,4582,0.8229066654585825
51365,3248,0.8938874535314527,false,51365,3248,0.8938874535314527
51365,255189,0.8086369951220659,false,51365,255189,0.8086369951220659
51365,641384,0.9115558318483046,false,51365,641384,0.9115558318483046
51365,100130449,0.8595991769610863,false,51365,100130449,0.8595991769610863
51365,10103,0.9886684797111653,false,51365,10103,0.9886684797111653
51365,3856,0.809084829553265,false,51365,3856,0.809084829553265
51365,1048,0.9924098643190442,false,51365,1048,0.9924098643190442
51365,100419743,0.992463481145285,false,51365,100419743,0.992463481145285
51365,3983,0.9532010722816986,false,51365,3983,0.9532010722816986
51365,3694,0.9037723793501065,false,51365,3694,0.9037723793501065
51365,285989,0.8682048433327789,false,51365,285989,0.8682048433327789
51365,2627,0.9120978340891522,false,51365,2627,0.9120978340891522
51365,1555,0.9869547604232699,false,51365,1555,0.9869547604232699
51365,57528,0.9172630946710327,false,51365,57528,0.9172630946710327
51365,201456,0.9598173619618859,false,51365,201456,0.9598173619618859
51365,57186,0.760713626170698,false,51365,57186,0.760713626170698
51365,5544,0.7855564565776374,false,51365,5544,0.7855564565776374
51365,6473,0.7701583568238466,false,51365,6473,0.7701583568238466
51365,102723508,0.9164147789798957,false,51365,102723508,0.9164147789798957
51365,9356,0.765251692299104,false,51365,9356,0.765251692299104
51365,341676,0.9645323960793248,false,51365,341676,0.9645323960793248
51365,148213,0.8884452740535973,false,51365,148213,0.8884452740535973
51365,10595,0.9280060270199068,false,51365,10595,0.9280060270199068
51365,4583,0.9010892764037308,false,51365,4583,0.9010892764037308
51365,55567,0.9389857757970113,false,51365,55567,0.9389857757970113
51365,7851,0.8387603558067698,false,51365,7851,0.8387603558067698
51365,692072,0.9078295263548696,false,51365,692072,0.9078295263548696
51365,55808,0.991256509759505,false,51365,55808,0.991256509759505
51365,999,0.9459177664161963,false,51365,999,0.9459177664161963
51365,126353,0.950010182770596,false,51365,126353,0.950010182770596
51365,26226,0.7685507238127732,false,51365,26226,0.7685507238127732
51365,388743,0.9751957916349939,false,51365,388743,0.9751957916349939
51365,1577,0.8375627159503802,false,51365,1577,0.8375627159503802
51365,340267,0.7988718717193248,false,51365,340267,0.7988718717193248
51365,200879,0.9904414883101664,false,51365,200879,0.9904414883101664
51365,1510,0.9882067550772774,false,51365,1510,0.9882067550772774
51365,5284,0.774534344434152,false,51365,5284,0.774534344434152
51365,57111,0.9886639002893439,false,51365,57111,0.9886639002893439
51365,116844,0.7731776296897782,false,51365,116844,0.7731776296897782
51365,10129,0.8159698732592023,false,51365,10129,0.8159698732592023
51365,4586,0.992281665168697,false,51365,4586,0.992281665168697
51365,10551,0.987012643090357,false,51365,10551,0.987012643090357
51365,688,0.7885540245243582,false,51365,688,0.7885540245243582
51365,54897,0.7649742690852336,false,51365,54897,0.7649742690852336
51365,117155,0.9109689827537694,false,51365,117155,0.9109689827537694
51365,112268155,0.9183946976741553,false,51365,112268155,0.9183946976741553
51365,1152,0.884534485127515,false,51365,1152,0.884534485127515
51365,79083,0.9879906276117975,false,51365,79083,0.9879906276117975
51365,1556,0.8317682948565408,false,51365,1556,0.8317682948565408
51365,55930,0.9089482856848785,false,51365,55930,0.9089482856848785
51365,22996,0.9111696016387325,false,51365,22996,0.9111696016387325
51365,7113,0.7834216328075907,false,51365,7113,0.7834216328075907
51365,222256,0.7697805464723002,false,51365,222256,0.7697805464723002
51365,100529240,0.9795865959598713,false,51365,100529240,0.9795865959598713
51365,113218482,0.955116359329162,false,51365,113218482,0.955116359329162
51365,647024,0.9484038026523752,false,51365,647024,0.9484038026523752
51365,255928,0.995604821837786,false,51365,255928,0.995604821837786
51365,8537,0.9650823760679378,false,51365,8537,0.9650823760679378
51365,10018,0.8052634174584125,false,51365,10018,0.8052634174584125
51365,115019,0.8589537571052515,false,51365,115019,0.8589537571052515
51365,1043,0.7852009823511144,false,51365,1043,0.7852009823511144
51365,168374,0.8445532665124666,false,51365,168374,0.8445532665124666
51365,143884,0.8554663638850076,false,51365,143884,0.8554663638850076
51365,80004,0.8466223356560034,false,51365,80004,0.8466223356560034
51365,3993,0.8318555097230992,false,51365,3993,0.8318555097230992
51365,389852,0.9264859953015778,false,51365,389852,0.9264859953015778
51365,164312,0.9806024774688928,false,51365,164312,0.9806024774688928
51365,2065,0.8476418940690614,false,51365,2065,0.8476418940690614
51365,1513,0.8041211698586697,false,51365,1513,0.8041211698586697
51365,135656,0.9921572253467161,false,51365,135656,0.9921572253467161
51365,94059,0.8322090742590667,false,51365,94059,0.8322090742590667
51365,3960,0.8688432129724117,false,51365,3960,0.8688432129724117
51365,23584,0.782566071441973,false,51365,23584,0.782566071441973
51365,692213,0.753269046146225,false,51365,692213,0.753269046146225
51365,153643,0.9140110730779956,false,51365,153643,0.9140110730779956
51365,112268422,0.8680635619529233,false,51365,112268422,0.8680635619529233
51365,259294,0.9147139745663182,false,51365,259294,0.9147139745663182
51365,2266,0.9915997196572766,false,51365,2266,0.9915997196572766
51365,745,0.9344013768103305,false,51365,745,0.9344013768103305
253982,102724057,0.8142127945183916,false,253982,102724057,0.8142127945183916
253982,2696,0.7845809323351071,false,253982,2696,0.7845809323351071
253982,102466759,0.8270488231050984,false,253982,102466759,0.8270488231050984
253982,54084,0.8428616698453374,false,253982,54084,0.8428616698453374
253982,7473,0.8063125783981504,false,253982,7473,0.8063125783981504
253982,1180,0.836697532794964,false,253982,1180,0.836697532794964
253982,65998,0.7559387915771836,false,253982,65998,0.7559387915771836
253982,102723635,0.9227136648074359,false,253982,102723635,0.9227136648074359
253982,100126311,0.7705091240281705,false,253982,100126311,0.7705091240281705
253982,57524,0.97241089302181,false,253982,57524,0.97241089302181
253982,84867,0.8089264673351209,false,253982,84867,0.8089264673351209
253982,140766,0.828860874156534,false,253982,140766,0.828860874156534
253982,284680,0.9840986114079311,false,253982,284680,0.9840986114079311
253982,128218,0.9261191204919359,false,253982,128218,0.9261191204919359
253982,105373265,0.8925454378625014,false,253982,105373265,0.8925454378625014
253982,440590,0.9877923975596352,false,253982,440590,0.9877923975596352
7225,27134,0.8164738249848432,false,7225,27134,0.8164738249848432
7225,654412,0.7691785026260483,false,7225,654412,0.7691785026260483
7225,5340,0.8194411344059986,false,7225,5340,0.8194411344059986
7225,4582,0.8865003627151924,false,7225,4582,0.8865003627151924
7225,3248,0.9643086302629545,false,7225,3248,0.9643086302629545
7225,255189,0.9132334808008322,false,7225,255189,0.9132334808008322
7225,641384,0.8183653289710965,false,7225,641384,0.8183653289710965
7225,100130449,0.8367181984298885,false,7225,100130449,0.8367181984298885
7225,10103,0.8067185678945269,false,7225,10103,0.8067185678945269
7225,3856,0.9124963169850965,false,7225,3856,0.9124963169850965
7225,1048,0.8326965753259917,false,7225,1048,0.8326965753259917
7225,100419743,0.8325522751648519,false,7225,100419743,0.8325522751648519
7225,79838,0.7546468186464785,false,7225,79838,0.7546468186464785
7225,3983,0.883830532770329,false,7225,3983,0.883830532770329
7225,3694,0.8771876866362205,false,7225,3694,0.8771876866362205
7225,285989,0.9365209732068381,false,7225,285989,0.9365209732068381
7225,2627,0.9454393320256275,false,7225,2627,0.9454393320256275
7225,259290,0.759361162402986,false,7225,259290,0.759361162402986
7225,1555,0.843606757498017,false,7225,1555,0.843606757498017
7225,57528,0.9105870975129287,false,7225,57528,0.9105870975129287
7225,201456,0.9008098112571818,false,7225,201456,0.9008098112571818
7225,57186,0.9643398135057674,false,7225,57186,0.9643398135057674
7225,102723508,0.8801487054756459,false,7225,102723508,0.8801487054756459
7225,9356,0.8346358567056423,false,7225,9356,0.8346358567056423
7225,641776,0.839870809896038,false,7225,641776,0.839870809896038
7225,100506658,0.9172673322932674,false,7225,100506658,0.9172673322932674
7225,341676,0.8696461876605073,false,7225,341676,0.8696461876605073
7225,148213,0.8324834449689759,false,7225,148213,0.8324834449689759
7225,10595,0.868352316749867,false,7225,10595,0.868352316749867
7225,4583,0.8929151267439351,false,7225,4583,0.8929151267439351
7225,55567,0.8106244483113413,false,7225,55567,0.8106244483113413
7225,115677,0.7827346730197627,false,7225,115677,0.7827346730197627
7225,5961,0.8596425288263786,false,7225,5961,0.8596425288263786
7225,7851,0.9015398206160837,false,7225,7851,0.9015398206160837
7225,692072,0.9190779120804102,false,7225,692072,0.9190779120804102
7225,55808,0.8360359146600841,false,7225,55808,0.8360359146600841
7225,999,0.877465976122224,false,7225,999,0.877465976122224
7225,126353,0.8421238058501749,false,7225,126353,0.8421238058501749
7225,26226,0.9117318130789576,false,7225,26226,0.9117318130789576
7225,64332,0.831540095583167,false,7225,64332,0.831540095583167
7225,388743,0.8680085199021437,false,7225,388743,0.8680085199021437
7225,1577,0.899526358159113,false,7225,1577,0.899526358159113
7225,340267,0.9463132587994062,false,7225,340267,0.9463132587994062
7225,200879,0.8502382136413945,false,7225,200879,0.8502382136413945
7225,1510,0.8333634565495651,false,7225,1510,0.8333634565495651
7225,441251,0.9061960260663674,false,7225,441251,0.9061960260663674
7225,102723849,0.8868734755695786,false,7225,102723849,0.8868734755695786
7225,6337,0.7999277611071113,false,7225,6337,0.7999277611071113
7225,5284,0.9086095244380291,false,7225,5284,0.9086095244380291
7225,57669,0.9655889747739954,false,7225,57669,0.9655889747739954
7225,57111,0.8435314805811004,false,7225,57111,0.8435314805811004
7225,116844,0.8542612761720291,false,7225,116844,0.8542612761720291
7225,10129,0.8623250762979996,false,7225,10129,0.8623250762979996
7225,4586,0.8325640240399684,false,7225,4586,0.8325640240399684
7225,10551,0.8415310596870356,false,7225,10551,0.8415310596870356
7225,688,0.7966000550557033,false,7225,688,0.7966000550557033
7225,54897,0.8737874292032105,false,7225,54897,0.8737874292032105
7225,5545,0.8245356304654509,false,7225,5545,0.8245356304654509
7225,117155,0.9383395264567556,false,7225,117155,0.9383395264567556
7225,112268155,0.9520887716835352,false,7225,112268155,0.9520887716835352
7225,1152,0.8745857327870514,false,7225,1152,0.8745857327870514
7225,79083,0.8623629986656445,false,7225,79083,0.8623629986656445
7225,1556,0.9626343654550108,false,7225,1556,0.9626343654550108
7225,55930,0.8519581476354136,false,7225,55930,0.8519581476354136
7225,22996,0.7678270007225717,false,7225,22996,0.7678270007225717
7225,7113,0.9449519576995805,false,7225,7113,0.9449519576995805
7225,54861,0.9184403900614431,false,7225,54861,0.9184403900614431
7225,222256,0.8240344791247056,false,7225,222256,0.8240344791247056
7225,105180391,0.8160799798852318,false,7225,105180391,0.8160799798852318
7225,100529240,0.8008238086694567,false,7225,100529240,0.8008238086694567
7225,113218482,0.8819963740593216,false,7225,113218482,0.8819963740593216
7225,647024,0.8405071170192002,false,7225,647024,0.8405071170192002
7225,255928,0.7906613697794571,false,7225,255928,0.7906613697794571
7225,10018,0.8514456251291252,false,7225,10018,0.8514456251291252
7225,115019,0.9479964484129589,false,7225,115019,0.9479964484129589
7225,105180390,0.8220093300612316,false,7225,105180390,0.8220093300612316
7225,1043,0.9466983954628577,false,7225,1043,0.9466983954628577
7225,168374,0.9562278931135066,false,7225,168374,0.9562278931135066
7225,645843,0.8063146956823748,false,7225,645843,0.8063146956823748
7225,143884,0.8753694267419022,false,7225,143884,0.8753694267419022
7225,80004,0.935898682540125,false,7225,80004,0.935898682540125
7225,3993,0.898766879271507,false,7225,3993,0.898766879271507
7225,389852,0.8651769299107798,false,7225,389852,0.8651769299107798
7225,164312,0.8006858389877889,false,7225,164312,0.8006858389877889
7225,84239,0.972856137788107,false,7225,84239,0.972856137788107
7225,2065,0.8919257598755777,false,7225,2065,0.8919257598755777
7225,135656,0.8343286257819351,false,7225,135656,0.8343286257819351
7225,3880,0.8099552739766798,false,7225,3880,0.8099552739766798
7225,94059,0.8093560018896762,false,7225,94059,0.8093560018896762
7225,3960,0.8569896125818303,false,7225,3960,0.8569896125818303
7225,23584,0.9760196244057426,false,7225,23584,0.9760196244057426
7225,692213,0.8175066470261707,false,7225,692213,0.8175066470261707
7225,153643,0.8900391764273281,false,7225,153643,0.8900391764273281
7225,112268422,0.7665949265811617,false,7225,112268422,0.7665949265811617
7225,259294,0.889333924863661,false,7225,259294,0.889333924863661
7225,2266,0.8106581323702858,false,7225,2266,0.8106581323702858
7225,745,0.8792391132984446,false,7225,745,0.8792391132984446
7225,440352,0.8699758608968023,false,7225,440352,0.8699758608968023
4574,8313,0.761990038587415,false,4574,8313,0.761990038587415
4574,102724057,0.851006273250219,false,4574,102724057,0.851006273250219
4574,103504738,0.9189103938905568,false,4574,103504738,0.9189103938905568
4574,1132,0.7784975353477526,false,4574,1132,0.7784975353477526
4574,5694,0.8012037127549205,false,4574,5694,0.8012037127549205
4574,89,0.9160661436888815,false,4574,89,0.9160661436888815
4574,57526,0.9343396886063245,false,4574,57526,0.9343396886063245
4574,100506686,0.7928428336243984,false,4574,100506686,0.7928428336243984
4574,406903,0.934292136262357,false,4574,406903,0.934292136262357
4574,84842,0.9332420403250061,false,4574,84842,0.9332420403250061
4574,388555,0.8897878563650159,false,4574,388555,0.8897878563650159
4574,100506380,0.9015073976297653,false,4574,100506380,0.9015073976297653
4574,363,0.8897878563650158,false,4574,363,0.8897878563650158
4574,65998,0.9430972133636826,false,4574,65998,0.9430972133636826
4574,419,0.889787856365016,false,4574,419,0.889787856365016
4574,387882,0.7644375443108423,false,4574,387882,0.7644375443108423
4574,102723635,0.7965347856578823,false,4574,102723635,0.7965347856578823
4574,340596,0.8399099288528843,false,4574,340596,0.8399099288528843
4574,10586,0.9096345929814151,false,4574,10586,0.9096345929814151
4574,3780,0.9215177260603215,false,4574,3780,0.9215177260603215
4574,64137,0.8357269993964035,false,4574,64137,0.8357269993964035
4574,23562,0.8623232737717155,false,4574,23562,0.8623232737717155
4574,163479,0.9177781119987936,false,4574,163479,0.9177781119987936
4574,2619,0.9609517780702547,false,4574,2619,0.9609517780702547
4574,84867,0.8354158030776657,false,4574,84867,0.8354158030776657
4574,441151,0.8784904881842326,false,4574,441151,0.8784904881842326
4574,222183,0.8347415360575379,false,4574,222183,0.8347415360575379
4574,113219467,0.9459543238039075,false,4574,113219467,0.9459543238039075
4574,80381,0.7647109099425127,false,4574,80381,0.7647109099425127
4574,100423031,0.8897878563650159,false,4574,100423031,0.8897878563650159
4574,1515,0.8334018284764246,false,4574,1515,0.8334018284764246
4128,55892,0.9664915689756366,false,4128,55892,0.9664915689756366
4128,3249,0.9544868679593488,false,4128,3249,0.9544868679593488
4128,306,0.9062302434456803,false,4128,306,0.9062302434456803
4128,5265,0.861843876540809,false,4128,5265,0.861843876540809
4128,10568,0.8834798648139812,false,4128,10568,0.8834798648139812
4128,33,0.9546495182935616,false,4128,33,0.9546495182935616
4128,79838,0.7674470207234071,false,4128,79838,0.7674470207234071
4128,375612,0.9662990009753181,false,4128,375612,0.9662990009753181
4128,10529,0.8478377423460624,false,4128,10529,0.8478377423460624
4128,503640,0.8821462979329062,false,4128,503640,0.8821462979329062
4128,286207,0.798909282589935,false,4128,286207,0.798909282589935
4128,9914,0.8955279801766648,false,4128,9914,0.8955279801766648
4128,163720,0.8938414646976542,false,4128,163720,0.8938414646976542
4128,722,0.9439153955139888,false,4128,722,0.9439153955139888
4128,6751,0.9289622500650794,false,4128,6751,0.9289622500650794
4128,79908,0.9881059331016849,false,4128,79908,0.9881059331016849
4128,388323,0.8671563119606827,false,4128,388323,0.8671563119606827
4128,5625,0.9164091615947133,false,4128,5625,0.9164091615947133
4128,51185,0.893295292228168,false,4128,51185,0.893295292228168
4128,130367,0.9637165951645422,false,4128,130367,0.9637165951645422
4128,285335,0.9403681295348469,false,4128,285335,0.9403681295348469
4128,1910,0.842848943701809,false,4128,1910,0.842848943701809
4128,146177,0.8720842421757574,false,4128,146177,0.8720842421757574
4128,728226,0.9640184152708658,false,4128,728226,0.9640184152708658
4128,81615,0.8952172474196078,false,4128,81615,0.8952172474196078
4128,200373,0.975648558478594,false,4128,200373,0.975648558478594
4128,102723382,0.8749011124370492,false,4128,102723382,0.8749011124370492
4128,474354,0.9732286921728637,false,4128,474354,0.9732286921728637
4128,221395,0.8692642114811299,false,4128,221395,0.8692642114811299
4128,54842,0.88539388427479,false,4128,54842,0.88539388427479
4128,728643,0.942808174144254,false,4128,728643,0.942808174144254
4128,128602,0.9341795672598544,false,4128,128602,0.9341795672598544
4128,107985317,0.762139036585369,false,4128,107985317,0.762139036585369
4128,54997,0.9650992971407981,false,4128,54997,0.9650992971407981
4128,2595,0.9057358273916033,false,4128,2595,0.9057358273916033
4128,219790,0.9236800368281268,false,4128,219790,0.9236800368281268
4128,64073,0.785219272505064,false,4128,64073,0.785219272505064
4128,9223,0.8537030251246754,false,4128,9223,0.8537030251246754
4128,253970,0.937500531836265,false,4128,253970,0.937500531836265
4128,109136579,0.8099265295186755,false,4128,109136579,0.8099265295186755
4128,503645,0.9368790373253433,false,4128,503645,0.9368790373253433
4128,4070,0.9226476661219847,false,4128,4070,0.9226476661219847
4128,2277,0.794961940901626,false,4128,2277,0.794961940901626
4128,346007,0.9324045173471927,false,4128,346007,0.9324045173471927
4128,116984,0.9093314928208174,false,4128,116984,0.9093314928208174
4128,825,0.9093074965828087,false,4128,825,0.9093074965828087
4128,137872,0.9639716599865896,false,4128,137872,0.9639716599865896
4128,100033430,0.9099525769702951,false,4128,100033430,0.9099525769702951
4128,9196,0.9872098971437901,false,4128,9196,0.9872098971437901
4128,93517,0.8783314734802475,false,4128,93517,0.8783314734802475
4128,89765,0.8469843886399462,false,4128,89765,0.8469843886399462
4128,130271,0.7801188610004547,false,4128,130271,0.7801188610004547
4128,101927516,0.9640367090500581,false,4128,101927516,0.9640367090500581
4128,378938,0.8059801160259633,false,4128,378938,0.8059801160259633
4128,5545,0.7685816622530922,false,4128,5545,0.7685816622530922
4128,285,0.9729348274877843,false,4128,285,0.9729348274877843
4128,27074,0.949992334851138,false,4128,27074,0.949992334851138
4128,100996506,0.8953170970208117,false,4128,100996506,0.8953170970208117
4128,66002,0.9820697647363396,false,4128,66002,0.9820697647363396
4128,79632,0.9159116671428005,false,4128,79632,0.9159116671428005
4128,100505495,0.9642580900692254,false,4128,100505495,0.9642580900692254
4128,7620,0.9392165073284707,false,4128,7620,0.9392165073284707
4128,9476,0.9199515924277526,false,4128,9476,0.9199515924277526
4128,151531,0.9654971143994218,false,4128,151531,0.9654971143994218
4128,692058,0.8909113252597172,false,4128,692058,0.8909113252597172
4128,645843,0.7573200188308227,false,4128,645843,0.7573200188308227
4128,2122,0.9588481999883627,false,4128,2122,0.9588481999883627
4128,84059,0.8589307795430969,false,4128,84059,0.8589307795430969
4128,121512,0.9273338522930674,false,4128,121512,0.9273338522930674
4128,6097,0.9204426233551442,false,4128,6097,0.9204426233551442
4128,120892,0.9251567537888811,false,4128,120892,0.9251567537888811
4128,123624,0.9660555482523077,false,4128,123624,0.9660555482523077
4128,391253,0.9614915278487034,false,4128,391253,0.9614915278487034
4128,220136,0.773340626865561,false,4128,220136,0.773340626865561
4128,693188,0.9574508956565655,false,4128,693188,0.9574508956565655
4128,6799,0.762046625516117,false,4128,6799,0.762046625516117
4128,389376,0.8302586431271529,false,4128,389376,0.8302586431271529
4128,353189,0.9822636711654196,false,4128,353189,0.9822636711654196
4128,776,0.9720965781471212,false,4128,776,0.9720965781471212
4128,84851,0.9358703092831233,false,4128,84851,0.9358703092831233
4128,84525,0.8207974505027898,false,4128,84525,0.8207974505027898
4128,4861,0.9557159994643682,false,4128,4861,0.9557159994643682
4128,10203,0.9342617971927818,false,4128,10203,0.9342617971927818
4128,284323,0.8444037640220479,false,4128,284323,0.8444037640220479
4128,1080,0.8332524070658175,false,4128,1080,0.8332524070658175
4128,65217,0.899771413656024,false,4128,65217,0.899771413656024
4128,105372793,0.8950679470740437,false,4128,105372793,0.8950679470740437
4128,56955,0.7961652039021171,false,4128,56955,0.7961652039021171
4128,84765,0.9495486004600066,false,4128,84765,0.9495486004600066
4128,653509,0.7622093489485452,false,4128,653509,0.7622093489485452
4128,55282,0.845762185480709,false,4128,55282,0.845762185480709
4128,79098,0.9473890038516546,false,4128,79098,0.9473890038516546
4128,144535,0.8306399298190003,false,4128,144535,0.8306399298190003
4128,649946,0.9026487746061033,false,4128,649946,0.9026487746061033
4128,144571,0.899697195243581,false,4128,144571,0.899697195243581
4128,26298,0.8908899357059579,false,4128,26298,0.8908899357059579
4128,165186,0.9367960950887337,false,4128,165186,0.9367960950887337
4128,102465485,0.8948301969453946,false,4128,102465485,0.8948301969453946
4128,100033436,0.934707932985659,false,4128,100033436,0.934707932985659
8313,57526,0.7612754942488887,false,8313,57526,0.7612754942488887
8313,102466759,0.8904389279235008,false,8313,102466759,0.8904389279235008
8313,3207,0.7716415894324997,false,8313,3207,0.7716415894324997
8313,387882,0.8545117692629658,false,8313,387882,0.8545117692629658
8313,102723635,0.8228335858434872,false,8313,102723635,0.8228335858434872
8313,3780,0.7983336425971159,false,8313,3780,0.7983336425971159
8313,64137,0.9276312801560858,false,8313,64137,0.9276312801560858
8313,23562,0.8425172819941328,false,8313,23562,0.8425172819941328
8313,2619,0.7908779725694114,false,8313,2619,0.7908779725694114
8313,100130701,0.8059141843561775,false,8313,100130701,0.8059141843561775
8313,1028,0.9011991844839069,false,8313,1028,0.9011991844839069
27134,5340,0.8497151211565036,false,27134,5340,0.8497151211565036
27134,4582,0.8585917249473967,false,27134,4582,0.8585917249473967
27134,3248,0.9168949298217264,false,27134,3248,0.9168949298217264
27134,255189,0.8618552963169728,false,27134,255189,0.8618552963169728
27134,641384,0.917866073006779,false,27134,641384,0.917866073006779
27134,100130449,0.8775227695112394,false,27134,100130449,0.8775227695112394
27134,10103,0.9868843726583271,false,27134,10103,0.9868843726583271
27134,3856,0.8425205104523811,false,27134,3856,0.8425205104523811
27134,1048,0.9913578891524093,false,27134,1048,0.9913578891524093
27134,100419743,0.9911851544213327,false,27134,100419743,0.9911851544213327
27134,3983,0.9551628812620401,false,27134,3983,0.9551628812620401
27134,3694,0.9531736188074912,false,27134,3694,0.9531736188074912
27134,285989,0.8832162045885514,false,27134,285989,0.8832162045885514
27134,2627,0.940924724408384,false,27134,2627,0.940924724408384
27134,1555,0.9956769400528469,false,27134,1555,0.9956769400528469
27134,57528,0.9358971344215239,false,27134,57528,0.9358971344215239
27134,201456,0.9732891975043453,false,27134,201456,0.9732891975043453
27134,57186,0.7952777695270575,false,27134,57186,0.7952777695270575
27134,5544,0.7735975614999607,false,27134,5544,0.7735975614999607
27134,102723508,0.9142522164398141,false,27134,102723508,0.9142522164398141
27134,9356,0.7952368006580087,false,27134,9356,0.7952368006580087
27134,341676,0.9698687962362903,false,27134,341676,0.9698687962362903
27134,148213,0.9010596521326996,false,27134,148213,0.9010596521326996
27134,10595,0.9355329788608231,false,27134,10595,0.9355329788608231
27134,4583,0.9184265149928578,false,27134,4583,0.9184265149928578
27134,55567,0.9502977848195869,false,27134,55567,0.9502977848195869
27134,7851,0.8705782941375313,false,27134,7851,0.8705782941375313
27134,692072,0.9244462898065483,false,27134,692072,0.9244462898065483
27134,55808,0.9957015664131157,false,27134,55808,0.9957015664131157
27134,999,0.9624725626041986,false,27134,999,0.9624725626041986
27134,126353,0.9710207684261964,false,27134,126353,0.9710207684261964
27134,26226,0.7843743604947898,false,27134,26226,0.7843743604947898
27134,388743,0.9834812753317933,false,27134,388743,0.9834812753317933
27134,1577,0.8631311293404611,false,27134,1577,0.8631311293404611
27134,340267,0.8325314338315977,false,27134,340267,0.8325314338315977
27134,200879,0.9921752924041889,false,27134,200879,0.9921752924041889
27134,1510,0.9958558566993382,false,27134,1510,0.9958558566993382
27134,102723849,0.7695664809738902,false,27134,102723849,0.7695664809738902
27134,5284,0.8331359146950615,false,27134,5284,0.8331359146950615
27134,57111,0.9927503558238655,false,27134,57111,0.9927503558238655
27134,116844,0.7897973130211992,false,27134,116844,0.7897973130211992
27134,10129,0.8253284080068903,false,27134,10129,0.8253284080068903
27134,4586,0.9910637807545288,false,27134,4586,0.9910637807545288
27134,10551,0.9871697293600974,false,27134,10551,0.9871697293600974
27134,688,0.8276068801419311,false,27134,688,0.8276068801419311
27134,54897,0.8047933587238059,false,27134,54897,0.8047933587238059
27134,117155,0.9300570198192538,false,27134,117155,0.9300570198192538
27134,112268155,0.9305406340391051,false,27134,112268155,0.9305406340391051
27134,1152,0.9118785713548642,false,27134,1152,0.9118785713548642
27134,79083,0.9893921937041892,false,27134,79083,0.9893921937041892
27134,1556,0.8710879371125847,false,27134,1556,0.8710879371125847
27134,55930,0.9365229253679804,false,27134,55930,0.9365229253679804
27134,22996,0.9220392862148669,false,27134,22996,0.9220392862148669
27134,7113,0.8291403829077514,false,27134,7113,0.8291403829077514
27134,222256,0.7847144087584603,false,27134,222256,0.7847144087584603
27134,100529240,0.9711058165065752,false,27134,100529240,0.9711058165065752
27134,113218482,0.9639679163108634,false,27134,113218482,0.9639679163108634
27134,647024,0.9625873722844192,false,27134,647024,0.9625873722844192
27134,255928,0.9878516817080399,false,27134,255928,0.9878516817080399
27134,8537,0.9488889883605434,false,27134,8537,0.9488889883605434
27134,10018,0.830059736751095,false,27134,10018,0.830059736751095
27134,115019,0.8913164370197484,false,27134,115019,0.8913164370197484
27134,1043,0.8316459476829531,false,27134,1043,0.8316459476829531
27134,168374,0.8698131132980766,false,27134,168374,0.8698131132980766
27134,143884,0.854312038845471,false,27134,143884,0.854312038845471
27134,80004,0.8915380714302259,false,27134,80004,0.8915380714302259
27134,3993,0.8927053336766939,false,27134,3993,0.8927053336766939
27134,389852,0.9400708080342712,false,27134,389852,0.9400708080342712
27134,164312,0.9968435561773289,false,27134,164312,0.9968435561773289
27134,2065,0.8840669713550261,false,27134,2065,0.8840669713550261
27134,1513,0.772211853271553,false,27134,1513,0.772211853271553
27134,135656,0.9912091724879448,false,27134,135656,0.9912091724879448
27134,94059,0.84067757898933,false,27134,94059,0.84067757898933
27134,3960,0.8909489223997045,false,27134,3960,0.8909489223997045
27134,23584,0.8328221617077487,false,27134,23584,0.8328221617077487
27134,692213,0.7876991224655964,false,27134,692213,0.7876991224655964
27134,153643,0.9295264917360346,false,27134,153643,0.9295264917360346
27134,112268422,0.8635437989087613,false,27134,112268422,0.8635437989087613
27134,259294,0.9290992482554702,false,27134,259294,0.9290992482554702
27134,2266,0.9784465210622956,false,27134,2266,0.9784465210622956
27134,745,0.9517031572066621,false,27134,745,0.9517031572066621
654412,5340,0.8954652710282558,false,654412,5340,0.8954652710282558
654412,4582,0.9597559715264016,false,654412,4582,0.9597559715264016
654412,641384,0.8446766602058782,false,654412,641384,0.8446766602058782
654412,100130449,0.9212800293518577,false,654412,100130449,0.9212800293518577
654412,79838,0.869966213138868,false,654412,79838,0.869966213138868
654412,3694,0.8030450126513463,false,654412,3694,0.8030450126513463
654412,503640,0.9482281392395833,false,654412,503640,0.9482281392395833
654412,259290,0.883853250017773,false,654412,259290,0.883853250017773
654412,57528,0.884381076250429,false,654412,57528,0.884381076250429
654412,6751,0.9052905519573311,false,654412,6751,0.9052905519573311
654412,130367,0.7791975239193935,false,654412,130367,0.7791975239193935
654412,285335,0.814386103058331,false,654412,285335,0.814386103058331
654412,9356,0.9749949301228936,false,654412,9356,0.9749949301228936
654412,641776,0.9856478258034611,false,654412,641776,0.9856478258034611
654412,148213,0.8695182336668424,false,654412,148213,0.8695182336668424
654412,4583,0.8671503393806783,false,654412,4583,0.8671503393806783
654412,54997,0.8478984700120636,false,654412,54997,0.8478984700120636
654412,115677,0.8074169305524559,false,654412,115677,0.8074169305524559
654412,7851,0.9523070186179287,false,654412,7851,0.9523070186179287
654412,692072,0.8376900161602479,false,654412,692072,0.8376900161602479
654412,109136579,0.9073404442630985,false,654412,109136579,0.9073404442630985
654412,126353,0.8544177373129812,false,654412,126353,0.8544177373129812
654412,64332,0.8966739634961587,false,654412,64332,0.8966739634961587
654412,388743,0.7907269569338783,false,654412,388743,0.7907269569338783
654412,137872,0.8402631393145542,false,654412,137872,0.8402631393145542
654412,1577,0.9440442509713054,false,654412,1577,0.9440442509713054
654412,100033430,0.9301132791119805,false,654412,100033430,0.9301132791119805
654412,441251,0.7637868287792254,false,654412,441251,0.7637868287792254
654412,102723849,0.9718861775465227,false,654412,102723849,0.9718861775465227
654412,5284,0.7763749508424257,false,654412,5284,0.7763749508424257
654412,619383,0.8285100550087579,false,654412,619383,0.8285100550087579
654412,89765,0.9304506743716628,false,654412,89765,0.9304506743716628
654412,378938,0.9097624765939398,false,654412,378938,0.9097624765939398
654412,5545,0.9610521627623841,false,654412,5545,0.9610521627623841
654412,117155,0.7787866790471089,false,654412,117155,0.7787866790471089
654412,112268155,0.8026643164249235,false,654412,112268155,0.8026643164249235
654412,66002,0.7824557339657626,false,654412,66002,0.7824557339657626
654412,55930,0.7711041531363589,false,654412,55930,0.7711041531363589
654412,7620,0.8363439426048553,false,654412,7620,0.8363439426048553
654412,7113,0.8980051588375731,false,654412,7113,0.8980051588375731
654412,105180391,0.9855481558405561,false,654412,105180391,0.9855481558405561
654412,151531,0.8043433754103053,false,654412,151531,0.8043433754103053
654412,10018,0.9153753593274234,false,654412,10018,0.9153753593274234
654412,115019,0.8660049313641979,false,654412,115019,0.8660049313641979
654412,105180390,0.9870103675155086,false,654412,105180390,0.9870103675155086
654412,1043,0.8700155945911351,false,654412,1043,0.8700155945911351
654412,692058,0.8239514361949855,false,654412,692058,0.8239514361949855
654412,168374,0.8878887474714702,false,654412,168374,0.8878887474714702
654412,645843,0.9123536414120551,false,654412,645843,0.9123536414120551
654412,143884,0.8680956700633022,false,654412,143884,0.8680956700633022
654412,80004,0.842256100385543,false,654412,80004,0.842256100385543
654412,121512,0.8771890834258361,false,654412,121512,0.8771890834258361
654412,3993,0.8690647984569716,false,654412,3993,0.8690647984569716
654412,389852,0.8993456237758108,false,654412,389852,0.8993456237758108
654412,84239,0.80373714924431,false,654412,84239,0.80373714924431
654412,2065,0.9449893186734533,false,654412,2065,0.9449893186734533
654412,776,0.7977554557476999,false,654412,776,0.7977554557476999
654412,94059,0.7678853412047941,false,654412,94059,0.7678853412047941
654412,3960,0.9479006420898209,false,654412,3960,0.9479006420898209
654412,284323,0.9725243377412606,false,654412,284323,0.9725243377412606
654412,65217,0.8196051377171228,false,654412,65217,0.8196051377171228
654412,23584,0.810061174565033,false,654412,23584,0.810061174565033
654412,692213,0.9478584954325481,false,654412,692213,0.9478584954325481
654412,259294,0.8902388531095065,false,654412,259294,0.8902388531095065
654412,440352,0.8344858086491476,false,654412,440352,0.8344858086491476
55892,3249,0.9440038593858986,false,55892,3249,0.9440038593858986
55892,306,0.8319813824837566,false,55892,306,0.8319813824837566
55892,5265,0.845625616769336,false,55892,5265,0.845625616769336
55892,10568,0.8389018087922726,false,55892,10568,0.8389018087922726
55892,33,0.9567679578042285,false,55892,33,0.9567679578042285
55892,375612,0.9532146473307916,false,55892,375612,0.9532146473307916
55892,10529,0.8729296655723733,false,55892,10529,0.8729296655723733
55892,503640,0.8203515609215932,false,55892,503640,0.8203515609215932
55892,286207,0.8708581071017538,false,55892,286207,0.8708581071017538
55892,9914,0.8782596492834397,false,55892,9914,0.8782596492834397
55892,163720,0.8420025561472009,false,55892,163720,0.8420025561472009
55892,722,0.9314256024619906,false,55892,722,0.9314256024619906
55892,6751,0.8518751251897929,false,55892,6751,0.8518751251897929
55892,79908,0.9729931656152856,false,55892,79908,0.9729931656152856
55892,388323,0.9644672692136884,false,55892,388323,0.9644672692136884
55892,5625,0.8072074574626363,false,55892,5625,0.8072074574626363
55892,51185,0.9323836748684153,false,55892,51185,0.9323836748684153
55892,130367,0.930875097783135,false,55892,130367,0.930875097783135
55892,285335,0.9359663756600889,false,55892,285335,0.9359663756600889
55892,1910,0.774092567292527,false,55892,1910,0.774092567292527
55892,146177,0.8322856258992515,false,55892,146177,0.8322856258992515
55892,728226,0.9505684627142466,false,55892,728226,0.9505684627142466
55892,81615,0.8805895212029818,false,55892,81615,0.8805895212029818
55892,200373,0.9708041822612059,false,55892,200373,0.9708041822612059
55892,102723382,0.9564797607678249,false,55892,102723382,0.9564797607678249
55892,474354,0.9927055052608076,false,55892,474354,0.9927055052608076
55892,221395,0.7926058200872861,false,55892,221395,0.7926058200872861
55892,54842,0.8400978125482722,false,55892,54842,0.8400978125482722
55892,728643,0.9315172360982809,false,55892,728643,0.9315172360982809
55892,128602,0.9062313877630354,false,55892,128602,0.9062313877630354
55892,107985317,0.797552634252465,false,55892,107985317,0.797552634252465
55892,54997,0.9087885257443723,false,55892,54997,0.9087885257443723
55892,2595,0.8876998364910433,false,55892,2595,0.8876998364910433
55892,219790,0.8266722503047548,false,55892,219790,0.8266722503047548
55892,9223,0.8188229894861843,false,55892,9223,0.8188229894861843
55892,253970,0.8958240355784814,false,55892,253970,0.8958240355784814
55892,109136579,0.7777402964612997,false,55892,109136579,0.7777402964612997
55892,503645,0.8885262116956301,false,55892,503645,0.8885262116956301
55892,4070,0.9072831177384526,false,55892,4070,0.9072831177384526
55892,346007,0.9697909270806957,false,55892,346007,0.9697909270806957
55892,116984,0.8970187632804356,false,55892,116984,0.8970187632804356
55892,825,0.9099973036763287,false,55892,825,0.9099973036763287
55892,137872,0.9287214802434091,false,55892,137872,0.9287214802434091
55892,100033430,0.8346809694590126,false,55892,100033430,0.8346809694590126
55892,9196,0.9723417513384728,false,55892,9196,0.9723417513384728
55892,93517,0.8397273036485228,false,55892,93517,0.8397273036485228
55892,89765,0.7589229464456133,false,55892,89765,0.7589229464456133
55892,101927516,0.9741717975537281,false,55892,101927516,0.9741717975537281
55892,378938,0.7720896684221829,false,55892,378938,0.7720896684221829
55892,285,0.9796235058502674,false,55892,285,0.9796235058502674
55892,27074,0.887100087971351,false,55892,27074,0.887100087971351
55892,100996506,0.974294614732693,false,55892,100996506,0.974294614732693
55892,66002,0.9403760380774218,false,55892,66002,0.9403760380774218
55892,54848,0.7796545962037658,false,55892,54848,0.7796545962037658
55892,79632,0.8862986422102448,false,55892,79632,0.8862986422102448
55892,100505495,0.966052250629111,false,55892,100505495,0.966052250629111
55892,7620,0.8947115112599607,false,55892,7620,0.8947115112599607
55892,4179,0.8564615918488518,false,55892,4179,0.8564615918488518
55892,9476,0.8707962483504335,false,55892,9476,0.8707962483504335
55892,151531,0.9213726363274168,false,55892,151531,0.9213726363274168
55892,201625,0.7677630465417077,false,55892,201625,0.7677630465417077
55892,692058,0.9061894877889582,false,55892,692058,0.9061894877889582
55892,2122,0.9469612442437111,false,55892,2122,0.9469612442437111
55892,84059,0.8291987431069124,false,55892,84059,0.8291987431069124
55892,121512,0.8802355572037368,false,55892,121512,0.8802355572037368
55892,6097,0.8904467491008999,false,55892,6097,0.8904467491008999
55892,120892,0.918045365327064,false,55892,120892,0.918045365327064
55892,123624,0.9403809570955055,false,55892,123624,0.9403809570955055
55892,391253,0.9544020481036476,false,55892,391253,0.9544020481036476
55892,220136,0.7674861298562708,false,55892,220136,0.7674861298562708
55892,693188,0.9857677551350496,false,55892,693188,0.9857677551350496
55892,389376,0.779364469509606,false,55892,389376,0.779364469509606
55892,353189,0.9515302420689381,false,55892,353189,0.9515302420689381
55892,776,0.8958879587049056,false,55892,776,0.8958879587049056
55892,84851,0.9888120215099794,false,55892,84851,0.9888120215099794
55892,84525,0.7923549749396505,false,55892,84525,0.7923549749396505
55892,4861,0.9408274854770864,false,55892,4861,0.9408274854770864
55892,10203,0.914031799098978,false,55892,10203,0.914031799098978
55892,284323,0.755455879175778,false,55892,284323,0.755455879175778
55892,1080,0.8349669852306725,false,55892,1080,0.8349669852306725
55892,65217,0.8574693215952284,false,55892,65217,0.8574693215952284
55892,105372793,0.9762359434739323,false,55892,105372793,0.9762359434739323
55892,56955,0.780700354370522,false,55892,56955,0.780700354370522
55892,84765,0.8786575420096967,false,55892,84765,0.8786575420096967
55892,55282,0.7982599716911342,false,55892,55282,0.7982599716911342
55892,79098,0.891477792636268,false,55892,79098,0.891477792636268
55892,144535,0.84862944333373,false,55892,144535,0.84862944333373
55892,649946,0.8972372437175741,false,55892,649946,0.8972372437175741
55892,144571,0.9104228780325984,false,55892,144571,0.9104228780325984
55892,26298,0.9501697504295988,false,55892,26298,0.9501697504295988
55892,165186,0.92196075347645,false,55892,165186,0.92196075347645
55892,102465485,0.9271311458223762,false,55892,102465485,0.9271311458223762
55892,100033436,0.9816662373836778,false,55892,100033436,0.9816662373836778
3249,306,0.9004899215280368,false,3249,306,0.9004899215280368
3249,5265,0.9284679530863081,false,3249,5265,0.9284679530863081
3249,10568,0.919326346277143,false,3249,10568,0.919326346277143
3249,33,0.989385339998971,false,3249,33,0.989385339998971
3249,375612,0.994623590597379,false,3249,375612,0.994623590597379
3249,503640,0.7505158022101964,false,3249,503640,0.7505158022101964
3249,9914,0.9573731442621323,false,3249,9914,0.9573731442621323
3249,56241,0.7541855586654073,false,3249,56241,0.7541855586654073
3249,163720,0.9237361821519705,false,3249,163720,0.9237361821519705
3249,722,0.9893241278371663,false,3249,722,0.9893241278371663
3249,6751,0.8427507980984293,false,3249,6751,0.8427507980984293
3249,79908,0.9850321220550179,false,3249,79908,0.9850321220550179
3249,388323,0.8875637477412265,false,3249,388323,0.8875637477412265
3249,5625,0.8781605067778272,false,3249,5625,0.8781605067778272
3249,51185,0.7945222973320196,false,3249,51185,0.7945222973320196
3249,130367,0.9152382294045424,false,3249,130367,0.9152382294045424
3249,285335,0.8584906358003843,false,3249,285335,0.8584906358003843
3249,1910,0.8298929133071027,false,3249,1910,0.8298929133071027
3249,146177,0.9382234581489022,false,3249,146177,0.9382234581489022
3249,728226,0.994690737586474,false,3249,728226,0.994690737586474
3249,81615,0.9617975859692355,false,3249,81615,0.9617975859692355
3249,200373,0.9286893385380459,false,3249,200373,0.9286893385380459
3249,102723382,0.8748651064864609,false,3249,102723382,0.8748651064864609
3249,474354,0.9616111223795278,false,3249,474354,0.9616111223795278
3249,221395,0.8785529879699978,false,3249,221395,0.8785529879699978
3249,54842,0.9056472987951231,false,3249,54842,0.9056472987951231
3249,728643,0.8870331170285972,false,3249,728643,0.8870331170285972
3249,128602,0.9850825229888938,false,3249,128602,0.9850825229888938
3249,107985317,0.8825376517033832,false,3249,107985317,0.8825376517033832
3249,54997,0.902757593354195,false,3249,54997,0.902757593354195
3249,2595,0.959056165088152,false,3249,2595,0.959056165088152
3249,219790,0.8760048516122325,false,3249,219790,0.8760048516122325
3249,64073,0.8852171280361976,false,3249,64073,0.8852171280361976
3249,9223,0.8989997730682775,false,3249,9223,0.8989997730682775
3249,253970,0.9615880895716041,false,3249,253970,0.9615880895716041
3249,503645,0.9273508783665222,false,3249,503645,0.9273508783665222
3249,4070,0.9808679519886974,false,3249,4070,0.9808679519886974
3249,2277,0.8592848505942022,false,3249,2277,0.8592848505942022
3249,346007,0.9217460439570752,false,3249,346007,0.9217460439570752
3249,116984,0.9132520502472505,false,3249,116984,0.9132520502472505
3249,825,0.9734382065229645,false,3249,825,0.9734382065229645
3249,137872,0.8996462052182795,false,3249,137872,0.8996462052182795
3249,100033430,0.8104761466882011,false,3249,100033430,0.8104761466882011
3249,9196,0.9402971809660621,false,3249,9196,0.9402971809660621
3249,93517,0.9261413608100886,false,3249,93517,0.9261413608100886
3249,89765,0.766072336618557,false,3249,89765,0.766072336618557
3249,101927516,0.9765666140905512,false,3249,101927516,0.9765666140905512
3249,285,0.9257432759626395,false,3249,285,0.9257432759626395
3249,27074,0.9301502092755611,false,3249,27074,0.9301502092755611
3249,100996506,0.8929127483973951,false,3249,100996506,0.8929127483973951
3249,66002,0.9459375584381338,false,3249,66002,0.9459375584381338
3249,54848,0.7662847465046506,false,3249,54848,0.7662847465046506
3249,79632,0.901926135148972,false,3249,79632,0.901926135148972
3249,100505495,0.9872129011742077,false,3249,100505495,0.9872129011742077
3249,7620,0.8127271214299784,false,3249,7620,0.8127271214299784
3249,9476,0.9597951722742257,false,3249,9476,0.9597951722742257
3249,151531,0.93175786916985,false,3249,151531,0.93175786916985
3249,195814,0.8169981536406818,false,3249,195814,0.8169981536406818
3249,692058,0.7682729126018677,false,3249,692058,0.7682729126018677
3249,2122,0.9679031177509522,false,3249,2122,0.9679031177509522
3249,84059,0.8805531047800491,false,3249,84059,0.8805531047800491
3249,121512,0.8419359838499535,false,3249,121512,0.8419359838499535
3249,6097,0.9742703469521271,false,3249,6097,0.9742703469521271
3249,120892,0.9190422955498827,false,3249,120892,0.9190422955498827
3249,123624,0.9941507250634194,false,3249,123624,0.9941507250634194
3249,391253,0.9931766414629972,false,3249,391253,0.9931766414629972
3249,220136,0.8613323934517344,false,3249,220136,0.8613323934517344
3249,693188,0.9657515744999874,false,3249,693188,0.9657515744999874
3249,6799,0.8462734592294103,false,3249,6799,0.8462734592294103
3249,389376,0.906750419729474,false,3249,389376,0.906750419729474
3249,353189,0.984442306788787,false,3249,353189,0.984442306788787
3249,776,0.8939297279722445,false,3249,776,0.8939297279722445
3249,84851,0.9174705199660469,false,3249,84851,0.9174705199660469
3249,84525,0.9035402889408094,false,3249,84525,0.9035402889408094
3249,4861,0.9947831080438633,false,3249,4861,0.9947831080438633
3249,10203,0.9260700038390272,false,3249,10203,0.9260700038390272
3249,1080,0.7902849250668295,false,3249,1080,0.7902849250668295
3249,65217,0.7692343492451578,false,3249,65217,0.7692343492451578
3249,105372793,0.8966225088101902,false,3249,105372793,0.8966225088101902
3249,56955,0.9193539245904897,false,3249,56955,0.9193539245904897
3249,84765,0.9122176855703514,false,3249,84765,0.9122176855703514
3249,653509,0.8286926367719454,false,3249,653509,0.8286926367719454
3249,55282,0.921650455909016,false,3249,55282,0.921650455909016
3249,79098,0.9687485829701384,false,3249,79098,0.9687485829701384
3249,144535,0.8135359051856067,false,3249,144535,0.8135359051856067
3249,649946,0.866028152853285,false,3249,649946,0.866028152853285
3249,144571,0.9654686550075525,false,3249,144571,0.9654686550075525
3249,26298,0.8688233417056247,false,3249,26298,0.8688233417056247
3249,165186,0.9958507532613198,false,3249,165186,0.9958507532613198
3249,102465485,0.9363665459225665,false,3249,102465485,0.9363665459225665
3249,100033436,0.9549268461307484,false,3249,100033436,0.9549268461307484
8999,677831,0.8483271342864174,false,8999,677831,0.8483271342864174
8999,22943,0.776878557645126,false,8999,22943,0.776878557645126
8999,6969,0.8503648968311763,false,8999,6969,0.8503648968311763
8999,7033,0.7797875225766121,false,8999,7033,0.7797875225766121
8999,79848,0.8268001485952101,false,8999,79848,0.8268001485952101
8999,160728,0.7780593967051251,false,8999,160728,0.7780593967051251
8999,94025,0.8342750508872707,false,8999,94025,0.8342750508872707
8999,388633,0.756954807147258,false,8999,388633,0.756954807147258
8999,278,0.7644958994158341,false,8999,278,0.7644958994158341
8999,3929,0.7561159070503823,false,8999,3929,0.7561159070503823
8999,100158262,0.9030101257559927,false,8999,100158262,0.9030101257559927
8999,727897,0.8322039416653801,false,8999,727897,0.8322039416653801
8999,1767,0.9223077966242349,false,8999,1767,0.9223077966242349
8999,1604,0.7982702134766496,false,8999,1604,0.7982702134766496
8999,886,0.7980455745867219,false,8999,886,0.7980455745867219
8999,276,0.8055054773526334,false,8999,276,0.8055054773526334
8999,4057,0.7953292864189624,false,8999,4057,0.7953292864189624
8999,112577518,0.8440352439143131,false,8999,112577518,0.8440352439143131
8999,692209,0.7708942152994255,false,8999,692209,0.7708942152994255
8999,563,0.8116739514341978,false,8999,563,0.8116739514341978
8999,4069,0.8287344931421622,false,8999,4069,0.8287344931421622
8999,284434,0.8105570782254067,false,8999,284434,0.8105570782254067
8999,79740,0.8224700838631617,false,8999,79740,0.8224700838631617
6262,730,0.8952249349247324,false,6262,730,0.8952249349247324
6262,5787,0.89229331343029,false,6262,5787,0.89229331343029
6262,221395,0.8231564113029702,false,6262,221395,0.8231564113029702
6262,9223,0.7712829843691351,false,6262,9223,0.7712829843691351
6262,2277,0.7649014036801264,false,6262,2277,0.7649014036801264
6262,8091,0.8523089590796578,false,6262,8091,0.8523089590796578
6262,114327,0.8787336339015168,false,6262,114327,0.8787336339015168
6262,130271,0.7785821738016734,false,6262,130271,0.7785821738016734
6262,6532,0.7651840950538079,false,6262,6532,0.7651840950538079
6262,9411,0.8229620839117706,false,6262,9411,0.8229620839117706
6262,100820829,0.8099183713516538,false,6262,100820829,0.8099183713516538
306,6440,0.7568771828991756,false,306,6440,0.7568771828991756
306,5265,0.9203629290439955,false,306,5265,0.9203629290439955
306,10568,0.9363223674486368,false,306,10568,0.9363223674486368
306,33,0.9153338792422971,false,306,33,0.9153338792422971
306,79838,0.7954973386371237,false,306,79838,0.7954973386371237
306,375612,0.8826793975669774,false,306,375612,0.8826793975669774
306,10529,0.7936335895216681,false,306,10529,0.7936335895216681
306,503640,0.7924203422986744,false,306,503640,0.7924203422986744
306,9914,0.9439877989449151,false,306,9914,0.9439877989449151
306,57530,0.7830076072733042,false,306,57530,0.7830076072733042
306,163720,0.9803538023205449,false,306,163720,0.9803538023205449
306,722,0.9186820107281801,false,306,722,0.9186820107281801
306,6751,0.8541405246098455,false,306,6751,0.8541405246098455
306,79908,0.9021471732442528,false,306,79908,0.9021471732442528
306,10579,0.8245561748972585,false,306,10579,0.8245561748972585
306,5625,0.9221597067544456,false,306,5625,0.9221597067544456
306,130367,0.9509822731548553,false,306,130367,0.9509822731548553
306,7080,0.8508851221255426,false,306,7080,0.8508851221255426
306,285335,0.8714821554470381,false,306,285335,0.8714821554470381
306,6439,0.7640929466096221,false,306,6439,0.7640929466096221
306,1910,0.9799882836621479,false,306,1910,0.9799882836621479
306,146177,0.9133076184389392,false,306,146177,0.9133076184389392
306,728226,0.8795872526909297,false,306,728226,0.8795872526909297
306,81615,0.9440050611094287,false,306,81615,0.9440050611094287
306,200373,0.9016968852073535,false,306,200373,0.9016968852073535
306,5787,0.8349286190266398,false,306,5787,0.8349286190266398
306,102723382,0.7545524523438171,false,306,102723382,0.7545524523438171
306,474354,0.8548017526488655,false,306,474354,0.8548017526488655
306,1040,0.7590345425735491,false,306,1040,0.7590345425735491
306,221395,0.9124623961293516,false,306,221395,0.9124623961293516
306,54842,0.9879109075830281,false,306,54842,0.9879109075830281
306,728643,0.9364042549927154,false,306,728643,0.9364042549927154
306,128602,0.9385429071933538,false,306,128602,0.9385429071933538
306,54997,0.9067810298082991,false,306,54997,0.9067810298082991
306,2595,0.9576281832159746,false,306,2595,0.9576281832159746
306,219790,0.9470011504832002,false,306,219790,0.9470011504832002
306,115677,0.8573123628529695,false,306,115677,0.8573123628529695
306,64073,0.908103149620593,false,306,64073,0.908103149620593
306,9223,0.885972664088564,false,306,9223,0.885972664088564
306,253970,0.9806912820132401,false,306,253970,0.9806912820132401
306,109136579,0.7544385108582753,false,306,109136579,0.7544385108582753
306,503645,0.9811107816387656,false,306,503645,0.9811107816387656
306,4070,0.919765141996922,false,306,4070,0.919765141996922
306,2277,0.8952180758273571,false,306,2277,0.8952180758273571
306,346007,0.8835278463447511,false,306,346007,0.8835278463447511
306,116984,0.9568472122590913,false,306,116984,0.9568472122590913
306,825,0.9004331147609115,false,306,825,0.9004331147609115
306,3875,0.8489483916543421,false,306,3875,0.8489483916543421
306,137872,0.8833314423636509,false,306,137872,0.8833314423636509
306,100033430,0.8527714413630557,false,306,100033430,0.8527714413630557
306,9196,0.8545262753018519,false,306,9196,0.8545262753018519
306,93517,0.8091437644669147,false,306,93517,0.8091437644669147
306,89765,0.8583248732787898,false,306,89765,0.8583248732787898
306,130271,0.9098873917315421,false,306,130271,0.9098873917315421
306,101927516,0.9036257093049175,false,306,101927516,0.9036257093049175
306,378938,0.7523193502591392,false,306,378938,0.7523193502591392
306,5545,0.7917427571805828,false,306,5545,0.7917427571805828
306,285,0.8472066263397564,false,306,285,0.8472066263397564
306,27074,0.9895313060616698,false,306,27074,0.9895313060616698
306,66002,0.9083623467695817,false,306,66002,0.9083623467695817
306,79632,0.975217944450396,false,306,79632,0.975217944450396
306,100505495,0.8575257688190893,false,306,100505495,0.8575257688190893
306,7620,0.8018062829211031,false,306,7620,0.8018062829211031
306,26084,0.8103879036332013,false,306,26084,0.8103879036332013
306,9476,0.9197681096179391,false,306,9476,0.9197681096179391
306,151531,0.8926598100815099,false,306,151531,0.8926598100815099
306,195814,0.8999183450074785,false,306,195814,0.8999183450074785
306,645843,0.79511139789031,false,306,645843,0.79511139789031
306,2122,0.9432788905401926,false,306,2122,0.9432788905401926
306,84059,0.9709983177446322,false,306,84059,0.9709983177446322
306,121512,0.893394373866241,false,306,121512,0.893394373866241
306,6097,0.9470554927823231,false,306,6097,0.9470554927823231
306,120892,0.9561403840040535,false,306,120892,0.9561403840040535
306,123624,0.9396826587614996,false,306,123624,0.9396826587614996
306,391253,0.8862163783566749,false,306,391253,0.8862163783566749
306,220136,0.8470575324918403,false,306,220136,0.8470575324918403
306,693188,0.8269930604362179,false,306,693188,0.8269930604362179
306,6799,0.9179830256020548,false,306,6799,0.9179830256020548
306,389376,0.8276990630892163,false,306,389376,0.8276990630892163
306,353189,0.9195966830306876,false,306,353189,0.9195966830306876
306,776,0.9125811725765421,false,306,776,0.9125811725765421
306,84851,0.8276844823615098,false,306,84851,0.8276844823615098
306,84525,0.9398225477328985,false,306,84525,0.9398225477328985
306,4861,0.8731325215483567,false,306,4861,0.8731325215483567
306,10203,0.9087711742385475,false,306,10203,0.9087711742385475
306,284323,0.7726560824756213,false,306,284323,0.7726560824756213
306,1080,0.8921316807922224,false,306,1080,0.8921316807922224
306,65217,0.8259487255330713,false,306,65217,0.8259487255330713
306,1286,0.8651482722963386,false,306,1286,0.8651482722963386
306,105372793,0.7573897318175327,false,306,105372793,0.7573897318175327
306,56955,0.7760286027037,false,306,56955,0.7760286027037
306,84765,0.8684724272008376,false,306,84765,0.8684724272008376
306,653509,0.8949556258195415,false,306,653509,0.8949556258195415
306,55282,0.9187544908567684,false,306,55282,0.9187544908567684
306,729238,0.7908349591319257,false,306,729238,0.7908349591319257
306,79098,0.9087779051888188,false,306,79098,0.9087779051888188
306,144535,0.8914852371947314,false,306,144535,0.8914852371947314
306,649946,0.9306740460939634,false,306,649946,0.9306740460939634
306,144571,0.8811812882068107,false,306,144571,0.8811812882068107
306,26298,0.8120247656008311,false,306,26298,0.8120247656008311
306,165186,0.8932908169378141,false,306,165186,0.8932908169378141
306,102465485,0.8955053531079604,false,306,102465485,0.8955053531079604
306,100033436,0.8545033780812413,false,306,100033436,0.8545033780812413
6440,5265,0.8658919186669465,false,6440,5265,0.8658919186669465
6440,10568,0.8666998948766639,false,6440,10568,0.8666998948766639
6440,9914,0.7982134650624942,false,6440,9914,0.7982134650624942
6440,56241,0.9849573497846881,false,6440,56241,0.9849573497846881
6440,57530,0.8030910214022537,false,6440,57530,0.8030910214022537
6440,2327,0.7659477730073883,false,6440,2327,0.7659477730073883
6440,7080,0.8759742886743072,false,6440,7080,0.8759742886743072
6440,6439,0.9149976316689993,false,6440,6439,0.9149976316689993
6440,146177,0.865798192955122,false,6440,146177,0.865798192955122
6440,81615,0.7580523196553054,false,6440,81615,0.7580523196553054
6440,221395,0.7534251471328692,false,6440,221395,0.7534251471328692
6440,128602,0.8061287929166723,false,6440,128602,0.8061287929166723
6440,2595,0.77441026774557,false,6440,2595,0.77441026774557
6440,64073,0.9172012951272958,false,6440,64073,0.9172012951272958
6440,253970,0.7964128029197922,false,6440,253970,0.7964128029197922
6440,4070,0.8401407332109577,false,6440,4070,0.8401407332109577
6440,2277,0.8206406260068102,false,6440,2277,0.8206406260068102
6440,93517,0.8766548386678247,false,6440,93517,0.8766548386678247
6440,9476,0.8832211810985134,false,6440,9476,0.8832211810985134
6440,117156,0.7744098596745396,false,6440,117156,0.7744098596745396
6440,195814,0.7937155337381687,false,6440,195814,0.7937155337381687
6440,6097,0.810770701083265,false,6440,6097,0.810770701083265
6440,6799,0.8092797487449318,false,6440,6799,0.8092797487449318
6440,389376,0.9396749649069764,false,6440,389376,0.9396749649069764
6440,84525,0.7975271205521399,false,6440,84525,0.7975271205521399
6440,4861,0.7516923792966722,false,6440,4861,0.7516923792966722
6440,21,0.7531714319410074,false,6440,21,0.7531714319410074
6440,56955,0.8204924423034842,false,6440,56955,0.8204924423034842
6440,653509,0.9539910690849267,false,6440,653509,0.9539910690849267
6440,55282,0.8285022183297045,false,6440,55282,0.8285022183297045
6440,729238,0.9709302519853844,false,6440,729238,0.9709302519853844
6440,79098,0.8329590335346192,false,6440,79098,0.8329590335346192
6440,165186,0.7923595644806339,false,6440,165186,0.7923595644806339
399949,1636,0.7738428060464969,false,399949,1636,0.7738428060464969
399949,105375355,0.9258117096659543,false,399949,105375355,0.9258117096659543
399949,767566,0.7593772446875,false,399949,767566,0.7593772446875
399949,1580,0.8697438814093652,false,399949,1580,0.8697438814093652
399949,177,0.8398709422622062,false,399949,177,0.8398709422622062
399949,146556,0.9425025504519456,false,399949,146556,0.9425025504519456
399949,6441,0.7790005163193447,false,399949,6441,0.7790005163193447
399949,644649,0.7772461321040004,false,399949,644649,0.7772461321040004
399949,7356,0.8952611705690723,false,399949,7356,0.8952611705690723
399949,109729127,0.83319760408873,false,399949,109729127,0.83319760408873
399949,728276,0.8291556680944469,false,399949,728276,0.8291556680944469
399949,27022,0.7604185655271852,false,399949,27022,0.7604185655271852
399949,11185,0.7503330653526161,false,399949,11185,0.7503330653526161
399949,2125,0.7588097043446804,false,399949,2125,0.7588097043446804
399949,105,0.7836713259205154,false,399949,105,0.7836713259205154
399949,5349,0.9095134616497645,false,399949,5349,0.9095134616497645
399949,21,0.7668851748620696,false,399949,21,0.7668851748620696
399949,3855,0.8332291042486275,false,399949,3855,0.8332291042486275
5265,10568,0.9892392892947367,false,5265,10568,0.9892392892947367
5265,33,0.9480739923797019,false,5265,33,0.9480739923797019
5265,375612,0.9083723525769134,false,5265,375612,0.9083723525769134
5265,10529,0.7595534970405707,false,5265,10529,0.7595534970405707
5265,286207,0.7859776337455573,false,5265,286207,0.7859776337455573
5265,9914,0.9783225907647252,false,5265,9914,0.9783225907647252
5265,56241,0.8612815061168596,false,5265,56241,0.8612815061168596
5265,57530,0.8200742801814492,false,5265,57530,0.8200742801814492
5265,163720,0.9442199977304092,false,5265,163720,0.9442199977304092
5265,722,0.9535817071025879,false,5265,722,0.9535817071025879
5265,79908,0.8995474381372117,false,5265,79908,0.8995474381372117
5265,388323,0.7964144982956091,false,5265,388323,0.7964144982956091
5265,5625,0.8518027458425879,false,5265,5625,0.8518027458425879
5265,130367,0.8518245195179724,false,5265,130367,0.8518245195179724
5265,7080,0.90794080504408,false,5265,7080,0.90794080504408
5265,285335,0.7675592802733746,false,5265,285335,0.7675592802733746
5265,6439,0.8208763738285846,false,5265,6439,0.8208763738285846
5265,1910,0.8871967616412272,false,5265,1910,0.8871967616412272
5265,146177,0.9853974677322853,false,5265,146177,0.9853974677322853
5265,728226,0.9086122807046029,false,5265,728226,0.9086122807046029
5265,81615,0.9604356575909729,false,5265,81615,0.9604356575909729
5265,200373,0.8608919956816548,false,5265,200373,0.8608919956816548
5265,5787,0.7802939615634329,false,5265,5787,0.7802939615634329
5265,102723382,0.8178017463734473,false,5265,102723382,0.8178017463734473
5265,474354,0.8728886399042436,false,5265,474354,0.8728886399042436
5265,221395,0.9239797142343261,false,5265,221395,0.9239797142343261
5265,54842,0.9363432035995186,false,5265,54842,0.9363432035995186
5265,728643,0.867823631625153,false,5265,728643,0.867823631625153
5265,128602,0.9676812283891871,false,5265,128602,0.9676812283891871
5265,107985317,0.7564991879030085,false,5265,107985317,0.7564991879030085
5265,54997,0.7823650194481693,false,5265,54997,0.7823650194481693
5265,2595,0.9751788624848561,false,5265,2595,0.9751788624848561
5265,219790,0.8465504718357734,false,5265,219790,0.8465504718357734
5265,64073,0.964100479782714,false,5265,64073,0.964100479782714
5265,9223,0.9487671178569776,false,5265,9223,0.9487671178569776
5265,253970,0.9651707694478545,false,5265,253970,0.9651707694478545
5265,503645,0.9024588529651569,false,5265,503645,0.9024588529651569
5265,4070,0.9771890069264053,false,5265,4070,0.9771890069264053
5265,2277,0.9423681621599155,false,5265,2277,0.9423681621599155
5265,346007,0.8909185885642658,false,5265,346007,0.8909185885642658
5265,116984,0.9167639434880724,false,5265,116984,0.9167639434880724
5265,825,0.9622197596144386,false,5265,825,0.9622197596144386
5265,137872,0.7636099536066356,false,5265,137872,0.7636099536066356
5265,9196,0.8179348332198292,false,5265,9196,0.8179348332198292
5265,93517,0.8819332476675708,false,5265,93517,0.8819332476675708
5265,130271,0.8037525143522616,false,5265,130271,0.8037525143522616
5265,101927516,0.9282055338390515,false,5265,101927516,0.9282055338390515
5265,285,0.7963610742641339,false,5265,285,0.7963610742641339
5265,27074,0.9231204586807767,false,5265,27074,0.9231204586807767
5265,100996506,0.830378502655145,false,5265,100996506,0.830378502655145
5265,66002,0.8244082932188986,false,5265,66002,0.8244082932188986
5265,54848,0.9003193658629577,false,5265,54848,0.9003193658629577
5265,79632,0.9183818426462913,false,5265,79632,0.9183818426462913
5265,100505495,0.9003510987456022,false,5265,100505495,0.9003510987456022
5265,26084,0.7592804950543927,false,5265,26084,0.7592804950543927
5265,9476,0.9552598604921501,false,5265,9476,0.9552598604921501
5265,151531,0.7976697953660853,false,5265,151531,0.7976697953660853
5265,195814,0.9369175426943186,false,5265,195814,0.9369175426943186
5265,2122,0.9440249043354815,false,5265,2122,0.9440249043354815
5265,84059,0.9425031512256561,false,5265,84059,0.9425031512256561
5265,121512,0.755359373782832,false,5265,121512,0.755359373782832
5265,6097,0.9726869956106209,false,5265,6097,0.9726869956106209
5265,120892,0.9458105314120475,false,5265,120892,0.9458105314120475
5265,123624,0.9386063628679402,false,5265,123624,0.9386063628679402
5265,391253,0.8941856098632837,false,5265,391253,0.8941856098632837
5265,220136,0.8863548807694301,false,5265,220136,0.8863548807694301
5265,693188,0.8807855973823954,false,5265,693188,0.8807855973823954
5265,6799,0.9365169077605174,false,5265,6799,0.9365169077605174
5265,389376,0.9231808104122355,false,5265,389376,0.9231808104122355
5265,353189,0.8876110649503655,false,5265,353189,0.8876110649503655
5265,776,0.7986506569688141,false,5265,776,0.7986506569688141
5265,84851,0.8619309565172972,false,5265,84851,0.8619309565172972
5265,84525,0.9555421450386625,false,5265,84525,0.9555421450386625
5265,4861,0.9076881609096246,false,5265,4861,0.9076881609096246
5265,10203,0.9284276952549321,false,5265,10203,0.9284276952549321
5265,1080,0.8836086916262066,false,5265,1080,0.8836086916262066
5265,105372793,0.8356877175018778,false,5265,105372793,0.8356877175018778
5265,56955,0.8756891813980301,false,5265,56955,0.8756891813980301
5265,84765,0.8411407729738979,false,5265,84765,0.8411407729738979
5265,653509,0.9531725754033875,false,5265,653509,0.9531725754033875
5265,55282,0.9692699551909222,false,5265,55282,0.9692699551909222
5265,729238,0.8596073251169912,false,5265,729238,0.8596073251169912
5265,79098,0.9213490509913814,false,5265,79098,0.9213490509913814
5265,144535,0.8969037328439131,false,5265,144535,0.8969037328439131
5265,649946,0.8763683324765849,false,5265,649946,0.8763683324765849
5265,144571,0.9421594278033423,false,5265,144571,0.9421594278033423
5265,26298,0.8629554016996513,false,5265,26298,0.8629554016996513
5265,165186,0.9432994977433491,false,5265,165186,0.9432994977433491
5265,102465485,0.9423314219036092,false,5265,102465485,0.9423314219036092
5265,100033436,0.9061454437586435,false,5265,100033436,0.9061454437586435
5340,4582,0.9473667098235821,false,5340,4582,0.9473667098235821
5340,3248,0.8049808750661608,false,5340,3248,0.8049808750661608
5340,641384,0.9761032669016415,false,5340,641384,0.9761032669016415
5340,100130449,0.9877268971814637,false,5340,100130449,0.9877268971814637
5340,10103,0.8710084981566245,false,5340,10103,0.8710084981566245
5340,1048,0.8701789490716864,false,5340,1048,0.8701789490716864
5340,100419743,0.8700869529095674,false,5340,100419743,0.8700869529095674
5340,79838,0.8106359828746247,false,5340,79838,0.8106359828746247
5340,3983,0.7870283731800075,false,5340,3983,0.7870283731800075
5340,3694,0.8714514530732962,false,5340,3694,0.8714514530732962
5340,285989,0.880597215426515,false,5340,285989,0.880597215426515
5340,2627,0.8309025199513298,false,5340,2627,0.8309025199513298
5340,503640,0.7957965661120229,false,5340,503640,0.7957965661120229
5340,259290,0.8672753611101097,false,5340,259290,0.8672753611101097
5340,1555,0.8447000075348097,false,5340,1555,0.8447000075348097
5340,57528,0.9240713801576043,false,5340,57528,0.9240713801576043
5340,201456,0.824076950756433,false,5340,201456,0.824076950756433
5340,57186,0.8310349245821052,false,5340,57186,0.8310349245821052
5340,5544,0.8542147185167436,false,5340,5544,0.8542147185167436
5340,9356,0.9288523669760677,false,5340,9356,0.9288523669760677
5340,641776,0.9359643304799292,false,5340,641776,0.9359643304799292
5340,341676,0.8364214511438431,false,5340,341676,0.8364214511438431
5340,148213,0.9888509012951375,false,5340,148213,0.9888509012951375
5340,10595,0.8159862103986351,false,5340,10595,0.8159862103986351
5340,4583,0.9582947099679547,false,5340,4583,0.9582947099679547
5340,55567,0.8984223576914905,false,5340,55567,0.8984223576914905
5340,7851,0.9368358468851724,false,5340,7851,0.9368358468851724
5340,692072,0.8671563446304561,false,5340,692072,0.8671563446304561
5340,109136579,0.8416947482215016,false,5340,109136579,0.8416947482215016
5340,55808,0.8497471228191116,false,5340,55808,0.8497471228191116
5340,999,0.818635184666653,false,5340,999,0.818635184666653
5340,126353,0.9185107162837689,false,5340,126353,0.9185107162837689
5340,64332,0.8255442537613696,false,5340,64332,0.8255442537613696
5340,388743,0.9049065457914554,false,5340,388743,0.9049065457914554
5340,1577,0.9370240593067021,false,5340,1577,0.9370240593067021
5340,340267,0.7964604018941375,false,5340,340267,0.7964604018941375
5340,200879,0.8714822309092004,false,5340,200879,0.8714822309092004
5340,1510,0.8690201808874117,false,5340,1510,0.8690201808874117
5340,102723849,0.8933982158331271,false,5340,102723849,0.8933982158331271
5340,5284,0.8815567568809491,false,5340,5284,0.8815567568809491
5340,57669,0.7680186603687653,false,5340,57669,0.7680186603687653
5340,619383,0.8987294968438267,false,5340,619383,0.8987294968438267
5340,57111,0.8590940044630297,false,5340,57111,0.8590940044630297
5340,278,0.7751243542893776,false,5340,278,0.7751243542893776
5340,10129,0.8904178225064194,false,5340,10129,0.8904178225064194
5340,4586,0.8709674425076083,false,5340,4586,0.8709674425076083
5340,10551,0.8883780402046311,false,5340,10551,0.8883780402046311
5340,688,0.7966073834697598,false,5340,688,0.7966073834697598
5340,378938,0.845533180413904,false,5340,378938,0.845533180413904
5340,5545,0.8361243549798777,false,5340,5545,0.8361243549798777
5340,117155,0.8797797225492591,false,5340,117155,0.8797797225492591
5340,112268155,0.8878657234967327,false,5340,112268155,0.8878657234967327
5340,1152,0.7524680904636963,false,5340,1152,0.7524680904636963
5340,79083,0.8535626723227363,false,5340,79083,0.8535626723227363
5340,1556,0.7578133035319028,false,5340,1556,0.7578133035319028
5340,55930,0.9359008443167026,false,5340,55930,0.9359008443167026
5340,22996,0.8063292775543155,false,5340,22996,0.8063292775543155
5340,7113,0.856276847921467,false,5340,7113,0.856276847921467
5340,105180391,0.900309425434112,false,5340,105180391,0.900309425434112
5340,100529240,0.8846806422889033,false,5340,100529240,0.8846806422889033
5340,113218482,0.8035415638658281,false,5340,113218482,0.8035415638658281
5340,647024,0.8077112515039025,false,5340,647024,0.8077112515039025
5340,255928,0.8378309593968001,false,5340,255928,0.8378309593968001
5340,8537,0.785868895135363,false,5340,8537,0.785868895135363
5340,10018,0.9767542558690152,false,5340,10018,0.9767542558690152
5340,115019,0.8823153037642222,false,5340,115019,0.8823153037642222
5340,105180390,0.9266631148695097,false,5340,105180390,0.9266631148695097
5340,1043,0.9377333186320536,false,5340,1043,0.9377333186320536
5340,168374,0.9077557023005149,false,5340,168374,0.9077557023005149
5340,645843,0.8278667152241563,false,5340,645843,0.8278667152241563
5340,143884,0.9528684314816801,false,5340,143884,0.9528684314816801
5340,80004,0.846930261137447,false,5340,80004,0.846930261137447
5340,3993,0.8965491982706886,false,5340,3993,0.8965491982706886
5340,389852,0.9439404591244298,false,5340,389852,0.9439404591244298
5340,164312,0.8162473936750039,false,5340,164312,0.8162473936750039
5340,84239,0.7702103665219993,false,5340,84239,0.7702103665219993
5340,2065,0.9625509875121157,false,5340,2065,0.9625509875121157
5340,135656,0.8711445006107431,false,5340,135656,0.8711445006107431
5340,94059,0.9572962103467254,false,5340,94059,0.9572962103467254
5340,26769,0.820506426497479,false,5340,26769,0.820506426497479
5340,3960,0.9560483733569738,false,5340,3960,0.9560483733569738
5340,284323,0.8135889186393249,false,5340,284323,0.8135889186393249
5340,23584,0.8052957314174123,false,5340,23584,0.8052957314174123
5340,692213,0.9696407830821079,false,5340,692213,0.9696407830821079
5340,153643,0.7668789024220449,false,5340,153643,0.7668789024220449
5340,112268422,0.8256266522732215,false,5340,112268422,0.8256266522732215
5340,259294,0.9590724480915507,false,5340,259294,0.9590724480915507
5340,2266,0.8655199797330289,false,5340,2266,0.8655199797330289
5340,440352,0.7594496595656355,false,5340,440352,0.7594496595656355
4582,3248,0.8569532890846668,false,4582,3248,0.8569532890846668
4582,255189,0.8173537948080863,false,4582,255189,0.8173537948080863
4582,641384,0.9375138629277304,false,4582,641384,0.9375138629277304
4582,100130449,0.9764427910030784,false,4582,100130449,0.9764427910030784
4582,10103,0.8465775919382137,false,4582,10103,0.8465775919382137
4582,3856,0.7888481343154877,false,4582,3856,0.7888481343154877
4582,1048,0.87329007342377,false,4582,1048,0.87329007342377
4582,100419743,0.8732280355877059,false,4582,100419743,0.8732280355877059
4582,79838,0.8395973634204308,false,4582,79838,0.8395973634204308
4582,3983,0.8284765926710599,false,4582,3983,0.8284765926710599
4582,3694,0.9095784524413874,false,4582,3694,0.9095784524413874
4582,285989,0.8815346443896271,false,4582,285989,0.8815346443896271
4582,2627,0.8623234031642596,false,4582,2627,0.8623234031642596
4582,503640,0.8357130684124965,false,4582,503640,0.8357130684124965
4582,259290,0.8618205388211122,false,4582,259290,0.8618205388211122
4582,1555,0.8604640694688347,false,4582,1555,0.8604640694688347
4582,57528,0.9753693651352559,false,4582,57528,0.9753693651352559
4582,201456,0.8599887784419171,false,4582,201456,0.8599887784419171
4582,57186,0.8278667064079706,false,4582,57186,0.8278667064079706
4582,6751,0.7552059893030958,false,4582,6751,0.7552059893030958
4582,102723508,0.7891740818443166,false,4582,102723508,0.7891740818443166
4582,9356,0.9685777885358143,false,4582,9356,0.9685777885358143
4582,641776,0.973124511651537,false,4582,641776,0.973124511651537
4582,100506658,0.7804128284797494,false,4582,100506658,0.7804128284797494
4582,341676,0.8360433344428038,false,4582,341676,0.8360433344428038
4582,148213,0.9506780082735664,false,4582,148213,0.9506780082735664
4582,10595,0.8229744491050691,false,4582,10595,0.8229744491050691
4582,4583,0.9667792575772772,false,4582,4583,0.9667792575772772
4582,55567,0.8366884943654667,false,4582,55567,0.8366884943654667
4582,115677,0.7519267179395374,false,4582,115677,0.7519267179395374
4582,7851,0.9975134189160539,false,4582,7851,0.9975134189160539
4582,692072,0.9436040350780782,false,4582,692072,0.9436040350780782
4582,109136579,0.844892384320513,false,4582,109136579,0.844892384320513
4582,55808,0.8613815249160249,false,4582,55808,0.8613815249160249
4582,999,0.8349785297672299,false,4582,999,0.8349785297672299
4582,126353,0.948960472064266,false,4582,126353,0.948960472064266
4582,64332,0.8800857729572974,false,4582,64332,0.8800857729572974
4582,388743,0.9209688974429427,false,4582,388743,0.9209688974429427
4582,1577,0.9909538898526644,false,4582,1577,0.9909538898526644
4582,100033430,0.7995761646018255,false,4582,100033430,0.7995761646018255
4582,340267,0.8694884166965027,false,4582,340267,0.8694884166965027
4582,200879,0.8785425787221656,false,4582,200879,0.8785425787221656
4582,1510,0.8828816010198047,false,4582,1510,0.8828816010198047
4582,441251,0.8124197681568701,false,4582,441251,0.8124197681568701
4582,102723849,0.979504212925986,false,4582,102723849,0.979504212925986
4582,5284,0.8998615008557487,false,4582,5284,0.8998615008557487
4582,57669,0.8220046066071955,false,4582,57669,0.8220046066071955
4582,619383,0.8161497336687089,false,4582,619383,0.8161497336687089
4582,89765,0.8292551198372045,false,4582,89765,0.8292551198372045
4582,57111,0.8618336505566472,false,4582,57111,0.8618336505566472
4582,10129,0.8390507689651716,false,4582,10129,0.8390507689651716
4582,4586,0.8732476470532712,false,4582,4586,0.8732476470532712
4582,10551,0.879197385604585,false,4582,10551,0.879197385604585
4582,688,0.7710542101650514,false,4582,688,0.7710542101650514
4582,378938,0.849472330819,false,4582,378938,0.849472330819
4582,5545,0.9192530467993962,false,4582,5545,0.9192530467993962
4582,117155,0.9216324665380197,false,4582,117155,0.9216324665380197
4582,112268155,0.9322886591686715,false,4582,112268155,0.9322886591686715
4582,1152,0.7610631205047353,false,4582,1152,0.7610631205047353
4582,79083,0.8631508349755727,false,4582,79083,0.8631508349755727
4582,1556,0.8588817235913971,false,4582,1556,0.8588817235913971
4582,55930,0.9068472517606387,false,4582,55930,0.9068472517606387
4582,22996,0.7508025270497442,false,4582,22996,0.7508025270497442
4582,7113,0.9661907474534571,false,4582,7113,0.9661907474534571
4582,105180391,0.9496634963446591,false,4582,105180391,0.9496634963446591
4582,100529240,0.8307920836179057,false,4582,100529240,0.8307920836179057
4582,113218482,0.8464177357768311,false,4582,113218482,0.8464177357768311
4582,647024,0.8122168413474976,false,4582,647024,0.8122168413474976
4582,255928,0.8475752198806782,false,4582,255928,0.8475752198806782
4582,8537,0.7972836067805531,false,4582,8537,0.7972836067805531
4582,10018,0.9706930792891766,false,4582,10018,0.9706930792891766
4582,115019,0.9648947453580263,false,4582,115019,0.9648947453580263
4582,105180390,0.9624363496225855,false,4582,105180390,0.9624363496225855
4582,1043,0.9541992923797382,false,4582,1043,0.9541992923797382
4582,168374,0.9698753024947048,false,4582,168374,0.9698753024947048
4582,645843,0.8855227061801174,false,4582,645843,0.8855227061801174
4582,143884,0.9417212993206352,false,4582,143884,0.9417212993206352
4582,80004,0.9439459360872846,false,4582,80004,0.9439459360872846
4582,3993,0.9587519005197511,false,4582,3993,0.9587519005197511
4582,389852,0.97283155877036,false,4582,389852,0.97283155877036
4582,164312,0.8270444614176575,false,4582,164312,0.8270444614176575
4582,84239,0.8844752431379739,false,4582,84239,0.8844752431379739
4582,2065,0.9942609796242358,false,4582,2065,0.9942609796242358
4582,135656,0.8745983554265716,false,4582,135656,0.8745983554265716
4582,94059,0.8784151451155583,false,4582,94059,0.8784151451155583
4582,3960,0.9921837674012907,false,4582,3960,0.9921837674012907
4582,284323,0.87471625056195,false,4582,284323,0.87471625056195
4582,23584,0.9169392981047982,false,4582,23584,0.9169392981047982
4582,692213,0.9723606528417394,false,4582,692213,0.9723606528417394
4582,153643,0.8134179927086581,false,4582,153643,0.8134179927086581
4582,112268422,0.7513931990107301,false,4582,112268422,0.7513931990107301
4582,259294,0.9736203511702342,false,4582,259294,0.9736203511702342
4582,2266,0.832025324923578,false,4582,2266,0.832025324923578
4582,745,0.8021680795692497,false,4582,745,0.8021680795692497
4582,440352,0.8811904691098278,false,4582,440352,0.8811904691098278
11081,4062,0.9943792770543748,false,11081,4062,0.9943792770543748
11081,7125,0.9950485539698676,false,11081,7125,0.9950485539698676
11081,3229,0.994246803849251,false,11081,3229,0.994246803849251
11081,7060,0.9948842358595384,false,11081,7060,0.9948842358595384
11081,54112,0.9936181162350753,false,11081,54112,0.9936181162350753
11081,4892,0.987545592765879,false,11081,4892,0.987545592765879
11081,3207,0.9102507366661712,false,11081,3207,0.9102507366661712
11081,105369937,0.9936181162350756,false,11081,105369937,0.9936181162350756
11081,107984498,0.9944145748679963,false,11081,107984498,0.9944145748679963
11081,284111,0.9990580910863021,false,11081,284111,0.9990580910863021
11081,10331,0.7863669476876012,false,11081,10331,0.7863669476876012
11081,128674,0.9936181162350756,false,11081,128674,0.9936181162350756
11081,101928580,0.9541156941741801,false,11081,101928580,0.9541156941741801
11081,57110,0.9966084741208836,false,11081,57110,0.9966084741208836
11081,646480,0.8934383517356871,false,11081,646480,0.8934383517356871
11081,4606,0.9943096663285513,false,11081,4606,0.9943096663285513
284266,2696,0.8275467165041668,false,284266,2696,0.8275467165041668
284266,54084,0.9297307311183369,false,284266,54084,0.9297307311183369
284266,100129940,0.7644539070138286,false,284266,100129940,0.7644539070138286
284266,339983,0.9602731047002074,false,284266,339983,0.9602731047002074
284266,7473,0.9272857520154278,false,284266,7473,0.9272857520154278
284266,1180,0.8875900000648792,false,284266,1180,0.8875900000648792
284266,388327,0.8764894585282194,false,284266,388327,0.8764894585282194
284266,109729184,0.9290198111185091,false,284266,109729184,0.9290198111185091
284266,100126311,0.7735169948283351,false,284266,100126311,0.7735169948283351
284266,256076,0.7763564364723416,false,284266,256076,0.7763564364723416
284266,7546,0.7574229748717813,false,284266,7546,0.7574229748717813
284266,105373265,0.8332213397901578,false,284266,105373265,0.8332213397901578
284266,9211,0.9577784777388816,false,284266,9211,0.9577784777388816
3248,255189,0.942459087892551,false,3248,255189,0.942459087892551
3248,641384,0.84799459270833,false,3248,641384,0.84799459270833
3248,100130449,0.8291640128333813,false,3248,100130449,0.8291640128333813
3248,10103,0.9033499635292405,false,3248,10103,0.9033499635292405
3248,3856,0.9355119698773467,false,3248,3856,0.9355119698773467
3248,1048,0.923531673160465,false,3248,1048,0.923531673160465
3248,100419743,0.923339657493006,false,3248,100419743,0.923339657493006
3248,3983,0.9594437232708309,false,3248,3983,0.9594437232708309
3248,3694,0.92106172402711,false,3248,3694,0.92106172402711
3248,285989,0.9482124140193132,false,3248,285989,0.9482124140193132
3248,2627,0.987762591645472,false,3248,2627,0.987762591645472
3248,1555,0.9380380751233477,false,3248,1555,0.9380380751233477
3248,57528,0.9271762398207142,false,3248,57528,0.9271762398207142
3248,201456,0.9751524036967701,false,3248,201456,0.9751524036967701
3248,57186,0.9290921211849756,false,3248,57186,0.9290921211849756
3248,102723508,0.9624354307712115,false,3248,102723508,0.9624354307712115
3248,9356,0.7905648265514249,false,3248,9356,0.7905648265514249
3248,641776,0.7679533728366865,false,3248,641776,0.7679533728366865
3248,100506658,0.8747051373176652,false,3248,100506658,0.8747051373176652
3248,341676,0.9534964081237955,false,3248,341676,0.9534964081237955
3248,148213,0.8443071466760507,false,3248,148213,0.8443071466760507
3248,10595,0.9383796792701524,false,3248,10595,0.9383796792701524
3248,4583,0.9023815370384958,false,3248,4583,0.9023815370384958
3248,55567,0.88497049569743,false,3248,55567,0.88497049569743
3248,5961,0.8918440080796138,false,3248,5961,0.8918440080796138
3248,7851,0.8779628591802302,false,3248,7851,0.8779628591802302
3248,692072,0.9477798454600201,false,3248,692072,0.9477798454600201
3248,55808,0.9312479560007353,false,3248,55808,0.9312479560007353
3248,999,0.9546335150662163,false,3248,999,0.9546335150662163
3248,126353,0.8941827624561952,false,3248,126353,0.8941827624561952
3248,26226,0.9433356170761323,false,3248,26226,0.9433356170761323
3248,388743,0.9328412390590863,false,3248,388743,0.9328412390590863
3248,1577,0.8796427306515567,false,3248,1577,0.8796427306515567
3248,340267,0.9384138047588335,false,3248,340267,0.9384138047588335
3248,200879,0.9365310136200685,false,3248,200879,0.9365310136200685
3248,1510,0.9222516491306786,false,3248,1510,0.9222516491306786
3248,441251,0.8138707780650912,false,3248,441251,0.8138707780650912
3248,102723849,0.8231641739221051,false,3248,102723849,0.8231641739221051
3248,6337,0.8594336092180693,false,3248,6337,0.8594336092180693
3248,5284,0.8828341431739014,false,3248,5284,0.8828341431739014
3248,57669,0.8785789744849645,false,3248,57669,0.8785789744849645
3248,57111,0.9353414007400145,false,3248,57111,0.9353414007400145
3248,116844,0.8899000125176898,false,3248,116844,0.8899000125176898
3248,10129,0.8668994225475913,false,3248,10129,0.8668994225475913
3248,4586,0.9232128241602863,false,3248,4586,0.9232128241602863
3248,10551,0.9249364891307299,false,3248,10551,0.9249364891307299
3248,688,0.8376352186094629,false,3248,688,0.8376352186094629
3248,54897,0.9294954316613772,false,3248,54897,0.9294954316613772
3248,117155,0.9613250543844337,false,3248,117155,0.9613250543844337
3248,112268155,0.9718242426138403,false,3248,112268155,0.9718242426138403
3248,1152,0.9564144877236849,false,3248,1152,0.9564144877236849
3248,79083,0.9504322783457024,false,3248,79083,0.9504322783457024
3248,1556,0.9749982146296702,false,3248,1556,0.9749982146296702
3248,55930,0.890862926639086,false,3248,55930,0.890862926639086
3248,22996,0.862843298461167,false,3248,22996,0.862843298461167
3248,7113,0.9040860873172545,false,3248,7113,0.9040860873172545
3248,54861,0.9073147317812056,false,3248,54861,0.9073147317812056
3248,222256,0.8836944914826422,false,3248,222256,0.8836944914826422
3248,100529240,0.8957851655407656,false,3248,100529240,0.8957851655407656
3248,113218482,0.9599432129534935,false,3248,113218482,0.9599432129534935
3248,647024,0.929839305791536,false,3248,647024,0.929839305791536
3248,255928,0.8950822265629228,false,3248,255928,0.8950822265629228
3248,8537,0.8469714242025438,false,3248,8537,0.8469714242025438
3248,10018,0.8194507406133605,false,3248,10018,0.8194507406133605
3248,115019,0.9395042104929523,false,3248,115019,0.9395042104929523
3248,1043,0.8979932487140088,false,3248,1043,0.8979932487140088
3248,168374,0.9364970437071363,false,3248,168374,0.9364970437071363
3248,83481,0.7546494111626056,false,3248,83481,0.7546494111626056
3248,143884,0.8715698535863575,false,3248,143884,0.8715698535863575
3248,80004,0.928607934045844,false,3248,80004,0.928607934045844
3248,3993,0.8902091367892156,false,3248,3993,0.8902091367892156
3248,389852,0.891881276828988,false,3248,389852,0.891881276828988
3248,164312,0.9104269890582186,false,3248,164312,0.9104269890582186
3248,84239,0.8986661360617314,false,3248,84239,0.8986661360617314
3248,2065,0.8732745280730679,false,3248,2065,0.8732745280730679
3248,135656,0.9244026070392494,false,3248,135656,0.9244026070392494
3248,3880,0.8596558372400946,false,3248,3880,0.8596558372400946
3248,94059,0.8121432642626202,false,3248,94059,0.8121432642626202
3248,3960,0.8530861146861828,false,3248,3960,0.8530861146861828
3248,23584,0.9459258518748169,false,3248,23584,0.9459258518748169
3248,692213,0.7678393079475246,false,3248,692213,0.7678393079475246
3248,153643,0.9584748099976654,false,3248,153643,0.9584748099976654
3248,112268422,0.8331191123287032,false,3248,112268422,0.8331191123287032
3248,259294,0.9074982132220264,false,3248,259294,0.9074982132220264
3248,2266,0.9062398764960022,false,3248,2266,0.9062398764960022
3248,745,0.9649629350857264,false,3248,745,0.9649629350857264
3248,440352,0.7890052822572441,false,3248,440352,0.7890052822572441
1636,105375355,0.8933582838301605,false,1636,105375355,0.8933582838301605
1636,10917,0.8118237828563701,false,1636,10917,0.8118237828563701
1636,1580,0.8723679640312934,false,1636,1580,0.8723679640312934
1636,22941,0.7904253678379749,false,1636,22941,0.7904253678379749
1636,177,0.9018523049378114,false,1636,177,0.9018523049378114
1636,146556,0.8213887470885154,false,1636,146556,0.8213887470885154
1636,168090,0.8430976442642609,false,1636,168090,0.8430976442642609
1636,6441,0.8281887285722418,false,1636,6441,0.8281887285722418
1636,7356,0.8565642947136756,false,1636,7356,0.8565642947136756
1636,109729127,0.8024822069967675,false,1636,109729127,0.8024822069967675
1636,728276,0.8034925261465545,false,1636,728276,0.8034925261465545
1636,6101,0.8259152425755506,false,1636,6101,0.8259152425755506
1636,11185,0.8633160821946232,false,1636,11185,0.8633160821946232
1636,2125,0.7634878516594,false,1636,2125,0.7634878516594
1636,105,0.8065330501446335,false,1636,105,0.8065330501446335
1636,1579,0.8041985020317778,false,1636,1579,0.8041985020317778
1636,57477,0.8770119070045199,false,1636,57477,0.8770119070045199
1636,21,0.8396585136911401,false,1636,21,0.8396585136911401
1636,79784,0.760147906166295,false,1636,79784,0.760147906166295
1636,3855,0.8024604112247383,false,1636,3855,0.8024604112247383
105375355,1580,0.9648579971615746,false,105375355,1580,0.9648579971615746
105375355,177,0.8985161317075863,false,105375355,177,0.8985161317075863
105375355,146556,0.9519978622073721,false,105375355,146556,0.9519978622073721
105375355,6441,0.9428898784734289,false,105375355,6441,0.9428898784734289
105375355,7356,0.883370967413948,false,105375355,7356,0.883370967413948
105375355,109729127,0.7801527974067873,false,105375355,109729127,0.7801527974067873
105375355,728276,0.7535036929656844,false,105375355,728276,0.7535036929656844
105375355,11185,0.919285485720754,false,105375355,11185,0.919285485720754
105375355,2125,0.9198029055950662,false,105375355,2125,0.9198029055950662
105375355,5349,0.9131965934716012,false,105375355,5349,0.9131965934716012
105375355,21,0.8484002335318372,false,105375355,21,0.8484002335318372
105375355,3855,0.8062208556671222,false,105375355,3855,0.8062208556671222
677831,22943,0.9219586136702651,false,677831,22943,0.9219586136702651
677831,6969,0.7653831124263749,false,677831,6969,0.7653831124263749
677831,7033,0.9386466881803253,false,677831,7033,0.9386466881803253
677831,79848,0.8340680302161776,false,677831,79848,0.8340680302161776
677831,160728,0.9187999691999768,false,677831,160728,0.9187999691999768
677831,94025,0.9654251793436566,false,677831,94025,0.9654251793436566
677831,388633,0.8778065280019742,false,677831,388633,0.8778065280019742
677831,3929,0.9536887037303031,false,677831,3929,0.9536887037303031
677831,100158262,0.940007576776926,false,677831,100158262,0.940007576776926
677831,727897,0.9663210743702723,false,677831,727897,0.9663210743702723
677831,4585,0.7908694906443803,false,677831,4585,0.7908694906443803
677831,1767,0.7998863354318078,false,677831,1767,0.7998863354318078
677831,1604,0.9599972783825248,false,677831,1604,0.9599972783825248
677831,886,0.9491510506607144,false,677831,886,0.9491510506607144
677831,4057,0.9416542325414218,false,677831,4057,0.9416542325414218
677831,26797,0.878670235894687,false,677831,26797,0.878670235894687
677831,112577518,0.9506880156028577,false,677831,112577518,0.9506880156028577
677831,342892,0.8246796467623709,false,677831,342892,0.8246796467623709
677831,692209,0.915160022174096,false,677831,692209,0.915160022174096
677831,563,0.9488907442869777,false,677831,563,0.9488907442869777
677831,4069,0.8957585040608331,false,677831,4069,0.8957585040608331
677831,83643,0.8531271621939327,false,677831,83643,0.8531271621939327
677831,284434,0.9298930312542575,false,677831,284434,0.9298930312542575
4318,109729184,0.902677344098127,false,4318,109729184,0.902677344098127
4318,9771,0.8699093811271013,false,4318,9771,0.8699093811271013
105377033,60494,0.8370054943547496,false,105377033,60494,0.8370054943547496
105377033,85452,0.838384660495354,false,105377033,85452,0.838384660495354
105377033,6969,0.8125442594824801,false,105377033,6969,0.8125442594824801
105377033,388633,0.7662857105162643,false,105377033,388633,0.7662857105162643
105377033,5349,0.7660020725939071,false,105377033,5349,0.7660020725939071
105377033,123872,0.8300235297798131,false,105377033,123872,0.8300235297798131
105377033,284434,0.7519103767353894,false,105377033,284434,0.7519103767353894
255189,641384,0.7679672351105185,false,255189,641384,0.7679672351105185
255189,100130449,0.7582227528086967,false,255189,100130449,0.7582227528086967
255189,10103,0.8350025096737222,false,255189,10103,0.8350025096737222
255189,3856,0.9758214384550654,false,255189,3856,0.9758214384550654
255189,1048,0.8569092161658202,false,255189,1048,0.8569092161658202
255189,100419743,0.8566268424142777,false,255189,100419743,0.8566268424142777
255189,3983,0.9247204378253389,false,255189,3983,0.9247204378253389
255189,3694,0.8768988116240174,false,255189,3694,0.8768988116240174
255189,285989,0.8983373231247803,false,255189,285989,0.8983373231247803
255189,2627,0.947542885870605,false,255189,2627,0.947542885870605
255189,1555,0.888058347924912,false,255189,1555,0.888058347924912
255189,57528,0.8799186980931039,false,255189,57528,0.8799186980931039
255189,201456,0.9346729581481519,false,255189,201456,0.9346729581481519
255189,57186,0.8562372161496219,false,255189,57186,0.8562372161496219
255189,102723508,0.9162736791597507,false,255189,102723508,0.9162736791597507
255189,100506658,0.9336002543364885,false,255189,100506658,0.9336002543364885
255189,341676,0.9017265545226016,false,255189,341676,0.9017265545226016
255189,148213,0.7621808616634399,false,255189,148213,0.7621808616634399
255189,10595,0.9158231346796526,false,255189,10595,0.9158231346796526
255189,4583,0.8527243766873095,false,255189,4583,0.8527243766873095
255189,55567,0.8185107952352871,false,255189,55567,0.8185107952352871
255189,5961,0.9237148579377303,false,255189,5961,0.9237148579377303
255189,7851,0.829734957958729,false,255189,7851,0.829734957958729
255189,692072,0.907559808730168,false,255189,692072,0.907559808730168
255189,55808,0.8748627363453999,false,255189,55808,0.8748627363453999
255189,999,0.931793173318163,false,255189,999,0.931793173318163
255189,126353,0.8467588760005874,false,255189,126353,0.8467588760005874
255189,26226,0.9385132513774523,false,255189,26226,0.9385132513774523
255189,388743,0.8748660187977831,false,255189,388743,0.8748660187977831
255189,1577,0.8183934158676339,false,255189,1577,0.8183934158676339
255189,340267,0.9559544667936193,false,255189,340267,0.9559544667936193
255189,200879,0.8674605770800667,false,255189,200879,0.8674605770800667
255189,1510,0.8702053697375507,false,255189,1510,0.8702053697375507
255189,441251,0.8393847367409762,false,255189,441251,0.8393847367409762
255189,102723849,0.776084839177138,false,255189,102723849,0.776084839177138
255189,6337,0.9146894638496128,false,255189,6337,0.9146894638496128
255189,5284,0.8986703030132336,false,255189,5284,0.8986703030132336
255189,57669,0.854787440222179,false,255189,57669,0.854787440222179
255189,57111,0.876021436421211,false,255189,57111,0.876021436421211
255189,116844,0.9164762100656257,false,255189,116844,0.9164762100656257
255189,10129,0.808136631940587,false,255189,10129,0.808136631940587
255189,4586,0.8563868014240772,false,255189,4586,0.8563868014240772
255189,10551,0.8547798030023048,false,255189,10551,0.8547798030023048
255189,688,0.85592721668126,false,255189,688,0.85592721668126
255189,54897,0.9100463182133256,false,255189,54897,0.9100463182133256
255189,117155,0.9362817113988109,false,255189,117155,0.9362817113988109
255189,112268155,0.9173926031302925,false,255189,112268155,0.9173926031302925
255189,1152,0.9091940913681633,false,255189,1152,0.9091940913681633
255189,79083,0.8784801896338812,false,255189,79083,0.8784801896338812
255189,1556,0.9866752480826668,false,255189,1556,0.9866752480826668
255189,55930,0.8534860851575162,false,255189,55930,0.8534860851575162
255189,22996,0.8328755854596178,false,255189,22996,0.8328755854596178
255189,7113,0.9086613631529561,false,255189,7113,0.9086613631529561
255189,54861,0.8600897563752214,false,255189,54861,0.8600897563752214
255189,222256,0.8999367115899068,false,255189,222256,0.8999367115899068
255189,100529240,0.795776876267149,false,255189,100529240,0.795776876267149
255189,113218482,0.9370824589182184,false,255189,113218482,0.9370824589182184
255189,647024,0.9126531219684292,false,255189,647024,0.9126531219684292
255189,255928,0.8349442971679202,false,255189,255928,0.8349442971679202
255189,8537,0.7786250555804143,false,255189,8537,0.7786250555804143
255189,10018,0.767312463364292,false,255189,10018,0.767312463364292
255189,115019,0.9289865461363961,false,255189,115019,0.9289865461363961
255189,1043,0.8546062142541608,false,255189,1043,0.8546062142541608
255189,168374,0.8810525128886983,false,255189,168374,0.8810525128886983
255189,83481,0.8654081238219308,false,255189,83481,0.8654081238219308
255189,143884,0.760660784172717,false,255189,143884,0.760660784172717
255189,80004,0.9416718801717576,false,255189,80004,0.9416718801717576
255189,3993,0.9085246415137646,false,255189,3993,0.9085246415137646
255189,389852,0.8198523534928744,false,255189,389852,0.8198523534928744
255189,164312,0.8612888546342072,false,255189,164312,0.8612888546342072
255189,84239,0.9038306850629172,false,255189,84239,0.9038306850629172
255189,2065,0.8135431897569843,false,255189,2065,0.8135431897569843
255189,135656,0.8575308473103087,false,255189,135656,0.8575308473103087
255189,3880,0.9405758320976084,false,255189,3880,0.9405758320976084
255189,3960,0.7919846005552462,false,255189,3960,0.7919846005552462
255189,23584,0.9565502165140051,false,255189,23584,0.9565502165140051
255189,153643,0.9562945640146187,false,255189,153643,0.9562945640146187
255189,112268422,0.786594650210355,false,255189,112268422,0.786594650210355
255189,259294,0.8297494205951831,false,255189,259294,0.8297494205951831
255189,2266,0.8037038090999822,false,255189,2266,0.8037038090999822
255189,745,0.9537355024311039,false,255189,745,0.9537355024311039
255189,440352,0.8619446605393978,false,255189,440352,0.8619446605393978
102724057,57575,0.77566217942358,false,102724057,57575,0.77566217942358
102724057,103504738,0.9345883466936404,false,102724057,103504738,0.9345883466936404
102724057,5694,0.8071672094055269,false,102724057,5694,0.8071672094055269
102724057,89,0.9754698648022826,false,102724057,89,0.9754698648022826
102724057,57526,0.8685970457180099,false,102724057,57526,0.8685970457180099
102724057,100506686,0.8477518085641963,false,102724057,100506686,0.8477518085641963
102724057,406903,0.9338951377875842,false,102724057,406903,0.9338951377875842
102724057,101929066,0.8459792049491235,false,102724057,101929066,0.8459792049491235
102724057,84842,0.9285130084122056,false,102724057,84842,0.9285130084122056
102724057,388555,0.8613385363583348,false,102724057,388555,0.8613385363583348
102724057,100506380,0.7636447354017524,false,102724057,100506380,0.7636447354017524
102724057,363,0.8613385363583349,false,102724057,363,0.8613385363583349
102724057,65998,0.9351213495259669,false,102724057,65998,0.9351213495259669
102724057,419,0.8613385363583349,false,102724057,419,0.8613385363583349
102724057,102723635,0.8291080078539872,false,102724057,102723635,0.8291080078539872
102724057,340596,0.8799515004458347,false,102724057,340596,0.8799515004458347
102724057,100506755,0.7639940390657505,false,102724057,100506755,0.7639940390657505
102724057,10586,0.9311340036412195,false,102724057,10586,0.9311340036412195
102724057,2125,0.786786933169952,false,102724057,2125,0.786786933169952
102724057,3780,0.8262418519474711,false,102724057,3780,0.8262418519474711
102724057,163479,0.9346750069667698,false,102724057,163479,0.9346750069667698
102724057,2619,0.9078138820898292,false,102724057,2619,0.9078138820898292
102724057,84867,0.9982139463742866,false,102724057,84867,0.9982139463742866
102724057,284680,0.7903833221878562,false,102724057,284680,0.7903833221878562
102724057,128218,0.7669150474831518,false,102724057,128218,0.7669150474831518
102724057,57710,0.7917969418081706,false,102724057,57710,0.7917969418081706
102724057,80381,0.7518929346287484,false,102724057,80381,0.7518929346287484
102724057,100423031,0.8613385363583348,false,102724057,100423031,0.8613385363583348
102724057,1515,0.9641245898572015,false,102724057,1515,0.9641245898572015
10568,33,0.9399066890223433,false,10568,33,0.9399066890223433
10568,375612,0.9086838212530177,false,10568,375612,0.9086838212530177
10568,10529,0.7739021794282533,false,10568,10529,0.7739021794282533
10568,286207,0.7645283803484028,false,10568,286207,0.7645283803484028
10568,9914,0.9692184675901897,false,10568,9914,0.9692184675901897
10568,56241,0.8506461130021793,false,10568,56241,0.8506461130021793
10568,57530,0.807752800002269,false,10568,57530,0.807752800002269
10568,163720,0.9518324676255144,false,10568,163720,0.9518324676255144
10568,722,0.94995548978801,false,10568,722,0.94995548978801
10568,79908,0.9045426826413391,false,10568,79908,0.9045426826413391
10568,388323,0.7572823756648627,false,10568,388323,0.7572823756648627
10568,5625,0.8963909316781606,false,10568,5625,0.8963909316781606
10568,130367,0.8616377355525724,false,10568,130367,0.8616377355525724
10568,7080,0.9069871450516998,false,10568,7080,0.9069871450516998
10568,285335,0.7723272991414207,false,10568,285335,0.7723272991414207
10568,6439,0.8168439625492963,false,10568,6439,0.8168439625492963
10568,1910,0.9058428727986978,false,10568,1910,0.9058428727986978
10568,146177,0.9899083435722787,false,10568,146177,0.9899083435722787
10568,728226,0.9083424556788575,false,10568,728226,0.9083424556788575
10568,81615,0.9464714276574294,false,10568,81615,0.9464714276574294
10568,200373,0.8639059147163338,false,10568,200373,0.8639059147163338
10568,5787,0.8311889877811769,false,10568,5787,0.8311889877811769
10568,102723382,0.7950237678389375,false,10568,102723382,0.7950237678389375
10568,474354,0.8693535491457044,false,10568,474354,0.8693535491457044
10568,221395,0.9606889363932591,false,10568,221395,0.9606889363932591
10568,54842,0.9348451787590604,false,10568,54842,0.9348451787590604
10568,728643,0.8767416136471765,false,10568,728643,0.8767416136471765
10568,128602,0.9654039639795128,false,10568,128602,0.9654039639795128
10568,54997,0.8037133066800877,false,10568,54997,0.8037133066800877
10568,2595,0.9652311694236784,false,10568,2595,0.9652311694236784
10568,219790,0.8892466754225994,false,10568,219790,0.8892466754225994
10568,64073,0.9512006771432743,false,10568,64073,0.9512006771432743
10568,9223,0.963551502570484,false,10568,9223,0.963551502570484
10568,253970,0.9677160237466262,false,10568,253970,0.9677160237466262
10568,503645,0.915635504629297,false,10568,503645,0.915635504629297
10568,4070,0.9675991043033156,false,10568,4070,0.9675991043033156
10568,2277,0.9623252292906204,false,10568,2277,0.9623252292906204
10568,346007,0.8779018335551829,false,10568,346007,0.8779018335551829
10568,116984,0.9085703727157934,false,10568,116984,0.9085703727157934
10568,825,0.9524199014035245,false,10568,825,0.9524199014035245
10568,137872,0.7767980439528943,false,10568,137872,0.7767980439528943
10568,9196,0.83591031940407,false,10568,9196,0.83591031940407
10568,93517,0.8810377546727332,false,10568,93517,0.8810377546727332
10568,130271,0.8520832660717815,false,10568,130271,0.8520832660717815
10568,101927516,0.9241718079568007,false,10568,101927516,0.9241718079568007
10568,285,0.8061580979624386,false,10568,285,0.8061580979624386
10568,27074,0.9413470477989196,false,10568,27074,0.9413470477989196
10568,100996506,0.8088385098316385,false,10568,100996506,0.8088385098316385
10568,66002,0.837503595577652,false,10568,66002,0.837503595577652
10568,54848,0.8847544144213875,false,10568,54848,0.8847544144213875
10568,79632,0.9252627251199772,false,10568,79632,0.9252627251199772
10568,100505495,0.8994957273253429,false,10568,100505495,0.8994957273253429
10568,26084,0.7553820612984662,false,10568,26084,0.7553820612984662
10568,9476,0.957271162612881,false,10568,9476,0.957271162612881
10568,151531,0.8082185179991671,false,10568,151531,0.8082185179991671
10568,195814,0.9241129746246352,false,10568,195814,0.9241129746246352
10568,2122,0.943656187297957,false,10568,2122,0.943656187297957
10568,84059,0.9407749836317755,false,10568,84059,0.9407749836317755
10568,121512,0.7752427184144781,false,10568,121512,0.7752427184144781
10568,6097,0.9702480229909092,false,10568,6097,0.9702480229909092
10568,120892,0.944948393581844,false,10568,120892,0.944948393581844
10568,123624,0.9379382815210051,false,10568,123624,0.9379382815210051
10568,391253,0.8896590391486225,false,10568,391253,0.8896590391486225
10568,220136,0.8723904156242648,false,10568,220136,0.8723904156242648
10568,693188,0.8756621217719075,false,10568,693188,0.8756621217719075
10568,6799,0.9306277725418008,false,10568,6799,0.9306277725418008
10568,389376,0.9217074976274554,false,10568,389376,0.9217074976274554
10568,353189,0.8918974734012993,false,10568,353189,0.8918974734012993
10568,776,0.842693157746248,false,10568,776,0.842693157746248
10568,84851,0.8476176176752087,false,10568,84851,0.8476176176752087
10568,84525,0.9409570828804983,false,10568,84525,0.9409570828804983
10568,4861,0.902542005704088,false,10568,4861,0.902542005704088
10568,10203,0.9478131920420969,false,10568,10203,0.9478131920420969
10568,1080,0.8901540891630024,false,10568,1080,0.8901540891630024
10568,65217,0.7562224652157223,false,10568,65217,0.7562224652157223
10568,1286,0.776558309547967,false,10568,1286,0.776558309547967
10568,105372793,0.8091385533639273,false,10568,105372793,0.8091385533639273
10568,56955,0.8424381540269398,false,10568,56955,0.8424381540269398
10568,84765,0.881200742466169,false,10568,84765,0.881200742466169
10568,653509,0.9536986436900823,false,10568,653509,0.9536986436900823
10568,55282,0.9744386618916248,false,10568,55282,0.9744386618916248
10568,729238,0.8642018302529313,false,10568,729238,0.8642018302529313
10568,79098,0.9314505292389671,false,10568,79098,0.9314505292389671
10568,144535,0.8855541411755983,false,10568,144535,0.8855541411755983
10568,649946,0.8849467984410677,false,10568,649946,0.8849467984410677
10568,144571,0.9289809118710716,false,10568,144571,0.9289809118710716
10568,26298,0.8413253051659335,false,10568,26298,0.8413253051659335
10568,165186,0.9326799469042386,false,10568,165186,0.9326799469042386
10568,102465485,0.9210346446439961,false,10568,102465485,0.9210346446439961
10568,100033436,0.8846778138837391,false,10568,100033436,0.8846778138837391
641384,100130449,0.9853015798016657,false,641384,100130449,0.9853015798016657
641384,10103,0.9433082715865942,false,641384,10103,0.9433082715865942
641384,3856,0.7833797556234438,false,641384,3856,0.7833797556234438
641384,1048,0.9419612277283166,false,641384,1048,0.9419612277283166
641384,100419743,0.9419565783375319,false,641384,100419743,0.9419565783375319
641384,3983,0.8700862322410389,false,641384,3983,0.8700862322410389
641384,3694,0.8857920830457507,false,641384,3694,0.8857920830457507
641384,285989,0.9213067291839907,false,641384,285989,0.9213067291839907
641384,2627,0.8769811715096172,false,641384,2627,0.8769811715096172
641384,259290,0.7908433995145822,false,641384,259290,0.7908433995145822
641384,1555,0.9197831742108763,false,641384,1555,0.9197831742108763
641384,57528,0.9531044508316049,false,641384,57528,0.9531044508316049
641384,201456,0.8967154648230045,false,641384,201456,0.8967154648230045
641384,57186,0.8171813752407414,false,641384,57186,0.8171813752407414
641384,5544,0.8881804653622742,false,641384,5544,0.8881804653622742
641384,102723508,0.8236808464954841,false,641384,102723508,0.8236808464954841
641384,9356,0.8812750920233668,false,641384,9356,0.8812750920233668
641384,641776,0.8809274115299144,false,641384,641776,0.8809274115299144
641384,341676,0.9144139732278258,false,641384,341676,0.9144139732278258
641384,148213,0.9969929937263843,false,641384,148213,0.9969929937263843
641384,10595,0.9012010997497419,false,641384,10595,0.9012010997497419
641384,4583,0.9841895224163888,false,641384,4583,0.9841895224163888
641384,55567,0.9517005078606614,false,641384,55567,0.9517005078606614
641384,7851,0.9304421636755007,false,641384,7851,0.9304421636755007
641384,692072,0.9140461166958599,false,641384,692072,0.9140461166958599
641384,55808,0.9243416310964803,false,641384,55808,0.9243416310964803
641384,999,0.8983623167047603,false,641384,999,0.8983623167047603
641384,126353,0.9560055546401556,false,641384,126353,0.9560055546401556
641384,64332,0.7647712892277919,false,641384,64332,0.7647712892277919
641384,388743,0.9611582242930025,false,641384,388743,0.9611582242930025
641384,1577,0.934586356152668,false,641384,1577,0.934586356152668
641384,340267,0.8466458387692283,false,641384,340267,0.8466458387692283
641384,200879,0.9387454087229306,false,641384,200879,0.9387454087229306
641384,1510,0.9385133233661023,false,641384,1510,0.9385133233661023
641384,102723849,0.8634031752944041,false,641384,102723849,0.8634031752944041
641384,5284,0.8913461723551614,false,641384,5284,0.8913461723551614
641384,619383,0.8286205884965165,false,641384,619383,0.8286205884965165
641384,57111,0.9323943649160464,false,641384,57111,0.9323943649160464
641384,278,0.7935295157006057,false,641384,278,0.7935295157006057
641384,116844,0.7594607678850039,false,641384,116844,0.7594607678850039
641384,10129,0.9235521533825776,false,641384,10129,0.9235521533825776
641384,4586,0.9427148486345417,false,641384,4586,0.9427148486345417
641384,10551,0.9545755659936754,false,641384,10551,0.9545755659936754
641384,688,0.8607166192174607,false,641384,688,0.8607166192174607
641384,378938,0.7525594718648968,false,641384,378938,0.7525594718648968
641384,5545,0.7596586264803339,false,641384,5545,0.7596586264803339
641384,117155,0.9300109454280997,false,641384,117155,0.9300109454280997
641384,112268155,0.9279633439868894,false,641384,112268155,0.9279633439868894
641384,1152,0.8211607917168792,false,641384,1152,0.8211607917168792
641384,79083,0.9227705896572276,false,641384,79083,0.9227705896572276
641384,1556,0.8093025327124234,false,641384,1556,0.8093025327124234
641384,55930,0.9733068467604108,false,641384,55930,0.9733068467604108
641384,22996,0.8894865597982234,false,641384,22996,0.8894865597982234
641384,7113,0.862499060112504,false,641384,7113,0.862499060112504
641384,54861,0.7524104684265577,false,641384,54861,0.7524104684265577
641384,105180391,0.8296518786188052,false,641384,105180391,0.8296518786188052
641384,100529240,0.9476432789264707,false,641384,100529240,0.9476432789264707
641384,113218482,0.88966771417423,false,641384,113218482,0.88966771417423
641384,647024,0.8953290978995493,false,641384,647024,0.8953290978995493
641384,255928,0.9204252579474073,false,641384,255928,0.9204252579474073
641384,8537,0.8853289852376229,false,641384,8537,0.8853289852376229
641384,10018,0.9694391227731635,false,641384,10018,0.9694391227731635
641384,115019,0.911009533289428,false,641384,115019,0.911009533289428
641384,105180390,0.8634840750088764,false,641384,105180390,0.8634840750088764
641384,1043,0.9159761704632452,false,641384,1043,0.9159761704632452
641384,276,0.7632174138766662,false,641384,276,0.7632174138766662
641384,168374,0.9164939226743628,false,641384,168374,0.9164939226743628
641384,645843,0.7542058308373368,false,641384,645843,0.7542058308373368
641384,143884,0.9599965322378834,false,641384,143884,0.9599965322378834
641384,80004,0.8718686887268602,false,641384,80004,0.8718686887268602
641384,3993,0.9069505221767704,false,641384,3993,0.9069505221767704
641384,389852,0.9644197589179804,false,641384,389852,0.9644197589179804
641384,164312,0.8877066229646501,false,641384,164312,0.8877066229646501
641384,84239,0.752236125839469,false,641384,84239,0.752236125839469
641384,2065,0.9475413512531052,false,641384,2065,0.9475413512531052
641384,135656,0.942437037592321,false,641384,135656,0.942437037592321
641384,94059,0.9690997005083882,false,641384,94059,0.9690997005083882
641384,26769,0.8558413632412483,false,641384,26769,0.8558413632412483
641384,3960,0.957221465880892,false,641384,3960,0.957221465880892
641384,23584,0.8222330402328739,false,641384,23584,0.8222330402328739
641384,692213,0.9445616035064146,false,641384,692213,0.9445616035064146
641384,153643,0.8564315089335403,false,641384,153643,0.8564315089335403
641384,112268422,0.9010270356359815,false,641384,112268422,0.9010270356359815
641384,259294,0.9774257339011932,false,641384,259294,0.9774257339011932
641384,2266,0.9291524895378784,false,641384,2266,0.9291524895378784
641384,745,0.8343875962017478,false,641384,745,0.8343875962017478
100130449,10103,0.8918589476197161,false,100130449,10103,0.8918589476197161
100130449,3856,0.75911620798964,false,100130449,3856,0.75911620798964
100130449,1048,0.9004061430938196,false,100130449,1048,0.9004061430938196
100130449,100419743,0.9004115379469231,false,100130449,100419743,0.9004115379469231
100130449,79838,0.806655674654539,false,100130449,79838,0.806655674654539
100130449,3983,0.8294869901171437,false,100130449,3983,0.8294869901171437
100130449,3694,0.8873215738603469,false,100130449,3694,0.8873215738603469
100130449,285989,0.896512077573957,false,100130449,285989,0.896512077573957
100130449,2627,0.8516131988872954,false,100130449,2627,0.8516131988872954
100130449,503640,0.7985343986921548,false,100130449,503640,0.7985343986921548
100130449,259290,0.857111452691451,false,100130449,259290,0.857111452691451
100130449,1555,0.877151292600084,false,100130449,1555,0.877151292600084
100130449,57528,0.9617097790767054,false,100130449,57528,0.9617097790767054
100130449,201456,0.859193608408038,false,100130449,201456,0.859193608408038
100130449,57186,0.8177028611817733,false,100130449,57186,0.8177028611817733
100130449,5544,0.8210856406609136,false,100130449,5544,0.8210856406609136
100130449,102723508,0.7769656791644609,false,100130449,102723508,0.7769656791644609
100130449,9356,0.9391358377054366,false,100130449,9356,0.9391358377054366
100130449,641776,0.9461255661906122,false,100130449,641776,0.9461255661906122
100130449,341676,0.8619609950410992,false,100130449,341676,0.8619609950410992
100130449,148213,0.9927697786521741,false,100130449,148213,0.9927697786521741
100130449,10595,0.848705877045175,false,100130449,10595,0.848705877045175
100130449,4583,0.9823319311995593,false,100130449,4583,0.9823319311995593
100130449,55567,0.8984583617701385,false,100130449,55567,0.8984583617701385
100130449,7851,0.9679290939459797,false,100130449,7851,0.9679290939459797
100130449,692072,0.9150281244105964,false,100130449,692072,0.9150281244105964
100130449,109136579,0.8326419170018647,false,100130449,109136579,0.8326419170018647
100130449,55808,0.8817476713929674,false,100130449,55808,0.8817476713929674
100130449,999,0.8502199864449732,false,100130449,999,0.8502199864449732
100130449,126353,0.9517341105033409,false,100130449,126353,0.9517341105033409
100130449,64332,0.8384099946796216,false,100130449,64332,0.8384099946796216
100130449,388743,0.9363742549847618,false,100130449,388743,0.9363742549847618
100130449,1577,0.9663851351870624,false,100130449,1577,0.9663851351870624
100130449,340267,0.8403787587278363,false,100130449,340267,0.8403787587278363
100130449,200879,0.9000746121224801,false,100130449,200879,0.9000746121224801
100130449,1510,0.902275663788159,false,100130449,1510,0.902275663788159
100130449,102723849,0.9262501822321874,false,100130449,102723849,0.9262501822321874
100130449,5284,0.8955296116700635,false,100130449,5284,0.8955296116700635
100130449,57669,0.7716609554140784,false,100130449,57669,0.7716609554140784
100130449,619383,0.8682049502442959,false,100130449,619383,0.8682049502442959
100130449,57111,0.8873290996968844,false,100130449,57111,0.8873290996968844
100130449,278,0.7594256300307237,false,100130449,278,0.7594256300307237
100130449,10129,0.8896449754717668,false,100130449,10129,0.8896449754717668
100130449,4586,0.9009591447813702,false,100130449,4586,0.9009591447813702
100130449,10551,0.912643565063584,false,100130449,10551,0.912643565063584
100130449,688,0.8104288429414901,false,100130449,688,0.8104288429414901
100130449,378938,0.8369316026689276,false,100130449,378938,0.8369316026689276
100130449,5545,0.8519236599928391,false,100130449,5545,0.8519236599928391
100130449,117155,0.916380771178684,false,100130449,117155,0.916380771178684
100130449,112268155,0.920770409823451,false,100130449,112268155,0.920770409823451
100130449,1152,0.76513394284556,false,100130449,1152,0.76513394284556
100130449,79083,0.8809725352129882,false,100130449,79083,0.8809725352129882
100130449,1556,0.8056343292244531,false,100130449,1556,0.8056343292244531
100130449,55930,0.9459427778888303,false,100130449,55930,0.9459427778888303
100130449,22996,0.8159189347888325,false,100130449,22996,0.8159189347888325
100130449,7113,0.9045459241411419,false,100130449,7113,0.9045459241411419
100130449,105180391,0.9097205240430123,false,100130449,105180391,0.9097205240430123
100130449,100529240,0.8903914733313594,false,100130449,100529240,0.8903914733313594
100130449,113218482,0.8482281589473655,false,100130449,113218482,0.8482281589473655
100130449,647024,0.8391030965487616,false,100130449,647024,0.8391030965487616
100130449,255928,0.8759699751068752,false,100130449,255928,0.8759699751068752
100130449,8537,0.8292277702075176,false,100130449,8537,0.8292277702075176
100130449,10018,0.9893675266967811,false,100130449,10018,0.9893675266967811
100130449,115019,0.9283092095994815,false,100130449,115019,0.9283092095994815
100130449,105180390,0.9340587089487098,false,100130449,105180390,0.9340587089487098
100130449,1043,0.9414543492484836,false,100130449,1043,0.9414543492484836
100130449,168374,0.938134702692287,false,100130449,168374,0.938134702692287
100130449,645843,0.8388139817207575,false,100130449,645843,0.8388139817207575
100130449,143884,0.9620719184391898,false,100130449,143884,0.9620719184391898
100130449,80004,0.8950515062892154,false,100130449,80004,0.8950515062892154
100130449,3993,0.9292693402936777,false,100130449,3993,0.9292693402936777
100130449,389852,0.9725949417320366,false,100130449,389852,0.9725949417320366
100130449,164312,0.8432383186545792,false,100130449,164312,0.8432383186545792
100130449,84239,0.8009179700521453,false,100130449,84239,0.8009179700521453
100130449,2065,0.9793633266342708,false,100130449,2065,0.9793633266342708
100130449,135656,0.9013230302800067,false,100130449,135656,0.9013230302800067
100130449,94059,0.946787346224079,false,100130449,94059,0.946787346224079
100130449,26769,0.7933448248969531,false,100130449,26769,0.7933448248969531
100130449,3960,0.9841923484603287,false,100130449,3960,0.9841923484603287
100130449,284323,0.8263065849661054,false,100130449,284323,0.8263065849661054
100130449,23584,0.8497068478570241,false,100130449,23584,0.8497068478570241
100130449,692213,0.9816838775249409,false,100130449,692213,0.9816838775249409
100130449,153643,0.8114536495621014,false,100130449,153643,0.8114536495621014
100130449,112268422,0.8309454761576076,false,100130449,112268422,0.8309454761576076
100130449,259294,0.9803429897129865,false,100130449,259294,0.9803429897129865
100130449,2266,0.8785255862265764,false,100130449,2266,0.8785255862265764
100130449,745,0.7899792375859448,false,100130449,745,0.7899792375859448
100130449,440352,0.7961569182910546,false,100130449,440352,0.7961569182910546
10103,3856,0.8490616755976086,false,10103,3856,0.8490616755976086
10103,1048,0.9940575517808108,false,10103,1048,0.9940575517808108
10103,100419743,0.9940421923750333,false,10103,100419743,0.9940421923750333
10103,3983,0.9589102299750083,false,10103,3983,0.9589102299750083
10103,3694,0.912774475151561,false,10103,3694,0.912774475151561
10103,285989,0.9121865045912079,false,10103,285989,0.9121865045912079
10103,2627,0.9354557849232664,false,10103,2627,0.9354557849232664
10103,1555,0.9899767127399318,false,10103,1555,0.9899767127399318
10103,57528,0.9281490356281561,false,10103,57528,0.9281490356281561
10103,201456,0.9682536736588626,false,10103,201456,0.9682536736588626
10103,57186,0.8104666108717887,false,10103,57186,0.8104666108717887
10103,5544,0.8528669394174263,false,10103,5544,0.8528669394174263
10103,102723508,0.9102259331115251,false,10103,102723508,0.9102259331115251
10103,9356,0.7692892351942583,false,10103,9356,0.7692892351942583
10103,341676,0.9820395069446036,false,10103,341676,0.9820395069446036
10103,148213,0.9246259667820189,false,10103,148213,0.9246259667820189
10103,10595,0.9594845392272002,false,10103,10595,0.9594845392272002
10103,4583,0.9343321320893013,false,10103,4583,0.9343321320893013
10103,55567,0.978165840500243,false,10103,55567,0.978165840500243
10103,7851,0.8540040206799014,false,10103,7851,0.8540040206799014
10103,692072,0.9089487777277123,false,10103,692072,0.9089487777277123
10103,55808,0.9922810137911142,false,10103,55808,0.9922810137911142
10103,999,0.9704066254735351,false,10103,999,0.9704066254735351
10103,126353,0.9552807797221902,false,10103,126353,0.9552807797221902
10103,26226,0.7767736987939178,false,10103,26226,0.7767736987939178
10103,388743,0.9835379061230215,false,10103,388743,0.9835379061230215
10103,1577,0.8506502199821886,false,10103,1577,0.8506502199821886
10103,340267,0.843295158012021,false,10103,340267,0.843295158012021
10103,200879,0.991677865543026,false,10103,200879,0.991677865543026
10103,1510,0.9910665276468026,false,10103,1510,0.9910665276468026
10103,5284,0.8458099067801108,false,10103,5284,0.8458099067801108
10103,57111,0.9949268201936111,false,10103,57111,0.9949268201936111
10103,116844,0.8246256856787083,false,10103,116844,0.8246256856787083
10103,10129,0.8796226652257361,false,10103,10129,0.8796226652257361
10103,4586,0.994316473806846,false,10103,4586,0.994316473806846
10103,10551,0.9962985881672576,false,10103,10551,0.9962985881672576
10103,688,0.8609099910817484,false,10103,688,0.8609099910817484
10103,54897,0.767382782126023,false,10103,54897,0.767382782126023
10103,117155,0.9396110629375691,false,10103,117155,0.9396110629375691
10103,112268155,0.9339976082095053,false,10103,112268155,0.9339976082095053
10103,1152,0.9047204934186799,false,10103,1152,0.9047204934186799
10103,79083,0.9877291786114518,false,10103,79083,0.9877291786114518
10103,1556,0.8538063047630109,false,10103,1556,0.8538063047630109
10103,55930,0.9569072267337316,false,10103,55930,0.9569072267337316
10103,22996,0.9565659689796345,false,10103,22996,0.9565659689796345
10103,7113,0.8074488712219817,false,10103,7113,0.8074488712219817
10103,54861,0.775308451489829,false,10103,54861,0.775308451489829
10103,222256,0.8149164198361879,false,10103,222256,0.8149164198361879
10103,100529240,0.9926781115706106,false,10103,100529240,0.9926781115706106
10103,113218482,0.9655339361038399,false,10103,113218482,0.9655339361038399
10103,647024,0.9750802330776213,false,10103,647024,0.9750802330776213
10103,255928,0.9888027087685693,false,10103,255928,0.9888027087685693
10103,8537,0.9450741647305609,false,10103,8537,0.9450741647305609
10103,10018,0.852786251047243,false,10103,10018,0.852786251047243
10103,115019,0.8819366462786502,false,10103,115019,0.8819366462786502
10103,1043,0.8382046184812516,false,10103,1043,0.8382046184812516
10103,168374,0.8621835211782644,false,10103,168374,0.8621835211782644
10103,143884,0.8752508537431655,false,10103,143884,0.8752508537431655
10103,80004,0.8698290432513437,false,10103,80004,0.8698290432513437
10103,3993,0.8728715978825173,false,10103,3993,0.8728715978825173
10103,389852,0.9302530841191369,false,10103,389852,0.9302530841191369
10103,164312,0.9781972357295229,false,10103,164312,0.9781972357295229
10103,2065,0.8702023780061874,false,10103,2065,0.8702023780061874
10103,135656,0.9938497926838025,false,10103,135656,0.9938497926838025
10103,94059,0.8940519303322743,false,10103,94059,0.8940519303322743
10103,26769,0.7934340755723022,false,10103,26769,0.7934340755723022
10103,3960,0.881272349351477,false,10103,3960,0.881272349351477
10103,23584,0.8098172895033336,false,10103,23584,0.8098172895033336
10103,692213,0.8017992839707917,false,10103,692213,0.8017992839707917
10103,153643,0.936780642352143,false,10103,153643,0.936780642352143
10103,112268422,0.9241431334203082,false,10103,112268422,0.9241431334203082
10103,259294,0.9293301935220288,false,10103,259294,0.9293301935220288
10103,2266,0.9922232814821405,false,10103,2266,0.9922232814821405
10103,745,0.941072595258478,false,10103,745,0.941072595258478
3856,1048,0.8567511505806528,false,3856,1048,0.8567511505806528
3856,100419743,0.8567196288720227,false,3856,100419743,0.8567196288720227
3856,3983,0.9416382553697357,false,3856,3983,0.9416382553697357
3856,3694,0.8249359491923127,false,3856,3694,0.8249359491923127
3856,285989,0.9347939450956297,false,3856,285989,0.9347939450956297
3856,2627,0.9513501258004496,false,3856,2627,0.9513501258004496
3856,1555,0.8802546936688898,false,3856,1555,0.8802546936688898
3856,57528,0.8641512465252393,false,3856,57528,0.8641512465252393
3856,201456,0.932997809238724,false,3856,201456,0.932997809238724
3856,57186,0.8927478558262452,false,3856,57186,0.8927478558262452
3856,102723508,0.914990649956717,false,3856,102723508,0.914990649956717
3856,100506658,0.9313412069450473,false,3856,100506658,0.9313412069450473
3856,341676,0.9189707126244545,false,3856,341676,0.9189707126244545
3856,148213,0.7761096486615523,false,3856,148213,0.7761096486615523
3856,10595,0.9486806773305716,false,3856,10595,0.9486806773305716
3856,4583,0.8623649641908673,false,3856,4583,0.8623649641908673
3856,55567,0.8481982353047767,false,3856,55567,0.8481982353047767
3856,5961,0.9423390116040037,false,3856,5961,0.9423390116040037
3856,7851,0.798236834514333,false,3856,7851,0.798236834514333
3856,692072,0.8805788110363035,false,3856,692072,0.8805788110363035
3856,55808,0.86988620963701,false,3856,55808,0.86988620963701
3856,999,0.9458810672318497,false,3856,999,0.9458810672318497
3856,126353,0.8177987375029756,false,3856,126353,0.8177987375029756
3856,26226,0.9455046732527649,false,3856,26226,0.9455046732527649
3856,388743,0.869623017689055,false,3856,388743,0.869623017689055
3856,1577,0.7874329636262417,false,3856,1577,0.7874329636262417
3856,340267,0.9724533759749918,false,3856,340267,0.9724533759749918
3856,200879,0.864689362340153,false,3856,200879,0.864689362340153
3856,1510,0.8604901654987169,false,3856,1510,0.8604901654987169
3856,441251,0.8026228708260557,false,3856,441251,0.8026228708260557
3856,6337,0.8975533473789008,false,3856,6337,0.8975533473789008
3856,5284,0.9120188324931656,false,3856,5284,0.9120188324931656
3856,57669,0.8775881984879643,false,3856,57669,0.8775881984879643
3856,57111,0.8775768903530441,false,3856,57111,0.8775768903530441
3856,278,0.7629875100898764,false,3856,278,0.7629875100898764
3856,116844,0.972251824714351,false,3856,116844,0.972251824714351
3856,10129,0.8693839870917445,false,3856,10129,0.8693839870917445
3856,4586,0.856876229166133,false,3856,4586,0.856876229166133
3856,10551,0.862285714593611,false,3856,10551,0.862285714593611
3856,688,0.8857462841019196,false,3856,688,0.8857462841019196
3856,54897,0.8915764220352306,false,3856,54897,0.8915764220352306
3856,117155,0.950723992281305,false,3856,117155,0.950723992281305
3856,112268155,0.9248350676819851,false,3856,112268155,0.9248350676819851
3856,1152,0.900886284071664,false,3856,1152,0.900886284071664
3856,79083,0.8770925404553729,false,3856,79083,0.8770925404553729
3856,1556,0.975835953474471,false,3856,1556,0.975835953474471
3856,55930,0.8692850017991213,false,3856,55930,0.8692850017991213
3856,22996,0.8754715041139491,false,3856,22996,0.8754715041139491
3856,7113,0.8791327750602458,false,3856,7113,0.8791327750602458
3856,54861,0.9190088726099325,false,3856,54861,0.9190088726099325
3856,222256,0.9489964824522169,false,3856,222256,0.9489964824522169
3856,100529240,0.8180840313163253,false,3856,100529240,0.8180840313163253
3856,113218482,0.9441132523563429,false,3856,113218482,0.9441132523563429
3856,647024,0.9316870808038064,false,3856,647024,0.9316870808038064
3856,255928,0.8344073244662469,false,3856,255928,0.8344073244662469
3856,8537,0.7571343623900779,false,3856,8537,0.7571343623900779
3856,10018,0.7773931454159233,false,3856,10018,0.7773931454159233
3856,115019,0.9146390627650807,false,3856,115019,0.9146390627650807
3856,1043,0.8601832789054565,false,3856,1043,0.8601832789054565
3856,168374,0.8649101538175011,false,3856,168374,0.8649101538175011
3856,83481,0.8949370870071447,false,3856,83481,0.8949370870071447
3856,143884,0.7696277041081605,false,3856,143884,0.7696277041081605
3856,1579,0.755756438132102,false,3856,1579,0.755756438132102
3856,80004,0.9206403150431287,false,3856,80004,0.9206403150431287
3856,3993,0.878891580012996,false,3856,3993,0.878891580012996
3856,389852,0.7967877865453692,false,3856,389852,0.7967877865453692
3856,164312,0.8385065453920695,false,3856,164312,0.8385065453920695
3856,84239,0.8792657878143135,false,3856,84239,0.8792657878143135
3856,2065,0.7845394652470493,false,3856,2065,0.7845394652470493
3856,135656,0.857321200428589,false,3856,135656,0.857321200428589
3856,3880,0.948348848981075,false,3856,3880,0.948348848981075
3856,94059,0.7885074610989171,false,3856,94059,0.7885074610989171
3856,3960,0.7648138253718192,false,3856,3960,0.7648138253718192
3856,100129460,0.7552614450821747,false,3856,100129460,0.7552614450821747
3856,23584,0.9341145367906425,false,3856,23584,0.9341145367906425
3856,153643,0.9733312604196617,false,3856,153643,0.9733312604196617
3856,112268422,0.8591035189613576,false,3856,112268422,0.8591035189613576
3856,259294,0.8166030497775394,false,3856,259294,0.8166030497775394
3856,2266,0.8232015054223708,false,3856,2266,0.8232015054223708
3856,745,0.9507687950528617,false,3856,745,0.9507687950528617
3856,440352,0.8055321054273216,false,3856,440352,0.8055321054273216
57575,2208,0.9114369023111873,false,57575,2208,0.9114369023111873
57575,5694,0.9241824950747134,false,57575,5694,0.9241824950747134
57575,89,0.7817816370029542,false,57575,89,0.7817816370029542
57575,100506686,0.9855496397601802,false,57575,100506686,0.9855496397601802
57575,406903,0.7637302338602123,false,57575,406903,0.7637302338602123
57575,101929066,0.9441429807633299,false,57575,101929066,0.9441429807633299
57575,340596,0.9661778014288588,false,57575,340596,0.9661778014288588
57575,100506755,0.946399317220499,false,57575,100506755,0.946399317220499
57575,1746,0.9566125723082706,false,57575,1746,0.9566125723082706
57575,163479,0.8698742205262966,false,57575,163479,0.8698742205262966
57575,84867,0.7983923569301681,false,57575,84867,0.7983923569301681
57575,399726,0.8436331381599792,false,57575,399726,0.8436331381599792
57575,441151,0.7941442158698969,false,57575,441151,0.7941442158698969
57575,57710,0.8316060782343146,false,57575,57710,0.8316060782343146
57575,9699,0.9075129694514724,false,57575,9699,0.9075129694514724
57575,80381,0.8560896341212563,false,57575,80381,0.8560896341212563
57575,100874002,0.9753020515133832,false,57575,100874002,0.9753020515133832
57575,219793,0.9338063806800961,false,57575,219793,0.9338063806800961
57575,1515,0.9126487431367777,false,57575,1515,0.9126487431367777
767566,22941,0.8930422968510897,false,767566,22941,0.8930422968510897
767566,177,0.8003860872783898,false,767566,177,0.8003860872783898
767566,5555,0.9685073525041754,false,767566,5555,0.9685073525041754
767566,142827,0.9032025634554828,false,767566,142827,0.9032025634554828
767566,168090,0.8161085707409313,false,767566,168090,0.8161085707409313
767566,1906,0.8785352161346787,false,767566,1906,0.8785352161346787
767566,3240,0.9411502455540869,false,767566,3240,0.9411502455540869
767566,102723552,0.8482832446002859,false,767566,102723552,0.8482832446002859
767566,56892,0.9447791196551379,false,767566,56892,0.9447791196551379
767566,653082,0.8351185818516214,false,767566,653082,0.8351185818516214
767566,644649,0.9993325102511887,false,767566,644649,0.9993325102511887
767566,4680,0.7771610647108842,false,767566,4680,0.7771610647108842
767566,7356,0.9002018922340006,false,767566,7356,0.9002018922340006
767566,109729127,0.9357439158449463,false,767566,109729127,0.9357439158449463
767566,400578,0.977617534235614,false,767566,400578,0.977617534235614
767566,85349,0.9842757608814746,false,767566,85349,0.9842757608814746
767566,728276,0.9900491282564081,false,767566,728276,0.9900491282564081
767566,27022,0.9998869602340973,false,767566,27022,0.9998869602340973
767566,6101,0.944016204907517,false,767566,6101,0.944016204907517
767566,117156,0.7501668663447159,false,767566,117156,0.7501668663447159
767566,105,0.9892139007521419,false,767566,105,0.9892139007521419
767566,1579,0.7924532977134371,false,767566,1579,0.7924532977134371
767566,57477,0.7790507230947681,false,767566,57477,0.7790507230947681
767566,57402,0.8167026644230099,false,767566,57402,0.8167026644230099
767566,7433,0.8649528903841948,false,767566,7433,0.8649528903841948
767566,100129460,0.792677910055929,false,767566,100129460,0.792677910055929
767566,3855,0.9128089299980436,false,767566,3855,0.9128089299980436
33,375612,0.9843224559581217,false,33,375612,0.9843224559581217
33,10529,0.80597033446517,false,33,10529,0.80597033446517
33,286207,0.8057269444801545,false,33,286207,0.8057269444801545
33,9914,0.9764707248062898,false,33,9914,0.9764707248062898
33,163720,0.9451948935757852,false,33,163720,0.9451948935757852
33,722,0.994742853602954,false,33,722,0.994742853602954
33,6751,0.8150736261823733,false,33,6751,0.8150736261823733
33,79908,0.9806730853204356,false,33,79908,0.9806730853204356
33,388323,0.9061043031088983,false,33,388323,0.9061043031088983
33,5625,0.8628564073032285,false,33,5625,0.8628564073032285
33,51185,0.83427221885759,false,33,51185,0.83427221885759
33,130367,0.9283964877834784,false,33,130367,0.9283964877834784
33,7080,0.7773302208974644,false,33,7080,0.7773302208974644
33,285335,0.8737832344533473,false,33,285335,0.8737832344533473
33,1910,0.8689220599050708,false,33,1910,0.8689220599050708
33,146177,0.9485923137749181,false,33,146177,0.9485923137749181
33,728226,0.9826061315870511,false,33,728226,0.9826061315870511
33,81615,0.9762459941193671,false,33,81615,0.9762459941193671
33,200373,0.9384031686893863,false,33,200373,0.9384031686893863
33,102723382,0.9182581108168062,false,33,102723382,0.9182581108168062
33,474354,0.9688457188425518,false,33,474354,0.9688457188425518
33,221395,0.8975022876203632,false,33,221395,0.8975022876203632
33,54842,0.9265687428745677,false,33,54842,0.9265687428745677
33,728643,0.9237226489944361,false,33,728643,0.9237226489944361
33,128602,0.9876183933845332,false,33,128602,0.9876183933845332
33,107985317,0.8420182526108705,false,33,107985317,0.8420182526108705
33,54997,0.8898291950343414,false,33,54997,0.8898291950343414
33,2595,0.9775561815087228,false,33,2595,0.9775561815087228
33,219790,0.878320072033015,false,33,219790,0.878320072033015
33,64073,0.890512240032088,false,33,64073,0.890512240032088
33,9223,0.9242357521454221,false,33,9223,0.9242357521454221
33,253970,0.972575378667401,false,33,253970,0.972575378667401
33,503645,0.9480557409792741,false,33,503645,0.9480557409792741
33,4070,0.9830663105139668,false,33,4070,0.9830663105139668
33,2277,0.873014145378991,false,33,2277,0.873014145378991
33,346007,0.960233926080856,false,33,346007,0.960233926080856
33,116984,0.9393816313776413,false,33,116984,0.9393816313776413
33,825,0.9883584799959313,false,33,825,0.9883584799959313
33,137872,0.8894459152621986,false,33,137872,0.8894459152621986
33,100033430,0.7916252858251459,false,33,100033430,0.7916252858251459
33,9196,0.9384174713728445,false,33,9196,0.9384174713728445
33,93517,0.8902862996724741,false,33,93517,0.8902862996724741
33,130271,0.7721687862134063,false,33,130271,0.7721687862134063
33,101927516,0.9945746510653907,false,33,101927516,0.9945746510653907
33,285,0.9382327290808555,false,33,285,0.9382327290808555
33,27074,0.9412036645443908,false,33,27074,0.9412036645443908
33,100996506,0.9214789334297576,false,33,100996506,0.9214789334297576
33,66002,0.9306531649775163,false,33,66002,0.9306531649775163
33,54848,0.8305394411098238,false,33,54848,0.8305394411098238
33,79632,0.9382596412945561,false,33,79632,0.9382596412945561
33,100505495,0.9824152699145454,false,33,100505495,0.9824152699145454
33,7620,0.8157598644562716,false,33,7620,0.8157598644562716
33,4179,0.7917305150951198,false,33,4179,0.7917305150951198
33,9476,0.9442236260171061,false,33,9476,0.9442236260171061
33,151531,0.9091830858914899,false,33,151531,0.9091830858914899
33,195814,0.863327319407314,false,33,195814,0.863327319407314
33,692058,0.781511914704969,false,33,692058,0.781511914704969
33,2122,0.9837972912063702,false,33,2122,0.9837972912063702
33,84059,0.9209273912316462,false,33,84059,0.9209273912316462
33,121512,0.8446145916606386,false,33,121512,0.8446145916606386
33,6097,0.9823976874212959,false,33,6097,0.9823976874212959
33,120892,0.9578427087808952,false,33,120892,0.9578427087808952
33,123624,0.9915927915303866,false,33,123624,0.9915927915303866
33,391253,0.985966928277677,false,33,391253,0.985966928277677
33,220136,0.8922975554480097,false,33,220136,0.8922975554480097
33,693188,0.9746835046895286,false,33,693188,0.9746835046895286
33,6799,0.8778241396798392,false,33,6799,0.8778241396798392
33,389376,0.878930004935569,false,33,389376,0.878930004935569
33,353189,0.97080482468512,false,33,353189,0.97080482468512
33,776,0.8932247863191078,false,33,776,0.8932247863191078
33,84851,0.9488336086361184,false,33,84851,0.9488336086361184
33,84525,0.926362753893187,false,33,84525,0.926362753893187
33,4861,0.9749505528094807,false,33,4861,0.9749505528094807
33,10203,0.9575221351562592,false,33,10203,0.9575221351562592
33,1080,0.8576559001423135,false,33,1080,0.8576559001423135
33,65217,0.7943359097045166,false,33,65217,0.7943359097045166
33,105372793,0.9267385904901702,false,33,105372793,0.9267385904901702
33,56955,0.8710371121148094,false,33,56955,0.8710371121148094
33,84765,0.8990056762240397,false,33,84765,0.8990056762240397
33,653509,0.8439801644581253,false,33,653509,0.8439801644581253
33,55282,0.9352310185992345,false,33,55282,0.9352310185992345
33,79098,0.9445501242077514,false,33,79098,0.9445501242077514
33,144535,0.8711062552082826,false,33,144535,0.8711062552082826
33,649946,0.9197718005664602,false,33,649946,0.9197718005664602
33,144571,0.9835032722457819,false,33,144571,0.9835032722457819
33,26298,0.9067779900439302,false,33,26298,0.9067779900439302
33,165186,0.9812643238220182,false,33,165186,0.9812643238220182
33,102465485,0.9739743702568132,false,33,102465485,0.9739743702568132
33,100033436,0.978724460650919,false,33,100033436,0.978724460650919
1770,10529,0.7721308021821414,false,1770,10529,0.7721308021821414
1770,11254,0.8059916070075214,false,1770,11254,0.8059916070075214
1770,286207,0.9065405798049762,false,1770,286207,0.9065405798049762
1770,2327,0.7863087981059078,false,1770,2327,0.7863087981059078
1770,54848,0.8508533151708009,false,1770,54848,0.8508533151708009
1770,4179,0.7719924999052749,false,1770,4179,0.7719924999052749
1770,201625,0.8139357301222305,false,1770,201625,0.8139357301222305
1770,1080,0.7942068388262166,false,1770,1080,0.7942068388262166
1770,144535,0.7849654115204467,false,1770,144535,0.7849654115204467
1770,26298,0.8429848224752214,false,1770,26298,0.8429848224752214
4062,7125,0.999881765465825,false,4062,7125,0.999881765465825
4062,3229,0.9999849018246686,false,4062,3229,0.9999849018246686
4062,7060,0.9993204110140809,false,4062,7060,0.9993204110140809
4062,54112,0.9997320916176016,false,4062,54112,0.9997320916176016
4062,4892,0.9945272328893251,false,4062,4892,0.9945272328893251
4062,3207,0.8899711508031937,false,4062,3207,0.8899711508031937
4062,105369937,0.9997320916176015,false,4062,105369937,0.9997320916176015
4062,107984498,0.9999985205336069,false,4062,107984498,0.9999985205336069
4062,284111,0.9974615871131642,false,4062,284111,0.9974615871131642
4062,10331,0.8054428255147408,false,4062,10331,0.8054428255147408
4062,128674,0.9997320916176015,false,4062,128674,0.9997320916176015
4062,101928580,0.9605135923426439,false,4062,101928580,0.9605135923426439
4062,57110,0.9987843232219188,false,4062,57110,0.9987843232219188
4062,646480,0.9067650551323505,false,4062,646480,0.9067650551323505
4062,4606,0.9999974588763707,false,4062,4606,0.9999974588763707
1048,100419743,0.9999981984343217,false,1048,100419743,0.9999981984343217
1048,3983,0.967348609183509,false,1048,3983,0.967348609183509
1048,3694,0.9260759503323559,false,1048,3694,0.9260759503323559
1048,285989,0.9150787499591745,false,1048,285989,0.9150787499591745
1048,2627,0.9417215664328872,false,1048,2627,0.9417215664328872
1048,1555,0.9958324078151825,false,1048,1555,0.9958324078151825
1048,57528,0.9519761449444782,false,1048,57528,0.9519761449444782
1048,201456,0.9789743408997834,false,1048,201456,0.9789743408997834
1048,57186,0.8089553230534869,false,1048,57186,0.8089553230534869
1048,5544,0.807946394021499,false,1048,5544,0.807946394021499
1048,6473,0.7540588995421288,false,1048,6473,0.7540588995421288
1048,102723508,0.934380366349152,false,1048,102723508,0.934380366349152
1048,9356,0.8033852416384145,false,1048,9356,0.8033852416384145
1048,641776,0.7688984088897769,false,1048,641776,0.7688984088897769
1048,341676,0.9816229876915489,false,1048,341676,0.9816229876915489
1048,148213,0.9235899612236191,false,1048,148213,0.9235899612236191
1048,10595,0.9560403956674138,false,1048,10595,0.9560403956674138
1048,4583,0.9433235693124595,false,1048,4583,0.9433235693124595
1048,55567,0.9581690290940846,false,1048,55567,0.9581690290940846
1048,7851,0.8847286855296695,false,1048,7851,0.8847286855296695
1048,692072,0.9435103197910153,false,1048,692072,0.9435103197910153
1048,55808,0.9978390323702147,false,1048,55808,0.9978390323702147
1048,999,0.9692865049903924,false,1048,999,0.9692865049903924
1048,126353,0.9702455534527544,false,1048,126353,0.9702455534527544
1048,26226,0.8069017668366066,false,1048,26226,0.8069017668366066
1048,388743,0.9938908297715612,false,1048,388743,0.9938908297715612
1048,1577,0.8844493150755107,false,1048,1577,0.8844493150755107
1048,340267,0.8605193640345861,false,1048,340267,0.8605193640345861
1048,200879,0.9991900573924378,false,1048,200879,0.9991900573924378
1048,1510,0.9978216210783585,false,1048,1510,0.9978216210783585
1048,102723849,0.7911575809630224,false,1048,102723849,0.7911575809630224
1048,5284,0.8412565578106681,false,1048,5284,0.8412565578106681
1048,57111,0.9979195362717064,false,1048,57111,0.9979195362717064
1048,116844,0.8206921681558901,false,1048,116844,0.8206921681558901
1048,10129,0.8668115889403731,false,1048,10129,0.8668115889403731
1048,4586,0.9999933164310373,false,1048,4586,0.9999933164310373
1048,10551,0.9982468695534761,false,1048,10551,0.9982468695534761
1048,688,0.8430127809020501,false,1048,688,0.8430127809020501
1048,54897,0.7823779836867338,false,1048,54897,0.7823779836867338
1048,117155,0.951302655547919,false,1048,117155,0.951302655547919
1048,112268155,0.9532543674358425,false,1048,112268155,0.9532543674358425
1048,1152,0.9089696479735243,false,1048,1152,0.9089696479735243
1048,79083,0.9958600193691749,false,1048,79083,0.9958600193691749
1048,1556,0.879082221761913,false,1048,1556,0.879082221761913
1048,55930,0.9462946128331241,false,1048,55930,0.9462946128331241
1048,22996,0.9294098821006275,false,1048,22996,0.9294098821006275
1048,7113,0.8440806059029238,false,1048,7113,0.8440806059029238
1048,54861,0.770459365766745,false,1048,54861,0.770459365766745
1048,222256,0.8094830233009384,false,1048,222256,0.8094830233009384
1048,100529240,0.9833255661214712,false,1048,100529240,0.9833255661214712
1048,113218482,0.9752558689484103,false,1048,113218482,0.9752558689484103
1048,647024,0.967805942881198,false,1048,647024,0.967805942881198
1048,255928,0.9948623635247631,false,1048,255928,0.9948623635247631
1048,8537,0.9622580798373828,false,1048,8537,0.9622580798373828
1048,10018,0.8611883775886108,false,1048,10018,0.8611883775886108
1048,115019,0.9100929919374667,false,1048,115019,0.9100929919374667
1048,1043,0.846524863449952,false,1048,1043,0.846524863449952
1048,168374,0.8946552842673522,false,1048,168374,0.8946552842673522
1048,143884,0.8953031779671817,false,1048,143884,0.8953031779671817
1048,80004,0.8933584092527674,false,1048,80004,0.8933584092527674
1048,3993,0.8851026234031021,false,1048,3993,0.8851026234031021
1048,389852,0.9519172330571585,false,1048,389852,0.9519172330571585
1048,164312,0.9801833727665674,false,1048,164312,0.9801833727665674
1048,2065,0.8911878484255438,false,1048,2065,0.8911878484255438
1048,1513,0.760488840977524,false,1048,1513,0.760488840977524
1048,135656,0.9999941841076686,false,1048,135656,0.9999941841076686
1048,94059,0.8751453388420359,false,1048,94059,0.8751453388420359
1048,26769,0.7503863823711708,false,1048,26769,0.7503863823711708
1048,3960,0.9061149222800925,false,1048,3960,0.9061149222800925
1048,23584,0.841989906424274,false,1048,23584,0.841989906424274
1048,692213,0.8133826271644717,false,1048,692213,0.8133826271644717
1048,153643,0.9428926387377549,false,1048,153643,0.9428926387377549
1048,112268422,0.896158999747533,false,1048,112268422,0.896158999747533
1048,259294,0.9484660470645192,false,1048,259294,0.9484660470645192
1048,2266,0.9882883366162326,false,1048,2266,0.9882883366162326
1048,745,0.9517175550770857,false,1048,745,0.9517175550770857
100419743,3983,0.9674706441939909,false,100419743,3983,0.9674706441939909
100419743,3694,0.925631198305223,false,100419743,3694,0.925631198305223
100419743,285989,0.915021055518666,false,100419743,285989,0.915021055518666
100419743,2627,0.9415187320813346,false,100419743,2627,0.9415187320813346
100419743,1555,0.9957338691404941,false,100419743,1555,0.9957338691404941
100419743,57528,0.9520108778033982,false,100419743,57528,0.9520108778033982
100419743,201456,0.9788752440363936,false,100419743,201456,0.9788752440363936
100419743,57186,0.8087817454388199,false,100419743,57186,0.8087817454388199
100419743,5544,0.8078995782339823,false,100419743,5544,0.8078995782339823
100419743,6473,0.7540988418470059,false,100419743,6473,0.7540988418470059
100419743,102723508,0.9343438349145629,false,100419743,102723508,0.9343438349145629
100419743,9356,0.8033117867437634,false,100419743,9356,0.8033117867437634
100419743,641776,0.7688935549107262,false,100419743,641776,0.7688935549107262
100419743,341676,0.9815374832117368,false,100419743,341676,0.9815374832117368
100419743,148213,0.9235584976627116,false,100419743,148213,0.9235584976627116
100419743,10595,0.9560217126362405,false,100419743,10595,0.9560217126362405
100419743,4583,0.9433345259521725,false,100419743,4583,0.9433345259521725
100419743,55567,0.9579768332247064,false,100419743,55567,0.9579768332247064
100419743,7851,0.884690314426601,false,100419743,7851,0.884690314426601
100419743,692072,0.9434740217572515,false,100419743,692072,0.9434740217572515
100419743,55808,0.9977898305264217,false,100419743,55808,0.9977898305264217
100419743,999,0.9691592397043913,false,100419743,999,0.9691592397043913
100419743,126353,0.9701642596552355,false,100419743,126353,0.9701642596552355
100419743,26226,0.8068455729258037,false,100419743,26226,0.8068455729258037
100419743,388743,0.9938731665529276,false,100419743,388743,0.9938731665529276
100419743,1577,0.8843838898227,false,100419743,1577,0.8843838898227
100419743,340267,0.8604474311608123,false,100419743,340267,0.8604474311608123
100419743,200879,0.9991604318895901,false,100419743,200879,0.9991604318895901
100419743,1510,0.9977640219958491,false,100419743,1510,0.9977640219958491
100419743,102723849,0.7911528012299465,false,100419743,102723849,0.7911528012299465
100419743,5284,0.8409308902206394,false,100419743,5284,0.8409308902206394
100419743,57111,0.9978586081544123,false,100419743,57111,0.9978586081544123
100419743,116844,0.8206836130538304,false,100419743,116844,0.8206836130538304
100419743,10129,0.8667538074552822,false,100419743,10129,0.8667538074552822
100419743,4586,0.9999930046419232,false,100419743,4586,0.9999930046419232
100419743,10551,0.9982302212358843,false,100419743,10551,0.9982302212358843
100419743,688,0.8425738319415625,false,100419743,688,0.8425738319415625
100419743,54897,0.7819833245966428,false,100419743,54897,0.7819833245966428
100419743,117155,0.9513327343151703,false,100419743,117155,0.9513327343151703
100419743,112268155,0.9533206493556104,false,100419743,112268155,0.9533206493556104
100419743,1152,0.9084548431238044,false,100419743,1152,0.9084548431238044
100419743,79083,0.9958132002723171,false,100419743,79083,0.9958132002723171
100419743,1556,0.8789313587738036,false,100419743,1556,0.8789313587738036
100419743,55930,0.9460734672450997,false,100419743,55930,0.9460734672450997
100419743,22996,0.9292193143083787,false,100419743,22996,0.9292193143083787
100419743,7113,0.8440276843215774,false,100419743,7113,0.8440276843215774
100419743,54861,0.7702788460230164,false,100419743,54861,0.7702788460230164
100419743,222256,0.8093338356308221,false,100419743,222256,0.8093338356308221
100419743,100529240,0.9832686229012587,false,100419743,100529240,0.9832686229012587
100419743,113218482,0.9752588398358287,false,100419743,113218482,0.9752588398358287
100419743,647024,0.9676908669655244,false,100419743,647024,0.9676908669655244
100419743,255928,0.9949653695747732,false,100419743,255928,0.9949653695747732
100419743,8537,0.9622170963887785,false,100419743,8537,0.9622170963887785
100419743,10018,0.8611649178215665,false,100419743,10018,0.8611649178215665
100419743,115019,0.9100787099616401,false,100419743,115019,0.9100787099616401
100419743,1043,0.8463167642128886,false,100419743,1043,0.8463167642128886
100419743,168374,0.8945970716393934,false,100419743,168374,0.8945970716393934
100419743,143884,0.8953286890231965,false,100419743,143884,0.8953286890231965
100419743,80004,0.8933251363516799,false,100419743,80004,0.8933251363516799
100419743,3993,0.8848155031963948,false,100419743,3993,0.8848155031963948
100419743,389852,0.9519293379851296,false,100419743,389852,0.9519293379851296
100419743,164312,0.9799644555053451,false,100419743,164312,0.9799644555053451
100419743,2065,0.8910393408409276,false,100419743,2065,0.8910393408409276
100419743,1513,0.7601514669324532,false,100419743,1513,0.7601514669324532
100419743,135656,0.9999927991828557,false,100419743,135656,0.9999927991828557
100419743,94059,0.8751302380486854,false,100419743,94059,0.8751302380486854
100419743,26769,0.7503560267812853,false,100419743,26769,0.7503560267812853
100419743,3960,0.9061166617357619,false,100419743,3960,0.9061166617357619
100419743,23584,0.8418381660094519,false,100419743,23584,0.8418381660094519
100419743,692213,0.813312066275497,false,100419743,692213,0.813312066275497
100419743,153643,0.9428469220662197,false,100419743,153643,0.9428469220662197
100419743,112268422,0.8961650392852171,false,100419743,112268422,0.8961650392852171
100419743,259294,0.9484061189462616,false,100419743,259294,0.9484061189462616
100419743,2266,0.9883633016212618,false,100419743,2266,0.9883633016212618
100419743,745,0.9516100747508134,false,100419743,745,0.9516100747508134
10917,177,0.773929515299447,false,10917,177,0.773929515299447
10917,100129940,0.8905058954478776,false,10917,100129940,0.8905058954478776
10917,3240,0.7541391097688346,false,10917,3240,0.7541391097688346
10917,2324,0.7518997314953064,false,10917,2324,0.7518997314953064
10917,6332,0.8070033912539832,false,10917,6332,0.8070033912539832
10917,653082,0.9137964981081962,false,10917,653082,0.9137964981081962
10917,8091,0.8344618302601028,false,10917,8091,0.8344618302601028
10917,7356,0.7649008822481749,false,10917,7356,0.7649008822481749
10917,79148,0.7878319389534291,false,10917,79148,0.7878319389534291
10917,728276,0.7662005463617393,false,10917,728276,0.7662005463617393
10917,6101,0.7737919590232896,false,10917,6101,0.7737919590232896
10917,6532,0.8135400434830488,false,10917,6532,0.8135400434830488
10917,256076,0.8221972771616899,false,10917,256076,0.8221972771616899
10917,105,0.8264537675443411,false,10917,105,0.8264537675443411
10917,57477,0.8508071729860316,false,10917,57477,0.8508071729860316
103504738,89,0.9825246526109955,false,103504738,89,0.9825246526109955
103504738,57526,0.9752118270873616,false,103504738,57526,0.9752118270873616
103504738,406903,0.9882712828157533,false,103504738,406903,0.9882712828157533
103504738,84842,0.9935570289536048,false,103504738,84842,0.9935570289536048
103504738,388555,0.9826403674981925,false,103504738,388555,0.9826403674981925
103504738,100506380,0.8663558313083238,false,103504738,100506380,0.8663558313083238
103504738,363,0.9826403674981923,false,103504738,363,0.9826403674981923
103504738,65998,0.9184898068346423,false,103504738,65998,0.9184898068346423
103504738,419,0.9826403674981925,false,103504738,419,0.9826403674981925
103504738,102723635,0.7941539921490212,false,103504738,102723635,0.7941539921490212
103504738,340596,0.828791444323505,false,103504738,340596,0.828791444323505
103504738,10586,0.9982880619131169,false,103504738,10586,0.9982880619131169
103504738,2125,0.8198550878240882,false,103504738,2125,0.8198550878240882
103504738,3780,0.950856104918978,false,103504738,3780,0.950856104918978
103504738,163479,0.9452806540237527,false,103504738,163479,0.9452806540237527
103504738,2619,0.9600555520423741,false,103504738,2619,0.9600555520423741
103504738,84867,0.9137697964681654,false,103504738,84867,0.9137697964681654
103504738,113219467,0.8062915791334917,false,103504738,113219467,0.8062915791334917
103504738,100423031,0.9826403674981924,false,103504738,100423031,0.9826403674981924
103504738,1515,0.8686735660890257,false,103504738,1515,0.8686735660890257
79838,10529,0.8882978148412212,false,79838,10529,0.8882978148412212
79838,503640,0.8978147288002218,false,79838,503640,0.8978147288002218
79838,286207,0.8003898029965155,false,79838,286207,0.8003898029965155
79838,259290,0.9747610971333108,false,79838,259290,0.9747610971333108
79838,6751,0.829715268933625,false,79838,6751,0.829715268933625
79838,10579,0.8338593761287922,false,79838,10579,0.8338593761287922
79838,28984,0.8021562817787226,false,79838,28984,0.8021562817787226
79838,51185,0.8010441084034824,false,79838,51185,0.8010441084034824
79838,130367,0.87336843170974,false,79838,130367,0.87336843170974
79838,285335,0.9079034167406341,false,79838,285335,0.9079034167406341
79838,9356,0.8144477299925947,false,79838,9356,0.8144477299925947
79838,1910,0.7995197193225488,false,79838,1910,0.7995197193225488
79838,641776,0.8852402532787703,false,79838,641776,0.8852402532787703
79838,200373,0.8416463475203554,false,79838,200373,0.8416463475203554
79838,148213,0.7643072005999662,false,79838,148213,0.7643072005999662
79838,4583,0.7680164337068403,false,79838,4583,0.7680164337068403
79838,54842,0.7777720600644491,false,79838,54842,0.7777720600644491
79838,728643,0.8866849106803913,false,79838,728643,0.8866849106803913
79838,6103,0.869627950970428,false,79838,6103,0.869627950970428
79838,54997,0.8380095344314245,false,79838,54997,0.8380095344314245
79838,219790,0.7891025628868208,false,79838,219790,0.7891025628868208
79838,115677,0.8149431844575517,false,79838,115677,0.8149431844575517
79838,7851,0.8143924388171533,false,79838,7851,0.8143924388171533
79838,109136579,0.9682382419000296,false,79838,109136579,0.9682382419000296
79838,503645,0.7855954812979332,false,79838,503645,0.7855954812979332
79838,64332,0.9312876521583529,false,79838,64332,0.9312876521583529
79838,346007,0.7721406765969939,false,79838,346007,0.7721406765969939
79838,116984,0.8143993755023248,false,79838,116984,0.8143993755023248
79838,3875,0.7613014712893911,false,79838,3875,0.7613014712893911
79838,137872,0.840470854912778,false,79838,137872,0.840470854912778
79838,1577,0.808551188125631,false,79838,1577,0.808551188125631
79838,100033430,0.8717775649911419,false,79838,100033430,0.8717775649911419
79838,441251,0.7668473917856191,false,79838,441251,0.7668473917856191
79838,102723849,0.8623528875310461,false,79838,102723849,0.8623528875310461
79838,5284,0.8202765740144426,false,79838,5284,0.8202765740144426
79838,57669,0.8286780411272173,false,79838,57669,0.8286780411272173
79838,619383,0.9121327143647892,false,79838,619383,0.9121327143647892
79838,89765,0.8820018491027618,false,79838,89765,0.8820018491027618
79838,130271,0.7982823819216689,false,79838,130271,0.7982823819216689
79838,378938,0.9687336642374166,false,79838,378938,0.9687336642374166
79838,5545,0.9272884650931691,false,79838,5545,0.9272884650931691
79838,285,0.7533570294483182,false,79838,285,0.7533570294483182
79838,27074,0.8130886289061265,false,79838,27074,0.8130886289061265
79838,66002,0.78389319482622,false,79838,66002,0.78389319482622
79838,79632,0.8218211007506162,false,79838,79632,0.8218211007506162
79838,7620,0.8307901141512187,false,79838,7620,0.8307901141512187
79838,7113,0.8197850317151055,false,79838,7113,0.8197850317151055
79838,105180391,0.9047414536981454,false,79838,105180391,0.9047414536981454
79838,151531,0.7785301675112596,false,79838,151531,0.7785301675112596
79838,10018,0.8645305073359303,false,79838,10018,0.8645305073359303
79838,115019,0.7690521063574717,false,79838,115019,0.7690521063574717
79838,201625,0.9220398277871917,false,79838,201625,0.9220398277871917
79838,105180390,0.8951155927453297,false,79838,105180390,0.8951155927453297
79838,1043,0.8738621132414863,false,79838,1043,0.8738621132414863
79838,692058,0.8869088705747533,false,79838,692058,0.8869088705747533
79838,168374,0.7929307673861153,false,79838,168374,0.7929307673861153
79838,645843,0.9837855513659441,false,79838,645843,0.9837855513659441
79838,84059,0.7562388189052844,false,79838,84059,0.7562388189052844
79838,143884,0.766341413166091,false,79838,143884,0.766341413166091
79838,121512,0.9128633991808913,false,79838,121512,0.9128633991808913
79838,120892,0.7988159700400628,false,79838,120892,0.7988159700400628
79838,3993,0.7895264024372893,false,79838,3993,0.7895264024372893
79838,84239,0.8247700555722094,false,79838,84239,0.8247700555722094
79838,2065,0.8178315133675237,false,79838,2065,0.8178315133675237
79838,776,0.8110914284465559,false,79838,776,0.8110914284465559
79838,780,0.7897055783315073,false,79838,780,0.7897055783315073
79838,94059,0.7617504575767714,false,79838,94059,0.7617504575767714
79838,3960,0.7796551904962963,false,79838,3960,0.7796551904962963
79838,284323,0.8763217888627429,false,79838,284323,0.8763217888627429
79838,1080,0.8381610475793846,false,79838,1080,0.8381610475793846
79838,65217,0.9084921882937805,false,79838,65217,0.9084921882937805
79838,23584,0.7654591891725886,false,79838,23584,0.7654591891725886
79838,692213,0.8959623344588222,false,79838,692213,0.8959623344588222
79838,144535,0.8303133273656925,false,79838,144535,0.8303133273656925
79838,649946,0.8296746271499565,false,79838,649946,0.8296746271499565
79838,26298,0.7617922362642602,false,79838,26298,0.7617922362642602
79838,440352,0.8703219927089614,false,79838,440352,0.8703219927089614
1580,177,0.9522003452247437,false,1580,177,0.9522003452247437
1580,2327,0.7705688975397564,false,1580,2327,0.7705688975397564
1580,146556,0.880747435371138,false,1580,146556,0.880747435371138
1580,6439,0.8021222991163794,false,1580,6439,0.8021222991163794
1580,6441,0.9558959436069842,false,1580,6441,0.9558959436069842
1580,7356,0.8539219130296858,false,1580,7356,0.8539219130296858
1580,109729127,0.8330503423873875,false,1580,109729127,0.8330503423873875
1580,11185,0.925014840042352,false,1580,11185,0.925014840042352
1580,2125,0.924829741940422,false,1580,2125,0.924829741940422
1580,117156,0.8032152364770516,false,1580,117156,0.8032152364770516
1580,5349,0.8551821614718308,false,1580,5349,0.8551821614718308
1580,21,0.9455232998770259,false,1580,21,0.9455232998770259
1580,729238,0.7519598523513973,false,1580,729238,0.7519598523513973
1580,3855,0.8643449151503468,false,1580,3855,0.8643449151503468
375612,10529,0.7585097918956063,false,375612,10529,0.7585097918956063
375612,503640,0.7695643057448208,false,375612,503640,0.7695643057448208
375612,9914,0.9386065357950838,false,375612,9914,0.9386065357950838
375612,163720,0.9089716639115322,false,375612,163720,0.9089716639115322
375612,722,0.9865412384800505,false,375612,722,0.9865412384800505
375612,6751,0.8547436699369485,false,375612,6751,0.8547436699369485
375612,79908,0.9918709764917073,false,375612,79908,0.9918709764917073
375612,388323,0.8904841474109807,false,375612,388323,0.8904841474109807
375612,5625,0.8907941798722991,false,375612,5625,0.8907941798722991
375612,51185,0.808289289657026,false,375612,51185,0.808289289657026
375612,130367,0.911434219389977,false,375612,130367,0.911434219389977
375612,285335,0.8604881555751417,false,375612,285335,0.8604881555751417
375612,1910,0.8115474368438832,false,375612,1910,0.8115474368438832
375612,146177,0.927316592139564,false,375612,146177,0.927316592139564
375612,728226,0.9998583077125257,false,375612,728226,0.9998583077125257
375612,81615,0.9418719102669969,false,375612,81615,0.9418719102669969
375612,200373,0.9322976524904355,false,375612,200373,0.9322976524904355
375612,102723382,0.8760023047775711,false,375612,102723382,0.8760023047775711
375612,474354,0.9732359642028023,false,375612,474354,0.9732359642028023
375612,221395,0.8892110146246983,false,375612,221395,0.8892110146246983
375612,54842,0.8845047260973504,false,375612,54842,0.8845047260973504
375612,728643,0.8860420850407886,false,375612,728643,0.8860420850407886
375612,128602,0.9735483502068778,false,375612,128602,0.9735483502068778
375612,107985317,0.8716304642711962,false,375612,107985317,0.8716304642711962
375612,54997,0.9107972479166799,false,375612,54997,0.9107972479166799
375612,2595,0.9410224036907876,false,375612,2595,0.9410224036907876
375612,219790,0.8887795144281307,false,375612,219790,0.8887795144281307
375612,64073,0.8473801302953592,false,375612,64073,0.8473801302953592
375612,9223,0.9052345351817607,false,375612,9223,0.9052345351817607
375612,253970,0.9455314789522152,false,375612,253970,0.9455314789522152
375612,503645,0.9191994628216799,false,375612,503645,0.9191994628216799
375612,4070,0.9653855858856999,false,375612,4070,0.9653855858856999
375612,2277,0.8536480933172494,false,375612,2277,0.8536480933172494
375612,346007,0.9198963625518726,false,375612,346007,0.9198963625518726
375612,116984,0.9018154194597258,false,375612,116984,0.9018154194597258
375612,825,0.967114327268265,false,375612,825,0.967114327268265
375612,137872,0.9059904933635881,false,375612,137872,0.9059904933635881
375612,100033430,0.8221974547454972,false,375612,100033430,0.8221974547454972
375612,9196,0.9624774241026155,false,375612,9196,0.9624774241026155
375612,93517,0.9147888358935663,false,375612,93517,0.9147888358935663
375612,89765,0.7586351693518616,false,375612,89765,0.7586351693518616
375612,101927516,0.9789599294924582,false,375612,101927516,0.9789599294924582
375612,285,0.9423365994936453,false,375612,285,0.9423365994936453
375612,27074,0.9236407955893097,false,375612,27074,0.9236407955893097
375612,100996506,0.9029847396619453,false,375612,100996506,0.9029847396619453
375612,66002,0.9519440621549057,false,375612,66002,0.9519440621549057
375612,54848,0.7601187478714996,false,375612,54848,0.7601187478714996
375612,79632,0.8918876987365413,false,375612,79632,0.8918876987365413
375612,100505495,0.9967457742727593,false,375612,100505495,0.9967457742727593
375612,7620,0.8380622388110401,false,375612,7620,0.8380622388110401
375612,9476,0.9450327470141668,false,375612,9476,0.9450327470141668
375612,151531,0.9377657454870291,false,375612,151531,0.9377657454870291
375612,195814,0.7807979465984016,false,375612,195814,0.7807979465984016
375612,692058,0.786028143808577,false,375612,692058,0.786028143808577
375612,2122,0.9672740786170083,false,375612,2122,0.9672740786170083
375612,84059,0.8595109827521592,false,375612,84059,0.8595109827521592
375612,121512,0.8504590829215842,false,375612,121512,0.8504590829215842
375612,6097,0.9596333279866547,false,375612,6097,0.9596333279866547
375612,120892,0.9083108628470032,false,375612,120892,0.9083108628470032
375612,123624,0.9876716033000477,false,375612,123624,0.9876716033000477
375612,391253,0.9929842646702007,false,375612,391253,0.9929842646702007
375612,220136,0.8311484826339401,false,375612,220136,0.8311484826339401
375612,693188,0.9780366216114837,false,375612,693188,0.9780366216114837
375612,6799,0.8125934887411815,false,375612,6799,0.8125934887411815
375612,389376,0.8884179422867692,false,375612,389376,0.8884179422867692
375612,353189,0.985901361178606,false,375612,353189,0.985901361178606
375612,776,0.9143689551118193,false,375612,776,0.9143689551118193
375612,84851,0.9216450379151329,false,375612,84851,0.9216450379151329
375612,84525,0.871406154842077,false,375612,84525,0.871406154842077
375612,4861,0.9927056989131227,false,375612,4861,0.9927056989131227
375612,10203,0.9398568479364766,false,375612,10203,0.9398568479364766
375612,1080,0.7831486157158791,false,375612,1080,0.7831486157158791
375612,65217,0.7991703368038321,false,375612,65217,0.7991703368038321
375612,105372793,0.9009856981346581,false,375612,105372793,0.9009856981346581
375612,56955,0.8974632445017572,false,375612,56955,0.8974632445017572
375612,84765,0.9394867332700708,false,375612,84765,0.9394867332700708
375612,653509,0.7924002516999848,false,375612,653509,0.7924002516999848
375612,55282,0.9088092986642194,false,375612,55282,0.9088092986642194
375612,79098,0.9633012245400322,false,375612,79098,0.9633012245400322
375612,144535,0.7998126588669737,false,375612,144535,0.7998126588669737
375612,649946,0.8625802615967509,false,375612,649946,0.8625802615967509
375612,144571,0.9548512033584721,false,375612,144571,0.9548512033584721
375612,26298,0.8613916174610298,false,375612,26298,0.8613916174610298
375612,165186,0.9872805848380324,false,375612,165186,0.9872805848380324
375612,102465485,0.9199524312463254,false,375612,102465485,0.9199524312463254
375612,100033436,0.9508838023578081,false,375612,100033436,0.9508838023578081
10529,503640,0.8033356242365425,false,10529,503640,0.8033356242365425
10529,286207,0.9395158837530139,false,10529,286207,0.9395158837530139
10529,9914,0.754506818043493,false,10529,9914,0.754506818043493
10529,259290,0.8591051661191654,false,10529,259290,0.8591051661191654
10529,163720,0.7712241723289415,false,10529,163720,0.7712241723289415
10529,722,0.7740944295823404,false,10529,722,0.7740944295823404
10529,6751,0.7535540510472493,false,10529,6751,0.7535540510472493
10529,79908,0.8214837620147594,false,10529,79908,0.8214837620147594
10529,388323,0.8180539915331669,false,10529,388323,0.8180539915331669
10529,51185,0.8905938349268996,false,10529,51185,0.8905938349268996
10529,130367,0.8811751937376127,false,10529,130367,0.8811751937376127
10529,285335,0.9117531369541938,false,10529,285335,0.9117531369541938
10529,1910,0.8025900186888162,false,10529,1910,0.8025900186888162
10529,728226,0.7523120010461074,false,10529,728226,0.7523120010461074
10529,200373,0.9096587033925777,false,10529,200373,0.9096587033925777
10529,102723382,0.8510306980454028,false,10529,102723382,0.8510306980454028
10529,474354,0.8665772048249956,false,10529,474354,0.8665772048249956
10529,1040,0.7776417413847369,false,10529,1040,0.7776417413847369
10529,221395,0.7515888204409333,false,10529,221395,0.7515888204409333
10529,54842,0.8077870020736285,false,10529,54842,0.8077870020736285
10529,728643,0.9437276277578801,false,10529,728643,0.9437276277578801
10529,6103,0.8603518610175641,false,10529,6103,0.8603518610175641
10529,54997,0.8150622489749496,false,10529,54997,0.8150622489749496
10529,2595,0.7816081909903705,false,10529,2595,0.7816081909903705
10529,219790,0.8004258840966842,false,10529,219790,0.8004258840966842
10529,9223,0.7547663279089344,false,10529,9223,0.7547663279089344
10529,253970,0.7957619408648516,false,10529,253970,0.7957619408648516
10529,109136579,0.8802340476179199,false,10529,109136579,0.8802340476179199
10529,503645,0.8238877317255813,false,10529,503645,0.8238877317255813
10529,64332,0.7693282355198804,false,10529,64332,0.7693282355198804
10529,346007,0.9193410551265553,false,10529,346007,0.9193410551265553
10529,116984,0.8784070502142654,false,10529,116984,0.8784070502142654
10529,825,0.7573966236668558,false,10529,825,0.7573966236668558
10529,137872,0.8250336001966423,false,10529,137872,0.8250336001966423
10529,100033430,0.7780361754177506,false,10529,100033430,0.7780361754177506
10529,9196,0.8488578435167465,false,10529,9196,0.8488578435167465
10529,619383,0.82519658275999,false,10529,619383,0.82519658275999
10529,130271,0.818155072868727,false,10529,130271,0.818155072868727
10529,101927516,0.8529380194543768,false,10529,101927516,0.8529380194543768
10529,378938,0.8769706638089947,false,10529,378938,0.8769706638089947
10529,285,0.8599678720314979,false,10529,285,0.8599678720314979
10529,27074,0.8408926216754301,false,10529,27074,0.8408926216754301
10529,100996506,0.868218262679505,false,10529,100996506,0.868218262679505
10529,66002,0.80390228144541,false,10529,66002,0.80390228144541
10529,54848,0.800425848054962,false,10529,54848,0.800425848054962
10529,79632,0.881713249099608,false,10529,79632,0.881713249099608
10529,100505495,0.7789422475054824,false,10529,100505495,0.7789422475054824
10529,7620,0.8233344610544246,false,10529,7620,0.8233344610544246
10529,4179,0.8271177512465077,false,10529,4179,0.8271177512465077
10529,151531,0.7796361598967233,false,10529,151531,0.7796361598967233
10529,201625,0.9586832002342973,false,10529,201625,0.9586832002342973
10529,692058,0.8988588937534986,false,10529,692058,0.8988588937534986
10529,645843,0.8299280181297162,false,10529,645843,0.8299280181297162
10529,2122,0.8648115505894624,false,10529,2122,0.8648115505894624
10529,84059,0.8267938728095817,false,10529,84059,0.8267938728095817
10529,121512,0.8755196856902292,false,10529,121512,0.8755196856902292
10529,120892,0.9030868809333719,false,10529,120892,0.9030868809333719
10529,123624,0.7757696712221713,false,10529,123624,0.7757696712221713
10529,693188,0.8266478725138708,false,10529,693188,0.8266478725138708
10529,353189,0.78510350168255,false,10529,353189,0.78510350168255
10529,776,0.8286307358529419,false,10529,776,0.8286307358529419
10529,84851,0.9105317243879906,false,10529,84851,0.9105317243879906
10529,10203,0.870334078805528,false,10529,10203,0.870334078805528
10529,1080,0.9482173723769455,false,10529,1080,0.9482173723769455
10529,65217,0.9355006694820124,false,10529,65217,0.9355006694820124
10529,105372793,0.8715381745300949,false,10529,105372793,0.8715381745300949
10529,84765,0.7779335630326514,false,10529,84765,0.7779335630326514
10529,144535,0.9371825253493621,false,10529,144535,0.9371825253493621
10529,649946,0.9199954916409656,false,10529,649946,0.9199954916409656
10529,26298,0.9186508829095494,false,10529,26298,0.9186508829095494
10529,102465485,0.8287642130597306,false,10529,102465485,0.8287642130597306
10529,100033436,0.8564967887501346,false,10529,100033436,0.8564967887501346
11254,286207,0.7504223281036024,false,11254,286207,0.7504223281036024
11254,1040,0.78516433059393,false,11254,1040,0.78516433059393
11254,1906,0.8182071326587604,false,11254,1906,0.8182071326587604
11254,6969,0.8000258905595822,false,11254,6969,0.8000258905595822
11254,54848,0.8105501084484342,false,11254,54848,0.8105501084484342
11254,1767,0.7986792210480592,false,11254,1767,0.7986792210480592
11254,4179,0.7630080343719916,false,11254,4179,0.7630080343719916
11254,1080,0.7567322111666164,false,11254,1080,0.7567322111666164
3983,3694,0.8958416596166384,false,3983,3694,0.8958416596166384
3983,285989,0.9307953724937489,false,3983,285989,0.9307953724937489
3983,2627,0.972502143126159,false,3983,2627,0.972502143126159
3983,1555,0.9760048023905172,false,3983,1555,0.9760048023905172
3983,57528,0.9273473798877971,false,3983,57528,0.9273473798877971
3983,201456,0.9905051236773934,false,3983,201456,0.9905051236773934
3983,57186,0.8601131139156692,false,3983,57186,0.8601131139156692
3983,102723508,0.9635809960950683,false,3983,102723508,0.9635809960950683
3983,100506658,0.8134257150696153,false,3983,100506658,0.8134257150696153
3983,341676,0.9818819442854512,false,3983,341676,0.9818819442854512
3983,148213,0.8529969756034839,false,3983,148213,0.8529969756034839
3983,10595,0.9744019001077334,false,3983,10595,0.9744019001077334
3983,4583,0.9082398329619359,false,3983,4583,0.9082398329619359
3983,55567,0.9194065168063543,false,3983,55567,0.9194065168063543
3983,5961,0.8621668614213966,false,3983,5961,0.8621668614213966
3983,7851,0.8465907677571304,false,3983,7851,0.8465907677571304
3983,692072,0.9318493754656012,false,3983,692072,0.9318493754656012
3983,55808,0.9744082474950049,false,3983,55808,0.9744082474950049
3983,999,0.9836253302623958,false,3983,999,0.9836253302623958
3983,126353,0.9183504203714106,false,3983,126353,0.9183504203714106
3983,26226,0.9034353238829183,false,3983,26226,0.9034353238829183
3983,388743,0.9613801629229141,false,3983,388743,0.9613801629229141
3983,1577,0.8383547041073712,false,3983,1577,0.8383547041073712
3983,340267,0.9130610507760435,false,3983,340267,0.9130610507760435
3983,200879,0.9710985038955338,false,3983,200879,0.9710985038955338
3983,1510,0.965243252039533,false,3983,1510,0.965243252039533
3983,102723849,0.7595366889423759,false,3983,102723849,0.7595366889423759
3983,6337,0.8306439003611776,false,3983,6337,0.8306439003611776
3983,5284,0.8533125341167397,false,3983,5284,0.8533125341167397
3983,57669,0.7774182071938276,false,3983,57669,0.7774182071938276
3983,57111,0.975100665875463,false,3983,57111,0.975100665875463
3983,116844,0.903374914638531,false,3983,116844,0.903374914638531
3983,10129,0.859353331190227,false,3983,10129,0.859353331190227
3983,4586,0.9672298041076094,false,3983,4586,0.9672298041076094
3983,10551,0.9647250164645848,false,3983,10551,0.9647250164645848
3983,688,0.8392734144874261,false,3983,688,0.8392734144874261
3983,54897,0.8776417646003184,false,3983,54897,0.8776417646003184
3983,117155,0.9680136177455736,false,3983,117155,0.9680136177455736
3983,112268155,0.9644140403052118,false,3983,112268155,0.9644140403052118
3983,1152,0.9223687664983632,false,3983,1152,0.9223687664983632
3983,79083,0.9783102011720816,false,3983,79083,0.9783102011720816
3983,1556,0.9426438796443494,false,3983,1556,0.9426438796443494
3983,55930,0.9078001990634705,false,3983,55930,0.9078001990634705
3983,22996,0.9185819909659553,false,3983,22996,0.9185819909659553
3983,7113,0.8600317966840975,false,3983,7113,0.8600317966840975
3983,54861,0.8469713632450913,false,3983,54861,0.8469713632450913
3983,222256,0.8891396968788096,false,3983,222256,0.8891396968788096
3983,100529240,0.936574019583542,false,3983,100529240,0.936574019583542
3983,113218482,0.9943803370548022,false,3983,113218482,0.9943803370548022
3983,647024,0.9763383530602019,false,3983,647024,0.9763383530602019
3983,255928,0.9623513363412259,false,3983,255928,0.9623513363412259
3983,8537,0.8993592105898481,false,3983,8537,0.8993592105898481
3983,10018,0.8039724127047599,false,3983,10018,0.8039724127047599
3983,115019,0.9194592896725032,false,3983,115019,0.9194592896725032
3983,1043,0.8413300266875837,false,3983,1043,0.8413300266875837
3983,168374,0.8862223748482733,false,3983,168374,0.8862223748482733
3983,143884,0.8384037163941475,false,3983,143884,0.8384037163941475
3983,80004,0.9200885979775816,false,3983,80004,0.9200885979775816
3983,3993,0.8744985946759081,false,3983,3993,0.8744985946759081
3983,389852,0.8969253213202303,false,3983,389852,0.8969253213202303
3983,164312,0.9514156686145764,false,3983,164312,0.9514156686145764
3983,84239,0.7990753017313378,false,3983,84239,0.7990753017313378
3983,2065,0.8400380137405765,false,3983,2065,0.8400380137405765
3983,135656,0.9675294034183336,false,3983,135656,0.9675294034183336
3983,3880,0.8469351102035292,false,3983,3880,0.8469351102035292
3983,94059,0.8241207778928601,false,3983,94059,0.8241207778928601
3983,3960,0.8442390447637427,false,3983,3960,0.8442390447637427
3983,23584,0.8908357225423119,false,3983,23584,0.8908357225423119
3983,153643,0.9845418086213296,false,3983,153643,0.9845418086213296
3983,112268422,0.8860815077519671,false,3983,112268422,0.8860815077519671
3983,259294,0.8953287646581531,false,3983,259294,0.8953287646581531
3983,2266,0.9555899276454087,false,3983,2266,0.9555899276454087
3983,745,0.9892351949472233,false,3983,745,0.9892351949472233
3694,285989,0.8589117364327037,false,3694,285989,0.8589117364327037
3694,2627,0.9393469403336707,false,3694,2627,0.9393469403336707
3694,1555,0.9402427758291448,false,3694,1555,0.9402427758291448
3694,57528,0.9384928800362071,false,3694,57528,0.9384928800362071
3694,201456,0.9313878654841439,false,3694,201456,0.9313878654841439
3694,57186,0.8499052637189205,false,3694,57186,0.8499052637189205
3694,102723508,0.8462618654834738,false,3694,102723508,0.8462618654834738
3694,9356,0.8795981116246353,false,3694,9356,0.8795981116246353
3694,641776,0.8392735418279959,false,3694,641776,0.8392735418279959
3694,100506658,0.8230854645220923,false,3694,100506658,0.8230854645220923
3694,341676,0.9043364421240839,false,3694,341676,0.9043364421240839
3694,148213,0.890203206985698,false,3694,148213,0.890203206985698
3694,10595,0.8633747420361432,false,3694,10595,0.8633747420361432
3694,4583,0.9075537897241487,false,3694,4583,0.9075537897241487
3694,55567,0.8935109136447327,false,3694,55567,0.8935109136447327
3694,7851,0.9195369820812712,false,3694,7851,0.9195369820812712
3694,692072,0.9155309035883364,false,3694,692072,0.9155309035883364
3694,55808,0.9359802794803109,false,3694,55808,0.9359802794803109
3694,999,0.9083576341615072,false,3694,999,0.9083576341615072
3694,126353,0.9617986803888624,false,3694,126353,0.9617986803888624
3694,26226,0.7608447742713454,false,3694,26226,0.7608447742713454
3694,388743,0.9429871401399251,false,3694,388743,0.9429871401399251
3694,1577,0.9003015559953613,false,3694,1577,0.9003015559953613
3694,340267,0.8317997626823195,false,3694,340267,0.8317997626823195
3694,200879,0.9359438691919761,false,3694,200879,0.9359438691919761
3694,1510,0.942602106358201,false,3694,1510,0.942602106358201
3694,102723849,0.8503044500927317,false,3694,102723849,0.8503044500927317
3694,5284,0.8754206414814243,false,3694,5284,0.8754206414814243
3694,57669,0.7758645595788769,false,3694,57669,0.7758645595788769
3694,57111,0.931184292363217,false,3694,57111,0.931184292363217
3694,10129,0.7845258657925065,false,3694,10129,0.7845258657925065
3694,4586,0.9253862028671,false,3694,4586,0.9253862028671
3694,10551,0.924494672907539,false,3694,10551,0.924494672907539
3694,688,0.784955322665603,false,3694,688,0.784955322665603
3694,54897,0.8293378089086071,false,3694,54897,0.8293378089086071
3694,117155,0.9110446760480997,false,3694,117155,0.9110446760480997
3694,112268155,0.9192054474714472,false,3694,112268155,0.9192054474714472
3694,1152,0.8802783451869638,false,3694,1152,0.8802783451869638
3694,79083,0.9336027146602093,false,3694,79083,0.9336027146602093
3694,1556,0.8886228922485887,false,3694,1556,0.8886228922485887
3694,55930,0.9134913366064209,false,3694,55930,0.9134913366064209
3694,22996,0.8367426364757182,false,3694,22996,0.8367426364757182
3694,7113,0.8912515289236765,false,3694,7113,0.8912515289236765
3694,105180391,0.791330521483538,false,3694,105180391,0.791330521483538
3694,100529240,0.8935444528911685,false,3694,100529240,0.8935444528911685
3694,113218482,0.9046627282271137,false,3694,113218482,0.9046627282271137
3694,647024,0.8943827016856115,false,3694,647024,0.8943827016856115
3694,255928,0.9081189710160348,false,3694,255928,0.9081189710160348
3694,8537,0.8422506149217003,false,3694,8537,0.8422506149217003
3694,10018,0.8490283431262904,false,3694,10018,0.8490283431262904
3694,115019,0.9133259533667142,false,3694,115019,0.9133259533667142
3694,105180390,0.8160082317420109,false,3694,105180390,0.8160082317420109
3694,1043,0.8979282999516791,false,3694,1043,0.8979282999516791
3694,168374,0.9015950128507308,false,3694,168374,0.9015950128507308
3694,143884,0.8423231580252717,false,3694,143884,0.8423231580252717
3694,80004,0.9345421332767729,false,3694,80004,0.9345421332767729
3694,3993,0.9493497455875479,false,3694,3993,0.9493497455875479
3694,389852,0.9406628995206607,false,3694,389852,0.9406628995206607
3694,164312,0.9521858467983342,false,3694,164312,0.9521858467983342
3694,84239,0.8367591207380953,false,3694,84239,0.8367591207380953
3694,2065,0.9381866877444414,false,3694,2065,0.9381866877444414
3694,135656,0.9266069455786248,false,3694,135656,0.9266069455786248
3694,94059,0.8103217505580206,false,3694,94059,0.8103217505580206
3694,3960,0.9160457022416622,false,3694,3960,0.9160457022416622
3694,23584,0.8935589666213939,false,3694,23584,0.8935589666213939
3694,692213,0.8325411119023919,false,3694,692213,0.8325411119023919
3694,153643,0.873060971638962,false,3694,153643,0.873060971638962
3694,112268422,0.7641930412497524,false,3694,112268422,0.7641930412497524
3694,259294,0.9275254430993914,false,3694,259294,0.9275254430993914
3694,2266,0.904987834876413,false,3694,2266,0.904987834876413
3694,745,0.9034894941632748,false,3694,745,0.9034894941632748
3694,440352,0.8181130242648428,false,3694,440352,0.8181130242648428
22941,5555,0.9468045052317102,false,22941,5555,0.9468045052317102
22941,142827,0.9109224482258169,false,22941,142827,0.9109224482258169
22941,168090,0.964351868606201,false,22941,168090,0.964351868606201
22941,1906,0.7632570875034349,false,22941,1906,0.7632570875034349
22941,3240,0.8449207874579434,false,22941,3240,0.8449207874579434
22941,5961,0.8180321044791058,false,22941,5961,0.8180321044791058
22941,56892,0.8239280974116755,false,22941,56892,0.8239280974116755
22941,653082,0.7816202263070954,false,22941,653082,0.7816202263070954
22941,644649,0.888546806280293,false,22941,644649,0.888546806280293
22941,7356,0.8362629075452389,false,22941,7356,0.8362629075452389
22941,109729127,0.7809848617179267,false,22941,109729127,0.7809848617179267
22941,400578,0.8664320572377466,false,22941,400578,0.8664320572377466
22941,6337,0.7925209390670601,false,22941,6337,0.7925209390670601
22941,85349,0.8695117512635432,false,22941,85349,0.8695117512635432
22941,728276,0.8929429586222287,false,22941,728276,0.8929429586222287
22941,27022,0.8896996674445548,false,22941,27022,0.8896996674445548
22941,6101,0.9836253614743931,false,22941,6101,0.9836253614743931
22941,83481,0.9339253622922058,false,22941,83481,0.9339253622922058
22941,105,0.8805605896688932,false,22941,105,0.8805605896688932
22941,1579,0.9501204539085154,false,22941,1579,0.9501204539085154
22941,57477,0.8664740782387347,false,22941,57477,0.8664740782387347
22941,3880,0.8326260197779091,false,22941,3880,0.8326260197779091
22941,7433,0.869507159059583,false,22941,7433,0.869507159059583
22941,100129460,0.9358762196829117,false,22941,100129460,0.9358762196829117
22941,3855,0.769321172919074,false,22941,3855,0.769321172919074
285989,2627,0.9577218228153217,false,285989,2627,0.9577218228153217
285989,259290,0.760682481823628,false,285989,259290,0.760682481823628
285989,1555,0.9132195122050872,false,285989,1555,0.9132195122050872
285989,57528,0.9285504156873521,false,285989,57528,0.9285504156873521
285989,201456,0.9456776504708098,false,285989,201456,0.9456776504708098
285989,57186,0.9359155000429225,false,285989,57186,0.9359155000429225
285989,5544,0.8485758870617575,false,285989,5544,0.8485758870617575
285989,102723508,0.9212618936068385,false,285989,102723508,0.9212618936068385
285989,28984,0.7531329223619565,false,285989,28984,0.7531329223619565
285989,9356,0.7818457803054343,false,285989,9356,0.7818457803054343
285989,641776,0.7965034175283443,false,285989,641776,0.7965034175283443
285989,100506658,0.859463060069408,false,285989,100506658,0.859463060069408
285989,341676,0.955058661418677,false,285989,341676,0.955058661418677
285989,148213,0.9183194535927693,false,285989,148213,0.9183194535927693
285989,10595,0.9683509014886896,false,285989,10595,0.9683509014886896
285989,4583,0.9571166686226942,false,285989,4583,0.9571166686226942
285989,55567,0.9354126935484354,false,285989,55567,0.9354126935484354
285989,5961,0.8473746909921259,false,285989,5961,0.8473746909921259
285989,7851,0.8840816377686694,false,285989,7851,0.8840816377686694
285989,692072,0.9297717501003239,false,285989,692072,0.9297717501003239
285989,55808,0.9087380004500407,false,285989,55808,0.9087380004500407
285989,999,0.954700427443255,false,285989,999,0.954700427443255
285989,126353,0.8835095269230739,false,285989,126353,0.8835095269230739
285989,26226,0.8900657472024801,false,285989,26226,0.8900657472024801
285989,64332,0.7793598406143097,false,285989,64332,0.7793598406143097
285989,388743,0.932878140996496,false,285989,388743,0.932878140996496
285989,1577,0.8939894269748265,false,285989,1577,0.8939894269748265
285989,340267,0.9701114030843284,false,285989,340267,0.9701114030843284
285989,200879,0.9204037357676655,false,285989,200879,0.9204037357676655
285989,1510,0.9067648284445863,false,285989,1510,0.9067648284445863
285989,441251,0.7725539463173645,false,285989,441251,0.7725539463173645
285989,102723849,0.8285414399059766,false,285989,102723849,0.8285414399059766
285989,5284,0.9471997122416257,false,285989,5284,0.9471997122416257
285989,57669,0.8946781344619505,false,285989,57669,0.8946781344619505
285989,57111,0.9237540922427862,false,285989,57111,0.9237540922427862
285989,278,0.8806177843224149,false,285989,278,0.8806177843224149
285989,116844,0.9351216250700677,false,285989,116844,0.9351216250700677
285989,10129,0.9781332866377034,false,285989,10129,0.9781332866377034
285989,4586,0.9158419227348058,false,285989,4586,0.9158419227348058
285989,10551,0.9306800279282335,false,285989,10551,0.9306800279282335
285989,688,0.933182267146596,false,285989,688,0.933182267146596
285989,54897,0.8036915047293015,false,285989,54897,0.8036915047293015
285989,117155,0.979441827209678,false,285989,117155,0.979441827209678
285989,112268155,0.9697557146718565,false,285989,112268155,0.9697557146718565
285989,1152,0.9247605463816041,false,285989,1152,0.9247605463816041
285989,79083,0.9245227096639963,false,285989,79083,0.9245227096639963
285989,1556,0.9367822675945315,false,285989,1556,0.9367822675945315
285989,55930,0.9534266564636199,false,285989,55930,0.9534266564636199
285989,22996,0.9174253834800024,false,285989,22996,0.9174253834800024
285989,7113,0.8984004378800792,false,285989,7113,0.8984004378800792
285989,54861,0.9425408529084595,false,285989,54861,0.9425408529084595
285989,222256,0.911843278072478,false,285989,222256,0.911843278072478
285989,100529240,0.9158660934671021,false,285989,100529240,0.9158660934671021
285989,113218482,0.9431714021159464,false,285989,113218482,0.9431714021159464
285989,647024,0.9389895427786562,false,285989,647024,0.9389895427786562
285989,255928,0.877887243577572,false,285989,255928,0.877887243577572
285989,8537,0.8332891006436544,false,285989,8537,0.8332891006436544
285989,10018,0.913009315931555,false,285989,10018,0.913009315931555
285989,115019,0.9441312640068681,false,285989,115019,0.9441312640068681
285989,105180390,0.7739319782562354,false,285989,105180390,0.7739319782562354
285989,1043,0.9416400648760869,false,285989,1043,0.9416400648760869
285989,276,0.8514826072552184,false,285989,276,0.8514826072552184
285989,168374,0.9415082292743884,false,285989,168374,0.9415082292743884
285989,645843,0.7530112672349528,false,285989,645843,0.7530112672349528
285989,143884,0.9291739344948378,false,285989,143884,0.9291739344948378
285989,80004,0.9055097694556394,false,285989,80004,0.9055097694556394
285989,3993,0.8992185839815654,false,285989,3993,0.8992185839815654
285989,389852,0.8921207140541113,false,285989,389852,0.8921207140541113
285989,164312,0.8604867548744336,false,285989,164312,0.8604867548744336
285989,84239,0.8734284048832816,false,285989,84239,0.8734284048832816
285989,2065,0.886282798131871,false,285989,2065,0.886282798131871
285989,135656,0.9159123118225915,false,285989,135656,0.9159123118225915
285989,3880,0.8177104606398038,false,285989,3880,0.8177104606398038
285989,94059,0.93552088051204,false,285989,94059,0.93552088051204
285989,26769,0.8459378299044256,false,285989,26769,0.8459378299044256
285989,3960,0.8727992600429088,false,285989,3960,0.8727992600429088
285989,23584,0.9190109418608708,false,285989,23584,0.9190109418608708
285989,692213,0.8615021020848085,false,285989,692213,0.8615021020848085
285989,153643,0.9525585360271395,false,285989,153643,0.9525585360271395
285989,112268422,0.9379146733613031,false,285989,112268422,0.9379146733613031
285989,259294,0.9296825544746723,false,285989,259294,0.9296825544746723
285989,79740,0.7634079626004614,false,285989,79740,0.7634079626004614
285989,2266,0.8981447463479569,false,285989,2266,0.8981447463479569
285989,745,0.9172103752810732,false,285989,745,0.9172103752810732
285989,440352,0.7955403035892391,false,285989,440352,0.7955403035892391
2627,1555,0.9577293655441671,false,2627,1555,0.9577293655441671
2627,57528,0.9312135653151032,false,2627,57528,0.9312135653151032
2627,201456,0.984211720338825,false,2627,201456,0.984211720338825
2627,57186,0.9383158495633943,false,2627,57186,0.9383158495633943
2627,5544,0.7576836123773731,false,2627,5544,0.7576836123773731
2627,102723508,0.942107358140032,false,2627,102723508,0.942107358140032
2627,9356,0.7807236120171058,false,2627,9356,0.7807236120171058
2627,641776,0.7630019656796085,false,2627,641776,0.7630019656796085
2627,100506658,0.8973655623445658,false,2627,100506658,0.8973655623445658
2627,341676,0.9722165222947098,false,2627,341676,0.9722165222947098
2627,148213,0.8735051300515508,false,2627,148213,0.8735051300515508
2627,10595,0.9624787494153736,false,2627,10595,0.9624787494153736
2627,4583,0.9214206522374595,false,2627,4583,0.9214206522374595
2627,55567,0.9300795551487253,false,2627,55567,0.9300795551487253
2627,5961,0.8667041023980451,false,2627,5961,0.8667041023980451
2627,7851,0.8761398321959832,false,2627,7851,0.8761398321959832
2627,692072,0.9316718135605657,false,2627,692072,0.9316718135605657
2627,55808,0.9513193897086647,false,2627,55808,0.9513193897086647
2627,999,0.9792304089721326,false,2627,999,0.9792304089721326
2627,126353,0.9145939363850756,false,2627,126353,0.9145939363850756
2627,26226,0.9107428868865194,false,2627,26226,0.9107428868865194
2627,388743,0.9492104611113437,false,2627,388743,0.9492104611113437
2627,1577,0.8676047552062217,false,2627,1577,0.8676047552062217
2627,340267,0.9395406455844688,false,2627,340267,0.9395406455844688
2627,200879,0.9517996153585625,false,2627,200879,0.9517996153585625
2627,1510,0.9441276401578481,false,2627,1510,0.9441276401578481
2627,441251,0.7621039617823324,false,2627,441251,0.7621039617823324
2627,102723849,0.8025352434196332,false,2627,102723849,0.8025352434196332
2627,6337,0.8586957938073333,false,2627,6337,0.8586957938073333
2627,5284,0.9202751581516886,false,2627,5284,0.9202751581516886
2627,57669,0.8718356836538077,false,2627,57669,0.8718356836538077
2627,57111,0.9563594723082723,false,2627,57111,0.9563594723082723
2627,116844,0.9064674970179012,false,2627,116844,0.9064674970179012
2627,10129,0.8918344805683485,false,2627,10129,0.8918344805683485
2627,4586,0.9416408199656571,false,2627,4586,0.9416408199656571
2627,10551,0.9466130360314191,false,2627,10551,0.9466130360314191
2627,688,0.8784780565237195,false,2627,688,0.8784780565237195
2627,54897,0.9184987322558916,false,2627,54897,0.9184987322558916
2627,117155,0.9739494192892847,false,2627,117155,0.9739494192892847
2627,112268155,0.9707689802578353,false,2627,112268155,0.9707689802578353
2627,1152,0.9566604744957133,false,2627,1152,0.9566604744957133
2627,79083,0.9616135428376076,false,2627,79083,0.9616135428376076
2627,1556,0.9682369439345142,false,2627,1556,0.9682369439345142
2627,55930,0.9329295084126557,false,2627,55930,0.9329295084126557
2627,22996,0.9157108201758072,false,2627,22996,0.9157108201758072
2627,7113,0.895939694773082,false,2627,7113,0.895939694773082
2627,54861,0.9081259594709142,false,2627,54861,0.9081259594709142
2627,222256,0.8946802765918411,false,2627,222256,0.8946802765918411
2627,100529240,0.9229875328064148,false,2627,100529240,0.9229875328064148
2627,113218482,0.9728500524588958,false,2627,113218482,0.9728500524588958
2627,647024,0.9638574450383267,false,2627,647024,0.9638574450383267
2627,255928,0.9169539079864858,false,2627,255928,0.9169539079864858
2627,8537,0.8459336571164214,false,2627,8537,0.8459336571164214
2627,10018,0.8398562179770959,false,2627,10018,0.8398562179770959
2627,115019,0.9381667742836322,false,2627,115019,0.9381667742836322
2627,1043,0.9138704294697139,false,2627,1043,0.9138704294697139
2627,168374,0.9194129591639264,false,2627,168374,0.9194129591639264
2627,143884,0.8593957744119519,false,2627,143884,0.8593957744119519
2627,80004,0.9417027779180649,false,2627,80004,0.9417027779180649
2627,3993,0.9207628925861402,false,2627,3993,0.9207628925861402
2627,389852,0.8986968130644153,false,2627,389852,0.8986968130644153
2627,164312,0.9379856004537029,false,2627,164312,0.9379856004537029
2627,84239,0.8791640707952388,false,2627,84239,0.8791640707952388
2627,2065,0.8826130078687394,false,2627,2065,0.8826130078687394
2627,135656,0.9422997978368981,false,2627,135656,0.9422997978368981
2627,3880,0.8739755521333064,false,2627,3880,0.8739755521333064
2627,94059,0.8540475812008312,false,2627,94059,0.8540475812008312
2627,3960,0.8594290246934593,false,2627,3960,0.8594290246934593
2627,23584,0.936356671833108,false,2627,23584,0.936356671833108
2627,692213,0.7896742504672729,false,2627,692213,0.7896742504672729
2627,153643,0.9731015390925866,false,2627,153643,0.9731015390925866
2627,112268422,0.8797705258313527,false,2627,112268422,0.8797705258313527
2627,259294,0.9105218925678521,false,2627,259294,0.9105218925678521
2627,2266,0.9296181173246407,false,2627,2266,0.9296181173246407
2627,745,0.9753527994667838,false,2627,745,0.9753527994667838
2627,440352,0.7949187444152601,false,2627,440352,0.7949187444152601
503640,259290,0.904038437983392,false,503640,259290,0.904038437983392
503640,6751,0.9772541400089709,false,503640,6751,0.9772541400089709
503640,79908,0.8339086207541149,false,503640,79908,0.8339086207541149
503640,5625,0.8376599196092456,false,503640,5625,0.8376599196092456
503640,51185,0.8317777147406425,false,503640,51185,0.8317777147406425
503640,130367,0.912649084990713,false,503640,130367,0.912649084990713
503640,285335,0.9414447185984403,false,503640,285335,0.9414447185984403
503640,9356,0.8906302151719354,false,503640,9356,0.8906302151719354
503640,641776,0.9245965148097877,false,503640,641776,0.9245965148097877
503640,728226,0.7658876494475113,false,503640,728226,0.7658876494475113
503640,200373,0.9000713753726958,false,503640,200373,0.9000713753726958
503640,474354,0.8247259333159747,false,503640,474354,0.8247259333159747
503640,54842,0.7612913956274465,false,503640,54842,0.7612913956274465
503640,728643,0.8679161103304278,false,503640,728643,0.8679161103304278
503640,54997,0.958321186888115,false,503640,54997,0.958321186888115
503640,219790,0.8626004071166232,false,503640,219790,0.8626004071166232
503640,115677,0.8139130474364522,false,503640,115677,0.8139130474364522
503640,7851,0.8183100706695778,false,503640,7851,0.8183100706695778
503640,253970,0.7572175207540771,false,503640,253970,0.7572175207540771
503640,109136579,0.9548690682527484,false,503640,109136579,0.9548690682527484
503640,503645,0.8150762923638466,false,503640,503645,0.8150762923638466
503640,64332,0.887809630711936,false,503640,64332,0.887809630711936
503640,346007,0.7800960185096568,false,503640,346007,0.7800960185096568
503640,116984,0.8077583161448779,false,503640,116984,0.8077583161448779
503640,137872,0.9588725535070646,false,503640,137872,0.9588725535070646
503640,1577,0.8139873090691088,false,503640,1577,0.8139873090691088
503640,100033430,0.9892381087960556,false,503640,100033430,0.9892381087960556
503640,102723849,0.8803981562239624,false,503640,102723849,0.8803981562239624
503640,9196,0.8879098521051086,false,503640,9196,0.8879098521051086
503640,619383,0.8520536047824219,false,503640,619383,0.8520536047824219
503640,89765,0.9493642103592873,false,503640,89765,0.9493642103592873
503640,101927516,0.769055335711009,false,503640,101927516,0.769055335711009
503640,378938,0.9544139981102743,false,503640,378938,0.9544139981102743
503640,5545,0.9428104954647234,false,503640,5545,0.9428104954647234
503640,285,0.8712225162498288,false,503640,285,0.8712225162498288
503640,27074,0.8426415390079697,false,503640,27074,0.8426415390079697
503640,66002,0.922689791760563,false,503640,66002,0.922689791760563
503640,79632,0.7950268432611741,false,503640,79632,0.7950268432611741
503640,100505495,0.7584909244681656,false,503640,100505495,0.7584909244681656
503640,7620,0.9499439429824191,false,503640,7620,0.9499439429824191
503640,7113,0.7505828475351567,false,503640,7113,0.7505828475351567
503640,105180391,0.9518385215236387,false,503640,105180391,0.9518385215236387
503640,151531,0.9315465297242943,false,503640,151531,0.9315465297242943
503640,10018,0.8111913276034215,false,503640,10018,0.8111913276034215
503640,201625,0.7501966678898907,false,503640,201625,0.7501966678898907
503640,105180390,0.9411095158755609,false,503640,105180390,0.9411095158755609
503640,1043,0.751380943340695,false,503640,1043,0.751380943340695
503640,692058,0.9439114655450647,false,503640,692058,0.9439114655450647
503640,645843,0.9160089678623965,false,503640,645843,0.9160089678623965
503640,2122,0.7993755098303411,false,503640,2122,0.7993755098303411
503640,121512,0.9705632265911872,false,503640,121512,0.9705632265911872
503640,120892,0.7666276705155061,false,503640,120892,0.7666276705155061
503640,123624,0.7792521385217158,false,503640,123624,0.7792521385217158
503640,391253,0.7666904629910644,false,503640,391253,0.7666904629910644
503640,693188,0.7533774810473395,false,503640,693188,0.7533774810473395
503640,353189,0.8532054562589776,false,503640,353189,0.8532054562589776
503640,2065,0.8150240629056417,false,503640,2065,0.8150240629056417
503640,776,0.9245297810454227,false,503640,776,0.9245297810454227
503640,84851,0.7744838844375075,false,503640,84851,0.7744838844375075
503640,4861,0.7508055510159944,false,503640,4861,0.7508055510159944
503640,3960,0.8100539918777574,false,503640,3960,0.8100539918777574
503640,284323,0.991953322133314,false,503640,284323,0.991953322133314
503640,65217,0.9328980316413196,false,503640,65217,0.9328980316413196
503640,692213,0.8688256761777843,false,503640,692213,0.8688256761777843
503640,84765,0.8347658963284948,false,503640,84765,0.8347658963284948
503640,79098,0.7650548242318799,false,503640,79098,0.7650548242318799
503640,649946,0.7801959703569743,false,503640,649946,0.7801959703569743
286207,9914,0.761521284284605,false,286207,9914,0.761521284284605
286207,722,0.7549972110601476,false,286207,722,0.7549972110601476
286207,79908,0.791221630784625,false,286207,79908,0.791221630784625
286207,388323,0.8738221633570955,false,286207,388323,0.8738221633570955
286207,51185,0.8688314034091908,false,286207,51185,0.8688314034091908
286207,130367,0.8295220193856059,false,286207,130367,0.8295220193856059
286207,285335,0.8729172485322517,false,286207,285335,0.8729172485322517
286207,200373,0.8820911241053749,false,286207,200373,0.8820911241053749
286207,102723382,0.8945288882744471,false,286207,102723382,0.8945288882744471
286207,474354,0.8430869641551777,false,286207,474354,0.8430869641551777
286207,1040,0.8071267917521706,false,286207,1040,0.8071267917521706
286207,54842,0.7692893303544377,false,286207,54842,0.7692893303544377
286207,728643,0.893022388189069,false,286207,728643,0.893022388189069
286207,6103,0.7550650697739707,false,286207,6103,0.7550650697739707
286207,2595,0.7768072930073348,false,286207,2595,0.7768072930073348
286207,253970,0.7832058219663723,false,286207,253970,0.7832058219663723
286207,109136579,0.762123232536402,false,286207,109136579,0.762123232536402
286207,503645,0.7605130756456229,false,286207,503645,0.7605130756456229
286207,4070,0.7738750328939779,false,286207,4070,0.7738750328939779
286207,346007,0.9116202445095608,false,286207,346007,0.9116202445095608
286207,116984,0.8337005843016961,false,286207,116984,0.8337005843016961
286207,825,0.7517664312049738,false,286207,825,0.7517664312049738
286207,137872,0.7623108047693995,false,286207,137872,0.7623108047693995
286207,9196,0.7781392681170125,false,286207,9196,0.7781392681170125
286207,101927516,0.834921203849863,false,286207,101927516,0.834921203849863
286207,378938,0.757138175825517,false,286207,378938,0.757138175825517
286207,285,0.8033742770845065,false,286207,285,0.8033742770845065
286207,27074,0.7811366997938677,false,286207,27074,0.7811366997938677
286207,100996506,0.9009202887641162,false,286207,100996506,0.9009202887641162
286207,54848,0.8528010087993211,false,286207,54848,0.8528010087993211
286207,79632,0.827981034741556,false,286207,79632,0.827981034741556
286207,100505495,0.7609559142176309,false,286207,100505495,0.7609559142176309
286207,4179,0.8784630980192693,false,286207,4179,0.8784630980192693
286207,201625,0.9415195690923225,false,286207,201625,0.9415195690923225
286207,692058,0.8486681089347364,false,286207,692058,0.8486681089347364
286207,2122,0.8252782046207215,false,286207,2122,0.8252782046207215
286207,84059,0.7948458921620902,false,286207,84059,0.7948458921620902
286207,121512,0.7770137348560452,false,286207,121512,0.7770137348560452
286207,120892,0.8845469735120567,false,286207,120892,0.8845469735120567
286207,123624,0.762628385718067,false,286207,123624,0.762628385718067
286207,693188,0.8185562346071565,false,286207,693188,0.8185562346071565
286207,353189,0.750579279018925,false,286207,353189,0.750579279018925
286207,84851,0.9235016710453371,false,286207,84851,0.9235016710453371
286207,10203,0.7940960613805187,false,286207,10203,0.7940960613805187
286207,1080,0.9163722021399342,false,286207,1080,0.9163722021399342
286207,65217,0.7980178818530451,false,286207,65217,0.7980178818530451
286207,105372793,0.9125877761624989,false,286207,105372793,0.9125877761624989
286207,144535,0.9254571827164266,false,286207,144535,0.9254571827164266
286207,649946,0.8647322198777994,false,286207,649946,0.8647322198777994
286207,144571,0.7525039128216995,false,286207,144571,0.7525039128216995
286207,26298,0.9753159088856979,false,286207,26298,0.9753159088856979
286207,102465485,0.8609642064085457,false,286207,102465485,0.8609642064085457
286207,100033436,0.8847202688172244,false,286207,100033436,0.8847202688172244
177,57530,0.816046874609317,false,177,57530,0.816046874609317
177,146556,0.8522605027518729,false,177,146556,0.8522605027518729
177,6439,0.8318706956257378,false,177,6439,0.8318706956257378
177,102723552,0.7682035824631305,false,177,102723552,0.7682035824631305
177,6332,0.8265467308724506,false,177,6332,0.8265467308724506
177,6441,0.8608134420086679,false,177,6441,0.8608134420086679
177,56892,0.7620380914897147,false,177,56892,0.7620380914897147
177,644649,0.8032584614997942,false,177,644649,0.8032584614997942
177,4680,0.8252259795648637,false,177,4680,0.8252259795648637
177,7356,0.9014690248205874,false,177,7356,0.9014690248205874
177,109729127,0.9366407082227015,false,177,109729127,0.9366407082227015
177,85349,0.7630410501805062,false,177,85349,0.7630410501805062
177,79148,0.7594139347984905,false,177,79148,0.7594139347984905
177,728276,0.8576153093960733,false,177,728276,0.8576153093960733
177,27022,0.7965774067412789,false,177,27022,0.7965774067412789
177,6101,0.7595660690256072,false,177,6101,0.7595660690256072
177,6532,0.8041664677185703,false,177,6532,0.8041664677185703
177,11185,0.8489824272938534,false,177,11185,0.8489824272938534
177,2125,0.7853494661583648,false,177,2125,0.7853494661583648
177,117156,0.9001680918655456,false,177,117156,0.9001680918655456
177,105,0.8475365879397818,false,177,105,0.8475365879397818
177,57477,0.7629935983087508,false,177,57477,0.7629935983087508
177,5349,0.7816285290409458,false,177,5349,0.7816285290409458
177,57402,0.7518259671245696,false,177,57402,0.7518259671245696
177,21,0.9811918663255257,false,177,21,0.9811918663255257
177,729238,0.7515609421377619,false,177,729238,0.7515609421377619
177,3855,0.941867424766811,false,177,3855,0.941867424766811
9914,56241,0.8075048095956345,false,9914,56241,0.8075048095956345
9914,57530,0.8114802821886699,false,9914,57530,0.8114802821886699
9914,163720,0.9784513601649262,false,9914,163720,0.9784513601649262
9914,722,0.9796366311371524,false,9914,722,0.9796366311371524
9914,79908,0.9271696448246135,false,9914,79908,0.9271696448246135
9914,388323,0.8184490373655094,false,9914,388323,0.8184490373655094
9914,5625,0.849295985826795,false,9914,5625,0.849295985826795
9914,130367,0.8946818139486059,false,9914,130367,0.8946818139486059
9914,7080,0.8913951463294438,false,9914,7080,0.8913951463294438
9914,285335,0.8057802253014332,false,9914,285335,0.8057802253014332
9914,6439,0.7687215604108502,false,9914,6439,0.7687215604108502
9914,1910,0.919298406836322,false,9914,1910,0.919298406836322
9914,146177,0.9771022021943292,false,9914,146177,0.9771022021943292
9914,728226,0.9366744889940726,false,9914,728226,0.9366744889940726
9914,81615,0.9956661360603217,false,9914,81615,0.9956661360603217
9914,200373,0.8776406343461395,false,9914,200373,0.8776406343461395
9914,5787,0.7516974352388641,false,9914,5787,0.7516974352388641
9914,102723382,0.8577386293238871,false,9914,102723382,0.8577386293238871
9914,474354,0.897555607297746,false,9914,474354,0.897555607297746
9914,1040,0.7695404097556847,false,9914,1040,0.7695404097556847
9914,221395,0.9208726130263722,false,9914,221395,0.9208726130263722
9914,54842,0.9569261927119421,false,9914,54842,0.9569261927119421
9914,728643,0.8962180038446986,false,9914,728643,0.8962180038446986
9914,128602,0.9892274654506987,false,9914,128602,0.9892274654506987
9914,107985317,0.7949501636035112,false,9914,107985317,0.7949501636035112
9914,54997,0.8305497033436587,false,9914,54997,0.8305497033436587
9914,2595,0.9966928564992051,false,9914,2595,0.9966928564992051
9914,219790,0.8692385403118695,false,9914,219790,0.8692385403118695
9914,64073,0.957136066316211,false,9914,64073,0.957136066316211
9914,9223,0.9449633439919991,false,9914,9223,0.9449633439919991
9914,253970,0.9844821832758737,false,9914,253970,0.9844821832758737
9914,503645,0.9534383243698056,false,9914,503645,0.9534383243698056
9914,4070,0.9828422630856705,false,9914,4070,0.9828422630856705
9914,2277,0.9292445748218955,false,9914,2277,0.9292445748218955
9914,346007,0.9211831937987919,false,9914,346007,0.9211831937987919
9914,116984,0.9375473304092986,false,9914,116984,0.9375473304092986
9914,825,0.9863876390532268,false,9914,825,0.9863876390532268
9914,137872,0.8184843670002685,false,9914,137872,0.8184843670002685
9914,9196,0.8571365959545364,false,9914,9196,0.8571365959545364
9914,93517,0.8619285156512492,false,9914,93517,0.8619285156512492
9914,130271,0.8200228811830238,false,9914,130271,0.8200228811830238
9914,101927516,0.9579117934786174,false,9914,101927516,0.9579117934786174
9914,285,0.8603330416697615,false,9914,285,0.8603330416697615
9914,27074,0.9419416942508528,false,9914,27074,0.9419416942508528
9914,100996506,0.8407017121003552,false,9914,100996506,0.8407017121003552
9914,66002,0.8704439311138227,false,9914,66002,0.8704439311138227
9914,54848,0.8454349662779572,false,9914,54848,0.8454349662779572
9914,79632,0.9487825694424288,false,9914,79632,0.9487825694424288
9914,100505495,0.9270507754484872,false,9914,100505495,0.9270507754484872
9914,26084,0.7601048574033794,false,9914,26084,0.7601048574033794
9914,9476,0.941527470638487,false,9914,9476,0.941527470638487
9914,151531,0.8452383832592437,false,9914,151531,0.8452383832592437
9914,195814,0.9480669413052405,false,9914,195814,0.9480669413052405
9914,2122,0.9622163969119248,false,9914,2122,0.9622163969119248
9914,84059,0.9623802637060077,false,9914,84059,0.9623802637060077
9914,121512,0.7883633457479542,false,9914,121512,0.7883633457479542
9914,6097,0.9953886090087427,false,9914,6097,0.9953886090087427
9914,120892,0.9592722191034291,false,9914,120892,0.9592722191034291
9914,123624,0.9709884400617718,false,9914,123624,0.9709884400617718
9914,391253,0.943962925823306,false,9914,391253,0.943962925823306
9914,220136,0.943290821122126,false,9914,220136,0.943290821122126
9914,693188,0.9073373156069453,false,9914,693188,0.9073373156069453
9914,6799,0.9595260451282895,false,9914,6799,0.9595260451282895
9914,389376,0.8880765836489122,false,9914,389376,0.8880765836489122
9914,353189,0.9246201238863002,false,9914,353189,0.9246201238863002
9914,776,0.8438654614930292,false,9914,776,0.8438654614930292
9914,84851,0.8838434529544787,false,9914,84851,0.8838434529544787
9914,84525,0.9838153297738623,false,9914,84525,0.9838153297738623
9914,4861,0.931154681363381,false,9914,4861,0.931154681363381
9914,10203,0.9411863560431001,false,9914,10203,0.9411863560431001
9914,1080,0.8706014739386012,false,9914,1080,0.8706014739386012
9914,105372793,0.8517073063160819,false,9914,105372793,0.8517073063160819
9914,56955,0.8592809097914254,false,9914,56955,0.8592809097914254
9914,84765,0.848598607465979,false,9914,84765,0.848598607465979
9914,653509,0.9170359061128932,false,9914,653509,0.9170359061128932
9914,55282,0.9787081767595868,false,9914,55282,0.9787081767595868
9914,729238,0.7993393528800146,false,9914,729238,0.7993393528800146
9914,79098,0.9208520197267165,false,9914,79098,0.9208520197267165
9914,144535,0.8793889280775218,false,9914,144535,0.8793889280775218
9914,649946,0.9171713377790169,false,9914,649946,0.9171713377790169
9914,144571,0.9809221434732938,false,9914,144571,0.9809221434732938
9914,26298,0.8547531990615654,false,9914,26298,0.8547531990615654
9914,165186,0.95771990077985,false,9914,165186,0.95771990077985
9914,102465485,0.9717558125372046,false,9914,102465485,0.9717558125372046
9914,100033436,0.9322239398667929,false,9914,100033436,0.9322239398667929
5555,142827,0.8837079348836759,false,5555,142827,0.8837079348836759
5555,85452,0.7545229454412805,false,5555,85452,0.7545229454412805
5555,168090,0.8568743565336412,false,5555,168090,0.8568743565336412
5555,1906,0.9087295175594894,false,5555,1906,0.9087295175594894
5555,3240,0.9652034750966412,false,5555,3240,0.9652034750966412
5555,56892,0.9552665483078433,false,5555,56892,0.9552665483078433
5555,653082,0.8766655229506779,false,5555,653082,0.8766655229506779
5555,644649,0.9655520959665268,false,5555,644649,0.9655520959665268
5555,7356,0.9058460107452007,false,5555,7356,0.9058460107452007
5555,109729127,0.8557156671286921,false,5555,109729127,0.8557156671286921
5555,400578,0.9777732842205682,false,5555,400578,0.9777732842205682
5555,85349,0.975899647057861,false,5555,85349,0.975899647057861
5555,728276,0.9635675946442619,false,5555,728276,0.9635675946442619
5555,27022,0.9667064096899394,false,5555,27022,0.9667064096899394
5555,6101,0.9741053655831224,false,5555,6101,0.9741053655831224
5555,83481,0.7955721008221427,false,5555,83481,0.7955721008221427
5555,105,0.9547600565514199,false,5555,105,0.9547600565514199
5555,1579,0.8357978546771622,false,5555,1579,0.8357978546771622
5555,57477,0.7933504658255289,false,5555,57477,0.7933504658255289
5555,7433,0.8353128289047645,false,5555,7433,0.8353128289047645
5555,100129460,0.8921563719853682,false,5555,100129460,0.8921563719853682
5555,3855,0.8475236111823511,false,5555,3855,0.8475236111823511
2208,5694,0.7996550157599993,false,2208,5694,0.7996550157599993
2208,100506686,0.8621894673506372,false,2208,100506686,0.8621894673506372
2208,101929066,0.8659631945496807,false,2208,101929066,0.8659631945496807
2208,340596,0.7926525478528375,false,2208,340596,0.7926525478528375
2208,100506755,0.8658667202314959,false,2208,100506755,0.8658667202314959
2208,1746,0.9904906160822877,false,2208,1746,0.9904906160822877
2208,399726,0.9294140214733084,false,2208,399726,0.9294140214733084
2208,9699,0.9792065480105655,false,2208,9699,0.9792065480105655
2208,80381,0.7631236194030422,false,2208,80381,0.7631236194030422
2208,100874002,0.9771231792525835,false,2208,100874002,0.9771231792525835
2208,219793,0.9848790022708662,false,2208,219793,0.9848790022708662
7125,3229,0.9999149007426856,false,7125,3229,0.9999149007426856
7125,7060,0.9995668220459532,false,7125,7060,0.9995668220459532
7125,54112,0.9998170476074031,false,7125,54112,0.9998170476074031
7125,4892,0.9944484400495796,false,7125,4892,0.9944484400495796
7125,3207,0.8909398512462545,false,7125,3207,0.8909398512462545
7125,105369937,0.999817047607403,false,7125,105369937,0.999817047607403
7125,107984498,0.9998651880126811,false,7125,107984498,0.9998651880126811
7125,284111,0.9980698823415538,false,7125,284111,0.9980698823415538
7125,10331,0.8100820740714516,false,7125,10331,0.8100820740714516
7125,128674,0.999817047607403,false,7125,128674,0.999817047607403
7125,101928580,0.9603375522652452,false,7125,101928580,0.9603375522652452
7125,57110,0.9992967347772187,false,7125,57110,0.9992967347772187
7125,646480,0.9046558287096274,false,7125,646480,0.9046558287096274
7125,4606,0.9999032808706173,false,7125,4606,0.9999032808706173
259290,57528,0.7625597314718051,false,259290,57528,0.7625597314718051
259290,6751,0.8126421745191187,false,259290,6751,0.8126421745191187
259290,28984,0.801470585534987,false,259290,28984,0.801470585534987
259290,51185,0.8269039350046062,false,259290,51185,0.8269039350046062
259290,130367,0.8263114483130835,false,259290,130367,0.8263114483130835
259290,285335,0.8827997458813158,false,259290,285335,0.8827997458813158
259290,9356,0.8433007808663538,false,259290,9356,0.8433007808663538
259290,641776,0.9066104130991786,false,259290,641776,0.9066104130991786
259290,200373,0.7918362268923971,false,259290,200373,0.7918362268923971
259290,148213,0.8248511336719386,false,259290,148213,0.8248511336719386
259290,4583,0.8150766644276559,false,259290,4583,0.8150766644276559
259290,728643,0.837557520833043,false,259290,728643,0.837557520833043
259290,6103,0.8573732013445808,false,259290,6103,0.8573732013445808
259290,54997,0.8085527707514913,false,259290,54997,0.8085527707514913
259290,115677,0.7649667832580853,false,259290,115677,0.7649667832580853
259290,7851,0.8392704739576967,false,259290,7851,0.8392704739576967
259290,109136579,0.9868290840284462,false,259290,109136579,0.9868290840284462
259290,64332,0.9608070477866707,false,259290,64332,0.9608070477866707
259290,137872,0.8204387937275137,false,259290,137872,0.8204387937275137
259290,1577,0.8526159070904001,false,259290,1577,0.8526159070904001
259290,100033430,0.859554106900987,false,259290,100033430,0.859554106900987
259290,102723849,0.8801230819748832,false,259290,102723849,0.8801230819748832
259290,5284,0.8098579739651292,false,259290,5284,0.8098579739651292
259290,57669,0.8030207770047368,false,259290,57669,0.8030207770047368
259290,619383,0.9622247713303687,false,259290,619383,0.9622247713303687
259290,89765,0.8263989253716697,false,259290,89765,0.8263989253716697
259290,278,0.7852147934689419,false,259290,278,0.7852147934689419
259290,10129,0.7917431768383147,false,259290,10129,0.7917431768383147
259290,378938,0.9877070649650996,false,259290,378938,0.9877070649650996
259290,5545,0.9261448832896761,false,259290,5545,0.9261448832896761
259290,285,0.7523638826543442,false,259290,285,0.7523638826543442
259290,4585,0.772279981632548,false,259290,4585,0.772279981632548
259290,7620,0.8584354129472842,false,259290,7620,0.8584354129472842
259290,7113,0.814209507602474,false,259290,7113,0.814209507602474
259290,105180391,0.9185126276147784,false,259290,105180391,0.9185126276147784
259290,10018,0.9085937338970743,false,259290,10018,0.9085937338970743
259290,115019,0.7851785529910107,false,259290,115019,0.7851785529910107
259290,201625,0.8911407238509311,false,259290,201625,0.8911407238509311
259290,105180390,0.91681768902528,false,259290,105180390,0.91681768902528
259290,1043,0.8792729717109318,false,259290,1043,0.8792729717109318
259290,276,0.7620569089239354,false,259290,276,0.7620569089239354
259290,692058,0.8982624480641926,false,259290,692058,0.8982624480641926
259290,168374,0.830737940163441,false,259290,168374,0.830737940163441
259290,645843,0.9783263475100293,false,259290,645843,0.9783263475100293
259290,143884,0.8535448731853439,false,259290,143884,0.8535448731853439
259290,121512,0.8809700316874396,false,259290,121512,0.8809700316874396
259290,3993,0.7724598460278136,false,259290,3993,0.7724598460278136
259290,389852,0.7528469402376784,false,259290,389852,0.7528469402376784
259290,342892,0.7507037177122589,false,259290,342892,0.7507037177122589
259290,84239,0.7936476778312977,false,259290,84239,0.7936476778312977
259290,2065,0.8425722768143631,false,259290,2065,0.8425722768143631
259290,776,0.78900009836554,false,259290,776,0.78900009836554
259290,94059,0.8242921359795617,false,259290,94059,0.8242921359795617
259290,3960,0.8209611606514811,false,259290,3960,0.8209611606514811
259290,284323,0.8871038129793274,false,259290,284323,0.8871038129793274
259290,1080,0.756852768340719,false,259290,1080,0.756852768340719
259290,65217,0.8959914496425009,false,259290,65217,0.8959914496425009
259290,23584,0.7502319396356822,false,259290,23584,0.7502319396356822
259290,692213,0.9278176420755481,false,259290,692213,0.9278176420755481
259290,649946,0.7823811333083437,false,259290,649946,0.7823811333083437
259290,259294,0.7989567599816451,false,259290,259294,0.7989567599816451
259290,440352,0.8129923752293988,false,259290,440352,0.8129923752293988
1132,5694,0.7803629555956205,false,1132,5694,0.7803629555956205
1132,100506686,0.7634441673711939,false,1132,100506686,0.7634441673711939
1132,25804,0.8182275912377307,false,1132,25804,0.8182275912377307
1132,3207,0.7803882696588348,false,1132,3207,0.7803882696588348
1132,65998,0.794958873088665,false,1132,65998,0.794958873088665
1132,100506755,0.7981846078846684,false,1132,100506755,0.7981846078846684
1132,23562,0.9331155127190198,false,1132,23562,0.9331155127190198
1132,100130701,0.8778101387209148,false,1132,100130701,0.8778101387209148
1132,399726,0.8164372049864232,false,1132,399726,0.8164372049864232
1132,441151,0.9657763037235872,false,1132,441151,0.9657763037235872
1132,222183,0.9860058714108924,false,1132,222183,0.9860058714108924
1132,57710,0.8973400523240559,false,1132,57710,0.8973400523240559
1132,80381,0.8635333620383424,false,1132,80381,0.8635333620383424
5694,89,0.8165202148342003,false,5694,89,0.8165202148342003
5694,100506686,0.949277058240343,false,5694,100506686,0.949277058240343
5694,406903,0.8000175155680225,false,5694,406903,0.8000175155680225
5694,101929066,0.8940316431912788,false,5694,101929066,0.8940316431912788
5694,84842,0.7758502842552669,false,5694,84842,0.7758502842552669
5694,100506380,0.8105107040295276,false,5694,100506380,0.8105107040295276
5694,65998,0.8113911821819333,false,5694,65998,0.8113911821819333
5694,340596,0.9361640837598597,false,5694,340596,0.9361640837598597
5694,100506755,0.9551013813830781,false,5694,100506755,0.9551013813830781
5694,1746,0.8597528091319308,false,5694,1746,0.8597528091319308
5694,163479,0.8787179035067245,false,5694,163479,0.8787179035067245
5694,2619,0.7576577987497826,false,5694,2619,0.7576577987497826
5694,84867,0.8223756432891444,false,5694,84867,0.8223756432891444
5694,399726,0.7907311925373594,false,5694,399726,0.7907311925373594
5694,441151,0.8502387387703412,false,5694,441151,0.8502387387703412
5694,57710,0.8875600321247349,false,5694,57710,0.8875600321247349
5694,9699,0.8074803407696249,false,5694,9699,0.8074803407696249
5694,80381,0.7806703546729723,false,5694,80381,0.7806703546729723
5694,100874002,0.8891620607721272,false,5694,100874002,0.8891620607721272
5694,219793,0.8803935618131487,false,5694,219793,0.8803935618131487
5694,1515,0.9047869636527506,false,5694,1515,0.9047869636527506
1555,57528,0.9440308509214784,false,1555,57528,0.9440308509214784
1555,201456,0.9885480836546426,false,1555,201456,0.9885480836546426
1555,57186,0.8198766773665589,false,1555,57186,0.8198766773665589
1555,5544,0.7840341995222517,false,1555,5544,0.7840341995222517
1555,102723508,0.9429263375247371,false,1555,102723508,0.9429263375247371
1555,9356,0.7837352161060068,false,1555,9356,0.7837352161060068
1555,100506658,0.7596650728331826,false,1555,100506658,0.7596650728331826
1555,341676,0.9862205215410257,false,1555,341676,0.9862205215410257
1555,148213,0.9017100127604682,false,1555,148213,0.9017100127604682
1555,10595,0.9613583472678966,false,1555,10595,0.9613583472678966
1555,4583,0.9299102902757983,false,1555,4583,0.9299102902757983
1555,55567,0.9550416251537407,false,1555,55567,0.9550416251537407
1555,5961,0.7695748382862243,false,1555,5961,0.7695748382862243
1555,7851,0.8733340851860614,false,1555,7851,0.8733340851860614
1555,692072,0.9402104652097971,false,1555,692072,0.9402104652097971
1555,55808,0.9993759171572081,false,1555,55808,0.9993759171572081
1555,999,0.980289025205801,false,1555,999,0.980289025205801
1555,126353,0.9645959465749636,false,1555,126353,0.9645959465749636
1555,26226,0.830189777496146,false,1555,26226,0.830189777496146
1555,388743,0.9886398210430085,false,1555,388743,0.9886398210430085
1555,1577,0.8692361617372902,false,1555,1577,0.8692361617372902
1555,340267,0.8706143318555294,false,1555,340267,0.8706143318555294
1555,200879,0.9968863798182707,false,1555,200879,0.9968863798182707
1555,1510,0.9972059226905498,false,1555,1510,0.9972059226905498
1555,102723849,0.7763830843431723,false,1555,102723849,0.7763830843431723
1555,6337,0.7574139818082781,false,1555,6337,0.7574139818082781
1555,5284,0.850991663525366,false,1555,5284,0.850991663525366
1555,57111,0.998609294757084,false,1555,57111,0.998609294757084
1555,116844,0.8379551790599613,false,1555,116844,0.8379551790599613
1555,10129,0.8552474236792501,false,1555,10129,0.8552474236792501
1555,4586,0.9956618627801216,false,1555,4586,0.9956618627801216
1555,10551,0.9928614911941447,false,1555,10551,0.9928614911941447
1555,688,0.8519950501855812,false,1555,688,0.8519950501855812
1555,54897,0.8257555339376139,false,1555,54897,0.8257555339376139
1555,117155,0.9529170489406006,false,1555,117155,0.9529170489406006
1555,112268155,0.9512798414524362,false,1555,112268155,0.9512798414524362
1555,1152,0.9294011443539063,false,1555,1152,0.9294011443539063
1555,79083,0.996614817635095,false,1555,79083,0.996614817635095
1555,1556,0.900413992899293,false,1555,1556,0.900413992899293
1555,55930,0.9426714633121595,false,1555,55930,0.9426714633121595
1555,22996,0.9353112961216301,false,1555,22996,0.9353112961216301
1555,7113,0.8469702241862195,false,1555,7113,0.8469702241862195
1555,54861,0.7847274397775232,false,1555,54861,0.7847274397775232
1555,222256,0.8313046286566607,false,1555,222256,0.8313046286566607
1555,100529240,0.9743682717340716,false,1555,100529240,0.9743682717340716
1555,113218482,0.983789442789179,false,1555,113218482,0.983789442789179
1555,647024,0.9783107155455915,false,1555,647024,0.9783107155455915
1555,255928,0.9900462637736314,false,1555,255928,0.9900462637736314
1555,8537,0.9517590438190224,false,1555,8537,0.9517590438190224
1555,10018,0.8386968372218053,false,1555,10018,0.8386968372218053
1555,115019,0.9106222781524014,false,1555,115019,0.9106222781524014
1555,1043,0.8447042374328291,false,1555,1043,0.8447042374328291
1555,168374,0.8876996168402915,false,1555,168374,0.8876996168402915
1555,143884,0.8685491309150989,false,1555,143884,0.8685491309150989
1555,80004,0.9043711285628135,false,1555,80004,0.9043711285628135
1555,3993,0.8946637528188343,false,1555,3993,0.8946637528188343
1555,389852,0.9378108547181483,false,1555,389852,0.9378108547181483
1555,164312,0.9902073619140328,false,1555,164312,0.9902073619140328
1555,84239,0.7565860310418079,false,1555,84239,0.7565860310418079
1555,2065,0.880556932060236,false,1555,2065,0.880556932060236
1555,1513,0.7511430057604156,false,1555,1513,0.7511430057604156
1555,135656,0.9957787728817578,false,1555,135656,0.9957787728817578
1555,3880,0.7767222846903279,false,1555,3880,0.7767222846903279
1555,94059,0.8533409869459708,false,1555,94059,0.8533409869459708
1555,3960,0.8882991403063334,false,1555,3960,0.8882991403063334
1555,23584,0.8572512119251644,false,1555,23584,0.8572512119251644
1555,692213,0.7897349752825045,false,1555,692213,0.7897349752825045
1555,153643,0.9573516651419839,false,1555,153643,0.9573516651419839
1555,112268422,0.8886816627011951,false,1555,112268422,0.8886816627011951
1555,259294,0.9332787343333951,false,1555,259294,0.9332787343333951
1555,2266,0.9809661795075791,false,1555,2266,0.9809661795075791
1555,745,0.9710104709374093,false,1555,745,0.9710104709374093
89,57526,0.9304166527463665,false,89,57526,0.9304166527463665
89,100506686,0.8510796533939385,false,89,100506686,0.8510796533939385
89,406903,0.9896926242025512,false,89,406903,0.9896926242025512
89,101929066,0.7861157620681026,false,89,101929066,0.7861157620681026
89,84842,0.9867880143227531,false,89,84842,0.9867880143227531
89,388555,0.9309369653153177,false,89,388555,0.9309369653153177
89,100506380,0.8462134001243077,false,89,100506380,0.8462134001243077
89,363,0.9309369653153176,false,89,363,0.9309369653153176
89,65998,0.9420702968479291,false,89,65998,0.9420702968479291
89,419,0.9309369653153176,false,89,419,0.9309369653153176
89,102723635,0.7862521623566908,false,89,102723635,0.7862521623566908
89,340596,0.9064257696704351,false,89,340596,0.9064257696704351
89,10586,0.9745974084221729,false,89,10586,0.9745974084221729
89,2125,0.8066304033586772,false,89,2125,0.8066304033586772
89,3780,0.8934176982971923,false,89,3780,0.8934176982971923
89,163479,0.9793505530340072,false,89,163479,0.9793505530340072
89,2619,0.9446197851557163,false,89,2619,0.9446197851557163
89,84867,0.9654316333191738,false,89,84867,0.9654316333191738
89,113219467,0.7956203196870438,false,89,113219467,0.7956203196870438
89,100423031,0.9309369653153174,false,89,100423031,0.9309369653153174
89,1515,0.945700429772507,false,89,1515,0.945700429772507
56241,57530,0.8002790864806117,false,56241,57530,0.8002790864806117
56241,722,0.7529994889360155,false,56241,722,0.7529994889360155
56241,2327,0.7650036183266324,false,56241,2327,0.7650036183266324
56241,7080,0.8727285987591016,false,56241,7080,0.8727285987591016
56241,6439,0.8885600793808127,false,56241,6439,0.8885600793808127
56241,146177,0.8697193077086793,false,56241,146177,0.8697193077086793
56241,81615,0.7700405977011545,false,56241,81615,0.7700405977011545
56241,128602,0.8133946649298857,false,56241,128602,0.8133946649298857
56241,2595,0.7746587998651264,false,56241,2595,0.7746587998651264
56241,64073,0.9196327291976187,false,56241,64073,0.9196327291976187
56241,253970,0.7799671603732556,false,56241,253970,0.7799671603732556
56241,4070,0.8482685955179333,false,56241,4070,0.8482685955179333
56241,2277,0.8094903401609279,false,56241,2277,0.8094903401609279
56241,825,0.7702303914684019,false,56241,825,0.7702303914684019
56241,93517,0.8772023691690588,false,56241,93517,0.8772023691690588
56241,9476,0.8672559653486432,false,56241,9476,0.8672559653486432
56241,117156,0.7621734551507192,false,56241,117156,0.7621734551507192
56241,195814,0.7986166050126757,false,56241,195814,0.7986166050126757
56241,6097,0.817410262023669,false,56241,6097,0.817410262023669
56241,220136,0.791549785669509,false,56241,220136,0.791549785669509
56241,6799,0.8163137370505872,false,56241,6799,0.8163137370505872
56241,389376,0.9391063512205592,false,56241,389376,0.9391063512205592
56241,84525,0.8059437848106851,false,56241,84525,0.8059437848106851
56241,4861,0.7640013181358991,false,56241,4861,0.7640013181358991
56241,56955,0.837088645182458,false,56241,56955,0.837088645182458
56241,653509,0.9339621998761491,false,56241,653509,0.9339621998761491
56241,55282,0.8371388808685246,false,56241,55282,0.8371388808685246
56241,729238,0.9425459570299659,false,56241,729238,0.9425459570299659
56241,79098,0.8167782910318494,false,56241,79098,0.8167782910318494
56241,144571,0.7742674410108756,false,56241,144571,0.7742674410108756
56241,165186,0.8044339926553014,false,56241,165186,0.8044339926553014
57528,201456,0.945142157700424,false,57528,201456,0.945142157700424
57528,57186,0.8543189815599567,false,57528,57186,0.8543189815599567
57528,102723508,0.8942108167975193,false,57528,102723508,0.8942108167975193
57528,9356,0.9235390973202804,false,57528,9356,0.9235390973202804
57528,641776,0.912556193395134,false,57528,641776,0.912556193395134
57528,100506658,0.7960102086346376,false,57528,100506658,0.7960102086346376
57528,341676,0.9257429780572579,false,57528,341676,0.9257429780572579
57528,148213,0.9527949626923512,false,57528,148213,0.9527949626923512
57528,10595,0.9101246401694245,false,57528,10595,0.9101246401694245
57528,4583,0.9829656136379915,false,57528,4583,0.9829656136379915
57528,55567,0.8983456428471212,false,57528,55567,0.8983456428471212
57528,7851,0.9823109953643661,false,57528,7851,0.9823109953643661
57528,692072,0.9841695978813239,false,57528,692072,0.9841695978813239
57528,55808,0.9451280664861428,false,57528,55808,0.9451280664861428
57528,999,0.9216359551848075,false,57528,999,0.9216359551848075
57528,126353,0.9814699702171719,false,57528,126353,0.9814699702171719
57528,26226,0.8106842723391736,false,57528,26226,0.8106842723391736
57528,64332,0.8065310975383303,false,57528,64332,0.8065310975383303
57528,388743,0.9789102418486708,false,57528,388743,0.9789102418486708
57528,1577,0.9779694059725491,false,57528,1577,0.9779694059725491
57528,340267,0.9102939429132987,false,57528,340267,0.9102939429132987
57528,200879,0.9560241505971081,false,57528,200879,0.9560241505971081
57528,1510,0.9561288204602231,false,57528,1510,0.9561288204602231
57528,441251,0.7969303396774721,false,57528,441251,0.7969303396774721
57528,102723849,0.9374690166735303,false,57528,102723849,0.9374690166735303
57528,5284,0.8989796448715747,false,57528,5284,0.8989796448715747
57528,57669,0.81521807158304,false,57528,57669,0.81521807158304
57528,57111,0.944543205470777,false,57528,57111,0.944543205470777
57528,116844,0.7943652303817808,false,57528,116844,0.7943652303817808
57528,10129,0.8712552566615975,false,57528,10129,0.8712552566615975
57528,4586,0.9518417428137633,false,57528,4586,0.9518417428137633
57528,10551,0.9528331667017668,false,57528,10551,0.9528331667017668
57528,688,0.8145846004257689,false,57528,688,0.8145846004257689
57528,5545,0.8297757997725828,false,57528,5545,0.8297757997725828
57528,117155,0.9721674735534227,false,57528,117155,0.9721674735534227
57528,112268155,0.9817464972550646,false,57528,112268155,0.9817464972550646
57528,1152,0.8497803305431378,false,57528,1152,0.8497803305431378
57528,79083,0.947888972617543,false,57528,79083,0.947888972617543
57528,1556,0.9165558866236097,false,57528,1556,0.9165558866236097
57528,55930,0.9376922899703766,false,57528,55930,0.9376922899703766
57528,22996,0.8380719402013034,false,57528,22996,0.8380719402013034
57528,7113,0.9594976699313776,false,57528,7113,0.9594976699313776
57528,54861,0.7772072554145861,false,57528,54861,0.7772072554145861
57528,222256,0.7529571541073398,false,57528,222256,0.7529571541073398
57528,105180391,0.8715699846968902,false,57528,105180391,0.8715699846968902
57528,100529240,0.9102673886164466,false,57528,100529240,0.9102673886164466
57528,113218482,0.937773459371651,false,57528,113218482,0.937773459371651
57528,647024,0.9038920573113409,false,57528,647024,0.9038920573113409
57528,255928,0.9355437097266333,false,57528,255928,0.9355437097266333
57528,8537,0.8884977765746003,false,57528,8537,0.8884977765746003
57528,10018,0.9437374817178666,false,57528,10018,0.9437374817178666
57528,115019,0.9837583259536776,false,57528,115019,0.9837583259536776
57528,105180390,0.8922904628949293,false,57528,105180390,0.8922904628949293
57528,1043,0.9364264510550757,false,57528,1043,0.9364264510550757
57528,168374,0.9778754721524345,false,57528,168374,0.9778754721524345
57528,645843,0.7870593069419296,false,57528,645843,0.7870593069419296
57528,143884,0.9478863332285,false,57528,143884,0.9478863332285
57528,80004,0.9649720609739767,false,57528,80004,0.9649720609739767
57528,3993,0.9546590766842424,false,57528,3993,0.9546590766842424
57528,389852,0.990871522289199,false,57528,389852,0.990871522289199
57528,164312,0.9122789433218815,false,57528,164312,0.9122789433218815
57528,84239,0.8722549428826379,false,57528,84239,0.8722549428826379
57528,2065,0.9753346738549759,false,57528,2065,0.9753346738549759
57528,135656,0.9528738880483824,false,57528,135656,0.9528738880483824
57528,94059,0.8864438947581688,false,57528,94059,0.8864438947581688
57528,3960,0.9816554565356135,false,57528,3960,0.9816554565356135
57528,284323,0.7598121926044084,false,57528,284323,0.7598121926044084
57528,23584,0.9338207325869697,false,57528,23584,0.9338207325869697
57528,692213,0.9214218856859157,false,57528,692213,0.9214218856859157
57528,153643,0.9069413245619916,false,57528,153643,0.9069413245619916
57528,112268422,0.826313291474766,false,57528,112268422,0.826313291474766
57528,259294,0.9888299193344481,false,57528,259294,0.9888299193344481
57528,2266,0.9195619195072945,false,57528,2266,0.9195619195072945
57528,745,0.9042253468821131,false,57528,745,0.9042253468821131
57528,440352,0.8272896608494543,false,57528,440352,0.8272896608494543
57530,163720,0.814414654866134,false,57530,163720,0.814414654866134
57530,7080,0.9753442311584875,false,57530,7080,0.9753442311584875
57530,6439,0.9556215635070502,false,57530,6439,0.9556215635070502
57530,1910,0.8214266840576997,false,57530,1910,0.8214266840576997
57530,146177,0.8057600533832405,false,57530,146177,0.8057600533832405
57530,81615,0.7936982622781341,false,57530,81615,0.7936982622781341
57530,54842,0.7961140536957023,false,57530,54842,0.7961140536957023
57530,102723552,0.9311536832500985,false,57530,102723552,0.9311536832500985
57530,6332,0.8226076376116603,false,57530,6332,0.8226076376116603
57530,2595,0.7962267785550732,false,57530,2595,0.7962267785550732
57530,64073,0.9008237739112047,false,57530,64073,0.9008237739112047
57530,9223,0.7503248994179376,false,57530,9223,0.7503248994179376
57530,253970,0.7702093064662404,false,57530,253970,0.7702093064662404
57530,2277,0.8330622179842223,false,57530,2277,0.8330622179842223
57530,3875,0.8429703333804294,false,57530,3875,0.8429703333804294
57530,4680,0.9002775684213554,false,57530,4680,0.9002775684213554
57530,109729127,0.8515055863957159,false,57530,109729127,0.8515055863957159
57530,79148,0.7973185755541896,false,57530,79148,0.7973185755541896
57530,6532,0.8000032031852161,false,57530,6532,0.8000032031852161
57530,26084,0.917237178414406,false,57530,26084,0.917237178414406
57530,117156,0.9738166034722916,false,57530,117156,0.9738166034722916
57530,195814,0.9422177264925489,false,57530,195814,0.9422177264925489
57530,84059,0.8329045390292643,false,57530,84059,0.8329045390292643
57530,6097,0.7780946336775021,false,57530,6097,0.7780946336775021
57530,100820829,0.8195280983593601,false,57530,100820829,0.8195280983593601
57530,220136,0.8449480176651771,false,57530,220136,0.8449480176651771
57530,6799,0.9364502165887241,false,57530,6799,0.9364502165887241
57530,57402,0.9185330143446911,false,57530,57402,0.9185330143446911
57530,84525,0.8897277344255219,false,57530,84525,0.8897277344255219
57530,21,0.883893084891646,false,57530,21,0.883893084891646
57530,7433,0.7858760286053493,false,57530,7433,0.7858760286053493
57530,1286,0.8559248450490426,false,57530,1286,0.8559248450490426
57530,653509,0.8974566457353906,false,57530,653509,0.8974566457353906
57530,55282,0.8406778003054453,false,57530,55282,0.8406778003054453
57530,729238,0.9049932134811977,false,57530,729238,0.9049932134811977
57530,3855,0.8528503912658147,false,57530,3855,0.8528503912658147
201456,57186,0.8717211389813918,false,201456,57186,0.8717211389813918
201456,5544,0.7613840356540188,false,201456,5544,0.7613840356540188
201456,102723508,0.9718887766875238,false,201456,102723508,0.9718887766875238
201456,9356,0.7728016864095636,false,201456,9356,0.7728016864095636
201456,100506658,0.8246153229605488,false,201456,100506658,0.8246153229605488
201456,341676,0.9914952188726059,false,201456,341676,0.9914952188726059
201456,148213,0.8818544964546371,false,201456,148213,0.8818544964546371
201456,10595,0.977288936752113,false,201456,10595,0.977288936752113
201456,4583,0.9291970055795055,false,201456,4583,0.9291970055795055
201456,55567,0.9396440975475363,false,201456,55567,0.9396440975475363
201456,5961,0.8522937416186604,false,201456,5961,0.8522937416186604
201456,7851,0.8757210692244897,false,201456,7851,0.8757210692244897
201456,692072,0.9544719811431666,false,201456,692072,0.9544719811431666
201456,55808,0.9848803733732255,false,201456,55808,0.9848803733732255
201456,999,0.9912401065624649,false,201456,999,0.9912401065624649
201456,126353,0.9410638515916395,false,201456,126353,0.9410638515916395
201456,26226,0.9022378039256049,false,201456,26226,0.9022378039256049
201456,388743,0.9770480452222329,false,201456,388743,0.9770480452222329
201456,1577,0.8740058388088717,false,201456,1577,0.8740058388088717
201456,340267,0.9229949774879317,false,201456,340267,0.9229949774879317
201456,200879,0.9839114043600453,false,201456,200879,0.9839114043600453
201456,1510,0.9788393042784427,false,201456,1510,0.9788393042784427
201456,102723849,0.792272459008972,false,201456,102723849,0.792272459008972
201456,6337,0.8243947544403344,false,201456,6337,0.8243947544403344
201456,5284,0.8795275568508685,false,201456,5284,0.8795275568508685
201456,57669,0.7922615826251828,false,201456,57669,0.7922615826251828
201456,57111,0.9867443706556839,false,201456,57111,0.9867443706556839
201456,116844,0.8948591032893836,false,201456,116844,0.8948591032893836
201456,10129,0.8784861475073678,false,201456,10129,0.8784861475073678
201456,4586,0.9788068105507696,false,201456,4586,0.9788068105507696
201456,10551,0.977769620525731,false,201456,10551,0.977769620525731
201456,688,0.8715956322336784,false,201456,688,0.8715956322336784
201456,54897,0.8822638911397233,false,201456,54897,0.8822638911397233
201456,117155,0.9747088999115454,false,201456,117155,0.9747088999115454
201456,112268155,0.972917873986,false,201456,112268155,0.972917873986
201456,1152,0.9557419208007321,false,201456,1152,0.9557419208007321
201456,79083,0.989958969994565,false,201456,79083,0.989958969994565
201456,1556,0.9509396702344097,false,201456,1556,0.9509396702344097
201456,55930,0.9343933702835446,false,201456,55930,0.9343933702835446
201456,22996,0.9285815520802434,false,201456,22996,0.9285815520802434
201456,7113,0.8798952978577161,false,201456,7113,0.8798952978577161
201456,54861,0.8552674715474424,false,201456,54861,0.8552674715474424
201456,222256,0.8876907328532265,false,201456,222256,0.8876907328532265
201456,100529240,0.9526282342207487,false,201456,100529240,0.9526282342207487
201456,113218482,0.9958819160125935,false,201456,113218482,0.9958819160125935
201456,647024,0.9815109905908366,false,201456,647024,0.9815109905908366
201456,255928,0.9652326928655314,false,201456,255928,0.9652326928655314
201456,8537,0.9222568410772796,false,201456,8537,0.9222568410772796
201456,10018,0.8359505395224242,false,201456,10018,0.8359505395224242
201456,115019,0.9357038703921231,false,201456,115019,0.9357038703921231
201456,1043,0.8708675730993329,false,201456,1043,0.8708675730993329
201456,168374,0.9137540996206123,false,201456,168374,0.9137540996206123
201456,143884,0.8723549572418153,false,201456,143884,0.8723549572418153
201456,80004,0.9271736677526873,false,201456,80004,0.9271736677526873
201456,3993,0.9018005974393458,false,201456,3993,0.9018005974393458
201456,389852,0.9210467565610263,false,201456,389852,0.9210467565610263
201456,164312,0.9674777348716732,false,201456,164312,0.9674777348716732
201456,84239,0.822511125126646,false,201456,84239,0.822511125126646
201456,2065,0.8751592178382019,false,201456,2065,0.8751592178382019
201456,135656,0.9792276702513619,false,201456,135656,0.9792276702513619
201456,3880,0.8443358053333438,false,201456,3880,0.8443358053333438
201456,94059,0.8467293118989767,false,201456,94059,0.8467293118989767
201456,3960,0.8737409260004109,false,201456,3960,0.8737409260004109
201456,23584,0.9068537381637818,false,201456,23584,0.9068537381637818
201456,692213,0.781583366544454,false,201456,692213,0.781583366544454
201456,153643,0.9842225520886061,false,201456,153643,0.9842225520886061
201456,112268422,0.8911482159415821,false,201456,112268422,0.8911482159415821
201456,259294,0.9262140892581255,false,201456,259294,0.9262140892581255
201456,2266,0.9600849773310312,false,201456,2266,0.9600849773310312
201456,745,0.9906128154430891,false,201456,745,0.9906128154430891
142827,10579,0.7725895184368291,false,142827,10579,0.7725895184368291
142827,168090,0.8678376742979315,false,142827,168090,0.8678376742979315
142827,1906,0.7585363553680602,false,142827,1906,0.7585363553680602
142827,3240,0.8088018600605661,false,142827,3240,0.8088018600605661
142827,102723552,0.8743853518979546,false,142827,102723552,0.8743853518979546
142827,56892,0.8041551773754076,false,142827,56892,0.8041551773754076
142827,3875,0.846906053217326,false,142827,3875,0.846906053217326
142827,644649,0.8969687224135836,false,142827,644649,0.8969687224135836
142827,4680,0.9110420872079584,false,142827,4680,0.9110420872079584
142827,7356,0.7746983942956768,false,142827,7356,0.7746983942956768
142827,109729127,0.8713203707767423,false,142827,109729127,0.8713203707767423
142827,400578,0.8546018883474422,false,142827,400578,0.8546018883474422
142827,85349,0.862352299140002,false,142827,85349,0.862352299140002
142827,728276,0.8828525108726878,false,142827,728276,0.8828525108726878
142827,27022,0.9000091477566037,false,142827,27022,0.9000091477566037
142827,6101,0.9120586871976221,false,142827,6101,0.9120586871976221
142827,26084,0.8516809581720172,false,142827,26084,0.8516809581720172
142827,117156,0.7727701995750225,false,142827,117156,0.7727701995750225
142827,83481,0.8642256518399155,false,142827,83481,0.8642256518399155
142827,105,0.8604145206088711,false,142827,105,0.8604145206088711
142827,1579,0.8438564724031001,false,142827,1579,0.8438564724031001
142827,57477,0.8145744475557258,false,142827,57477,0.8145744475557258
142827,57402,0.9199643171835378,false,142827,57402,0.9199643171835378
142827,780,0.873760503782581,false,142827,780,0.873760503782581
142827,7433,0.9791718910467365,false,142827,7433,0.9791718910467365
142827,100129460,0.8412197200277872,false,142827,100129460,0.8412197200277872
142827,1286,0.7880069283756332,false,142827,1286,0.7880069283756332
142827,3855,0.8556398757096513,false,142827,3855,0.8556398757096513
60494,22943,0.798438795399976,false,60494,22943,0.798438795399976
60494,7033,0.815672884814443,false,60494,7033,0.815672884814443
60494,160728,0.8131564124856335,false,60494,160728,0.8131564124856335
60494,94025,0.7526470520176015,false,60494,94025,0.7526470520176015
60494,388633,0.8418016470956984,false,60494,388633,0.8418016470956984
60494,3929,0.8153670174258647,false,60494,3929,0.8153670174258647
60494,727897,0.793421705255107,false,60494,727897,0.793421705255107
60494,886,0.794218998032428,false,60494,886,0.794218998032428
60494,4057,0.8078029005026227,false,60494,4057,0.8078029005026227
60494,26797,0.837844964147959,false,60494,26797,0.837844964147959
60494,112577518,0.8340747117625238,false,60494,112577518,0.8340747117625238
60494,692209,0.8142071754948162,false,60494,692209,0.8142071754948162
60494,563,0.8178350540697388,false,60494,563,0.8178350540697388
60494,83643,0.7963654216348487,false,60494,83643,0.7963654216348487
60494,284434,0.8447394226269563,false,60494,284434,0.8447394226269563
163720,722,0.9552759425349383,false,163720,722,0.9552759425349383
163720,6751,0.7947328946240677,false,163720,6751,0.7947328946240677
163720,79908,0.9094726499603749,false,163720,79908,0.9094726499603749
163720,10579,0.7643991336656901,false,163720,10579,0.7643991336656901
163720,5625,0.8931210808765224,false,163720,5625,0.8931210808765224
163720,130367,0.9232890073434692,false,163720,130367,0.9232890073434692
163720,7080,0.884499082295524,false,163720,7080,0.884499082295524
163720,285335,0.8271038665799042,false,163720,285335,0.8271038665799042
163720,6439,0.755731728034879,false,163720,6439,0.755731728034879
163720,1910,0.9727422920089109,false,163720,1910,0.9727422920089109
163720,146177,0.9483265303977372,false,163720,146177,0.9483265303977372
163720,728226,0.9055243612325597,false,163720,728226,0.9055243612325597
163720,81615,0.9805594541879556,false,163720,81615,0.9805594541879556
163720,200373,0.8764267871245924,false,163720,200373,0.8764267871245924
163720,5787,0.8304046416769225,false,163720,5787,0.8304046416769225
163720,102723382,0.7949640507884843,false,163720,102723382,0.7949640507884843
163720,474354,0.8694861396953162,false,163720,474354,0.8694861396953162
163720,1040,0.7736587712954566,false,163720,1040,0.7736587712954566
163720,221395,0.9410773336823076,false,163720,221395,0.9410773336823076
163720,54842,0.985449381246852,false,163720,54842,0.985449381246852
163720,728643,0.9191416572219887,false,163720,728643,0.9191416572219887
163720,128602,0.9640731422656362,false,163720,128602,0.9640731422656362
163720,107985317,0.7572945995951578,false,163720,107985317,0.7572945995951578
163720,54997,0.8691230900099155,false,163720,54997,0.8691230900099155
163720,2595,0.9852447862935784,false,163720,2595,0.9852447862935784
163720,219790,0.9295680458350203,false,163720,219790,0.9295680458350203
163720,115677,0.8034988230648272,false,163720,115677,0.8034988230648272
163720,64073,0.9274489529597882,false,163720,64073,0.9274489529597882
163720,9223,0.9396896589469692,false,163720,9223,0.9396896589469692
163720,253970,0.9834059965065309,false,163720,253970,0.9834059965065309
163720,503645,0.9846111158858651,false,163720,503645,0.9846111158858651
163720,4070,0.9408502709397226,false,163720,4070,0.9408502709397226
163720,2277,0.9359139996738581,false,163720,2277,0.9359139996738581
163720,346007,0.9021920878876069,false,163720,346007,0.9021920878876069
163720,116984,0.9589315447045159,false,163720,116984,0.9589315447045159
163720,825,0.9525284105249097,false,163720,825,0.9525284105249097
163720,3875,0.8032255125604711,false,163720,3875,0.8032255125604711
163720,137872,0.8460378784642697,false,163720,137872,0.8460378784642697
163720,100033430,0.7889922041376936,false,163720,100033430,0.7889922041376936
163720,9196,0.8554594671209893,false,163720,9196,0.8554594671209893
163720,93517,0.7970414621716609,false,163720,93517,0.7970414621716609
163720,89765,0.7662454295585523,false,163720,89765,0.7662454295585523
163720,130271,0.903252385853717,false,163720,130271,0.903252385853717
163720,101927516,0.9324411016341361,false,163720,101927516,0.9324411016341361
163720,285,0.8574328713779901,false,163720,285,0.8574328713779901
163720,27074,0.9712372050077751,false,163720,27074,0.9712372050077751
163720,100996506,0.7726605554190074,false,163720,100996506,0.7726605554190074
163720,66002,0.8862253062682268,false,163720,66002,0.8862253062682268
163720,54848,0.7749380823932495,false,163720,54848,0.7749380823932495
163720,79632,0.9767263046126547,false,163720,79632,0.9767263046126547
163720,100505495,0.888791167002649,false,163720,100505495,0.888791167002649
163720,7620,0.7607199954810945,false,163720,7620,0.7607199954810945
163720,26084,0.7972398946817192,false,163720,26084,0.7972398946817192
163720,9476,0.9099986395737266,false,163720,9476,0.9099986395737266
163720,151531,0.8671778808525006,false,163720,151531,0.8671778808525006
163720,195814,0.9394882590880861,false,163720,195814,0.9394882590880861
163720,2122,0.9587238741764369,false,163720,2122,0.9587238741764369
163720,84059,0.983576263200615,false,163720,84059,0.983576263200615
163720,121512,0.8436993927089637,false,163720,121512,0.8436993927089637
163720,6097,0.9744292521685766,false,163720,6097,0.9744292521685766
163720,120892,0.9603315414366583,false,163720,120892,0.9603315414366583
163720,123624,0.954289672131551,false,163720,123624,0.954289672131551
163720,391253,0.9152298659791748,false,163720,391253,0.9152298659791748
163720,220136,0.9065390211850735,false,163720,220136,0.9065390211850735
163720,693188,0.8607823677420651,false,163720,693188,0.8607823677420651
163720,6799,0.9572946338159005,false,163720,6799,0.9572946338159005
163720,389376,0.8279973567686345,false,163720,389376,0.8279973567686345
163720,353189,0.919054218683491,false,163720,353189,0.919054218683491
163720,776,0.8890921567371397,false,163720,776,0.8890921567371397
163720,84851,0.8430199176315731,false,163720,84851,0.8430199176315731
163720,84525,0.9751356993391219,false,163720,84525,0.9751356993391219
163720,4861,0.8891454882397013,false,163720,4861,0.8891454882397013
163720,10203,0.9417683306763283,false,163720,10203,0.9417683306763283
163720,1080,0.8850563597939037,false,163720,1080,0.8850563597939037
163720,65217,0.7825391889990834,false,163720,65217,0.7825391889990834
163720,1286,0.8463378061199563,false,163720,1286,0.8463378061199563
163720,105372793,0.7863962156421493,false,163720,105372793,0.7863962156421493
163720,56955,0.7958152687880199,false,163720,56955,0.7958152687880199
163720,84765,0.8663920744935697,false,163720,84765,0.8663920744935697
163720,653509,0.8901031855370164,false,163720,653509,0.8901031855370164
163720,55282,0.9652263270416573,false,163720,55282,0.9652263270416573
163720,729238,0.7740567202934877,false,163720,729238,0.7740567202934877
163720,79098,0.8963043469552544,false,163720,79098,0.8963043469552544
163720,144535,0.8855581052057456,false,163720,144535,0.8855581052057456
163720,649946,0.9402382798045482,false,163720,649946,0.9402382798045482
163720,144571,0.936090601740339,false,163720,144571,0.936090601740339
163720,26298,0.8040313057087439,false,163720,26298,0.8040313057087439
163720,165186,0.9156338878199576,false,163720,165186,0.9156338878199576
163720,102465485,0.9334328902008533,false,163720,102465485,0.9334328902008533
163720,100033436,0.8835577174550059,false,163720,100033436,0.8835577174550059
57186,102723508,0.8185314966195973,false,57186,102723508,0.8185314966195973
57186,28984,0.7519849682801696,false,57186,28984,0.7519849682801696
57186,9356,0.7713325992005362,false,57186,9356,0.7713325992005362
57186,641776,0.7856472132581236,false,57186,641776,0.7856472132581236
57186,100506658,0.9185126847767434,false,57186,100506658,0.9185126847767434
57186,341676,0.864473242752477,false,57186,341676,0.864473242752477
57186,148213,0.8353410528875689,false,57186,148213,0.8353410528875689
57186,10595,0.8672991521572709,false,57186,10595,0.8672991521572709
57186,4583,0.8703096371741843,false,57186,4583,0.8703096371741843
57186,55567,0.8517807721812031,false,57186,55567,0.8517807721812031
57186,5961,0.8067172863962757,false,57186,5961,0.8067172863962757
57186,7851,0.8354352258970091,false,57186,7851,0.8354352258970091
57186,692072,0.8350014811594687,false,57186,692072,0.8350014811594687
57186,55808,0.8131280577225931,false,57186,55808,0.8131280577225931
57186,999,0.8721677399654769,false,57186,999,0.8721677399654769
57186,126353,0.7990268212011932,false,57186,126353,0.7990268212011932
57186,26226,0.8478719455603319,false,57186,26226,0.8478719455603319
57186,64332,0.7628369112988678,false,57186,64332,0.7628369112988678
57186,388743,0.8366626120832106,false,57186,388743,0.8366626120832106
57186,1577,0.82555144506564,false,57186,1577,0.82555144506564
57186,340267,0.9068784928970822,false,57186,340267,0.9068784928970822
57186,200879,0.8255432770272415,false,57186,200879,0.8255432770272415
57186,1510,0.8062691814780704,false,57186,1510,0.8062691814780704
57186,441251,0.7859792152288297,false,57186,441251,0.7859792152288297
57186,102723849,0.7971037225007231,false,57186,102723849,0.7971037225007231
57186,6337,0.7748475278298701,false,57186,6337,0.7748475278298701
57186,5284,0.9231156051934417,false,57186,5284,0.9231156051934417
57186,57669,0.9640052134141058,false,57186,57669,0.9640052134141058
57186,57111,0.8276239850359262,false,57186,57111,0.8276239850359262
57186,278,0.801156427284833,false,57186,278,0.801156427284833
57186,116844,0.8587881593486415,false,57186,116844,0.8587881593486415
57186,10129,0.896419887939261,false,57186,10129,0.896419887939261
57186,4586,0.8094541019828868,false,57186,4586,0.8094541019828868
57186,10551,0.8290337134826636,false,57186,10551,0.8290337134826636
57186,688,0.8247158612694363,false,57186,688,0.8247158612694363
57186,54897,0.8554423404050798,false,57186,54897,0.8554423404050798
57186,117155,0.910721835905145,false,57186,117155,0.910721835905145
57186,112268155,0.9126763135106907,false,57186,112268155,0.9126763135106907
57186,1152,0.8647042791241495,false,57186,1152,0.8647042791241495
57186,79083,0.8386009781318468,false,57186,79083,0.8386009781318468
57186,1556,0.9079495448311714,false,57186,1556,0.9079495448311714
57186,55930,0.8707162284029268,false,57186,55930,0.8707162284029268
57186,22996,0.8182292695022747,false,57186,22996,0.8182292695022747
57186,7113,0.865236249763014,false,57186,7113,0.865236249763014
57186,54861,0.9520414919788657,false,57186,54861,0.9520414919788657
57186,222256,0.8310264661855447,false,57186,222256,0.8310264661855447
57186,105180391,0.7520877989380358,false,57186,105180391,0.7520877989380358
57186,100529240,0.8175692296159001,false,57186,100529240,0.8175692296159001
57186,113218482,0.8501037583033578,false,57186,113218482,0.8501037583033578
57186,647024,0.8453122260910328,false,57186,647024,0.8453122260910328
57186,255928,0.7623207158465922,false,57186,255928,0.7623207158465922
57186,10018,0.8339870155025669,false,57186,10018,0.8339870155025669
57186,115019,0.8833963681898411,false,57186,115019,0.8833963681898411
57186,105180390,0.7659624318953011,false,57186,105180390,0.7659624318953011
57186,1043,0.9443363679270234,false,57186,1043,0.9443363679270234
57186,276,0.7791357329772655,false,57186,276,0.7791357329772655
57186,168374,0.8899924455800268,false,57186,168374,0.8899924455800268
57186,645843,0.7543769555648464,false,57186,645843,0.7543769555648464
57186,143884,0.8362071320626682,false,57186,143884,0.8362071320626682
57186,80004,0.8833421162373731,false,57186,80004,0.8833421162373731
57186,3993,0.8684086363878727,false,57186,3993,0.8684086363878727
57186,389852,0.8134769055715406,false,57186,389852,0.8134769055715406
57186,164312,0.7853670961457284,false,57186,164312,0.7853670961457284
57186,84239,0.9121559607188704,false,57186,84239,0.9121559607188704
57186,2065,0.8503970897988212,false,57186,2065,0.8503970897988212
57186,135656,0.8103211784828608,false,57186,135656,0.8103211784828608
57186,3880,0.7993928007564486,false,57186,3880,0.7993928007564486
57186,94059,0.8565270373195614,false,57186,94059,0.8565270373195614
57186,3960,0.7993589725449848,false,57186,3960,0.7993589725449848
57186,23584,0.9108475967587015,false,57186,23584,0.9108475967587015
57186,692213,0.7929019438613988,false,57186,692213,0.7929019438613988
57186,153643,0.8674960576579223,false,57186,153643,0.8674960576579223
57186,112268422,0.8225944983233089,false,57186,112268422,0.8225944983233089
57186,259294,0.8457162115053228,false,57186,259294,0.8457162115053228
57186,79740,0.770265779334599,false,57186,79740,0.770265779334599
57186,2266,0.8175398628426935,false,57186,2266,0.8175398628426935
57186,745,0.8469485312083538,false,57186,745,0.8469485312083538
57186,440352,0.8065604691443113,false,57186,440352,0.8065604691443113
57526,406903,0.9468684935823634,false,57526,406903,0.9468684935823634
57526,84842,0.9587963676845954,false,57526,84842,0.9587963676845954
57526,102466759,0.7712578312457481,false,57526,102466759,0.7712578312457481
57526,388555,0.9859442869062519,false,57526,388555,0.9859442869062519
57526,100506380,0.8838925356169771,false,57526,100506380,0.8838925356169771
57526,363,0.9859442869062516,false,57526,363,0.9859442869062516
57526,65998,0.9123197120199921,false,57526,65998,0.9123197120199921
57526,419,0.9859442869062519,false,57526,419,0.9859442869062519
57526,387882,0.7719342195171924,false,57526,387882,0.7719342195171924
57526,102723635,0.8465062335455056,false,57526,102723635,0.8465062335455056
57526,10586,0.9806124502625515,false,57526,10586,0.9806124502625515
57526,2125,0.7654582286890155,false,57526,2125,0.7654582286890155
57526,3780,0.9951651974240966,false,57526,3780,0.9951651974240966
57526,64137,0.8231957740095976,false,57526,64137,0.8231957740095976
57526,163479,0.8782928295955089,false,57526,163479,0.8782928295955089
57526,2619,0.9800961065452277,false,57526,2619,0.9800961065452277
57526,84867,0.8399942563296017,false,57526,84867,0.8399942563296017
57526,113219467,0.8329148238865053,false,57526,113219467,0.8329148238865053
57526,100423031,0.9859442869062517,false,57526,100423031,0.9859442869062517
57526,1515,0.7732771025806223,false,57526,1515,0.7732771025806223
722,6751,0.8083444862862867,false,722,6751,0.8083444862862867
722,79908,0.9755491785870372,false,722,79908,0.9755491785870372
722,388323,0.8717408634012382,false,722,388323,0.8717408634012382
722,5625,0.8858328056502591,false,722,5625,0.8858328056502591
722,51185,0.7861403637091552,false,722,51185,0.7861403637091552
722,130367,0.9123572357250613,false,722,130367,0.9123572357250613
722,7080,0.8013188101935929,false,722,7080,0.8013188101935929
722,285335,0.8419912641534086,false,722,285335,0.8419912641534086
722,1910,0.8723253435051673,false,722,1910,0.8723253435051673
722,146177,0.9648157778677281,false,722,146177,0.9648157778677281
722,728226,0.9854656202823807,false,722,728226,0.9854656202823807
722,81615,0.979839578045706,false,722,81615,0.979839578045706
722,200373,0.9176760871633697,false,722,200373,0.9176760871633697
722,5787,0.7599409839851718,false,722,5787,0.7599409839851718
722,102723382,0.8801700438549688,false,722,102723382,0.8801700438549688
722,474354,0.9548608978933197,false,722,474354,0.9548608978933197
722,221395,0.9262953441830354,false,722,221395,0.9262953441830354
722,54842,0.9302215664168654,false,722,54842,0.9302215664168654
722,728643,0.9033995098330908,false,722,728643,0.9033995098330908
722,128602,0.9922990505646049,false,722,128602,0.9922990505646049
722,107985317,0.8550802795237279,false,722,107985317,0.8550802795237279
722,54997,0.8826293043034186,false,722,54997,0.8826293043034186
722,2595,0.9804998432004002,false,722,2595,0.9804998432004002
722,219790,0.8971478305052356,false,722,219790,0.8971478305052356
722,64073,0.9022191369902324,false,722,64073,0.9022191369902324
722,9223,0.9492346088072612,false,722,9223,0.9492346088072612
722,253970,0.972960777387229,false,722,253970,0.972960777387229
722,503645,0.9472882954304536,false,722,503645,0.9472882954304536
722,4070,0.9828040430953611,false,722,4070,0.9828040430953611
722,2277,0.9089801992846831,false,722,2277,0.9089801992846831
722,346007,0.936279854822776,false,722,346007,0.936279854822776
722,116984,0.9350225655674131,false,722,116984,0.9350225655674131
722,825,0.9939548936263967,false,722,825,0.9939548936263967
722,137872,0.8726566449620852,false,722,137872,0.8726566449620852
722,100033430,0.7827203153431266,false,722,100033430,0.7827203153431266
722,9196,0.9299406200095383,false,722,9196,0.9299406200095383
722,93517,0.8898702849358316,false,722,93517,0.8898702849358316
722,130271,0.7867225934579635,false,722,130271,0.7867225934579635
722,101927516,0.9858310453187593,false,722,101927516,0.9858310453187593
722,285,0.9189208084394446,false,722,285,0.9189208084394446
722,27074,0.943170042633435,false,722,27074,0.943170042633435
722,100996506,0.8904976217403366,false,722,100996506,0.8904976217403366
722,66002,0.9236088486557213,false,722,66002,0.9236088486557213
722,54848,0.8183997624289638,false,722,54848,0.8183997624289638
722,79632,0.9325373024721519,false,722,79632,0.9325373024721519
722,100505495,0.9808796289195142,false,722,100505495,0.9808796289195142
722,7620,0.791420279694496,false,722,7620,0.791420279694496
722,9476,0.9484151510850807,false,722,9476,0.9484151510850807
722,151531,0.9047082432837049,false,722,151531,0.9047082432837049
722,195814,0.8684151168798889,false,722,195814,0.8684151168798889
722,2122,0.9826205452527644,false,722,2122,0.9826205452527644
722,84059,0.9210306759090379,false,722,84059,0.9210306759090379
722,121512,0.8333005694751205,false,722,121512,0.8333005694751205
722,6097,0.987592626880273,false,722,6097,0.987592626880273
722,120892,0.9452983022106237,false,722,120892,0.9452983022106237
722,123624,0.9911853801865983,false,722,123624,0.9911853801865983
722,391253,0.9826312033234135,false,722,391253,0.9826312033234135
722,220136,0.8887668567324619,false,722,220136,0.8887668567324619
722,693188,0.9624497925227065,false,722,693188,0.9624497925227065
722,6799,0.8901418185502497,false,722,6799,0.8901418185502497
722,389376,0.8903939727617677,false,722,389376,0.8903939727617677
722,353189,0.9688280083285509,false,722,353189,0.9688280083285509
722,776,0.8951140933684641,false,722,776,0.8951140933684641
722,84851,0.9182603108272518,false,722,84851,0.9182603108272518
722,84525,0.9333723527766993,false,722,84525,0.9333723527766993
722,4861,0.9738915582362495,false,722,4861,0.9738915582362495
722,10203,0.9637881530297615,false,722,10203,0.9637881530297615
722,1080,0.8390415160606294,false,722,1080,0.8390415160606294
722,65217,0.7833159525569787,false,722,65217,0.7833159525569787
722,105372793,0.8929286808882091,false,722,105372793,0.8929286808882091
722,56955,0.887183281203183,false,722,56955,0.887183281203183
722,84765,0.9172315205701597,false,722,84765,0.9172315205701597
722,653509,0.850888457746468,false,722,653509,0.850888457746468
722,55282,0.9575028836742299,false,722,55282,0.9575028836742299
722,79098,0.9494841874302284,false,722,79098,0.9494841874302284
722,144535,0.8525294684275116,false,722,144535,0.8525294684275116
722,649946,0.9033550442115464,false,722,649946,0.9033550442115464
722,144571,0.9806274417109235,false,722,144571,0.9806274417109235
722,26298,0.866522445035472,false,722,26298,0.866522445035472
722,165186,0.9844839130286231,false,722,165186,0.9844839130286231
722,102465485,0.9564605952261942,false,722,102465485,0.9564605952261942
722,100033436,0.9558637219080078,false,722,100033436,0.9558637219080078
2327,6439,0.8117117063998545,false,2327,6439,0.8117117063998545
2327,11185,0.7967795372745656,false,2327,11185,0.7967795372745656
2327,54848,0.770403003245047,false,2327,54848,0.770403003245047
2327,117156,0.7924542825310342,false,2327,117156,0.7924542825310342
2327,21,0.8167530352709388,false,2327,21,0.8167530352709388
2327,729238,0.7982075701936165,false,2327,729238,0.7982075701936165
6751,79908,0.8970607232107665,false,6751,79908,0.8970607232107665
6751,5625,0.9013736692468024,false,6751,5625,0.9013736692468024
6751,51185,0.8085364106141191,false,6751,51185,0.8085364106141191
6751,130367,0.9361344948140264,false,6751,130367,0.9361344948140264
6751,285335,0.9309726809164517,false,6751,285335,0.9309726809164517
6751,9356,0.829275444273577,false,6751,9356,0.829275444273577
6751,1910,0.7768789696139651,false,6751,1910,0.7768789696139651
6751,641776,0.8564624121636004,false,6751,641776,0.8564624121636004
6751,728226,0.8528571195166823,false,6751,728226,0.8528571195166823
6751,81615,0.7635417175026314,false,6751,81615,0.7635417175026314
6751,200373,0.9191844097163234,false,6751,200373,0.9191844097163234
6751,474354,0.8652606058529833,false,6751,474354,0.8652606058529833
6751,54842,0.8188670551118729,false,6751,54842,0.8188670551118729
6751,728643,0.8730401782458772,false,6751,728643,0.8730401782458772
6751,128602,0.8004917423134112,false,6751,128602,0.8004917423134112
6751,54997,0.9874081968103638,false,6751,54997,0.9874081968103638
6751,2595,0.7747321299215809,false,6751,2595,0.7747321299215809
6751,219790,0.9085269512236496,false,6751,219790,0.9085269512236496
6751,115677,0.822350348954553,false,6751,115677,0.822350348954553
6751,253970,0.8356867813597535,false,6751,253970,0.8356867813597535
6751,109136579,0.8847350720273788,false,6751,109136579,0.8847350720273788
6751,503645,0.8688042457538551,false,6751,503645,0.8688042457538551
6751,4070,0.7738377346303046,false,6751,4070,0.7738377346303046
6751,64332,0.816255892909298,false,6751,64332,0.816255892909298
6751,346007,0.8008973892849482,false,6751,346007,0.8008973892849482
6751,116984,0.8404147827758662,false,6751,116984,0.8404147827758662
6751,137872,0.9802369676020448,false,6751,137872,0.9802369676020448
6751,100033430,0.9947961228573835,false,6751,100033430,0.9947961228573835
6751,102723849,0.8239203473150021,false,6751,102723849,0.8239203473150021
6751,9196,0.9230243092812876,false,6751,9196,0.9230243092812876
6751,93517,0.7642325416386536,false,6751,93517,0.7642325416386536
6751,89765,0.9598987145264801,false,6751,89765,0.9598987145264801
6751,101927516,0.8268396085707344,false,6751,101927516,0.8268396085707344
6751,378938,0.8835674206385925,false,6751,378938,0.8835674206385925
6751,5545,0.9053953786806733,false,6751,5545,0.9053953786806733
6751,285,0.8962012442115795,false,6751,285,0.8962012442115795
6751,27074,0.8957053986517007,false,6751,27074,0.8957053986517007
6751,66002,0.9694268943688947,false,6751,66002,0.9694268943688947
6751,79632,0.8297387167532404,false,6751,79632,0.8297387167532404
6751,100505495,0.8358178716417787,false,6751,100505495,0.8358178716417787
6751,7620,0.9466875293018949,false,6751,7620,0.9466875293018949
6751,105180391,0.8977099352888921,false,6751,105180391,0.8977099352888921
6751,9476,0.8143480393708954,false,6751,9476,0.8143480393708954
6751,151531,0.976720359721202,false,6751,151531,0.976720359721202
6751,105180390,0.8770050405467218,false,6751,105180390,0.8770050405467218
6751,692058,0.9011800375176058,false,6751,692058,0.9011800375176058
6751,645843,0.8543343860709407,false,6751,645843,0.8543343860709407
6751,2122,0.853390645282552,false,6751,2122,0.853390645282552
6751,121512,0.9658084500552288,false,6751,121512,0.9658084500552288
6751,6097,0.7824689785926934,false,6751,6097,0.7824689785926934
6751,120892,0.8031711800798195,false,6751,120892,0.8031711800798195
6751,123624,0.8636567181349226,false,6751,123624,0.8636567181349226
6751,391253,0.8521929455289867,false,6751,391253,0.8521929455289867
6751,693188,0.8100693593584782,false,6751,693188,0.8100693593584782
6751,353189,0.9231003327277048,false,6751,353189,0.9231003327277048
6751,776,0.9576554025532187,false,6751,776,0.9576554025532187
6751,84851,0.7933197709757772,false,6751,84851,0.7933197709757772
6751,4861,0.8474044393321007,false,6751,4861,0.8474044393321007
6751,10203,0.7892523220944467,false,6751,10203,0.7892523220944467
6751,284323,0.9731911499597272,false,6751,284323,0.9731911499597272
6751,65217,0.8987094711084013,false,6751,65217,0.8987094711084013
6751,692213,0.7684223171386688,false,6751,692213,0.7684223171386688
6751,84765,0.894413570429235,false,6751,84765,0.894413570429235
6751,79098,0.864117608312811,false,6751,79098,0.864117608312811
6751,649946,0.7926029342717414,false,6751,649946,0.7926029342717414
6751,165186,0.8149891519051068,false,6751,165186,0.8149891519051068
6751,100033436,0.7788446838737956,false,6751,100033436,0.7788446838737956
5544,341676,0.8316520590155623,false,5544,341676,0.8316520590155623
5544,148213,0.8787263078290123,false,5544,148213,0.8787263078290123
5544,10595,0.8402501777807004,false,5544,10595,0.8402501777807004
5544,4583,0.8360904071972171,false,5544,4583,0.8360904071972171
5544,55567,0.9256592928581375,false,5544,55567,0.9256592928581375
5544,79848,0.8930799883276677,false,5544,79848,0.8930799883276677
5544,55808,0.7878892664783362,false,5544,55808,0.7878892664783362
5544,999,0.8114203022507452,false,5544,999,0.8114203022507452
5544,126353,0.7504417992457623,false,5544,126353,0.7504417992457623
5544,388743,0.8029480394691336,false,5544,388743,0.8029480394691336
5544,200879,0.7993241373224783,false,5544,200879,0.7993241373224783
5544,1510,0.7898375627681967,false,5544,1510,0.7898375627681967
5544,5284,0.8019899751927787,false,5544,5284,0.8019899751927787
5544,619383,0.7793352994612739,false,5544,619383,0.7793352994612739
5544,57111,0.812129515507657,false,5544,57111,0.812129515507657
5544,278,0.8881940704743766,false,5544,278,0.8881940704743766
5544,10129,0.9230478939937226,false,5544,10129,0.9230478939937226
5544,4586,0.8099857156768893,false,5544,4586,0.8099857156768893
5544,100158262,0.7989427289644239,false,5544,100158262,0.7989427289644239
5544,10551,0.8384643213658274,false,5544,10551,0.8384643213658274
5544,688,0.8746350540756169,false,5544,688,0.8746350540756169
5544,117155,0.7873319967813347,false,5544,117155,0.7873319967813347
5544,112268155,0.759064504683554,false,5544,112268155,0.759064504683554
5544,1152,0.7573674930035501,false,5544,1152,0.7573674930035501
5544,79083,0.7891513838328079,false,5544,79083,0.7891513838328079
5544,4585,0.823239894755791,false,5544,4585,0.823239894755791
5544,55930,0.8991591562079769,false,5544,55930,0.8991591562079769
5544,22996,0.9090739296674931,false,5544,22996,0.9090739296674931
5544,54861,0.7591877313687264,false,5544,54861,0.7591877313687264
5544,100529240,0.8873829986092697,false,5544,100529240,0.8873829986092697
5544,113218482,0.7606541365505883,false,5544,113218482,0.7606541365505883
5544,647024,0.8278773867341067,false,5544,647024,0.8278773867341067
5544,255928,0.7768888821772014,false,5544,255928,0.7768888821772014
5544,10018,0.8239204365700522,false,5544,10018,0.8239204365700522
5544,1043,0.7734813980370023,false,5544,1043,0.7734813980370023
5544,276,0.8868252003591195,false,5544,276,0.8868252003591195
5544,143884,0.8106416485291172,false,5544,143884,0.8106416485291172
5544,342892,0.8292452372943399,false,5544,342892,0.8292452372943399
5544,135656,0.8077159890974512,false,5544,135656,0.8077159890974512
5544,94059,0.9505472613381413,false,5544,94059,0.9505472613381413
5544,26769,0.9849775704453786,false,5544,26769,0.9849775704453786
5544,692213,0.7726960341339131,false,5544,692213,0.7726960341339131
5544,153643,0.7575761680070541,false,5544,153643,0.7575761680070541
5544,112268422,0.9506712471810662,false,5544,112268422,0.9506712471810662
5544,259294,0.790711245984295,false,5544,259294,0.790711245984295
5544,79740,0.7660649774879514,false,5544,79740,0.7660649774879514
5544,2266,0.8357399894757818,false,5544,2266,0.8357399894757818
79908,388323,0.9004258533564977,false,79908,388323,0.9004258533564977
79908,5625,0.9077777249039078,false,79908,5625,0.9077777249039078
79908,51185,0.8566131044561769,false,79908,51185,0.8566131044561769
79908,130367,0.949032438503623,false,79908,130367,0.949032438503623
79908,285335,0.9154165132190091,false,79908,285335,0.9154165132190091
79908,1910,0.8345134066626634,false,79908,1910,0.8345134066626634
79908,146177,0.9067911451981819,false,79908,146177,0.9067911451981819
79908,728226,0.9908738769347158,false,79908,728226,0.9908738769347158
79908,81615,0.9298786729084965,false,79908,81615,0.9298786729084965
79908,200373,0.9696247220106535,false,79908,200373,0.9696247220106535
79908,102723382,0.8884268957622057,false,79908,102723382,0.8884268957622057
79908,474354,0.9876620310023819,false,79908,474354,0.9876620310023819
79908,221395,0.882452544102697,false,79908,221395,0.882452544102697
79908,54842,0.8997911110518757,false,79908,54842,0.8997911110518757
79908,728643,0.9284850859635907,false,79908,728643,0.9284850859635907
79908,128602,0.9617506503056035,false,79908,128602,0.9617506503056035
79908,107985317,0.8422780918543313,false,79908,107985317,0.8422780918543313
79908,54997,0.9463106746967556,false,79908,54997,0.9463106746967556
79908,2595,0.9361853385227147,false,79908,2595,0.9361853385227147
79908,219790,0.9111932167189166,false,79908,219790,0.9111932167189166
79908,64073,0.8242425669985038,false,79908,64073,0.8242425669985038
79908,9223,0.8885251736057885,false,79908,9223,0.8885251736057885
79908,253970,0.9510093747586309,false,79908,253970,0.9510093747586309
79908,503645,0.9350479756488712,false,79908,503645,0.9350479756488712
79908,4070,0.9541332660741374,false,79908,4070,0.9541332660741374
79908,2277,0.8298086536705186,false,79908,2277,0.8298086536705186
79908,346007,0.9434370958162844,false,79908,346007,0.9434370958162844
79908,116984,0.9256958242081387,false,79908,116984,0.9256958242081387
79908,825,0.9490199494715306,false,79908,825,0.9490199494715306
79908,137872,0.9444995843666598,false,79908,137872,0.9444995843666598
79908,100033430,0.8730709458894399,false,79908,100033430,0.8730709458894399
79908,9196,0.9829418501292617,false,79908,9196,0.9829418501292617
79908,93517,0.9012140273550732,false,79908,93517,0.9012140273550732
79908,89765,0.8152409100693664,false,79908,89765,0.8152409100693664
79908,130271,0.7550041190483193,false,79908,130271,0.7550041190483193
79908,101927516,0.9835894425436307,false,79908,101927516,0.9835894425436307
79908,285,0.9650056016816194,false,79908,285,0.9650056016816194
79908,27074,0.9462064988367537,false,79908,27074,0.9462064988367537
79908,100996506,0.9170806093537601,false,79908,100996506,0.9170806093537601
79908,66002,0.975602069749527,false,79908,66002,0.975602069749527
79908,54848,0.7596308200618593,false,79908,54848,0.7596308200618593
79908,79632,0.9165151226698579,false,79908,79632,0.9165151226698579
79908,100505495,0.9899748248272475,false,79908,100505495,0.9899748248272475
79908,7620,0.8865743324713092,false,79908,7620,0.8865743324713092
79908,9476,0.9410829482759997,false,79908,9476,0.9410829482759997
79908,151531,0.9619157220120065,false,79908,151531,0.9619157220120065
79908,195814,0.7680980514452218,false,79908,195814,0.7680980514452218
79908,692058,0.8532443643774964,false,79908,692058,0.8532443643774964
79908,2122,0.978005120342693,false,79908,2122,0.978005120342693
79908,84059,0.8729949566553864,false,79908,84059,0.8729949566553864
79908,121512,0.9034014137290259,false,79908,121512,0.9034014137290259
79908,6097,0.9477205505170383,false,79908,6097,0.9477205505170383
79908,120892,0.931384493348192,false,79908,120892,0.931384493348192
79908,123624,0.9856227182079114,false,79908,123624,0.9856227182079114
79908,391253,0.9844534440193172,false,79908,391253,0.9844534440193172
79908,220136,0.8020365666476446,false,79908,220136,0.8020365666476446
79908,693188,0.9791173513553072,false,79908,693188,0.9791173513553072
79908,6799,0.7930470306959638,false,79908,6799,0.7930470306959638
79908,389376,0.8647865187822598,false,79908,389376,0.8647865187822598
79908,353189,0.9935647562960744,false,79908,353189,0.9935647562960744
79908,776,0.9443640442679966,false,79908,776,0.9443640442679966
79908,84851,0.9455383134534884,false,79908,84851,0.9455383134534884
79908,84525,0.8558397623158156,false,79908,84525,0.8558397623158156
79908,4861,0.982522042393503,false,79908,4861,0.982522042393503
79908,10203,0.946234371718839,false,79908,10203,0.946234371718839
79908,284323,0.7886258782040414,false,79908,284323,0.7886258782040414
79908,1080,0.8255311660659272,false,79908,1080,0.8255311660659272
79908,65217,0.8610023822039922,false,79908,65217,0.8610023822039922
79908,105372793,0.9169833582978114,false,79908,105372793,0.9169833582978114
79908,56955,0.863341810495432,false,79908,56955,0.863341810495432
79908,84765,0.948950179049353,false,79908,84765,0.948950179049353
79908,653509,0.7835834826714663,false,79908,653509,0.7835834826714663
79908,55282,0.8829997330818992,false,79908,55282,0.8829997330818992
79908,79098,0.9613963593861317,false,79908,79098,0.9613963593861317
79908,144535,0.8393308675832032,false,79908,144535,0.8393308675832032
79908,649946,0.8938303327593276,false,79908,649946,0.8938303327593276
79908,144571,0.9346905831084948,false,79908,144571,0.9346905831084948
79908,26298,0.8965512207071495,false,79908,26298,0.8965512207071495
79908,165186,0.9727200169684457,false,79908,165186,0.9727200169684457
79908,102465485,0.9212070246552386,false,79908,102465485,0.9212070246552386
79908,100033436,0.958853175173984,false,79908,100033436,0.958853175173984
6473,102723508,0.7627318147062699,false,6473,102723508,0.7627318147062699
6473,4586,0.7538012583131393,false,6473,4586,0.7538012583131393
6473,255928,0.7616125933251011,false,6473,255928,0.7616125933251011
6473,8537,0.9021031851124153,false,6473,8537,0.9021031851124153
6473,1513,0.782351380658611,false,6473,1513,0.782351380658611
6473,135656,0.7534534891478701,false,6473,135656,0.7534534891478701
146556,6441,0.8512832676156729,false,146556,6441,0.8512832676156729
146556,7356,0.909285038904704,false,146556,7356,0.909285038904704
146556,109729127,0.7756481675054956,false,146556,109729127,0.7756481675054956
146556,728276,0.8019332468650152,false,146556,728276,0.8019332468650152
146556,11185,0.8042526296699504,false,146556,11185,0.8042526296699504
146556,2125,0.8127281370122896,false,146556,2125,0.8127281370122896
146556,105,0.7799652523506003,false,146556,105,0.7799652523506003
146556,5349,0.9214030346879419,false,146556,5349,0.9214030346879419
146556,21,0.7652635489909057,false,146556,21,0.7652635489909057
146556,123872,0.7824495458410229,false,146556,123872,0.7824495458410229
146556,3855,0.7867123300457661,false,146556,3855,0.7867123300457661
10579,28984,0.7610902960420876,false,10579,28984,0.7610902960420876
10579,1910,0.8849029016876926,false,10579,1910,0.8849029016876926
10579,100506658,0.8097445680300231,false,10579,100506658,0.8097445680300231
10579,5787,0.7856640965402327,false,10579,5787,0.7856640965402327
10579,54842,0.8127565834922685,false,10579,54842,0.8127565834922685
10579,728643,0.7737447099745189,false,10579,728643,0.7737447099745189
10579,6103,0.8774374063565104,false,10579,6103,0.8774374063565104
10579,219790,0.7614386386973554,false,10579,219790,0.7614386386973554
10579,115677,0.8539806938400688,false,10579,115677,0.8539806938400688
10579,503645,0.7595459583986545,false,10579,503645,0.7595459583986545
10579,64332,0.7640655525001416,false,10579,64332,0.7640655525001416
10579,116984,0.7717556139796714,false,10579,116984,0.7717556139796714
10579,3875,0.9523232838484402,false,10579,3875,0.9523232838484402
10579,4680,0.8119414798730228,false,10579,4680,0.8119414798730228
10579,441251,0.8423770116619498,false,10579,441251,0.8423770116619498
10579,57669,0.8650940602396132,false,10579,57669,0.8650940602396132
10579,130271,0.9166951500334363,false,10579,130271,0.9166951500334363
10579,5545,0.7665609857446104,false,10579,5545,0.7665609857446104
10579,27074,0.7841410729258484,false,10579,27074,0.7841410729258484
10579,79632,0.8122454320735489,false,10579,79632,0.8122454320735489
10579,26084,0.892916644624996,false,10579,26084,0.892916644624996
10579,201625,0.7678832630686742,false,10579,201625,0.7678832630686742
10579,195814,0.7571885776836261,false,10579,195814,0.7571885776836261
10579,645843,0.8199232199655168,false,10579,645843,0.8199232199655168
10579,84059,0.8283024717369512,false,10579,84059,0.8283024717369512
10579,120892,0.7738635054166207,false,10579,120892,0.7738635054166207
10579,84239,0.8535674796970104,false,10579,84239,0.8535674796970104
10579,57402,0.8458096432964132,false,10579,57402,0.8458096432964132
10579,780,0.8904048434824855,false,10579,780,0.8904048434824855
10579,7433,0.8595366345874023,false,10579,7433,0.8595366345874023
10579,1080,0.8518594589549886,false,10579,1080,0.8518594589549886
10579,1286,0.9434892408377312,false,10579,1286,0.9434892408377312
10579,144535,0.8227778518025457,false,10579,144535,0.8227778518025457
10579,649946,0.7886541908791193,false,10579,649946,0.7886541908791193
10579,440352,0.8490593572456707,false,10579,440352,0.8490593572456707
388323,51185,0.8811263664687728,false,388323,51185,0.8811263664687728
388323,130367,0.8289952032265399,false,388323,130367,0.8289952032265399
388323,285335,0.8544265646447939,false,388323,285335,0.8544265646447939
388323,146177,0.7613436542165185,false,388323,146177,0.7613436542165185
388323,728226,0.8887319703839625,false,388323,728226,0.8887319703839625
388323,81615,0.8224084328420946,false,388323,81615,0.8224084328420946
388323,200373,0.8984147753176674,false,388323,200373,0.8984147753176674
388323,102723382,0.9671552971800719,false,388323,102723382,0.9671552971800719
388323,474354,0.9485807909928408,false,388323,474354,0.9485807909928408
388323,728643,0.8471541284431737,false,388323,728643,0.8471541284431737
388323,128602,0.8355859098473905,false,388323,128602,0.8355859098473905
388323,107985317,0.8092828600399455,false,388323,107985317,0.8092828600399455
388323,54997,0.7868305715770593,false,388323,54997,0.7868305715770593
388323,2595,0.8248518200119325,false,388323,2595,0.8248518200119325
388323,253970,0.8061679963136089,false,388323,253970,0.8061679963136089
388323,503645,0.779689006021412,false,388323,503645,0.779689006021412
388323,4070,0.8524629111976796,false,388323,4070,0.8524629111976796
388323,346007,0.9376489587438199,false,388323,346007,0.9376489587438199
388323,116984,0.8276709904626381,false,388323,116984,0.8276709904626381
388323,825,0.8664099962669448,false,388323,825,0.8664099962669448
388323,137872,0.8235767176440626,false,388323,137872,0.8235767176440626
388323,9196,0.8894399484618755,false,388323,9196,0.8894399484618755
388323,93517,0.775421845012101,false,388323,93517,0.775421845012101
388323,101927516,0.9244305685612715,false,388323,101927516,0.9244305685612715
388323,285,0.9101907038967908,false,388323,285,0.9101907038967908
388323,27074,0.7693073088366809,false,388323,27074,0.7693073088366809
388323,100996506,0.988206391943172,false,388323,100996506,0.988206391943172
388323,66002,0.8364772006570937,false,388323,66002,0.8364772006570937
388323,54848,0.7961666792268768,false,388323,54848,0.7961666792268768
388323,79632,0.7949672274660908,false,388323,79632,0.7949672274660908
388323,100505495,0.9154285059155863,false,388323,100505495,0.9154285059155863
388323,7620,0.7667243907842209,false,388323,7620,0.7667243907842209
388323,4179,0.9178959672330478,false,388323,4179,0.9178959672330478
388323,9476,0.7884853252602261,false,388323,9476,0.7884853252602261
388323,151531,0.817427630821912,false,388323,151531,0.817427630821912
388323,692058,0.8378189003696407,false,388323,692058,0.8378189003696407
388323,2122,0.8790752829972963,false,388323,2122,0.8790752829972963
388323,121512,0.7635531389235455,false,388323,121512,0.7635531389235455
388323,6097,0.8181630283023503,false,388323,6097,0.8181630283023503
388323,120892,0.8502155214004223,false,388323,120892,0.8502155214004223
388323,123624,0.8644976737333705,false,388323,123624,0.8644976737333705
388323,391253,0.8941715591924827,false,388323,391253,0.8941715591924827
388323,693188,0.9540704107185367,false,388323,693188,0.9540704107185367
388323,353189,0.8661587966279395,false,388323,353189,0.8661587966279395
388323,776,0.7520348349619865,false,388323,776,0.7520348349619865
388323,84851,0.9715902171384881,false,388323,84851,0.9715902171384881
388323,4861,0.8817438076135382,false,388323,4861,0.8817438076135382
388323,10203,0.8358298305385424,false,388323,10203,0.8358298305385424
388323,1080,0.772482760156747,false,388323,1080,0.772482760156747
388323,105372793,0.9914867965309196,false,388323,105372793,0.9914867965309196
388323,56955,0.7566969328068808,false,388323,56955,0.7566969328068808
388323,84765,0.7571804598678044,false,388323,84765,0.7571804598678044
388323,79098,0.7974899387777172,false,388323,79098,0.7974899387777172
388323,144535,0.8076029540524218,false,388323,144535,0.8076029540524218
388323,649946,0.8195062964618245,false,388323,649946,0.8195062964618245
388323,144571,0.8739006154065145,false,388323,144571,0.8739006154065145
388323,26298,0.9438430360103489,false,388323,26298,0.9438430360103489
388323,165186,0.8682903602443597,false,388323,165186,0.8682903602443597
388323,102465485,0.903151913374353,false,388323,102465485,0.903151913374353
388323,100033436,0.9672282621370079,false,388323,100033436,0.9672282621370079
5625,130367,0.8941885255393622,false,5625,130367,0.8941885255393622
5625,285335,0.8256009539721904,false,5625,285335,0.8256009539721904
5625,1910,0.8621463315618169,false,5625,1910,0.8621463315618169
5625,146177,0.8783402413068798,false,5625,146177,0.8783402413068798
5625,728226,0.8911907949340391,false,5625,728226,0.8911907949340391
5625,81615,0.8435478877578683,false,5625,81615,0.8435478877578683
5625,200373,0.8840543937296279,false,5625,200373,0.8840543937296279
5625,5787,0.9143847959082588,false,5625,5787,0.9143847959082588
5625,474354,0.8550944601021457,false,5625,474354,0.8550944601021457
5625,221395,0.9339100458578626,false,5625,221395,0.9339100458578626
5625,54842,0.8923853609659987,false,5625,54842,0.8923853609659987
5625,728643,0.8624046478520525,false,5625,728643,0.8624046478520525
5625,128602,0.8882954935074461,false,5625,128602,0.8882954935074461
5625,54997,0.9210072541450148,false,5625,54997,0.9210072541450148
5625,2595,0.8673736939566083,false,5625,2595,0.8673736939566083
5625,219790,0.9826558626952564,false,5625,219790,0.9826558626952564
5625,115677,0.892977617662456,false,5625,115677,0.892977617662456
5625,64073,0.801245888662651,false,5625,64073,0.801245888662651
5625,9223,0.8807886499572165,false,5625,9223,0.8807886499572165
5625,253970,0.9098081982307966,false,5625,253970,0.9098081982307966
5625,503645,0.8999770930710866,false,5625,503645,0.8999770930710866
5625,4070,0.8664610640872267,false,5625,4070,0.8664610640872267
5625,2277,0.8847428100485721,false,5625,2277,0.8847428100485721
5625,346007,0.7951277238903827,false,5625,346007,0.7951277238903827
5625,116984,0.8775543564719711,false,5625,116984,0.8775543564719711
5625,825,0.8437583003340774,false,5625,825,0.8437583003340774
5625,137872,0.8793514451647502,false,5625,137872,0.8793514451647502
5625,100033430,0.8859196582926073,false,5625,100033430,0.8859196582926073
5625,9196,0.8930976567171862,false,5625,9196,0.8930976567171862
5625,93517,0.837576205605646,false,5625,93517,0.837576205605646
5625,89765,0.8707229460887155,false,5625,89765,0.8707229460887155
5625,130271,0.8541049065606484,false,5625,130271,0.8541049065606484
5625,101927516,0.8606456891803484,false,5625,101927516,0.8606456891803484
5625,5545,0.8095769877016377,false,5625,5545,0.8095769877016377
5625,285,0.8276792822569221,false,5625,285,0.8276792822569221
5625,27074,0.9512794538423253,false,5625,27074,0.9512794538423253
5625,66002,0.9183061937723533,false,5625,66002,0.9183061937723533
5625,79632,0.8794165482847338,false,5625,79632,0.8794165482847338
5625,100505495,0.8697090513533117,false,5625,100505495,0.8697090513533117
5625,7620,0.8203023443639835,false,5625,7620,0.8203023443639835
5625,105180391,0.7622449590279978,false,5625,105180391,0.7622449590279978
5625,9476,0.9114096739395399,false,5625,9476,0.9114096739395399
5625,151531,0.9133189294335475,false,5625,151531,0.9133189294335475
5625,2122,0.9087315589987675,false,5625,2122,0.9087315589987675
5625,84059,0.8463031229766295,false,5625,84059,0.8463031229766295
5625,121512,0.8989131849424161,false,5625,121512,0.8989131849424161
5625,6097,0.8799302200889616,false,5625,6097,0.8799302200889616
5625,120892,0.8612896885430313,false,5625,120892,0.8612896885430313
5625,123624,0.9029369487179884,false,5625,123624,0.9029369487179884
5625,391253,0.858215848826944,false,5625,391253,0.858215848826944
5625,693188,0.8230081906318725,false,5625,693188,0.8230081906318725
5625,6799,0.7675062616520147,false,5625,6799,0.7675062616520147
5625,389376,0.8399407863889702,false,5625,389376,0.8399407863889702
5625,353189,0.9190243077061142,false,5625,353189,0.9190243077061142
5625,776,0.950847364004152,false,5625,776,0.950847364004152
5625,84851,0.7675154864497417,false,5625,84851,0.7675154864497417
5625,84525,0.7997591427740454,false,5625,84525,0.7997591427740454
5625,4861,0.8759446944275143,false,5625,4861,0.8759446944275143
5625,10203,0.8998843470754163,false,5625,10203,0.8998843470754163
5625,284323,0.8316958010738315,false,5625,284323,0.8316958010738315
5625,1080,0.7862222761794779,false,5625,1080,0.7862222761794779
5625,65217,0.8767050286244629,false,5625,65217,0.8767050286244629
5625,56955,0.7930920312415416,false,5625,56955,0.7930920312415416
5625,84765,0.9719604657641456,false,5625,84765,0.9719604657641456
5625,653509,0.799201228772902,false,5625,653509,0.799201228772902
5625,55282,0.8644900454162041,false,5625,55282,0.8644900454162041
5625,79098,0.9308349993688144,false,5625,79098,0.9308349993688144
5625,144535,0.782443660216826,false,5625,144535,0.782443660216826
5625,649946,0.8171673966142172,false,5625,649946,0.8171673966142172
5625,144571,0.7931052371852557,false,5625,144571,0.7931052371852557
5625,165186,0.8779007666901844,false,5625,165186,0.8779007666901844
5625,102465485,0.7665558067666713,false,5625,102465485,0.7665558067666713
5625,100033436,0.7796960407230343,false,5625,100033436,0.7796960407230343
730,5787,0.7787446965081628,false,730,5787,0.7787446965081628
730,221395,0.8063213201556116,false,730,221395,0.8063213201556116
730,6332,0.7600653258297522,false,730,6332,0.7600653258297522
730,9223,0.8211340834039957,false,730,9223,0.8211340834039957
730,2277,0.7753860071829812,false,730,2277,0.7753860071829812
730,6532,0.7653975488162812,false,730,6532,0.7653975488162812
730,54848,0.8018622014405272,false,730,54848,0.8018622014405272
730,9411,0.8478735492196996,false,730,9411,0.8478735492196996
730,100820829,0.803864315181082,false,730,100820829,0.803864315181082
730,10203,0.7705116730389,false,730,10203,0.7705116730389
102723508,100506658,0.7643720559599451,false,102723508,100506658,0.7643720559599451
102723508,341676,0.9607811107161932,false,102723508,341676,0.9607811107161932
102723508,148213,0.8002751772266752,false,102723508,148213,0.8002751772266752
102723508,10595,0.9516768949544324,false,102723508,10595,0.9516768949544324
102723508,4583,0.8690247314291568,false,102723508,4583,0.8690247314291568
102723508,55567,0.8673012735895149,false,102723508,55567,0.8673012735895149
102723508,5961,0.9078032560267039,false,102723508,5961,0.9078032560267039
102723508,7851,0.8132884991737241,false,102723508,7851,0.8132884991737241
102723508,692072,0.9417620417927268,false,102723508,692072,0.9417620417927268
102723508,55808,0.9378445602320328,false,102723508,55808,0.9378445602320328
102723508,999,0.9543446984841883,false,102723508,999,0.9543446984841883
102723508,126353,0.8669758721323211,false,102723508,126353,0.8669758721323211
102723508,26226,0.950733621534091,false,102723508,26226,0.950733621534091
102723508,388743,0.9260827639802992,false,102723508,388743,0.9260827639802992
102723508,1577,0.8308373863150291,false,102723508,1577,0.8308373863150291
102723508,340267,0.913966475172088,false,102723508,340267,0.913966475172088
102723508,200879,0.9400599355198459,false,102723508,200879,0.9400599355198459
102723508,1510,0.9255111251971951,false,102723508,1510,0.9255111251971951
102723508,6337,0.828638891669681,false,102723508,6337,0.828638891669681
102723508,5284,0.8017425271569302,false,102723508,5284,0.8017425271569302
102723508,57669,0.7585981044170053,false,102723508,57669,0.7585981044170053
102723508,57111,0.9410958931034215,false,102723508,57111,0.9410958931034215
102723508,116844,0.9022203441786233,false,102723508,116844,0.9022203441786233
102723508,10129,0.8433086492198538,false,102723508,10129,0.8433086492198538
102723508,4586,0.9341164143465266,false,102723508,4586,0.9341164143465266
102723508,10551,0.9290228073062986,false,102723508,10551,0.9290228073062986
102723508,688,0.8336863271901634,false,102723508,688,0.8336863271901634
102723508,54897,0.8775596281920963,false,102723508,54897,0.8775596281920963
102723508,117155,0.9365700847671415,false,102723508,117155,0.9365700847671415
102723508,112268155,0.9426798839108402,false,102723508,112268155,0.9426798839108402
102723508,1152,0.9517765431942338,false,102723508,1152,0.9517765431942338
102723508,79083,0.9534877554431701,false,102723508,79083,0.9534877554431701
102723508,1556,0.9389392603009561,false,102723508,1556,0.9389392603009561
102723508,55930,0.8561319598694074,false,102723508,55930,0.8561319598694074
102723508,22996,0.8702628990874387,false,102723508,22996,0.8702628990874387
102723508,7113,0.8386555390966984,false,102723508,7113,0.8386555390966984
102723508,54861,0.8546812180012315,false,102723508,54861,0.8546812180012315
102723508,222256,0.9097845195176198,false,102723508,222256,0.9097845195176198
102723508,100529240,0.9010765436897046,false,102723508,100529240,0.9010765436897046
102723508,113218482,0.9723164491316411,false,102723508,113218482,0.9723164491316411
102723508,647024,0.9377017527863978,false,102723508,647024,0.9377017527863978
102723508,255928,0.9180761048442901,false,102723508,255928,0.9180761048442901
102723508,8537,0.9189859999658199,false,102723508,8537,0.9189859999658199
102723508,10018,0.7634755025093165,false,102723508,10018,0.7634755025093165
102723508,115019,0.8985994383835875,false,102723508,115019,0.8985994383835875
102723508,1043,0.7960900066363565,false,102723508,1043,0.7960900066363565
102723508,168374,0.8884354110533337,false,102723508,168374,0.8884354110533337
102723508,83481,0.7644517864210747,false,102723508,83481,0.7644517864210747
102723508,143884,0.8483891947871445,false,102723508,143884,0.8483891947871445
102723508,80004,0.8630394631961246,false,102723508,80004,0.8630394631961246
102723508,3993,0.8108319615185898,false,102723508,3993,0.8108319615185898
102723508,389852,0.8579316217788695,false,102723508,389852,0.8579316217788695
102723508,164312,0.9043682903618316,false,102723508,164312,0.9043682903618316
102723508,84239,0.7948777506971857,false,102723508,84239,0.7948777506971857
102723508,2065,0.7945664687421976,false,102723508,2065,0.7945664687421976
102723508,135656,0.9347386471586668,false,102723508,135656,0.9347386471586668
102723508,3880,0.8480256032581686,false,102723508,3880,0.8480256032581686
102723508,94059,0.7695775037138578,false,102723508,94059,0.7695775037138578
102723508,3960,0.8036225666536209,false,102723508,3960,0.8036225666536209
102723508,23584,0.877560578078312,false,102723508,23584,0.877560578078312
102723508,153643,0.968632537876699,false,102723508,153643,0.968632537876699
102723508,112268422,0.8487355806693,false,102723508,112268422,0.8487355806693
102723508,259294,0.8753085480025986,false,102723508,259294,0.8753085480025986
102723508,2266,0.906639262516838,false,102723508,2266,0.906639262516838
102723508,745,0.971223482980052,false,102723508,745,0.971223482980052
28984,6103,0.903461034645949,false,28984,6103,0.903461034645949
28984,79848,0.8532069337347163,false,28984,79848,0.8532069337347163
28984,340267,0.7536368191362394,false,28984,340267,0.7536368191362394
28984,5284,0.8051448485264495,false,28984,5284,0.8051448485264495
28984,57669,0.8156450430355509,false,28984,57669,0.8156450430355509
28984,619383,0.7764314493176085,false,28984,619383,0.7764314493176085
28984,278,0.9333272511783813,false,28984,278,0.9333272511783813
28984,10129,0.8181669735379926,false,28984,10129,0.8181669735379926
28984,100158262,0.7585517542447754,false,28984,100158262,0.7585517542447754
28984,688,0.793678625500195,false,28984,688,0.793678625500195
28984,4585,0.7971543818492389,false,28984,4585,0.7971543818492389
28984,1767,0.8309339745483164,false,28984,1767,0.8309339745483164
28984,54861,0.8151806991288867,false,28984,54861,0.8151806991288867
28984,201625,0.855073376515805,false,28984,201625,0.855073376515805
28984,1043,0.7598096301073899,false,28984,1043,0.7598096301073899
28984,276,0.9362485352790713,false,28984,276,0.9362485352790713
28984,645843,0.7610632675598761,false,28984,645843,0.7610632675598761
28984,342892,0.7817467983849117,false,28984,342892,0.7817467983849117
28984,780,0.8166643908303264,false,28984,780,0.8166643908303264
28984,26769,0.773547097773876,false,28984,26769,0.773547097773876
28984,79740,0.9511183122280801,false,28984,79740,0.9511183122280801
51185,130367,0.8929170291876334,false,51185,130367,0.8929170291876334
51185,285335,0.9334434666051472,false,51185,285335,0.9334434666051472
51185,728226,0.8006913522481385,false,51185,728226,0.8006913522481385
51185,81615,0.7512087709119825,false,51185,81615,0.7512087709119825
51185,200373,0.9050753559579477,false,51185,200373,0.9050753559579477
51185,102723382,0.9277564476743109,false,51185,102723382,0.9277564476743109
51185,474354,0.8934173961689343,false,51185,474354,0.8934173961689343
51185,1040,0.8189893293391961,false,51185,1040,0.8189893293391961
51185,728643,0.9082996559040603,false,51185,728643,0.9082996559040603
51185,128602,0.7601289325817282,false,51185,128602,0.7601289325817282
51185,54997,0.8526713668613491,false,51185,54997,0.8526713668613491
51185,2595,0.7582298549274298,false,51185,2595,0.7582298549274298
51185,253970,0.7803563984358562,false,51185,253970,0.7803563984358562
51185,109136579,0.8648453424772137,false,51185,109136579,0.8648453424772137
51185,503645,0.8269012923684939,false,51185,503645,0.8269012923684939
51185,4070,0.7507781834284383,false,51185,4070,0.7507781834284383
51185,346007,0.9180220525624104,false,51185,346007,0.9180220525624104
51185,116984,0.8086022872333181,false,51185,116984,0.8086022872333181
51185,825,0.7619482477668651,false,51185,825,0.7619482477668651
51185,137872,0.8904469992358832,false,51185,137872,0.8904469992358832
51185,100033430,0.8137224745214048,false,51185,100033430,0.8137224745214048
51185,9196,0.8941535753039983,false,51185,9196,0.8941535753039983
51185,619383,0.8040137258106641,false,51185,619383,0.8040137258106641
51185,101927516,0.8714796388138236,false,51185,101927516,0.8714796388138236
51185,378938,0.8606676917198292,false,51185,378938,0.8606676917198292
51185,285,0.9462508869716499,false,51185,285,0.9462508869716499
51185,27074,0.7958321088657798,false,51185,27074,0.7958321088657798
51185,100996506,0.8970184643877801,false,51185,100996506,0.8970184643877801
51185,66002,0.8595634016888091,false,51185,66002,0.8595634016888091
51185,79632,0.8292988359088638,false,51185,79632,0.8292988359088638
51185,100505495,0.8269696540028989,false,51185,100505495,0.8269696540028989
51185,7620,0.9294745653434523,false,51185,7620,0.9294745653434523
51185,4179,0.8422157008365241,false,51185,4179,0.8422157008365241
51185,151531,0.8338022304440426,false,51185,151531,0.8338022304440426
51185,201625,0.8516841901964113,false,51185,201625,0.8516841901964113
51185,692058,0.9368547411621528,false,51185,692058,0.9368547411621528
51185,645843,0.7821199685431389,false,51185,645843,0.7821199685431389
51185,2122,0.8312654406612913,false,51185,2122,0.8312654406612913
51185,121512,0.8468192083442633,false,51185,121512,0.8468192083442633
51185,6097,0.7504449007736208,false,51185,6097,0.7504449007736208
51185,120892,0.8482349342912104,false,51185,120892,0.8482349342912104
51185,123624,0.8130216902922415,false,51185,123624,0.8130216902922415
51185,391253,0.8339457962936965,false,51185,391253,0.8339457962936965
51185,693188,0.8753045751341191,false,51185,693188,0.8753045751341191
51185,353189,0.8334724741324063,false,51185,353189,0.8334724741324063
51185,776,0.8445369148570987,false,51185,776,0.8445369148570987
51185,84851,0.9333816966771632,false,51185,84851,0.9333816966771632
51185,4861,0.7853068869022968,false,51185,4861,0.7853068869022968
51185,10203,0.8083031055431281,false,51185,10203,0.8083031055431281
51185,284323,0.7725858128339814,false,51185,284323,0.7725858128339814
51185,1080,0.807704819821297,false,51185,1080,0.807704819821297
51185,65217,0.8488829471101539,false,51185,65217,0.8488829471101539
51185,105372793,0.9071915169936221,false,51185,105372793,0.9071915169936221
51185,144535,0.7924484887028492,false,51185,144535,0.7924484887028492
51185,649946,0.8855167325530677,false,51185,649946,0.8855167325530677
51185,144571,0.7877788249063029,false,51185,144571,0.7877788249063029
51185,26298,0.9000925728936878,false,51185,26298,0.9000925728936878
51185,102465485,0.8444562477512243,false,51185,102465485,0.8444562477512243
51185,100033436,0.8933022243988793,false,51185,100033436,0.8933022243988793
130367,285335,0.9774437759987239,false,130367,285335,0.9774437759987239
130367,1910,0.9160193693977147,false,130367,1910,0.9160193693977147
130367,146177,0.8336070310970154,false,130367,146177,0.8336070310970154
130367,728226,0.9072039966077263,false,130367,728226,0.9072039966077263
130367,81615,0.9052228418455436,false,130367,81615,0.9052228418455436
130367,200373,0.978216383086584,false,130367,200373,0.978216383086584
130367,102723382,0.8474153377779149,false,130367,102723382,0.8474153377779149
130367,474354,0.935306309403687,false,130367,474354,0.935306309403687
130367,1040,0.7733040633326889,false,130367,1040,0.7733040633326889
130367,221395,0.8370726315379919,false,130367,221395,0.8370726315379919
130367,54842,0.9440804929363171,false,130367,54842,0.9440804929363171
130367,728643,0.9835672478404456,false,130367,728643,0.9835672478404456
130367,128602,0.9076107241866613,false,130367,128602,0.9076107241866613
130367,54997,0.9759164990740715,false,130367,54997,0.9759164990740715
130367,2595,0.9181069402724735,false,130367,2595,0.9181069402724735
130367,219790,0.9309149380255183,false,130367,219790,0.9309149380255183
130367,115677,0.8103210618658361,false,130367,115677,0.8103210618658361
130367,64073,0.7882762420312943,false,130367,64073,0.7882762420312943
130367,9223,0.8203016489131144,false,130367,9223,0.8203016489131144
130367,253970,0.9469246541411876,false,130367,253970,0.9469246541411876
130367,109136579,0.8858614199199483,false,130367,109136579,0.8858614199199483
130367,503645,0.9705524039056573,false,130367,503645,0.9705524039056573
130367,4070,0.889956489467462,false,130367,4070,0.889956489467462
130367,64332,0.8138093994142215,false,130367,64332,0.8138093994142215
130367,2277,0.7727936310270562,false,130367,2277,0.7727936310270562
130367,346007,0.9453448426184826,false,130367,346007,0.9453448426184826
130367,116984,0.9636244692966636,false,130367,116984,0.9636244692966636
130367,825,0.8789837152281446,false,130367,825,0.8789837152281446
130367,137872,0.9761380458215664,false,130367,137872,0.9761380458215664
130367,100033430,0.9395309138706794,false,130367,100033430,0.9395309138706794
130367,9196,0.9430343961798197,false,130367,9196,0.9430343961798197
130367,93517,0.7913532756467971,false,130367,93517,0.7913532756467971
130367,89765,0.9085275612114084,false,130367,89765,0.9085275612114084
130367,130271,0.8424016399339392,false,130367,130271,0.8424016399339392
130367,101927516,0.9389770322099332,false,130367,101927516,0.9389770322099332
130367,378938,0.8830724378313312,false,130367,378938,0.8830724378313312
130367,5545,0.8498539334964754,false,130367,5545,0.8498539334964754
130367,285,0.9494050907325848,false,130367,285,0.9494050907325848
130367,27074,0.9729283802585675,false,130367,27074,0.9729283802585675
130367,100996506,0.8455861501680896,false,130367,100996506,0.8455861501680896
130367,66002,0.9730905646548167,false,130367,66002,0.9730905646548167
130367,79632,0.96508674068762,false,130367,79632,0.96508674068762
130367,100505495,0.9004202627754727,false,130367,100505495,0.9004202627754727
130367,7620,0.92309825365305,false,130367,7620,0.92309825365305
130367,105180391,0.8002275096983267,false,130367,105180391,0.8002275096983267
130367,9476,0.8807722283361514,false,130367,9476,0.8807722283361514
130367,151531,0.9627935694227036,false,130367,151531,0.9627935694227036
130367,201625,0.8152317819227063,false,130367,201625,0.8152317819227063
130367,195814,0.7829469704513614,false,130367,195814,0.7829469704513614
130367,105180390,0.7665108336674044,false,130367,105180390,0.7665108336674044
130367,692058,0.9078291501683147,false,130367,692058,0.9078291501683147
130367,645843,0.868570037868749,false,130367,645843,0.868570037868749
130367,2122,0.9574950426981993,false,130367,2122,0.9574950426981993
130367,84059,0.9180222989963203,false,130367,84059,0.9180222989963203
130367,121512,0.9712886585729549,false,130367,121512,0.9712886585729549
130367,6097,0.9040404256346299,false,130367,6097,0.9040404256346299
130367,120892,0.9549705275759308,false,130367,120892,0.9549705275759308
130367,123624,0.9436638415476555,false,130367,123624,0.9436638415476555
130367,391253,0.9197551721212944,false,130367,391253,0.9197551721212944
130367,220136,0.7724472195524754,false,130367,220136,0.7724472195524754
130367,693188,0.8962108693895829,false,130367,693188,0.8962108693895829
130367,6799,0.7961072758948451,false,130367,6799,0.7961072758948451
130367,389376,0.7549216749719344,false,130367,389376,0.7549216749719344
130367,353189,0.9579417446331112,false,130367,353189,0.9579417446331112
130367,776,0.9567649533908625,false,130367,776,0.9567649533908625
130367,84851,0.9183445432612756,false,130367,84851,0.9183445432612756
130367,84525,0.8530198606595225,false,130367,84525,0.8530198606595225
130367,4861,0.8960218253802585,false,130367,4861,0.8960218253802585
130367,10203,0.9073415551781812,false,130367,10203,0.9073415551781812
130367,284323,0.8791405908993121,false,130367,284323,0.8791405908993121
130367,1080,0.8873404392350613,false,130367,1080,0.8873404392350613
130367,65217,0.9148723717431505,false,130367,65217,0.9148723717431505
130367,105372793,0.860687216802941,false,130367,105372793,0.860687216802941
130367,84765,0.8876258886783696,false,130367,84765,0.8876258886783696
130367,653509,0.7633004689911954,false,130367,653509,0.7633004689911954
130367,55282,0.8240628478177084,false,130367,55282,0.8240628478177084
130367,79098,0.8950209521370663,false,130367,79098,0.8950209521370663
130367,144535,0.8954328174405666,false,130367,144535,0.8954328174405666
130367,649946,0.9493549316951758,false,130367,649946,0.9493549316951758
130367,144571,0.8666320177024504,false,130367,144571,0.8666320177024504
130367,26298,0.8900655972220799,false,130367,26298,0.8900655972220799
130367,165186,0.8894017892687321,false,130367,165186,0.8894017892687321
130367,102465485,0.9006920891823126,false,130367,102465485,0.9006920891823126
130367,100033436,0.9141921322744141,false,130367,100033436,0.9141921322744141
100506686,406903,0.829633947371201,false,100506686,406903,0.829633947371201
100506686,101929066,0.9563191779603486,false,100506686,101929066,0.9563191779603486
100506686,84842,0.8028431819098152,false,100506686,84842,0.8028431819098152
100506686,65998,0.8255723173836463,false,100506686,65998,0.8255723173836463
100506686,340596,0.9869415742912555,false,100506686,340596,0.9869415742912555
100506686,100506755,0.9434349521406022,false,100506686,100506755,0.9434349521406022
100506686,1746,0.9226729301644736,false,100506686,1746,0.9226729301644736
100506686,163479,0.9181461055684698,false,100506686,163479,0.9181461055684698
100506686,84867,0.8659519040133061,false,100506686,84867,0.8659519040133061
100506686,399726,0.8175119179836848,false,100506686,399726,0.8175119179836848
100506686,441151,0.8437967478543944,false,100506686,441151,0.8437967478543944
100506686,57710,0.880712853504204,false,100506686,57710,0.880712853504204
100506686,9699,0.873316482841415,false,100506686,9699,0.873316482841415
100506686,80381,0.8974672846067431,false,100506686,80381,0.8974672846067431
100506686,100874002,0.9498554747569371,false,100506686,100874002,0.9498554747569371
100506686,219793,0.9054047798515082,false,100506686,219793,0.9054047798515082
100506686,1515,0.9559388750480775,false,100506686,1515,0.9559388750480775
7080,6439,0.9526135477860829,false,7080,6439,0.9526135477860829
7080,1910,0.86174583510362,false,7080,1910,0.86174583510362
7080,146177,0.9097680814841965,false,7080,146177,0.9097680814841965
7080,81615,0.8690796849153669,false,7080,81615,0.8690796849153669
7080,221395,0.8543146207510324,false,7080,221395,0.8543146207510324
7080,54842,0.8563059664049324,false,7080,54842,0.8563059664049324
7080,128602,0.8470002708252194,false,7080,128602,0.8470002708252194
7080,102723552,0.8453502372212253,false,7080,102723552,0.8453502372212253
7080,6332,0.8208656868121691,false,7080,6332,0.8208656868121691
7080,2595,0.875667213214663,false,7080,2595,0.875667213214663
7080,64073,0.9582412927614218,false,7080,64073,0.9582412927614218
7080,9223,0.8619454772918533,false,7080,9223,0.8619454772918533
7080,253970,0.857444988233738,false,7080,253970,0.857444988233738
7080,503645,0.7985905467756653,false,7080,503645,0.7985905467756653
7080,4070,0.844606834714781,false,7080,4070,0.844606834714781
7080,2277,0.9276224265366105,false,7080,2277,0.9276224265366105
7080,116984,0.77001586825837,false,7080,116984,0.77001586825837
7080,825,0.831906606280463,false,7080,825,0.831906606280463
7080,3875,0.802295543880942,false,7080,3875,0.802295543880942
7080,4680,0.8215550988441348,false,7080,4680,0.8215550988441348
7080,79148,0.7935467171162526,false,7080,79148,0.7935467171162526
7080,130271,0.787035522792716,false,7080,130271,0.787035522792716
7080,6532,0.8103560016822978,false,7080,6532,0.8103560016822978
7080,27074,0.7989527441354721,false,7080,27074,0.7989527441354721
7080,54848,0.7754364549713902,false,7080,54848,0.7754364549713902
7080,79632,0.8067006496040778,false,7080,79632,0.8067006496040778
7080,26084,0.8679850172303644,false,7080,26084,0.8679850172303644
7080,9476,0.8205832903058714,false,7080,9476,0.8205832903058714
7080,117156,0.9318158387671708,false,7080,117156,0.9318158387671708
7080,195814,0.9638069321604461,false,7080,195814,0.9638069321604461
7080,2122,0.7685393802910706,false,7080,2122,0.7685393802910706
7080,84059,0.8820431867530042,false,7080,84059,0.8820431867530042
7080,6097,0.8723536977140962,false,7080,6097,0.8723536977140962
7080,120892,0.8068346257712161,false,7080,120892,0.8068346257712161
7080,100820829,0.857021940940612,false,7080,100820829,0.857021940940612
7080,123624,0.7801654391745042,false,7080,123624,0.7801654391745042
7080,220136,0.8829759716872503,false,7080,220136,0.8829759716872503
7080,6799,0.9688850039484123,false,7080,6799,0.9688850039484123
7080,389376,0.8187864705798741,false,7080,389376,0.8187864705798741
7080,57402,0.8415945541997801,false,7080,57402,0.8415945541997801
7080,84525,0.935343181686891,false,7080,84525,0.935343181686891
7080,21,0.8340045122104643,false,7080,21,0.8340045122104643
7080,10203,0.7737889228704973,false,7080,10203,0.7737889228704973
7080,1080,0.7595477173298137,false,7080,1080,0.7595477173298137
7080,1286,0.8505358427211704,false,7080,1286,0.8505358427211704
7080,653509,0.954785923641949,false,7080,653509,0.954785923641949
7080,55282,0.9295904211402798,false,7080,55282,0.9295904211402798
7080,729238,0.9391679403053713,false,7080,729238,0.9391679403053713
7080,79098,0.7596246289779978,false,7080,79098,0.7596246289779978
7080,144535,0.7518902706402358,false,7080,144535,0.7518902706402358
7080,144571,0.8196793777624735,false,7080,144571,0.8196793777624735
7080,165186,0.7751257412346761,false,7080,165186,0.7751257412346761
7080,102465485,0.802765461106672,false,7080,102465485,0.802765461106672
285335,1910,0.8289833353977784,false,285335,1910,0.8289833353977784
285335,641776,0.7805944486550596,false,285335,641776,0.7805944486550596
285335,728226,0.8559878555169962,false,285335,728226,0.8559878555169962
285335,81615,0.8174147718806971,false,285335,81615,0.8174147718806971
285335,200373,0.979539109933164,false,285335,200373,0.979539109933164
285335,102723382,0.8536474141288547,false,285335,102723382,0.8536474141288547
285335,474354,0.9260345302814256,false,285335,474354,0.9260345302814256
285335,54842,0.8667766987393078,false,285335,54842,0.8667766987393078
285335,728643,0.9674465755762853,false,285335,728643,0.9674465755762853
285335,128602,0.8267655792585474,false,285335,128602,0.8267655792585474
285335,54997,0.9593521998199414,false,285335,54997,0.9593521998199414
285335,2595,0.8358396071259014,false,285335,2595,0.8358396071259014
285335,219790,0.862698865086033,false,285335,219790,0.862698865086033
285335,253970,0.8720149912087293,false,285335,253970,0.8720149912087293
285335,109136579,0.9351491787758366,false,285335,109136579,0.9351491787758366
285335,503645,0.901373059789349,false,285335,503645,0.901373059789349
285335,4070,0.8176384664519485,false,285335,4070,0.8176384664519485
285335,64332,0.828354500772735,false,285335,64332,0.828354500772735
285335,346007,0.9320396375036076,false,285335,346007,0.9320396375036076
285335,116984,0.9171395687858874,false,285335,116984,0.9171395687858874
285335,825,0.8000260723418399,false,285335,825,0.8000260723418399
285335,137872,0.9751465713615131,false,285335,137872,0.9751465713615131
285335,100033430,0.9400448420720047,false,285335,100033430,0.9400448420720047
285335,9196,0.9332079106084509,false,285335,9196,0.9332079106084509
285335,619383,0.8289756506158097,false,285335,619383,0.8289756506158097
285335,89765,0.9049644056053692,false,285335,89765,0.9049644056053692
285335,130271,0.7590722009778273,false,285335,130271,0.7590722009778273
285335,101927516,0.8988390801806425,false,285335,101927516,0.8988390801806425
285335,378938,0.9322513438248494,false,285335,378938,0.9322513438248494
285335,5545,0.8497283726431898,false,285335,5545,0.8497283726431898
285335,285,0.9447046493148755,false,285335,285,0.9447046493148755
285335,27074,0.9112530179966601,false,285335,27074,0.9112530179966601
285335,100996506,0.8638471705551996,false,285335,100996506,0.8638471705551996
285335,66002,0.9501961681215094,false,285335,66002,0.9501961681215094
285335,79632,0.9073010613323927,false,285335,79632,0.9073010613323927
285335,100505495,0.8598594348098513,false,285335,100505495,0.8598594348098513
285335,7620,0.9401719302739595,false,285335,7620,0.9401719302739595
285335,105180391,0.8279627573144392,false,285335,105180391,0.8279627573144392
285335,9476,0.8114838595317285,false,285335,9476,0.8114838595317285
285335,151531,0.9424262252277884,false,285335,151531,0.9424262252277884
285335,201625,0.8712432423798314,false,285335,201625,0.8712432423798314
285335,105180390,0.8062013930199835,false,285335,105180390,0.8062013930199835
285335,692058,0.9730296537553121,false,285335,692058,0.9730296537553121
285335,645843,0.8883909244269312,false,285335,645843,0.8883909244269312
285335,2122,0.9084439666642519,false,285335,2122,0.9084439666642519
285335,84059,0.8374692180105628,false,285335,84059,0.8374692180105628
285335,121512,0.9720515333044077,false,285335,121512,0.9720515333044077
285335,6097,0.8166178995937516,false,285335,6097,0.8166178995937516
285335,120892,0.9090443532377571,false,285335,120892,0.9090443532377571
285335,123624,0.8817845672435093,false,285335,123624,0.8817845672435093
285335,391253,0.867895154314132,false,285335,391253,0.867895154314132
285335,693188,0.8763318799903466,false,285335,693188,0.8763318799903466
285335,353189,0.9162815823132832,false,285335,353189,0.9162815823132832
285335,776,0.9214516416033631,false,285335,776,0.9214516416033631
285335,84851,0.9263465507216945,false,285335,84851,0.9263465507216945
285335,4861,0.8462920258808676,false,285335,4861,0.8462920258808676
285335,10203,0.8476908782855678,false,285335,10203,0.8476908782855678
285335,284323,0.8982784875976899,false,285335,284323,0.8982784875976899
285335,1080,0.8597354714450395,false,285335,1080,0.8597354714450395
285335,65217,0.9311727537762718,false,285335,65217,0.9311727537762718
285335,105372793,0.8782258175323817,false,285335,105372793,0.8782258175323817
285335,692213,0.755886704422457,false,285335,692213,0.755886704422457
285335,84765,0.8384073466119932,false,285335,84765,0.8384073466119932
285335,79098,0.8344365297670477,false,285335,79098,0.8344365297670477
285335,144535,0.8730274139656454,false,285335,144535,0.8730274139656454
285335,649946,0.9102660858076347,false,285335,649946,0.9102660858076347
285335,144571,0.790706258828568,false,285335,144571,0.790706258828568
285335,26298,0.9107981813708274,false,285335,26298,0.9107981813708274
285335,165186,0.8254942369122787,false,285335,165186,0.8254942369122787
285335,102465485,0.8502044915645699,false,285335,102465485,0.8502044915645699
285335,100033436,0.8965261931719617,false,285335,100033436,0.8965261931719617
6439,1910,0.7636483032430746,false,6439,1910,0.7636483032430746
6439,146177,0.8001275255414677,false,6439,146177,0.8001275255414677
6439,54842,0.7536724769868499,false,6439,54842,0.7536724769868499
6439,102723552,0.8172623938843299,false,6439,102723552,0.8172623938843299
6439,6332,0.7849135848250502,false,6439,6332,0.7849135848250502
6439,2595,0.7512276560585612,false,6439,2595,0.7512276560585612
6439,64073,0.903562959403635,false,6439,64073,0.903562959403635
6439,253970,0.7535785666440797,false,6439,253970,0.7535785666440797
6439,2277,0.8087454314299753,false,6439,2277,0.8087454314299753
6439,3875,0.8066213326667905,false,6439,3875,0.8066213326667905
6439,4680,0.897708164179706,false,6439,4680,0.897708164179706
6439,109729127,0.795343769988782,false,6439,109729127,0.795343769988782
6439,6532,0.7600311226506767,false,6439,6532,0.7600311226506767
6439,26084,0.8691785710568652,false,6439,26084,0.8691785710568652
6439,9476,0.7536682229506022,false,6439,9476,0.7536682229506022
6439,117156,0.9534220954839161,false,6439,117156,0.9534220954839161
6439,195814,0.8789055896992806,false,6439,195814,0.8789055896992806
6439,84059,0.7731130504171575,false,6439,84059,0.7731130504171575
6439,6097,0.7505315605102248,false,6439,6097,0.7505315605102248
6439,100820829,0.7532432021563791,false,6439,100820829,0.7532432021563791
6439,220136,0.7637802351713956,false,6439,220136,0.7637802351713956
6439,6799,0.8742284400227986,false,6439,6799,0.8742284400227986
6439,389376,0.7779884897097914,false,6439,389376,0.7779884897097914
6439,57402,0.830377009166163,false,6439,57402,0.830377009166163
6439,84525,0.8295371747728684,false,6439,84525,0.8295371747728684
6439,21,0.9170668999390689,false,6439,21,0.9170668999390689
6439,1286,0.8014400198737397,false,6439,1286,0.8014400198737397
6439,653509,0.9417782074786195,false,6439,653509,0.9417782074786195
6439,55282,0.8024258444039596,false,6439,55282,0.8024258444039596
6439,729238,0.9828122071628247,false,6439,729238,0.9828122071628247
6439,3855,0.8220174927501919,false,6439,3855,0.8220174927501919
406903,84842,0.9988944486769287,false,406903,84842,0.9988944486769287
406903,388555,0.952484974905031,false,406903,388555,0.952484974905031
406903,100506380,0.8777696657489331,false,406903,100506380,0.8777696657489331
406903,363,0.9524849749050309,false,406903,363,0.9524849749050309
406903,65998,0.9218619614241447,false,406903,65998,0.9218619614241447
406903,419,0.952484974905031,false,406903,419,0.952484974905031
406903,340596,0.8988084405804526,false,406903,340596,0.8988084405804526
406903,10586,0.9777749850426712,false,406903,10586,0.9777749850426712
406903,2125,0.7987940179409371,false,406903,2125,0.7987940179409371
406903,3780,0.9144693009708992,false,406903,3780,0.9144693009708992
406903,163479,0.9822511557355071,false,406903,163479,0.9822511557355071
406903,2619,0.9441594777854498,false,406903,2619,0.9441594777854498
406903,84867,0.9186394692202131,false,406903,84867,0.9186394692202131
406903,113219467,0.8260577983123663,false,406903,113219467,0.8260577983123663
406903,100423031,0.9524849749050311,false,406903,100423031,0.9524849749050311
406903,1515,0.9082324929385306,false,406903,1515,0.9082324929385306
9356,641776,0.9891466173148719,false,9356,641776,0.9891466173148719
9356,148213,0.9032513212273072,false,9356,148213,0.9032513212273072
9356,4583,0.8968114783018953,false,9356,4583,0.8968114783018953
9356,54997,0.7572688556104612,false,9356,54997,0.7572688556104612
9356,115677,0.8098239022597965,false,9356,115677,0.8098239022597965
9356,7851,0.9716892435408627,false,9356,7851,0.9716892435408627
9356,692072,0.8817218362387375,false,9356,692072,0.8817218362387375
9356,109136579,0.8550770339124255,false,9356,109136579,0.8550770339124255
9356,55808,0.7884285154017906,false,9356,55808,0.7884285154017906
9356,126353,0.9032813129518489,false,9356,126353,0.9032813129518489
9356,64332,0.8716076492843079,false,9356,64332,0.8716076492843079
9356,388743,0.854415049605245,false,9356,388743,0.854415049605245
9356,1577,0.9645339879771518,false,9356,1577,0.9645339879771518
9356,100033430,0.8607492653124139,false,9356,100033430,0.8607492653124139
9356,200879,0.8123651305791795,false,9356,200879,0.8123651305791795
9356,1510,0.812461808178925,false,9356,1510,0.812461808178925
9356,441251,0.7619076389199629,false,9356,441251,0.7619076389199629
9356,102723849,0.9722489373086082,false,9356,102723849,0.9722489373086082
9356,5284,0.7943801011089339,false,9356,5284,0.7943801011089339
9356,57669,0.7567067455233352,false,9356,57669,0.7567067455233352
9356,619383,0.795769158048397,false,9356,619383,0.795769158048397
9356,89765,0.8554562899314208,false,9356,89765,0.8554562899314208
9356,57111,0.7845667229508144,false,9356,57111,0.7845667229508144
9356,4586,0.803012404817748,false,9356,4586,0.803012404817748
9356,10551,0.8066598735216394,false,9356,10551,0.8066598735216394
9356,378938,0.8588429369146735,false,9356,378938,0.8588429369146735
9356,5545,0.9391195473057543,false,9356,5545,0.9391195473057543
9356,117155,0.8272344163148502,false,9356,117155,0.8272344163148502
9356,112268155,0.8628417158575492,false,9356,112268155,0.8628417158575492
9356,79083,0.7959673102254284,false,9356,79083,0.7959673102254284
9356,1556,0.7598436919481051,false,9356,1556,0.7598436919481051
9356,55930,0.8158746679460921,false,9356,55930,0.8158746679460921
9356,7620,0.7556987172660806,false,9356,7620,0.7556987172660806
9356,7113,0.9066931445580684,false,9356,7113,0.9066931445580684
9356,105180391,0.9774207815867968,false,9356,105180391,0.9774207815867968
9356,100529240,0.7644019380391045,false,9356,100529240,0.7644019380391045
9356,255928,0.7780082235303876,false,9356,255928,0.7780082235303876
9356,10018,0.9161723725053058,false,9356,10018,0.9161723725053058
9356,115019,0.8907630480514087,false,9356,115019,0.8907630480514087
9356,105180390,0.9851109716733439,false,9356,105180390,0.9851109716733439
9356,1043,0.9005092655389916,false,9356,1043,0.9005092655389916
9356,168374,0.9236304831888088,false,9356,168374,0.9236304831888088
9356,645843,0.8654501237110438,false,9356,645843,0.8654501237110438
9356,143884,0.9074868887091303,false,9356,143884,0.9074868887091303
9356,80004,0.8720025111135509,false,9356,80004,0.8720025111135509
9356,121512,0.8032007693031802,false,9356,121512,0.8032007693031802
9356,3993,0.886205506438734,false,9356,3993,0.886205506438734
9356,389852,0.9434966289108248,false,9356,389852,0.9434966289108248
9356,164312,0.7634646739648976,false,9356,164312,0.7634646739648976
9356,84239,0.828495801675638,false,9356,84239,0.828495801675638
9356,2065,0.9732860667967616,false,9356,2065,0.9732860667967616
9356,135656,0.8049932898953379,false,9356,135656,0.8049932898953379
9356,94059,0.8003902701864989,false,9356,94059,0.8003902701864989
9356,3960,0.9685127894797203,false,9356,3960,0.9685127894797203
9356,284323,0.9284131027208611,false,9356,284323,0.9284131027208611
9356,65217,0.7849523347759,false,9356,65217,0.7849523347759
9356,23584,0.8418195756272339,false,9356,23584,0.8418195756272339
9356,692213,0.9326525158825393,false,9356,692213,0.9326525158825393
9356,259294,0.9336662181375686,false,9356,259294,0.9336662181375686
9356,2266,0.7771378117391632,false,9356,2266,0.7771378117391632
9356,440352,0.8099369459858434,false,9356,440352,0.8099369459858434
1910,146177,0.8748997227825345,false,1910,146177,0.8748997227825345
1910,728226,0.8059486876744747,false,1910,728226,0.8059486876744747
1910,81615,0.9190427406609213,false,1910,81615,0.9190427406609213
1910,200373,0.8459772565428186,false,1910,200373,0.8459772565428186
1910,5787,0.8331628774290161,false,1910,5787,0.8331628774290161
1910,474354,0.7950903418817163,false,1910,474354,0.7950903418817163
1910,1040,0.8229935237257254,false,1910,1040,0.8229935237257254
1910,221395,0.8974175081824468,false,1910,221395,0.8974175081824468
1910,54842,0.9770714850897215,false,1910,54842,0.9770714850897215
1910,728643,0.9251209986024107,false,1910,728643,0.9251209986024107
1910,128602,0.8887155678388293,false,1910,128602,0.8887155678388293
1910,102723552,0.7687404931638497,false,1910,102723552,0.7687404931638497
1910,6103,0.8086518253152767,false,1910,6103,0.8086518253152767
1910,54997,0.8440880916469229,false,1910,54997,0.8440880916469229
1910,2595,0.9337140135536146,false,1910,2595,0.9337140135536146
1910,219790,0.916279140876192,false,1910,219790,0.916279140876192
1910,115677,0.86261954244831,false,1910,115677,0.86261954244831
1910,64073,0.8721716513486362,false,1910,64073,0.8721716513486362
1910,9223,0.8749757006753256,false,1910,9223,0.8749757006753256
1910,253970,0.9440524666297643,false,1910,253970,0.9440524666297643
1910,503645,0.9683939354112155,false,1910,503645,0.9683939354112155
1910,4070,0.8614247961628759,false,1910,4070,0.8614247961628759
1910,64332,0.7590525329411612,false,1910,64332,0.7590525329411612
1910,2277,0.8810082415250022,false,1910,2277,0.8810082415250022
1910,346007,0.8667099239256877,false,1910,346007,0.8667099239256877
1910,116984,0.9445134492394334,false,1910,116984,0.9445134492394334
1910,825,0.866996522484687,false,1910,825,0.866996522484687
1910,3875,0.901808189556443,false,1910,3875,0.901808189556443
1910,137872,0.8191034513837957,false,1910,137872,0.8191034513837957
1910,100033430,0.7904662883409684,false,1910,100033430,0.7904662883409684
1910,9196,0.7907857090689523,false,1910,9196,0.7907857090689523
1910,89765,0.7876294735197077,false,1910,89765,0.7876294735197077
1910,130271,0.9555989291536174,false,1910,130271,0.9555989291536174
1910,101927516,0.8641100163843909,false,1910,101927516,0.8641100163843909
1910,5545,0.7766093820292348,false,1910,5545,0.7766093820292348
1910,285,0.8037055836070848,false,1910,285,0.8037055836070848
1910,27074,0.9566784091782158,false,1910,27074,0.9566784091782158
1910,66002,0.837312158024748,false,1910,66002,0.837312158024748
1910,79632,0.9763257402430107,false,1910,79632,0.9763257402430107
1910,100505495,0.7881421474151824,false,1910,100505495,0.7881421474151824
1910,7620,0.7513136268572185,false,1910,7620,0.7513136268572185
1910,26084,0.8783418445260872,false,1910,26084,0.8783418445260872
1910,9476,0.8380705935791598,false,1910,9476,0.8380705935791598
1910,151531,0.8168970365417799,false,1910,151531,0.8168970365417799
1910,195814,0.9238526205116905,false,1910,195814,0.9238526205116905
1910,645843,0.8041836882555012,false,1910,645843,0.8041836882555012
1910,2122,0.9079687002350333,false,1910,2122,0.9079687002350333
1910,84059,0.982533878593133,false,1910,84059,0.982533878593133
1910,121512,0.850884505581682,false,1910,121512,0.850884505581682
1910,6097,0.9070999520811573,false,1910,6097,0.9070999520811573
1910,120892,0.9470127412265813,false,1910,120892,0.9470127412265813
1910,123624,0.8821923365453576,false,1910,123624,0.8821923365453576
1910,391253,0.822306833984551,false,1910,391253,0.822306833984551
1910,220136,0.8479415495823069,false,1910,220136,0.8479415495823069
1910,693188,0.767635203731794,false,1910,693188,0.767635203731794
1910,6799,0.9286740639991651,false,1910,6799,0.9286740639991651
1910,353189,0.8481456115157335,false,1910,353189,0.8481456115157335
1910,57402,0.8239242899652818,false,1910,57402,0.8239242899652818
1910,776,0.8662255149456051,false,1910,776,0.8662255149456051
1910,84851,0.7903751278863564,false,1910,84851,0.7903751278863564
1910,780,0.7617546950913571,false,1910,780,0.7617546950913571
1910,84525,0.9335523300927835,false,1910,84525,0.9335523300927835
1910,4861,0.78615282325372,false,1910,4861,0.78615282325372
1910,10203,0.8939186650432551,false,1910,10203,0.8939186650432551
1910,1080,0.9168823014412744,false,1910,1080,0.9168823014412744
1910,65217,0.8032299400304442,false,1910,65217,0.8032299400304442
1910,1286,0.9255945358220944,false,1910,1286,0.9255945358220944
1910,84765,0.8012068856020028,false,1910,84765,0.8012068856020028
1910,653509,0.8624913029909906,false,1910,653509,0.8624913029909906
1910,55282,0.8971127503643057,false,1910,55282,0.8971127503643057
1910,729238,0.7597501866340065,false,1910,729238,0.7597501866340065
1910,79098,0.8172585095773566,false,1910,79098,0.8172585095773566
1910,144535,0.9042025401209373,false,1910,144535,0.9042025401209373
1910,649946,0.9487861414140154,false,1910,649946,0.9487861414140154
1910,144571,0.8494630845988544,false,1910,144571,0.8494630845988544
1910,26298,0.7738059174982211,false,1910,26298,0.7738059174982211
1910,165186,0.81593571337942,false,1910,165186,0.81593571337942
1910,102465485,0.8818846159002899,false,1910,102465485,0.8818846159002899
1910,100033436,0.813169683800304,false,1910,100033436,0.813169683800304
101929066,65998,0.7642109227544718,false,101929066,65998,0.7642109227544718
101929066,340596,0.917752033477114,false,101929066,340596,0.917752033477114
101929066,100506755,0.9337125185629038,false,101929066,100506755,0.9337125185629038
101929066,100126311,0.8512693131698235,false,101929066,100126311,0.8512693131698235
101929066,1746,0.918817621813724,false,101929066,1746,0.918817621813724
101929066,163479,0.8261857365471892,false,101929066,163479,0.8261857365471892
101929066,84867,0.8744680783996706,false,101929066,84867,0.8744680783996706
101929066,399726,0.7778193490501444,false,101929066,399726,0.7778193490501444
101929066,57710,0.9044197159264928,false,101929066,57710,0.9044197159264928
101929066,9699,0.9255880756973154,false,101929066,9699,0.9255880756973154
101929066,80381,0.8551720872868214,false,101929066,80381,0.8551720872868214
101929066,100874002,0.9319945262162063,false,101929066,100874002,0.9319945262162063
101929066,219793,0.9111683293263303,false,101929066,219793,0.9111683293263303
101929066,1515,0.9443302169501241,false,101929066,1515,0.9443302169501241
85452,1906,0.8642226270834947,false,85452,1906,0.8642226270834947
85452,3240,0.8483480619689084,false,85452,3240,0.8483480619689084
85452,6969,0.8680568070853885,false,85452,6969,0.8680568070853885
85452,56892,0.8370889170553493,false,85452,56892,0.8370889170553493
85452,653082,0.8387414326601332,false,85452,653082,0.8387414326601332
85452,7356,0.7807868047756974,false,85452,7356,0.7807868047756974
85452,400578,0.7608584368328389,false,85452,400578,0.7608584368328389
85452,123872,0.8743849102546902,false,85452,123872,0.8743849102546902
3229,7060,0.9994000024435342,false,3229,7060,0.9994000024435342
3229,54112,0.9998441879799835,false,3229,54112,0.9998441879799835
3229,4892,0.9946771454145444,false,3229,4892,0.9946771454145444
3229,3207,0.8882729311492163,false,3229,3207,0.8882729311492163
3229,105369937,0.9998441879799839,false,3229,105369937,0.9998441879799839
3229,107984498,0.999973969961272,false,3229,107984498,0.999973969961272
3229,284111,0.9974842115138739,false,3229,284111,0.9974842115138739
3229,10331,0.8060729690567006,false,3229,10331,0.8060729690567006
3229,128674,0.9998441879799839,false,3229,128674,0.9998441879799839
3229,101928580,0.9595745023945826,false,3229,101928580,0.9595745023945826
3229,57110,0.9989328181527662,false,3229,57110,0.9989328181527662
3229,646480,0.906564596476328,false,3229,646480,0.906564596476328
3229,4606,0.9999908845390141,false,3229,4606,0.9999908845390141
7060,54112,0.9994514879683447,false,7060,54112,0.9994514879683447
7060,4892,0.9963660676974682,false,7060,4892,0.9963660676974682
7060,3207,0.8870917874668763,false,7060,3207,0.8870917874668763
7060,105369937,0.9994514879683447,false,7060,105369937,0.9994514879683447
7060,107984498,0.9992892946796313,false,7060,107984498,0.9992892946796313
7060,284111,0.9979606242128214,false,7060,284111,0.9979606242128214
7060,10331,0.8100990899825579,false,7060,10331,0.8100990899825579
7060,128674,0.9994514879683447,false,7060,128674,0.9994514879683447
7060,101928580,0.9581782897453212,false,7060,101928580,0.9581782897453212
7060,57110,0.9992053755241359,false,7060,57110,0.9992053755241359
7060,646480,0.912497000743907,false,7060,646480,0.912497000743907
7060,4606,0.9993535783756098,false,7060,4606,0.9993535783756098
641776,148213,0.9072612060248991,false,641776,148213,0.9072612060248991
641776,4583,0.9033783026350001,false,641776,4583,0.9033783026350001
641776,54997,0.8017016257648549,false,641776,54997,0.8017016257648549
641776,115677,0.8269615941446722,false,641776,115677,0.8269615941446722
641776,7851,0.969418810287745,false,641776,7851,0.969418810287745
641776,692072,0.8652748296235991,false,641776,692072,0.8652748296235991
641776,109136579,0.9159156517068455,false,641776,109136579,0.9159156517068455
641776,55808,0.7502357373878956,false,641776,55808,0.7502357373878956
641776,126353,0.8745068211975356,false,641776,126353,0.8745068211975356
641776,64332,0.9216536369430708,false,641776,64332,0.9216536369430708
641776,388743,0.8294438491422722,false,641776,388743,0.8294438491422722
641776,137872,0.7886501635801868,false,641776,137872,0.7886501635801868
641776,1577,0.9627960992668075,false,641776,1577,0.9627960992668075
641776,100033430,0.8935550069799504,false,641776,100033430,0.8935550069799504
641776,340267,0.7703594033079458,false,641776,340267,0.7703594033079458
641776,200879,0.7770619961185677,false,641776,200879,0.7770619961185677
641776,1510,0.776727784299964,false,641776,1510,0.776727784299964
641776,441251,0.7865427840170919,false,641776,441251,0.7865427840170919
641776,102723849,0.9810167254867664,false,641776,102723849,0.9810167254867664
641776,5284,0.8240957447894897,false,641776,5284,0.8240957447894897
641776,57669,0.7941207049100981,false,641776,57669,0.7941207049100981
641776,619383,0.8578491363128441,false,641776,619383,0.8578491363128441
641776,89765,0.8895372734812577,false,641776,89765,0.8895372734812577
641776,57111,0.7508731927475677,false,641776,57111,0.7508731927475677
641776,10129,0.7626594267391885,false,641776,10129,0.7626594267391885
641776,4586,0.7688992540803983,false,641776,4586,0.7688992540803983
641776,10551,0.7782792288452028,false,641776,10551,0.7782792288452028
641776,378938,0.9189751009653973,false,641776,378938,0.9189751009653973
641776,5545,0.9656991009033897,false,641776,5545,0.9656991009033897
641776,117155,0.8288751932521312,false,641776,117155,0.8288751932521312
641776,112268155,0.8560423207667255,false,641776,112268155,0.8560423207667255
641776,79083,0.7587700139164583,false,641776,79083,0.7587700139164583
641776,1556,0.7560445746829503,false,641776,1556,0.7560445746829503
641776,55930,0.8177821036245587,false,641776,55930,0.8177821036245587
641776,7620,0.7975507509832642,false,641776,7620,0.7975507509832642
641776,7113,0.9173714132178199,false,641776,7113,0.9173714132178199
641776,105180391,0.9943840516054631,false,641776,105180391,0.9943840516054631
641776,10018,0.94164423231077,false,641776,10018,0.94164423231077
641776,115019,0.8952414261598421,false,641776,115019,0.8952414261598421
641776,105180390,0.9986973701199149,false,641776,105180390,0.9986973701199149
641776,1043,0.9224073002888648,false,641776,1043,0.9224073002888648
641776,692058,0.8014850166724113,false,641776,692058,0.8014850166724113
641776,168374,0.9258487202400679,false,641776,168374,0.9258487202400679
641776,645843,0.9241328438072404,false,641776,645843,0.9241328438072404
641776,143884,0.9122439935411033,false,641776,143884,0.9122439935411033
641776,80004,0.8701174918718942,false,641776,80004,0.8701174918718942
641776,121512,0.8576355758561054,false,641776,121512,0.8576355758561054
641776,3993,0.889063171561117,false,641776,3993,0.889063171561117
641776,389852,0.9228252784551545,false,641776,389852,0.9228252784551545
641776,84239,0.8484188246847884,false,641776,84239,0.8484188246847884
641776,2065,0.968839053473389,false,641776,2065,0.968839053473389
641776,776,0.7664889924696315,false,641776,776,0.7664889924696315
641776,135656,0.7706978150183245,false,641776,135656,0.7706978150183245
641776,94059,0.8267266451764116,false,641776,94059,0.8267266451764116
641776,3960,0.9610833246085714,false,641776,3960,0.9610833246085714
641776,284323,0.9485248251687883,false,641776,284323,0.9485248251687883
641776,65217,0.8351840144878516,false,641776,65217,0.8351840144878516
641776,23584,0.849024113924432,false,641776,23584,0.849024113924432
641776,692213,0.9605136450615399,false,641776,692213,0.9605136450615399
641776,259294,0.9229697394842806,false,641776,259294,0.9229697394842806
641776,440352,0.8391649112549173,false,641776,440352,0.8391649112549173
146177,728226,0.9277223427154385,false,146177,728226,0.9277223427154385
146177,81615,0.9594768985816208,false,146177,81615,0.9594768985816208
146177,200373,0.8352949579192402,false,146177,200373,0.8352949579192402
146177,5787,0.8036113142301881,false,146177,5787,0.8036113142301881
146177,102723382,0.7909920206708182,false,146177,102723382,0.7909920206708182
146177,474354,0.8663477780844868,false,146177,474354,0.8663477780844868
146177,221395,0.9559182344031728,false,146177,221395,0.9559182344031728
146177,54842,0.9161516856600328,false,146177,54842,0.9161516856600328
146177,728643,0.8369873167187392,false,146177,728643,0.8369873167187392
146177,128602,0.9780530722299994,false,146177,128602,0.9780530722299994
146177,107985317,0.7554697774525108,false,146177,107985317,0.7554697774525108
146177,54997,0.7851182474508954,false,146177,54997,0.7851182474508954
146177,2595,0.9678058768038004,false,146177,2595,0.9678058768038004
146177,219790,0.8681787561248705,false,146177,219790,0.8681787561248705
146177,64073,0.9615416154558641,false,146177,64073,0.9615416154558641
146177,9223,0.9695696313305694,false,146177,9223,0.9695696313305694
146177,253970,0.9606461309866193,false,146177,253970,0.9606461309866193
146177,503645,0.9037100617821227,false,146177,503645,0.9037100617821227
146177,4070,0.9773017669559971,false,146177,4070,0.9773017669559971
146177,2277,0.9702518077409589,false,146177,2277,0.9702518077409589
146177,346007,0.8594357688279283,false,146177,346007,0.8594357688279283
146177,116984,0.8857517284606686,false,146177,116984,0.8857517284606686
146177,825,0.971134997206452,false,146177,825,0.971134997206452
146177,137872,0.7582153078436905,false,146177,137872,0.7582153078436905
146177,9196,0.8308026567010802,false,146177,9196,0.8308026567010802
146177,93517,0.8957973031856832,false,146177,93517,0.8957973031856832
146177,130271,0.8045799109980866,false,146177,130271,0.8045799109980866
146177,101927516,0.9254782008863143,false,146177,101927516,0.9254782008863143
146177,285,0.8017500940089344,false,146177,285,0.8017500940089344
146177,27074,0.9182919610448257,false,146177,27074,0.9182919610448257
146177,100996506,0.8024342799352355,false,146177,100996506,0.8024342799352355
146177,66002,0.8306928126964576,false,146177,66002,0.8306928126964576
146177,54848,0.8617499544946984,false,146177,54848,0.8617499544946984
146177,79632,0.8986486643479982,false,146177,79632,0.8986486643479982
146177,100505495,0.9165146200574379,false,146177,100505495,0.9165146200574379
146177,9476,0.9581679989577534,false,146177,9476,0.9581679989577534
146177,151531,0.8033825979956645,false,146177,151531,0.8033825979956645
146177,195814,0.9199949372664189,false,146177,195814,0.9199949372664189
146177,2122,0.9355394724845302,false,146177,2122,0.9355394724845302
146177,84059,0.9191393104099734,false,146177,84059,0.9191393104099734
146177,6097,0.9810235388705396,false,146177,6097,0.9810235388705396
146177,120892,0.9174961076689261,false,146177,120892,0.9174961076689261
146177,100820829,0.7519540089572634,false,146177,100820829,0.7519540089572634
146177,123624,0.9469136275711993,false,146177,123624,0.9469136275711993
146177,391253,0.91185634172684,false,146177,391253,0.91185634172684
146177,220136,0.8985784843940389,false,146177,220136,0.8985784843940389
146177,693188,0.8848043679348311,false,146177,693188,0.8848043679348311
146177,6799,0.9373580990859572,false,146177,6799,0.9373580990859572
146177,389376,0.9375789685575774,false,146177,389376,0.9375789685575774
146177,353189,0.897191838483076,false,146177,353189,0.897191838483076
146177,776,0.8234226902305133,false,146177,776,0.8234226902305133
146177,84851,0.8311929031421674,false,146177,84851,0.8311929031421674
146177,84525,0.9500804655390898,false,146177,84525,0.9500804655390898
146177,4861,0.9231692704807102,false,146177,4861,0.9231692704807102
146177,10203,0.9379212631490603,false,146177,10203,0.9379212631490603
146177,1080,0.8329626960996109,false,146177,1080,0.8329626960996109
146177,105372793,0.801554647363358,false,146177,105372793,0.801554647363358
146177,56955,0.8817744317586854,false,146177,56955,0.8817744317586854
146177,84765,0.876736344305896,false,146177,84765,0.876736344305896
146177,653509,0.9407716480862203,false,146177,653509,0.9407716480862203
146177,55282,0.9910139655101953,false,146177,55282,0.9910139655101953
146177,729238,0.8500006353642966,false,146177,729238,0.8500006353642966
146177,79098,0.9362248440617299,false,146177,79098,0.9362248440617299
146177,144535,0.8342639061441499,false,146177,144535,0.8342639061441499
146177,649946,0.8526524305378778,false,146177,649946,0.8526524305378778
146177,144571,0.9519245751105309,false,146177,144571,0.9519245751105309
146177,26298,0.8060147683492717,false,146177,26298,0.8060147683492717
146177,165186,0.9530701066733825,false,146177,165186,0.9530701066733825
146177,102465485,0.9195295801115768,false,146177,102465485,0.9195295801115768
146177,100033436,0.8837229856358243,false,146177,100033436,0.8837229856358243
100506658,341676,0.7938994003140203,false,100506658,341676,0.7938994003140203
100506658,10595,0.8209387184430496,false,100506658,10595,0.8209387184430496
100506658,4583,0.7948302269616397,false,100506658,4583,0.7948302269616397
100506658,55567,0.755353300367263,false,100506658,55567,0.755353300367263
100506658,5961,0.8457018465494888,false,100506658,5961,0.8457018465494888
100506658,7851,0.782010427633923,false,100506658,7851,0.782010427633923
100506658,692072,0.7895602745457856,false,100506658,692072,0.7895602745457856
100506658,999,0.836613522657142,false,100506658,999,0.836613522657142
100506658,26226,0.8485375833650086,false,100506658,26226,0.8485375833650086
100506658,388743,0.7620214074255366,false,100506658,388743,0.7620214074255366
100506658,1577,0.7547152625479296,false,100506658,1577,0.7547152625479296
100506658,340267,0.9150992233458709,false,100506658,340267,0.9150992233458709
100506658,441251,0.8340330510438466,false,100506658,441251,0.8340330510438466
100506658,6337,0.8686224871419239,false,100506658,6337,0.8686224871419239
100506658,5284,0.9302821720255425,false,100506658,5284,0.9302821720255425
100506658,57669,0.9413792016684592,false,100506658,57669,0.9413792016684592
100506658,57111,0.7521922566633477,false,100506658,57111,0.7521922566633477
100506658,116844,0.8650707961671327,false,100506658,116844,0.8650707961671327
100506658,10129,0.7936396946709816,false,100506658,10129,0.7936396946709816
100506658,688,0.8194473705331686,false,100506658,688,0.8194473705331686
100506658,54897,0.8674462078133182,false,100506658,54897,0.8674462078133182
100506658,117155,0.870068212767863,false,100506658,117155,0.870068212767863
100506658,112268155,0.8440995881665918,false,100506658,112268155,0.8440995881665918
100506658,1152,0.8184246864497475,false,100506658,1152,0.8184246864497475
100506658,79083,0.7527760581842537,false,100506658,79083,0.7527760581842537
100506658,1556,0.9298228024753785,false,100506658,1556,0.9298228024753785
100506658,55930,0.8090527855530327,false,100506658,55930,0.8090527855530327
100506658,22996,0.7585734982987326,false,100506658,22996,0.7585734982987326
100506658,7113,0.8759233749907381,false,100506658,7113,0.8759233749907381
100506658,54861,0.88647121468722,false,100506658,54861,0.88647121468722
100506658,222256,0.8307717775272155,false,100506658,222256,0.8307717775272155
100506658,113218482,0.8162533131366813,false,100506658,113218482,0.8162533131366813
100506658,647024,0.8121345245323208,false,100506658,647024,0.8121345245323208
100506658,10018,0.7508811949908473,false,100506658,10018,0.7508811949908473
100506658,115019,0.8688025402428579,false,100506658,115019,0.8688025402428579
100506658,1043,0.8905819990700287,false,100506658,1043,0.8905819990700287
100506658,168374,0.8264869700207923,false,100506658,168374,0.8264869700207923
100506658,83481,0.8386885387253671,false,100506658,83481,0.8386885387253671
100506658,80004,0.9045518983999001,false,100506658,80004,0.9045518983999001
100506658,3993,0.8937243626168406,false,100506658,3993,0.8937243626168406
100506658,84239,0.9359031274086308,false,100506658,84239,0.9359031274086308
100506658,2065,0.7843718001123448,false,100506658,2065,0.7843718001123448
100506658,780,0.8111932649737967,false,100506658,780,0.8111932649737967
100506658,3880,0.9003104474356155,false,100506658,3880,0.9003104474356155
100506658,23584,0.9342488424496783,false,100506658,23584,0.9342488424496783
100506658,79784,0.7884110309780316,false,100506658,79784,0.7884110309780316
100506658,153643,0.8552542185345465,false,100506658,153643,0.8552542185345465
100506658,79740,0.7841699985799786,false,100506658,79740,0.7841699985799786
100506658,745,0.8367242069943236,false,100506658,745,0.8367242069943236
100506658,440352,0.9085013894750948,false,100506658,440352,0.9085013894750948
728226,81615,0.9396503641779913,false,728226,81615,0.9396503641779913
728226,200373,0.9299330267505561,false,728226,200373,0.9299330267505561
728226,102723382,0.8710748652385476,false,728226,102723382,0.8710748652385476
728226,474354,0.9715109445133633,false,728226,474354,0.9715109445133633
728226,221395,0.8878244504400173,false,728226,221395,0.8878244504400173
728226,54842,0.8814588851821037,false,728226,54842,0.8814588851821037
728226,728643,0.880663792401313,false,728226,728643,0.880663792401313
728226,128602,0.9728769052708457,false,728226,128602,0.9728769052708457
728226,107985317,0.8745687017586578,false,728226,107985317,0.8745687017586578
728226,54997,0.9082268575598165,false,728226,54997,0.9082268575598165
728226,2595,0.9389473038648926,false,728226,2595,0.9389473038648926
728226,219790,0.886349459803424,false,728226,219790,0.886349459803424
728226,64073,0.8482344404779047,false,728226,64073,0.8482344404779047
728226,9223,0.9040352584484163,false,728226,9223,0.9040352584484163
728226,253970,0.9436774572083866,false,728226,253970,0.9436774572083866
728226,503645,0.9144725226102375,false,728226,503645,0.9144725226102375
728226,4070,0.9656784212224815,false,728226,4070,0.9656784212224815
728226,2277,0.8538015338748871,false,728226,2277,0.8538015338748871
728226,346007,0.9152437256108727,false,728226,346007,0.9152437256108727
728226,116984,0.8983100089952155,false,728226,116984,0.8983100089952155
728226,825,0.9656883165619383,false,728226,825,0.9656883165619383
728226,137872,0.9029278839456004,false,728226,137872,0.9029278839456004
728226,100033430,0.8191930874117763,false,728226,100033430,0.8191930874117763
728226,9196,0.960214880153054,false,728226,9196,0.960214880153054
728226,93517,0.9193612447917292,false,728226,93517,0.9193612447917292
728226,89765,0.7576743860820941,false,728226,89765,0.7576743860820941
728226,101927516,0.976353976373338,false,728226,101927516,0.976353976373338
728226,285,0.9377174610193661,false,728226,285,0.9377174610193661
728226,27074,0.9210773517768263,false,728226,27074,0.9210773517768263
728226,100996506,0.9007341153188557,false,728226,100996506,0.9007341153188557
728226,66002,0.9501759599102639,false,728226,66002,0.9501759599102639
728226,54848,0.7586617281860355,false,728226,54848,0.7586617281860355
728226,79632,0.8868637697181417,false,728226,79632,0.8868637697181417
728226,100505495,0.9963991447530164,false,728226,100505495,0.9963991447530164
728226,7620,0.8325352014983779,false,728226,7620,0.8325352014983779
728226,9476,0.9472937238864207,false,728226,9476,0.9472937238864207
728226,151531,0.9364723661268712,false,728226,151531,0.9364723661268712
728226,195814,0.7772072339250231,false,728226,195814,0.7772072339250231
728226,692058,0.7814671985239181,false,728226,692058,0.7814671985239181
728226,2122,0.965106193158379,false,728226,2122,0.965106193158379
728226,84059,0.8550815762604983,false,728226,84059,0.8550815762604983
728226,121512,0.8469508876141452,false,728226,121512,0.8469508876141452
728226,6097,0.958440992490262,false,728226,6097,0.958440992490262
728226,120892,0.904214987383971,false,728226,120892,0.904214987383971
728226,123624,0.9865553176384447,false,728226,123624,0.9865553176384447
728226,391253,0.9916395457604277,false,728226,391253,0.9916395457604277
728226,220136,0.8269922420756194,false,728226,220136,0.8269922420756194
728226,693188,0.9765356123536706,false,728226,693188,0.9765356123536706
728226,6799,0.8096157128380698,false,728226,6799,0.8096157128380698
728226,389376,0.8933580438050952,false,728226,389376,0.8933580438050952
728226,353189,0.9850768988470845,false,728226,353189,0.9850768988470845
728226,776,0.9109032920306539,false,728226,776,0.9109032920306539
728226,84851,0.918094519631362,false,728226,84851,0.918094519631362
728226,84525,0.868887974125806,false,728226,84525,0.868887974125806
728226,4861,0.9937719544573026,false,728226,4861,0.9937719544573026
728226,10203,0.9366863013471353,false,728226,10203,0.9366863013471353
728226,1080,0.7775446156551511,false,728226,1080,0.7775446156551511
728226,65217,0.7946247355441423,false,728226,65217,0.7946247355441423
728226,105372793,0.898296073360408,false,728226,105372793,0.898296073360408
728226,56955,0.9037160252639409,false,728226,56955,0.9037160252639409
728226,84765,0.9396691751471102,false,728226,84765,0.9396691751471102
728226,653509,0.793409117892012,false,728226,653509,0.793409117892012
728226,55282,0.9081153262742749,false,728226,55282,0.9081153262742749
728226,79098,0.9654144317790674,false,728226,79098,0.9654144317790674
728226,144535,0.7955058622723308,false,728226,144535,0.7955058622723308
728226,649946,0.8555370123016512,false,728226,649946,0.8555370123016512
728226,144571,0.9525501749235918,false,728226,144571,0.9525501749235918
728226,26298,0.8586342869580879,false,728226,26298,0.8586342869580879
728226,165186,0.9885594655566934,false,728226,165186,0.9885594655566934
728226,102465485,0.9161015278508446,false,728226,102465485,0.9161015278508446
728226,100033436,0.9482082062650706,false,728226,100033436,0.9482082062650706
81615,200373,0.8800629443420821,false,81615,200373,0.8800629443420821
81615,102723382,0.8541659725657461,false,81615,102723382,0.8541659725657461
81615,474354,0.9002714553417219,false,81615,474354,0.9002714553417219
81615,1040,0.7689016629581893,false,81615,1040,0.7689016629581893
81615,221395,0.9039520438065508,false,81615,221395,0.9039520438065508
81615,54842,0.9617005585760212,false,81615,54842,0.9617005585760212
81615,728643,0.8976260293448644,false,81615,728643,0.8976260293448644
81615,128602,0.985618473512187,false,81615,128602,0.985618473512187
81615,107985317,0.8307863778867268,false,81615,107985317,0.8307863778867268
81615,54997,0.8476245569121935,false,81615,54997,0.8476245569121935
81615,2595,0.9961684457580048,false,81615,2595,0.9961684457580048
81615,219790,0.8715267470136788,false,81615,219790,0.8715267470136788
81615,64073,0.9434542012671708,false,81615,64073,0.9434542012671708
81615,9223,0.9304610617952547,false,81615,9223,0.9304610617952547
81615,253970,0.9816270548381112,false,81615,253970,0.9816270548381112
81615,503645,0.9613998308270048,false,81615,503645,0.9613998308270048
81615,4070,0.9738315789192107,false,81615,4070,0.9738315789192107
81615,2277,0.9121569446347135,false,81615,2277,0.9121569446347135
81615,346007,0.9227424863308948,false,81615,346007,0.9227424863308948
81615,116984,0.9458098482377345,false,81615,116984,0.9458098482377345
81615,825,0.9837088852056665,false,81615,825,0.9837088852056665
81615,137872,0.8377264591869374,false,81615,137872,0.8377264591869374
81615,9196,0.863487161256606,false,81615,9196,0.863487161256606
81615,93517,0.8448184399879715,false,81615,93517,0.8448184399879715
81615,130271,0.810000022087134,false,81615,130271,0.810000022087134
81615,101927516,0.9577521961067201,false,81615,101927516,0.9577521961067201
81615,285,0.8723056205862646,false,81615,285,0.8723056205862646
81615,27074,0.9414595671026984,false,81615,27074,0.9414595671026984
81615,100996506,0.8335835751149361,false,81615,100996506,0.8335835751149361
81615,66002,0.8850409365013131,false,81615,66002,0.8850409365013131
81615,54848,0.8054810250673293,false,81615,54848,0.8054810250673293
81615,79632,0.9505813961369688,false,81615,79632,0.9505813961369688
81615,100505495,0.9275548853995569,false,81615,100505495,0.9275548853995569
81615,9476,0.9284887267149468,false,81615,9476,0.9284887267149468
81615,151531,0.8650966900948571,false,81615,151531,0.8650966900948571
81615,195814,0.9359846577838996,false,81615,195814,0.9359846577838996
81615,2122,0.9632283838635681,false,81615,2122,0.9632283838635681
81615,84059,0.9605548892883734,false,81615,84059,0.9605548892883734
81615,121512,0.8042897320503145,false,81615,121512,0.8042897320503145
81615,6097,0.9912312541924573,false,81615,6097,0.9912312541924573
81615,120892,0.9530058118942468,false,81615,120892,0.9530058118942468
81615,123624,0.9742160457020861,false,81615,123624,0.9742160457020861
81615,391253,0.9527955880539644,false,81615,391253,0.9527955880539644
81615,220136,0.9397021994717837,false,81615,220136,0.9397021994717837
81615,693188,0.9056568568071075,false,81615,693188,0.9056568568071075
81615,6799,0.952053985036377,false,81615,6799,0.952053985036377
81615,389376,0.8650921427771731,false,81615,389376,0.8650921427771731
81615,353189,0.9341336861794022,false,81615,353189,0.9341336861794022
81615,776,0.8494225148396028,false,81615,776,0.8494225148396028
81615,84851,0.881136478484195,false,81615,84851,0.881136478484195
81615,84525,0.9833446353721682,false,81615,84525,0.9833446353721682
81615,4861,0.9325288829072033,false,81615,4861,0.9325288829072033
81615,10203,0.9308219752664222,false,81615,10203,0.9308219752664222
81615,1080,0.852219544375067,false,81615,1080,0.852219544375067
81615,105372793,0.8477998189086132,false,81615,105372793,0.8477998189086132
81615,56955,0.8617299224069345,false,81615,56955,0.8617299224069345
81615,84765,0.8437652361081859,false,81615,84765,0.8437652361081859
81615,653509,0.8877108074094336,false,81615,653509,0.8877108074094336
81615,55282,0.9679815112068964,false,81615,55282,0.9679815112068964
81615,729238,0.7610282269400719,false,81615,729238,0.7610282269400719
81615,79098,0.9128476666097479,false,81615,79098,0.9128476666097479
81615,144535,0.8683245609851235,false,81615,144535,0.8683245609851235
81615,649946,0.9170143649492685,false,81615,649946,0.9170143649492685
81615,144571,0.9786718067256868,false,81615,144571,0.9786718067256868
81615,26298,0.8417393917788722,false,81615,26298,0.8417393917788722
81615,165186,0.957022256724976,false,81615,165186,0.957022256724976
81615,102465485,0.9682087694103267,false,81615,102465485,0.9682087694103267
81615,100033436,0.9316383900285711,false,81615,100033436,0.9316383900285711
84842,388555,0.9657503283713258,false,84842,388555,0.9657503283713258
84842,100506380,0.8799230495872171,false,84842,100506380,0.8799230495872171
84842,363,0.9657503283713255,false,84842,363,0.9657503283713255
84842,65998,0.9185252990800689,false,84842,65998,0.9185252990800689
84842,419,0.9657503283713257,false,84842,419,0.9657503283713257
84842,340596,0.8772085998817011,false,84842,340596,0.8772085998817011
84842,10586,0.9853164273420463,false,84842,10586,0.9853164273420463
84842,2125,0.8046531164325933,false,84842,2125,0.8046531164325933
84842,3780,0.9295124732429492,false,84842,3780,0.9295124732429492
84842,163479,0.9723476597482221,false,84842,163479,0.9723476597482221
84842,2619,0.9497143377111846,false,84842,2619,0.9497143377111846
84842,84867,0.9107571534970894,false,84842,84867,0.9107571534970894
84842,113219467,0.8254654633574949,false,84842,113219467,0.8254654633574949
84842,100423031,0.9657503283713258,false,84842,100423031,0.9657503283713258
84842,1515,0.8912715836106759,false,84842,1515,0.8912715836106759
22943,7033,0.997680950021042,false,22943,7033,0.997680950021042
22943,160728,0.994932338829131,false,22943,160728,0.994932338829131
22943,94025,0.9820988766119169,false,22943,94025,0.9820988766119169
22943,388633,0.9699670485720117,false,22943,388633,0.9699670485720117
22943,3929,0.9785452667690981,false,22943,3929,0.9785452667690981
22943,100158262,0.8135352029564384,false,22943,100158262,0.8135352029564384
22943,727897,0.9837923398245957,false,22943,727897,0.9837923398245957
22943,1604,0.8893924821474869,false,22943,1604,0.8893924821474869
22943,886,0.9918094456515674,false,22943,886,0.9918094456515674
22943,4057,0.9951125804332994,false,22943,4057,0.9951125804332994
22943,26797,0.9730518212524162,false,22943,26797,0.9730518212524162
22943,112577518,0.9642588545151334,false,22943,112577518,0.9642588545151334
22943,692209,0.9892384866104664,false,22943,692209,0.9892384866104664
22943,563,0.9887151747967576,false,22943,563,0.9887151747967576
22943,4069,0.830093087028335,false,22943,4069,0.830093087028335
22943,83643,0.9639157094213296,false,22943,83643,0.9639157094213296
22943,284434,0.9883808428216346,false,22943,284434,0.9883808428216346
200373,102723382,0.8862520371655744,false,200373,102723382,0.8862520371655744
200373,474354,0.9742007710270527,false,200373,474354,0.9742007710270527
200373,221395,0.8237543537929485,false,200373,221395,0.8237543537929485
200373,54842,0.9015591027006095,false,200373,54842,0.9015591027006095
200373,728643,0.9722929531252608,false,200373,728643,0.9722929531252608
200373,128602,0.9031715772726988,false,200373,128602,0.9031715772726988
200373,107985317,0.7717178047578367,false,200373,107985317,0.7717178047578367
200373,54997,0.9609278080774944,false,200373,54997,0.9609278080774944
200373,2595,0.8995973137494101,false,200373,2595,0.8995973137494101
200373,219790,0.8994665882080087,false,200373,219790,0.8994665882080087
200373,64073,0.7615868962841755,false,200373,64073,0.7615868962841755
200373,9223,0.8216647502270934,false,200373,9223,0.8216647502270934
200373,253970,0.9262357746029943,false,200373,253970,0.9262357746029943
200373,109136579,0.8630696246229281,false,200373,109136579,0.8630696246229281
200373,503645,0.9243030659386956,false,200373,503645,0.9243030659386956
200373,4070,0.9012050880902914,false,200373,4070,0.9012050880902914
200373,2277,0.751188402803446,false,200373,2277,0.751188402803446
200373,346007,0.9594923368881145,false,200373,346007,0.9594923368881145
200373,116984,0.9446566965862748,false,200373,116984,0.9446566965862748
200373,825,0.8834709838513137,false,200373,825,0.8834709838513137
200373,137872,0.9675121769205323,false,200373,137872,0.9675121769205323
200373,100033430,0.9138560688052572,false,200373,100033430,0.9138560688052572
200373,9196,0.9679920169458395,false,200373,9196,0.9679920169458395
200373,93517,0.8360989560558036,false,200373,93517,0.8360989560558036
200373,89765,0.8792256975532818,false,200373,89765,0.8792256975532818
200373,130271,0.7770529745227317,false,200373,130271,0.7770529745227317
200373,101927516,0.9549758063444074,false,200373,101927516,0.9549758063444074
200373,378938,0.8590932497584711,false,200373,378938,0.8590932497584711
200373,5545,0.7853125274606779,false,200373,5545,0.7853125274606779
200373,285,0.9585821802543857,false,200373,285,0.9585821802543857
200373,27074,0.94677736496977,false,200373,27074,0.94677736496977
200373,100996506,0.9161061346373007,false,200373,100996506,0.9161061346373007
200373,66002,0.9696566960143005,false,200373,66002,0.9696566960143005
200373,79632,0.9304570788087736,false,200373,79632,0.9304570788087736
200373,100505495,0.9335622454334455,false,200373,100505495,0.9335622454334455
200373,7620,0.9142271180077346,false,200373,7620,0.9142271180077346
200373,4179,0.7600260037610217,false,200373,4179,0.7600260037610217
200373,105180391,0.7554977972647583,false,200373,105180391,0.7554977972647583
200373,9476,0.896557471140053,false,200373,9476,0.896557471140053
200373,151531,0.9579109825653858,false,200373,151531,0.9579109825653858
200373,201625,0.828672200336113,false,200373,201625,0.828672200336113
200373,692058,0.9371684205240296,false,200373,692058,0.9371684205240296
200373,645843,0.8088477746605475,false,200373,645843,0.8088477746605475
200373,2122,0.9623425804273191,false,200373,2122,0.9623425804273191
200373,84059,0.8749869803005714,false,200373,84059,0.8749869803005714
200373,121512,0.9579098807103439,false,200373,121512,0.9579098807103439
200373,6097,0.8909862322634515,false,200373,6097,0.8909862322634515
200373,120892,0.9458172061983514,false,200373,120892,0.9458172061983514
200373,123624,0.9412933896056919,false,200373,123624,0.9412933896056919
200373,391253,0.9256543918092967,false,200373,391253,0.9256543918092967
200373,693188,0.9406504954076373,false,200373,693188,0.9406504954076373
200373,389376,0.7872414593208293,false,200373,389376,0.7872414593208293
200373,353189,0.962069350232082,false,200373,353189,0.962069350232082
200373,776,0.9391155108285668,false,200373,776,0.9391155108285668
200373,84851,0.9599897353546188,false,200373,84851,0.9599897353546188
200373,84525,0.8065676609491041,false,200373,84525,0.8065676609491041
200373,4861,0.9212371345935535,false,200373,4861,0.9212371345935535
200373,10203,0.9157572567675518,false,200373,10203,0.9157572567675518
200373,284323,0.8498335564140632,false,200373,284323,0.8498335564140632
200373,1080,0.8838214479399241,false,200373,1080,0.8838214479399241
200373,65217,0.9260464415965882,false,200373,65217,0.9260464415965882
200373,105372793,0.9224286300329481,false,200373,105372793,0.9224286300329481
200373,56955,0.777381033722553,false,200373,56955,0.777381033722553
200373,84765,0.9074071706786155,false,200373,84765,0.9074071706786155
200373,55282,0.8024219336913264,false,200373,55282,0.8024219336913264
200373,79098,0.9124966045855467,false,200373,79098,0.9124966045855467
200373,144535,0.8998685430768443,false,200373,144535,0.8998685430768443
200373,649946,0.9201078326747062,false,200373,649946,0.9201078326747062
200373,144571,0.8657292055095659,false,200373,144571,0.8657292055095659
200373,26298,0.9419732909523898,false,200373,26298,0.9419732909523898
200373,165186,0.9091791153244491,false,200373,165186,0.9091791153244491
200373,102465485,0.9012989413836967,false,200373,102465485,0.9012989413836967
200373,100033436,0.9458512896710269,false,200373,100033436,0.9458512896710269
2696,54084,0.8672513677275089,false,2696,54084,0.8672513677275089
2696,100129940,0.7872205494091148,false,2696,100129940,0.7872205494091148
2696,339983,0.8779424912071978,false,2696,339983,0.8779424912071978
2696,7473,0.9316702026341545,false,2696,7473,0.9316702026341545
2696,1180,0.8039582053023462,false,2696,1180,0.8039582053023462
2696,57524,0.8524109651232703,false,2696,57524,0.8524109651232703
2696,256076,0.8792828179765552,false,2696,256076,0.8792828179765552
2696,140766,0.752023844660797,false,2696,140766,0.752023844660797
2696,284680,0.8251238913335278,false,2696,284680,0.8251238913335278
2696,128218,0.7901602107219934,false,2696,128218,0.7901602107219934
2696,105373265,0.8133165458833527,false,2696,105373265,0.8133165458833527
2696,9211,0.8853646012990697,false,2696,9211,0.8853646012990697
2696,440590,0.831012329305687,false,2696,440590,0.831012329305687
5787,221395,0.9220011435794838,false,5787,221395,0.9220011435794838
5787,54842,0.8310731534210473,false,5787,54842,0.8310731534210473
5787,128602,0.7533333370882976,false,5787,128602,0.7533333370882976
5787,2595,0.7757515503863192,false,5787,2595,0.7757515503863192
5787,219790,0.9183480085972625,false,5787,219790,0.9183480085972625
5787,115677,0.913818864173455,false,5787,115677,0.913818864173455
5787,9223,0.8725891163938051,false,5787,9223,0.8725891163938051
5787,253970,0.7911528267738225,false,5787,253970,0.7911528267738225
5787,503645,0.7969924625358493,false,5787,503645,0.7969924625358493
5787,2277,0.8962419187267777,false,5787,2277,0.8962419187267777
5787,116984,0.8064589481689457,false,5787,116984,0.8064589481689457
5787,114327,0.8256622599495377,false,5787,114327,0.8256622599495377
5787,130271,0.9037389919296722,false,5787,130271,0.9037389919296722
5787,27074,0.8477904727813368,false,5787,27074,0.8477904727813368
5787,79632,0.8082205093451573,false,5787,79632,0.8082205093451573
5787,9476,0.7519634413493824,false,5787,9476,0.7519634413493824
5787,2122,0.8006812383076529,false,5787,2122,0.8006812383076529
5787,84059,0.809496494998069,false,5787,84059,0.809496494998069
5787,121512,0.7644739206338949,false,5787,121512,0.7644739206338949
5787,6097,0.7597256881875186,false,5787,6097,0.7597256881875186
5787,120892,0.7707637426647789,false,5787,120892,0.7707637426647789
5787,100820829,0.8145567777911306,false,5787,100820829,0.8145567777911306
5787,776,0.8075806363497896,false,5787,776,0.8075806363497896
5787,10203,0.8367013101360559,false,5787,10203,0.8367013101360559
5787,1080,0.7620696367527532,false,5787,1080,0.7620696367527532
5787,65217,0.7883537277816262,false,5787,65217,0.7883537277816262
5787,1286,0.8338769471038969,false,5787,1286,0.8338769471038969
5787,84765,0.8589222987095665,false,5787,84765,0.8589222987095665
5787,55282,0.8160888629819048,false,5787,55282,0.8160888629819048
5787,144535,0.7514430976964799,false,5787,144535,0.7514430976964799
168090,5961,0.8568000741977121,false,168090,5961,0.8568000741977121
168090,26226,0.787809309875607,false,168090,26226,0.787809309875607
168090,644649,0.8151986499107312,false,168090,644649,0.8151986499107312
168090,7356,0.78304519785472,false,168090,7356,0.78304519785472
168090,6337,0.8783895255238637,false,168090,6337,0.8783895255238637
168090,85349,0.7553752823452743,false,168090,85349,0.7553752823452743
168090,728276,0.8255841665209666,false,168090,728276,0.8255841665209666
168090,27022,0.8124783992462397,false,168090,27022,0.8124783992462397
168090,6101,0.9474976560461505,false,168090,6101,0.9474976560461505
168090,54897,0.7850971445225068,false,168090,54897,0.7850971445225068
168090,83481,0.9227102849475343,false,168090,83481,0.9227102849475343
168090,105,0.8222810322481388,false,168090,105,0.8222810322481388
168090,1579,0.9803721905508064,false,168090,1579,0.9803721905508064
168090,57477,0.9204788326382799,false,168090,57477,0.9204788326382799
168090,3880,0.869231546170302,false,168090,3880,0.869231546170302
168090,7433,0.8494913967349678,false,168090,7433,0.8494913967349678
168090,100129460,0.8615433921578075,false,168090,100129460,0.8615433921578075
102466759,65998,0.7824357634602397,false,102466759,65998,0.7824357634602397
102466759,387882,0.8771569164342495,false,102466759,387882,0.8771569164342495
102466759,102723635,0.9550965469626224,false,102466759,102723635,0.9550965469626224
102466759,3780,0.8044901286588778,false,102466759,3780,0.8044901286588778
102466759,64137,0.8593006110608938,false,102466759,64137,0.8593006110608938
102466759,23562,0.8053860346486724,false,102466759,23562,0.8053860346486724
102466759,57524,0.7946988427856143,false,102466759,57524,0.7946988427856143
102466759,2619,0.808761460321888,false,102466759,2619,0.808761460321888
102466759,100130701,0.8413786375315603,false,102466759,100130701,0.8413786375315603
102466759,440590,0.8056507247027974,false,102466759,440590,0.8056507247027974
102723382,474354,0.9295740306754753,false,102723382,474354,0.9295740306754753
102723382,1040,0.8260791287785038,false,102723382,1040,0.8260791287785038
102723382,54842,0.7793607953626813,false,102723382,54842,0.7793607953626813
102723382,728643,0.8826100742120105,false,102723382,728643,0.8826100742120105
102723382,128602,0.8550414220026636,false,102723382,128602,0.8550414220026636
102723382,54997,0.7735694161570221,false,102723382,54997,0.7735694161570221
102723382,2595,0.8549450702488239,false,102723382,2595,0.8549450702488239
102723382,9223,0.7779982018253775,false,102723382,9223,0.7779982018253775
102723382,253970,0.8368571216077373,false,102723382,253970,0.8368571216077373
102723382,503645,0.8300560211560739,false,102723382,503645,0.8300560211560739
102723382,4070,0.8631857214316544,false,102723382,4070,0.8631857214316544
102723382,346007,0.9605543443931328,false,102723382,346007,0.9605543443931328
102723382,116984,0.8394639727180172,false,102723382,116984,0.8394639727180172
102723382,825,0.886868110593741,false,102723382,825,0.886868110593741
102723382,137872,0.8090088288617864,false,102723382,137872,0.8090088288617864
102723382,9196,0.8753892737552958,false,102723382,9196,0.8753892737552958
102723382,101927516,0.9371686060077895,false,102723382,101927516,0.9371686060077895
102723382,285,0.921757079093952,false,102723382,285,0.921757079093952
102723382,27074,0.7956752305646833,false,102723382,27074,0.7956752305646833
102723382,100996506,0.9762275470849352,false,102723382,100996506,0.9762275470849352
102723382,66002,0.8193432027303269,false,102723382,66002,0.8193432027303269
102723382,54848,0.8398028259150869,false,102723382,54848,0.8398028259150869
102723382,79632,0.8455122266272508,false,102723382,79632,0.8455122266272508
102723382,100505495,0.9001955311985016,false,102723382,100505495,0.9001955311985016
102723382,7620,0.7915254035805932,false,102723382,7620,0.7915254035805932
102723382,4179,0.9515096093811916,false,102723382,4179,0.9515096093811916
102723382,9476,0.7801826004897131,false,102723382,9476,0.7801826004897131
102723382,151531,0.7856013036655746,false,102723382,151531,0.7856013036655746
102723382,201625,0.7725741322144708,false,102723382,201625,0.7725741322144708
102723382,692058,0.8170045669606689,false,102723382,692058,0.8170045669606689
102723382,2122,0.8847382864346154,false,102723382,2122,0.8847382864346154
102723382,84059,0.8083093361169297,false,102723382,84059,0.8083093361169297
102723382,6097,0.8486313958400042,false,102723382,6097,0.8486313958400042
102723382,120892,0.892846563788861,false,102723382,120892,0.892846563788861
102723382,123624,0.8714762275123962,false,102723382,123624,0.8714762275123962
102723382,391253,0.8940206649425995,false,102723382,391253,0.8940206649425995
102723382,220136,0.8178014437045469,false,102723382,220136,0.8178014437045469
102723382,693188,0.9451590122999807,false,102723382,693188,0.9451590122999807
102723382,353189,0.8505941989333132,false,102723382,353189,0.8505941989333132
102723382,776,0.770911768447836,false,102723382,776,0.770911768447836
102723382,84851,0.9773334978186481,false,102723382,84851,0.9773334978186481
102723382,84525,0.7860204332786108,false,102723382,84525,0.7860204332786108
102723382,4861,0.8596296106820023,false,102723382,4861,0.8596296106820023
102723382,10203,0.8695867080960343,false,102723382,10203,0.8695867080960343
102723382,1080,0.8360034948615634,false,102723382,1080,0.8360034948615634
102723382,105372793,0.9832694937620925,false,102723382,105372793,0.9832694937620925
102723382,55282,0.7638326001362585,false,102723382,55282,0.7638326001362585
102723382,79098,0.7807510955032962,false,102723382,79098,0.7807510955032962
102723382,144535,0.8399962813203616,false,102723382,144535,0.8399962813203616
102723382,649946,0.8898715063632624,false,102723382,649946,0.8898715063632624
102723382,144571,0.9115760086358121,false,102723382,144571,0.9115760086358121
102723382,26298,0.9495499637234791,false,102723382,26298,0.9495499637234791
102723382,165186,0.850528286520414,false,102723382,165186,0.850528286520414
102723382,102465485,0.947382935189461,false,102723382,102465485,0.947382935189461
102723382,100033436,0.9736460423532733,false,102723382,100033436,0.9736460423532733
54084,339983,0.8750977023833618,false,54084,339983,0.8750977023833618
54084,7473,0.9435027181326978,false,54084,7473,0.9435027181326978
54084,1180,0.9872823123490351,false,54084,1180,0.9872823123490351
54084,388327,0.8753821518136894,false,54084,388327,0.8753821518136894
54084,109729184,0.8130795190695371,false,54084,109729184,0.8130795190695371
54084,100126311,0.9107086873190261,false,54084,100126311,0.9107086873190261
54084,57524,0.871363920195781,false,54084,57524,0.871363920195781
54084,256076,0.7899417779132105,false,54084,256076,0.7899417779132105
54084,140766,0.8123434343413662,false,54084,140766,0.8123434343413662
54084,284680,0.8645738286236594,false,54084,284680,0.8645738286236594
54084,128218,0.7638050892416373,false,54084,128218,0.7638050892416373
54084,105373265,0.9143297449511099,false,54084,105373265,0.9143297449511099
54084,9211,0.870094996762479,false,54084,9211,0.870094996762479
54084,440590,0.8734526856700361,false,54084,440590,0.8734526856700361
474354,221395,0.8418037988614157,false,474354,221395,0.8418037988614157
474354,54842,0.8665022398428026,false,474354,54842,0.8665022398428026
474354,728643,0.9330762595642681,false,474354,728643,0.9330762595642681
474354,128602,0.9273044897314012,false,474354,128602,0.9273044897314012
474354,107985317,0.8340619281443928,false,474354,107985317,0.8340619281443928
474354,54997,0.9226064065196927,false,474354,54997,0.9226064065196927
474354,2595,0.9095093961969036,false,474354,2595,0.9095093961969036
474354,219790,0.8688390594639527,false,474354,219790,0.8688390594639527
474354,64073,0.7645738593044137,false,474354,64073,0.7645738593044137
474354,9223,0.864900024479347,false,474354,9223,0.864900024479347
474354,253970,0.914984801192727,false,474354,253970,0.914984801192727
474354,109136579,0.7662261687450128,false,474354,109136579,0.7662261687450128
474354,503645,0.9043457311642588,false,474354,503645,0.9043457311642588
474354,4070,0.924465739834797,false,474354,4070,0.924465739834797
474354,2277,0.7761975031897747,false,474354,2277,0.7761975031897747
474354,346007,0.9657263031528803,false,474354,346007,0.9657263031528803
474354,116984,0.9186712398191955,false,474354,116984,0.9186712398191955
474354,825,0.9322947450286511,false,474354,825,0.9322947450286511
474354,137872,0.9314658968068558,false,474354,137872,0.9314658968068558
474354,100033430,0.8470305514086869,false,474354,100033430,0.8470305514086869
474354,9196,0.9833642917608159,false,474354,9196,0.9833642917608159
474354,93517,0.8552667441618068,false,474354,93517,0.8552667441618068
474354,89765,0.7757585122429577,false,474354,89765,0.7757585122429577
474354,101927516,0.9839075672773402,false,474354,101927516,0.9839075672773402
474354,378938,0.7607803801004105,false,474354,378938,0.7607803801004105
474354,285,0.9750260635808666,false,474354,285,0.9750260635808666
474354,27074,0.9111932803227617,false,474354,27074,0.9111932803227617
474354,100996506,0.9621005341748652,false,474354,100996506,0.9621005341748652
474354,66002,0.9531640651908647,false,474354,66002,0.9531640651908647
474354,54848,0.787952935701592,false,474354,54848,0.787952935701592
474354,79632,0.9012227450399408,false,474354,79632,0.9012227450399408
474354,100505495,0.9823629083868374,false,474354,100505495,0.9823629083868374
474354,7620,0.8817993157328871,false,474354,7620,0.8817993157328871
474354,4179,0.8257467608194728,false,474354,4179,0.8257467608194728
474354,9476,0.8952394679009623,false,474354,9476,0.8952394679009623
474354,151531,0.9381946132108946,false,474354,151531,0.9381946132108946
474354,692058,0.8866586932763991,false,474354,692058,0.8866586932763991
474354,2122,0.9690561985785793,false,474354,2122,0.9690561985785793
474354,84059,0.8495212544455935,false,474354,84059,0.8495212544455935
474354,121512,0.895252907769363,false,474354,121512,0.895252907769363
474354,6097,0.9114586740044922,false,474354,6097,0.9114586740044922
474354,120892,0.9268038503468047,false,474354,120892,0.9268038503468047
474354,123624,0.9573582749803817,false,474354,123624,0.9573582749803817
474354,391253,0.9651408482654396,false,474354,391253,0.9651408482654396
474354,220136,0.7651119017036431,false,474354,220136,0.7651119017036431
474354,693188,0.9910273498169743,false,474354,693188,0.9910273498169743
474354,389376,0.808048743476642,false,474354,389376,0.808048743476642
474354,353189,0.9690021379161199,false,474354,353189,0.9690021379161199
474354,776,0.9160369376579433,false,474354,776,0.9160369376579433
474354,84851,0.977468835683872,false,474354,84851,0.977468835683872
474354,84525,0.8133401936439615,false,474354,84525,0.8133401936439615
474354,4861,0.9565855551574254,false,474354,4861,0.9565855551574254
474354,10203,0.9411560154755196,false,474354,10203,0.9411560154755196
474354,284323,0.7646561964869821,false,474354,284323,0.7646561964869821
474354,1080,0.8404269737473264,false,474354,1080,0.8404269737473264
474354,65217,0.8735074430263218,false,474354,65217,0.8735074430263218
474354,105372793,0.9608887413922639,false,474354,105372793,0.9608887413922639
474354,56955,0.818803988110033,false,474354,56955,0.818803988110033
474354,84765,0.9201808399634586,false,474354,84765,0.9201808399634586
474354,55282,0.8363753179388453,false,474354,55282,0.8363753179388453
474354,79098,0.9157653363052137,false,474354,79098,0.9157653363052137
474354,144535,0.858003356105791,false,474354,144535,0.858003356105791
474354,649946,0.8982480660219058,false,474354,649946,0.8982480660219058
474354,144571,0.918823527231083,false,474354,144571,0.918823527231083
474354,26298,0.9315243081895975,false,474354,26298,0.9315243081895975
474354,165186,0.9435751908209361,false,474354,165186,0.9435751908209361
474354,102465485,0.924513450278854,false,474354,102465485,0.924513450278854
474354,100033436,0.9765264229291399,false,474354,100033436,0.9765264229291399
1040,54842,0.7737542804224533,false,1040,54842,0.7737542804224533
1040,728643,0.8280559860006724,false,1040,728643,0.8280559860006724
1040,102723552,0.7614821816817838,false,1040,102723552,0.7614821816817838
1040,6103,0.8541823532203201,false,1040,6103,0.8541823532203201
1040,2595,0.7700222826779318,false,1040,2595,0.7700222826779318
1040,253970,0.7555119405796099,false,1040,253970,0.7555119405796099
1040,503645,0.802088865783421,false,1040,503645,0.802088865783421
1040,346007,0.8343611689796081,false,1040,346007,0.8343611689796081
1040,116984,0.7790821962805161,false,1040,116984,0.7790821962805161
1040,3875,0.7573002414182588,false,1040,3875,0.7573002414182588
1040,101927516,0.7523908813952102,false,1040,101927516,0.7523908813952102
1040,79632,0.8341801620976784,false,1040,79632,0.8341801620976784
1040,4179,0.7594691797563181,false,1040,4179,0.7594691797563181
1040,26084,0.836517409867887,false,1040,26084,0.836517409867887
1040,201625,0.812352392793653,false,1040,201625,0.812352392793653
1040,195814,0.8180579899577795,false,1040,195814,0.8180579899577795
1040,84059,0.8346139293083066,false,1040,84059,0.8346139293083066
1040,120892,0.837613786880046,false,1040,120892,0.837613786880046
1040,220136,0.8218303449523047,false,1040,220136,0.8218303449523047
1040,6799,0.7784332668492353,false,1040,6799,0.7784332668492353
1040,84851,0.782575411779901,false,1040,84851,0.782575411779901
1040,780,0.7622679208623073,false,1040,780,0.7622679208623073
1040,84525,0.7854896952162321,false,1040,84525,0.7854896952162321
1040,1080,0.8488334101450777,false,1040,1080,0.8488334101450777
1040,144535,0.8231647034680689,false,1040,144535,0.8231647034680689
1040,649946,0.8897262111248092,false,1040,649946,0.8897262111248092
1040,144571,0.7635068772028465,false,1040,144571,0.7635068772028465
1040,26298,0.7901965190974409,false,1040,26298,0.7901965190974409
1040,102465485,0.8537775545960579,false,1040,102465485,0.8537775545960579
1040,100033436,0.7810783531311292,false,1040,100033436,0.7810783531311292
341676,148213,0.8962512674289644,false,341676,148213,0.8962512674289644
341676,10595,0.9902808517159081,false,341676,10595,0.9902808517159081
341676,4583,0.9309166339316463,false,341676,4583,0.9309166339316463
341676,55567,0.968662756463271,false,341676,55567,0.968662756463271
341676,5961,0.8290107457193346,false,341676,5961,0.8290107457193346
341676,7851,0.8470489937770717,false,341676,7851,0.8470489937770717
341676,692072,0.9298343548937422,false,341676,692072,0.9298343548937422
341676,55808,0.9836371932300236,false,341676,55808,0.9836371932300236
341676,999,0.9953413960636969,false,341676,999,0.9953413960636969
341676,126353,0.9272218231276069,false,341676,126353,0.9272218231276069
341676,26226,0.8753891504253548,false,341676,26226,0.8753891504253548
341676,388743,0.9738312449522337,false,341676,388743,0.9738312449522337
341676,1577,0.8501264593020305,false,341676,1577,0.8501264593020305
341676,340267,0.9109747856849396,false,341676,340267,0.9109747856849396
341676,200879,0.983372680065458,false,341676,200879,0.983372680065458
341676,1510,0.9767108126336874,false,341676,1510,0.9767108126336874
341676,102723849,0.7517592651979339,false,341676,102723849,0.7517592651979339
341676,6337,0.7861392997077964,false,341676,6337,0.7861392997077964
341676,5284,0.8800463954153903,false,341676,5284,0.8800463954153903
341676,57669,0.7680432689799407,false,341676,57669,0.7680432689799407
341676,57111,0.9898871650742272,false,341676,57111,0.9898871650742272
341676,278,0.7570322161054899,false,341676,278,0.7570322161054899
341676,116844,0.906310408920622,false,341676,116844,0.906310408920622
341676,10129,0.9118145726795324,false,341676,10129,0.9118145726795324
341676,4586,0.9818687039368923,false,341676,4586,0.9818687039368923
341676,10551,0.9853177732987506,false,341676,10551,0.9853177732987506
341676,688,0.9039447812888308,false,341676,688,0.9039447812888308
341676,54897,0.8461398293823941,false,341676,54897,0.8461398293823941
341676,117155,0.9668687002474042,false,341676,117155,0.9668687002474042
341676,112268155,0.9584712908287506,false,341676,112268155,0.9584712908287506
341676,1152,0.9582235413331528,false,341676,1152,0.9582235413331528
341676,79083,0.9879603836500676,false,341676,79083,0.9879603836500676
341676,1556,0.9193375487610368,false,341676,1556,0.9193375487610368
341676,55930,0.9522791680357521,false,341676,55930,0.9522791680357521
341676,22996,0.9641463861324716,false,341676,22996,0.9641463861324716
341676,7113,0.8392061567881594,false,341676,7113,0.8392061567881594
341676,54861,0.8651475904384636,false,341676,54861,0.8651475904384636
341676,222256,0.903004047941506,false,341676,222256,0.903004047941506
341676,100529240,0.9754683522852552,false,341676,100529240,0.9754683522852552
341676,113218482,0.9900268779858505,false,341676,113218482,0.9900268779858505
341676,647024,0.9921060053920514,false,341676,647024,0.9921060053920514
341676,255928,0.9660595799519008,false,341676,255928,0.9660595799519008
341676,8537,0.9285464334257445,false,341676,8537,0.9285464334257445
341676,10018,0.8415939411909258,false,341676,10018,0.8415939411909258
341676,115019,0.9090742633517291,false,341676,115019,0.9090742633517291
341676,1043,0.8604077463466506,false,341676,1043,0.8604077463466506
341676,168374,0.8893446972343343,false,341676,168374,0.8893446972343343
341676,143884,0.8771547443835528,false,341676,143884,0.8771547443835528
341676,80004,0.8906104016583762,false,341676,80004,0.8906104016583762
341676,3993,0.8783276533969827,false,341676,3993,0.8783276533969827
341676,389852,0.9055669727631385,false,341676,389852,0.9055669727631385
341676,164312,0.9618890565055107,false,341676,164312,0.9618890565055107
341676,84239,0.7752937595572137,false,341676,84239,0.7752937595572137
341676,2065,0.8544679089711255,false,341676,2065,0.8544679089711255
341676,135656,0.9816629490972343,false,341676,135656,0.9816629490972343
341676,3880,0.827934830613874,false,341676,3880,0.827934830613874
341676,94059,0.8834735017222991,false,341676,94059,0.8834735017222991
341676,26769,0.7910689857940918,false,341676,26769,0.7910689857940918
341676,3960,0.855319369678851,false,341676,3960,0.855319369678851
341676,23584,0.8660174483606209,false,341676,23584,0.8660174483606209
341676,692213,0.7808466483191995,false,341676,692213,0.7808466483191995
341676,153643,0.9811308240768642,false,341676,153643,0.9811308240768642
341676,112268422,0.938635962919877,false,341676,112268422,0.938635962919877
341676,259294,0.9191772676191183,false,341676,259294,0.9191772676191183
341676,2266,0.9714559593688183,false,341676,2266,0.9714559593688183
341676,745,0.9772741349927906,false,341676,745,0.9772741349927906
148213,10595,0.8829138709303928,false,148213,10595,0.8829138709303928
148213,4583,0.9845091442577535,false,148213,4583,0.9845091442577535
148213,55567,0.9400654329933399,false,148213,55567,0.9400654329933399
148213,7851,0.9422012024829773,false,148213,7851,0.9422012024829773
148213,692072,0.9071386798794037,false,148213,692072,0.9071386798794037
148213,109136579,0.786540298330736,false,148213,109136579,0.786540298330736
148213,55808,0.9059608837569862,false,148213,55808,0.9059608837569862
148213,999,0.8820075273565414,false,148213,999,0.8820075273565414
148213,126353,0.9507891833444047,false,148213,126353,0.9507891833444047
148213,64332,0.794426659676177,false,148213,64332,0.794426659676177
148213,388743,0.9494705406894713,false,148213,388743,0.9494705406894713
148213,1577,0.9432132024606832,false,148213,1577,0.9432132024606832
148213,340267,0.8452008133448318,false,148213,340267,0.8452008133448318
148213,200879,0.9222479506715124,false,148213,200879,0.9222479506715124
148213,1510,0.9218703549762532,false,148213,1510,0.9218703549762532
148213,102723849,0.8834033705870101,false,148213,102723849,0.8834033705870101
148213,5284,0.9034511243091413,false,148213,5284,0.9034511243091413
148213,57669,0.7659729580872422,false,148213,57669,0.7659729580872422
148213,619383,0.8566249956567641,false,148213,619383,0.8566249956567641
148213,57111,0.9144317675549398,false,148213,57111,0.9144317675549398
148213,278,0.7966062799432082,false,148213,278,0.7966062799432082
148213,10129,0.9211394822453156,false,148213,10129,0.9211394822453156
148213,4586,0.9243468936426356,false,148213,4586,0.9243468936426356
148213,10551,0.9382444900319151,false,148213,10551,0.9382444900319151
148213,688,0.8498417381685482,false,148213,688,0.8498417381685482
148213,378938,0.7912456302645665,false,148213,378938,0.7912456302645665
148213,5545,0.7953101189809471,false,148213,5545,0.7953101189809471
148213,117155,0.9254164778379735,false,148213,117155,0.9254164778379735
148213,112268155,0.9251522818110206,false,148213,112268155,0.9251522818110206
148213,1152,0.8056719224031571,false,148213,1152,0.8056719224031571
148213,79083,0.9058556868606313,false,148213,79083,0.9058556868606313
148213,1556,0.8076221163945605,false,148213,1556,0.8076221163945605
148213,55930,0.969584856413514,false,148213,55930,0.969584856413514
148213,22996,0.8694753469076248,false,148213,22996,0.8694753469076248
148213,7113,0.875125495199904,false,148213,7113,0.875125495199904
148213,54861,0.7556958496925055,false,148213,54861,0.7556958496925055
148213,105180391,0.8614166048971994,false,148213,105180391,0.8614166048971994
148213,100529240,0.9297745289697424,false,148213,100529240,0.9297745289697424
148213,113218482,0.8710890034688515,false,148213,113218482,0.8710890034688515
148213,647024,0.8758968145538477,false,148213,647024,0.8758968145538477
148213,255928,0.8981817758735333,false,148213,255928,0.8981817758735333
148213,8537,0.8525153085367417,false,148213,8537,0.8525153085367417
148213,10018,0.9802682572377126,false,148213,10018,0.9802682572377126
148213,115019,0.9144769861021187,false,148213,115019,0.9144769861021187
148213,105180390,0.8920715972915331,false,148213,105180390,0.8920715972915331
148213,1043,0.9360177151546758,false,148213,1043,0.9360177151546758
148213,276,0.7672022553795794,false,148213,276,0.7672022553795794
148213,168374,0.9235706998910318,false,148213,168374,0.9235706998910318
148213,645843,0.7910623798087697,false,148213,645843,0.7910623798087697
148213,143884,0.9614731650263377,false,148213,143884,0.9614731650263377
148213,80004,0.8793355901777818,false,148213,80004,0.8793355901777818
148213,3993,0.9179446713537398,false,148213,3993,0.9179446713537398
148213,389852,0.9640509281129321,false,148213,389852,0.9640509281129321
148213,164312,0.8701868001293491,false,148213,164312,0.8701868001293491
148213,84239,0.7753975819043685,false,148213,84239,0.7753975819043685
148213,2065,0.9613836499777975,false,148213,2065,0.9613836499777975
148213,135656,0.9242575615059934,false,148213,135656,0.9242575615059934
148213,94059,0.9717538887678959,false,148213,94059,0.9717538887678959
148213,26769,0.847271766019516,false,148213,26769,0.847271766019516
148213,3960,0.9641211900268527,false,148213,3960,0.9641211900268527
148213,284323,0.7594834583631198,false,148213,284323,0.7594834583631198
148213,23584,0.8328594397607778,false,148213,23584,0.8328594397607778
148213,692213,0.9614639850008846,false,148213,692213,0.9614639850008846
148213,153643,0.838671048935111,false,148213,153643,0.838671048935111
148213,112268422,0.882977350853683,false,148213,112268422,0.882977350853683
148213,259294,0.9775214382324264,false,148213,259294,0.9775214382324264
148213,2266,0.9119707591725217,false,148213,2266,0.9119707591725217
148213,745,0.8156488428695169,false,148213,745,0.8156488428695169
148213,440352,0.7604926885783636,false,148213,440352,0.7604926885783636
100129940,339983,0.7898574684271031,false,100129940,339983,0.7898574684271031
100129940,2324,0.8293998574585902,false,100129940,2324,0.8293998574585902
100129940,7473,0.7963512857248505,false,100129940,7473,0.7963512857248505
100129940,8091,0.8240540204761683,false,100129940,8091,0.8240540204761683
100129940,256076,0.9760200752914313,false,100129940,256076,0.9760200752914313
100129940,9211,0.7812812312153994,false,100129940,9211,0.7812812312153994
1906,3240,0.982309388100573,false,1906,3240,0.982309388100573
1906,6969,0.8323819926913667,false,1906,6969,0.8323819926913667
1906,102723552,0.7806143282816049,false,1906,102723552,0.7806143282816049
1906,56892,0.981365167321764,false,1906,56892,0.981365167321764
1906,653082,0.8468872953303372,false,1906,653082,0.8468872953303372
1906,644649,0.8691113119985444,false,1906,644649,0.8691113119985444
1906,7356,0.8416632958719176,false,1906,7356,0.8416632958719176
1906,109729127,0.798608751189063,false,1906,109729127,0.798608751189063
1906,400578,0.9362962426668864,false,1906,400578,0.9362962426668864
1906,85349,0.9420109629766648,false,1906,85349,0.9420109629766648
1906,728276,0.8697626391002711,false,1906,728276,0.8697626391002711
1906,27022,0.874667971007048,false,1906,27022,0.874667971007048
1906,6101,0.8267503414112056,false,1906,6101,0.8267503414112056
1906,105,0.8618930312980191,false,1906,105,0.8618930312980191
1906,100129460,0.7601731867623803,false,1906,100129460,0.7601731867623803
1906,3855,0.8181820643374547,false,1906,3855,0.8181820643374547
3240,6969,0.7654672360918806,false,3240,6969,0.7654672360918806
3240,102723552,0.7789072977108447,false,3240,102723552,0.7789072977108447
3240,56892,0.9961864560068566,false,3240,56892,0.9961864560068566
3240,653082,0.9008653954616878,false,3240,653082,0.9008653954616878
3240,644649,0.9355067188648372,false,3240,644649,0.9355067188648372
3240,7356,0.8966191824937536,false,3240,7356,0.8966191824937536
3240,109729127,0.8485270752281731,false,3240,109729127,0.8485270752281731
3240,400578,0.9765361873060562,false,3240,400578,0.9765361873060562
3240,85349,0.9803009378126628,false,3240,85349,0.9803009378126628
3240,728276,0.9355910847501969,false,3240,728276,0.9355910847501969
3240,27022,0.9385209676929246,false,3240,27022,0.9385209676929246
3240,6101,0.9043092192179948,false,3240,6101,0.9043092192179948
3240,105,0.932749425290776,false,3240,105,0.932749425290776
3240,7433,0.7831625265001124,false,3240,7433,0.7831625265001124
3240,100129460,0.8096302074668807,false,3240,100129460,0.8096302074668807
3240,3855,0.8523831716210208,false,3240,3855,0.8523831716210208
10595,4583,0.9284097691471438,false,10595,4583,0.9284097691471438
10595,55567,0.9579214617495043,false,10595,55567,0.9579214617495043
10595,5961,0.8601385765570874,false,10595,5961,0.8601385765570874
10595,7851,0.8291210214824413,false,10595,7851,0.8291210214824413
10595,692072,0.916012286387813,false,10595,692072,0.916012286387813
10595,55808,0.9573289962391424,false,10595,55808,0.9573289962391424
10595,999,0.99319215693096,false,10595,999,0.99319215693096
10595,126353,0.8972524855957231,false,10595,126353,0.8972524855957231
10595,26226,0.8901287998326245,false,10595,26226,0.8901287998326245
10595,388743,0.9525910313493456,false,10595,388743,0.9525910313493456
10595,1577,0.8323682571664406,false,10595,1577,0.8323682571664406
10595,340267,0.9406199719611362,false,10595,340267,0.9406199719611362
10595,200879,0.9563737416844186,false,10595,200879,0.9563737416844186
10595,1510,0.950521761778024,false,10595,1510,0.950521761778024
10595,6337,0.7928721372469866,false,10595,6337,0.7928721372469866
10595,5284,0.9029239615374132,false,10595,5284,0.9029239615374132
10595,57669,0.7913014388890991,false,10595,57669,0.7913014388890991
10595,57111,0.9669821102525272,false,10595,57111,0.9669821102525272
10595,278,0.8102406093975473,false,10595,278,0.8102406093975473
10595,116844,0.9497435466470017,false,10595,116844,0.9497435466470017
10595,10129,0.9354139076415056,false,10595,10129,0.9354139076415056
10595,4586,0.9565630484584519,false,10595,4586,0.9565630484584519
10595,10551,0.9632650398294946,false,10595,10551,0.9632650398294946
10595,688,0.9348417540365342,false,10595,688,0.9348417540365342
10595,54897,0.829070683861581,false,10595,54897,0.829070683861581
10595,117155,0.9721955387124307,false,10595,117155,0.9721955387124307
10595,112268155,0.9519519226405148,false,10595,112268155,0.9519519226405148
10595,1152,0.9447343634544235,false,10595,1152,0.9447343634544235
10595,79083,0.9608210052552604,false,10595,79083,0.9608210052552604
10595,1556,0.9278478662205067,false,10595,1556,0.9278478662205067
10595,55930,0.9507613508127413,false,10595,55930,0.9507613508127413
10595,22996,0.9687092283759433,false,10595,22996,0.9687092283759433
10595,7113,0.8429697159385808,false,10595,7113,0.8429697159385808
10595,54861,0.8921928359268058,false,10595,54861,0.8921928359268058
10595,222256,0.9392059184980274,false,10595,222256,0.9392059184980274
10595,100529240,0.9488833185337808,false,10595,100529240,0.9488833185337808
10595,113218482,0.9850454283538983,false,10595,113218482,0.9850454283538983
10595,647024,0.9911648644078436,false,10595,647024,0.9911648644078436
10595,255928,0.938053954571908,false,10595,255928,0.938053954571908
10595,8537,0.8958204430462275,false,10595,8537,0.8958204430462275
10595,10018,0.8449835835154605,false,10595,10018,0.8449835835154605
10595,115019,0.9115222297313744,false,10595,115019,0.9115222297313744
10595,1043,0.8633971451637331,false,10595,1043,0.8633971451637331
10595,276,0.781514490478448,false,10595,276,0.781514490478448
10595,168374,0.8813012291280996,false,10595,168374,0.8813012291280996
10595,83481,0.7600113656534182,false,10595,83481,0.7600113656534182
10595,143884,0.863524482593418,false,10595,143884,0.863524482593418
10595,80004,0.8899325821616809,false,10595,80004,0.8899325821616809
10595,3993,0.8763365640406039,false,10595,3993,0.8763365640406039
10595,389852,0.8759840718833904,false,10595,389852,0.8759840718833904
10595,164312,0.9245845753551979,false,10595,164312,0.9245845753551979
10595,84239,0.7864129820189962,false,10595,84239,0.7864129820189962
10595,2065,0.8315231096898419,false,10595,2065,0.8315231096898419
10595,135656,0.9561110673936976,false,10595,135656,0.9561110673936976
10595,3880,0.8606709206192377,false,10595,3880,0.8606709206192377
10595,94059,0.892181194420153,false,10595,94059,0.892181194420153
10595,26769,0.8201110879496084,false,10595,26769,0.8201110879496084
10595,3960,0.8320198546960382,false,10595,3960,0.8320198546960382
10595,23584,0.8735653779751368,false,10595,23584,0.8735653779751368
10595,692213,0.7816027553148692,false,10595,692213,0.7816027553148692
10595,153643,0.9899287475951531,false,10595,153643,0.9899287475951531
10595,112268422,0.9589155135212662,false,10595,112268422,0.9589155135212662
10595,259294,0.8976149519310695,false,10595,259294,0.8976149519310695
10595,2266,0.9389598123884944,false,10595,2266,0.9389598123884944
10595,745,0.9693167166833604,false,10595,745,0.9693167166833604
339983,7473,0.9628904453676932,false,339983,7473,0.9628904453676932
339983,1180,0.7937924875207173,false,339983,1180,0.7937924875207173
339983,109729184,0.8923568375190619,false,339983,109729184,0.8923568375190619
339983,57524,0.7576943478908167,false,339983,57524,0.7576943478908167
339983,256076,0.834820685517995,false,339983,256076,0.834820685517995
339983,9771,0.8236196126290071,false,339983,9771,0.8236196126290071
339983,105373265,0.8341360093436249,false,339983,105373265,0.8341360093436249
339983,9211,0.9993614968280626,false,339983,9211,0.9993614968280626
2324,8091,0.8698269475214236,false,2324,8091,0.8698269475214236
2324,54897,0.7598626150811342,false,2324,54897,0.7598626150811342
2324,256076,0.7818902574205125,false,2324,256076,0.7818902574205125
2324,1579,0.7689135298212141,false,2324,1579,0.7689135298212141
2324,57477,0.8397653420134035,false,2324,57477,0.8397653420134035
2324,9771,0.8713296667665666,false,2324,9771,0.8713296667665666
6969,56892,0.7547718594757804,false,6969,56892,0.7547718594757804
6969,94025,0.7663580679306953,false,6969,94025,0.7663580679306953
6969,727897,0.7861571092534476,false,6969,727897,0.7861571092534476
6969,1767,0.9185791160266107,false,6969,1767,0.9185791160266107
6969,1604,0.8174918479592057,false,6969,1604,0.8174918479592057
6969,886,0.754411655724982,false,6969,886,0.754411655724982
6969,4057,0.7555885252168124,false,6969,4057,0.7555885252168124
6969,112577518,0.8634378824258145,false,6969,112577518,0.8634378824258145
6969,563,0.7874763579289243,false,6969,563,0.7874763579289243
6969,284434,0.7830613972512738,false,6969,284434,0.7830613972512738
7033,160728,0.9958538724526974,false,7033,160728,0.9958538724526974
7033,94025,0.9865454691545191,false,7033,94025,0.9865454691545191
7033,388633,0.9737835164419647,false,7033,388633,0.9737835164419647
7033,3929,0.9875843127945303,false,7033,3929,0.9875843127945303
7033,100158262,0.8285785877409388,false,7033,100158262,0.8285785877409388
7033,727897,0.9900046043829914,false,7033,727897,0.9900046043829914
7033,1604,0.9087025764902609,false,7033,1604,0.9087025764902609
7033,886,0.995729694164437,false,7033,886,0.995729694164437
7033,4057,0.9979849211916872,false,7033,4057,0.9979849211916872
7033,26797,0.976471293463709,false,7033,26797,0.976471293463709
7033,112577518,0.971344061427196,false,7033,112577518,0.971344061427196
7033,692209,0.9915875103852635,false,7033,692209,0.9915875103852635
7033,563,0.9932696205285841,false,7033,563,0.9932696205285841
7033,4069,0.8382724645053681,false,7033,4069,0.8382724645053681
7033,83643,0.9605356053204073,false,7033,83643,0.9605356053204073
7033,284434,0.9925213772296957,false,7033,284434,0.9925213772296957
4583,55567,0.9367707884268243,false,4583,55567,0.9367707884268243
4583,7851,0.9636524062234543,false,4583,7851,0.9636524062234543
4583,692072,0.9567479423313175,false,4583,692072,0.9567479423313175
4583,109136579,0.7670998093965193,false,4583,109136579,0.7670998093965193
4583,55808,0.9310062958932083,false,4583,55808,0.9310062958932083
4583,999,0.9259810093517661,false,4583,999,0.9259810093517661
4583,126353,0.9630488806004449,false,4583,126353,0.9630488806004449
4583,26226,0.7806999003759515,false,4583,26226,0.7806999003759515
4583,64332,0.8185154193809513,false,4583,64332,0.8185154193809513
4583,388743,0.9709930293559894,false,4583,388743,0.9709930293559894
4583,1577,0.9641114940374794,false,4583,1577,0.9641114940374794
4583,340267,0.919477952097023,false,4583,340267,0.919477952097023
4583,200879,0.9442078219792893,false,4583,200879,0.9442078219792893
4583,1510,0.9432628316679087,false,4583,1510,0.9432628316679087
4583,102723849,0.911449734434689,false,4583,102723849,0.911449734434689
4583,5284,0.9358433941607486,false,4583,5284,0.9358433941607486
4583,57669,0.8255756731457914,false,4583,57669,0.8255756731457914
4583,619383,0.8090706727936563,false,4583,619383,0.8090706727936563
4583,57111,0.9380238987050203,false,4583,57111,0.9380238987050203
4583,278,0.8048096665445498,false,4583,278,0.8048096665445498
4583,116844,0.824089045001594,false,4583,116844,0.824089045001594
4583,10129,0.9360062459522867,false,4583,10129,0.9360062459522867
4583,4586,0.9438310678804438,false,4583,4586,0.9438310678804438
4583,10551,0.9538307986107346,false,4583,10551,0.9538307986107346
4583,688,0.8791216950981628,false,4583,688,0.8791216950981628
4583,378938,0.7726416329618576,false,4583,378938,0.7726416329618576
4583,5545,0.8126464143422365,false,4583,5545,0.8126464143422365
4583,117155,0.9733945799924019,false,4583,117155,0.9733945799924019
4583,112268155,0.9702884815242175,false,4583,112268155,0.9702884815242175
4583,1152,0.8513499457861033,false,4583,1152,0.8513499457861033
4583,79083,0.9332180638985963,false,4583,79083,0.9332180638985963
4583,1556,0.8905535467324079,false,4583,1556,0.8905535467324079
4583,55930,0.9742539978205044,false,4583,55930,0.9742539978205044
4583,22996,0.8830835667079178,false,4583,22996,0.8830835667079178
4583,7113,0.933827112507422,false,4583,7113,0.933827112507422
4583,54861,0.8131190932489967,false,4583,54861,0.8131190932489967
4583,222256,0.7811097825423158,false,4583,222256,0.7811097825423158
4583,105180391,0.8591130788396002,false,4583,105180391,0.8591130788396002
4583,100529240,0.9274123128924809,false,4583,100529240,0.9274123128924809
4583,113218482,0.9250818748595313,false,4583,113218482,0.9250818748595313
4583,647024,0.914424766781993,false,4583,647024,0.914424766781993
4583,255928,0.9187653544330028,false,4583,255928,0.9187653544330028
4583,8537,0.8721728220981976,false,4583,8537,0.8721728220981976
4583,10018,0.9783495662265697,false,4583,10018,0.9783495662265697
4583,115019,0.968030763703695,false,4583,115019,0.968030763703695
4583,105180390,0.884782008008017,false,4583,105180390,0.884782008008017
4583,1043,0.956040194285596,false,4583,1043,0.956040194285596
4583,276,0.7702057925266012,false,4583,276,0.7702057925266012
4583,168374,0.9642999179056718,false,4583,168374,0.9642999179056718
4583,645843,0.8092233155896189,false,4583,645843,0.8092233155896189
4583,143884,0.9654571744227024,false,4583,143884,0.9654571744227024
4583,80004,0.936596333573397,false,4583,80004,0.936596333573397
4583,3993,0.9501739843366327,false,4583,3993,0.9501739843366327
4583,389852,0.9737704646804652,false,4583,389852,0.9737704646804652
4583,164312,0.8895968745107377,false,4583,164312,0.8895968745107377
4583,84239,0.8483482243407758,false,4583,84239,0.8483482243407758
4583,2065,0.9675443297888983,false,4583,2065,0.9675443297888983
4583,135656,0.9441176453622359,false,4583,135656,0.9441176453622359
4583,94059,0.9541426586136639,false,4583,94059,0.9541426586136639
4583,26769,0.8155190339750078,false,4583,26769,0.8155190339750078
4583,3960,0.9703386627648898,false,4583,3960,0.9703386627648898
4583,23584,0.9067264703168351,false,4583,23584,0.9067264703168351
4583,692213,0.9526354671501952,false,4583,692213,0.9526354671501952
4583,153643,0.9039267707229847,false,4583,153643,0.9039267707229847
4583,112268422,0.8932392680313649,false,4583,112268422,0.8932392680313649
4583,259294,0.9875844822905052,false,4583,259294,0.9875844822905052
4583,2266,0.9173060083922339,false,4583,2266,0.9173060083922339
4583,745,0.8801132132045933,false,4583,745,0.8801132132045933
4583,440352,0.8188714468230829,false,4583,440352,0.8188714468230829
221395,54842,0.905999324909461,false,221395,54842,0.905999324909461
221395,728643,0.8491778322564475,false,221395,728643,0.8491778322564475
221395,128602,0.9241036122986591,false,221395,128602,0.9241036122986591
221395,54997,0.8100016365952405,false,221395,54997,0.8100016365952405
221395,2595,0.92238970079134,false,221395,2595,0.92238970079134
221395,219790,0.9403958260290618,false,221395,219790,0.9403958260290618
221395,115677,0.8130678966971092,false,221395,115677,0.8130678966971092
221395,64073,0.8707001788311,false,221395,64073,0.8707001788311
221395,9223,0.983646351934786,false,221395,9223,0.983646351934786
221395,253970,0.9246388562606183,false,221395,253970,0.9246388562606183
221395,503645,0.9090293817950313,false,221395,503645,0.9090293817950313
221395,4070,0.9019370198872316,false,221395,4070,0.9019370198872316
221395,2277,0.9783713696177722,false,221395,2277,0.9783713696177722
221395,346007,0.8292439835524954,false,221395,346007,0.8292439835524954
221395,116984,0.883610020113623,false,221395,116984,0.883610020113623
221395,825,0.9219275552705005,false,221395,825,0.9219275552705005
221395,137872,0.7663879494070304,false,221395,137872,0.7663879494070304
221395,9196,0.8442644165107782,false,221395,9196,0.8442644165107782
221395,93517,0.7959511122832175,false,221395,93517,0.7959511122832175
221395,130271,0.9048352857119939,false,221395,130271,0.9048352857119939
221395,101927516,0.8931612969461211,false,221395,101927516,0.8931612969461211
221395,285,0.802259308357412,false,221395,285,0.802259308357412
221395,27074,0.9275036468211855,false,221395,27074,0.9275036468211855
221395,66002,0.8297045243297518,false,221395,66002,0.8297045243297518
221395,54848,0.8046785809730431,false,221395,54848,0.8046785809730431
221395,79632,0.905806664726518,false,221395,79632,0.905806664726518
221395,100505495,0.8781071454841819,false,221395,100505495,0.8781071454841819
221395,9476,0.892543015340328,false,221395,9476,0.892543015340328
221395,151531,0.8067604036287037,false,221395,151531,0.8067604036287037
221395,195814,0.8619079379749214,false,221395,195814,0.8619079379749214
221395,2122,0.9236938561548624,false,221395,2122,0.9236938561548624
221395,84059,0.9079801449216854,false,221395,84059,0.9079801449216854
221395,121512,0.7844671649307299,false,221395,121512,0.7844671649307299
221395,6097,0.9281979903332632,false,221395,6097,0.9281979903332632
221395,120892,0.8990410712415008,false,221395,120892,0.8990410712415008
221395,100820829,0.8183224867662079,false,221395,100820829,0.8183224867662079
221395,123624,0.9036477185514363,false,221395,123624,0.9036477185514363
221395,391253,0.8614453259635875,false,221395,391253,0.8614453259635875
221395,220136,0.8056102926474433,false,221395,220136,0.8056102926474433
221395,693188,0.8442405161260489,false,221395,693188,0.8442405161260489
221395,6799,0.8841237589603068,false,221395,6799,0.8841237589603068
221395,389376,0.8411656290339407,false,221395,389376,0.8411656290339407
221395,353189,0.8721654913537769,false,221395,353189,0.8721654913537769
221395,776,0.8818521966523097,false,221395,776,0.8818521966523097
221395,84851,0.786192817230191,false,221395,84851,0.786192817230191
221395,84525,0.8870560546255856,false,221395,84525,0.8870560546255856
221395,4861,0.8578700398121232,false,221395,4861,0.8578700398121232
221395,10203,0.9618938097661747,false,221395,10203,0.9618938097661747
221395,1080,0.8469153491328717,false,221395,1080,0.8469153491328717
221395,65217,0.7966556454676346,false,221395,65217,0.7966556454676346
221395,1286,0.802729052808021,false,221395,1286,0.802729052808021
221395,56955,0.769045229188027,false,221395,56955,0.769045229188027
221395,84765,0.9278222271543625,false,221395,84765,0.9278222271543625
221395,653509,0.8619657153998385,false,221395,653509,0.8619657153998385
221395,55282,0.9589567968399375,false,221395,55282,0.9589567968399375
221395,729238,0.7632837038809183,false,221395,729238,0.7632837038809183
221395,79098,0.8868141564262622,false,221395,79098,0.8868141564262622
221395,144535,0.8275989849900425,false,221395,144535,0.8275989849900425
221395,649946,0.8664187591081088,false,221395,649946,0.8664187591081088
221395,144571,0.8807241623879783,false,221395,144571,0.8807241623879783
221395,165186,0.8824893104082778,false,221395,165186,0.8824893104082778
221395,102465485,0.8493336903610862,false,221395,102465485,0.8493336903610862
221395,100033436,0.8171376901742363,false,221395,100033436,0.8171376901742363
388555,100506380,0.8563023300281023,false,388555,100506380,0.8563023300281023
388555,363,0.9999999999999998,false,388555,363,0.9999999999999998
388555,65998,0.8630440199051944,false,388555,65998,0.8630440199051944
388555,419,1.0,false,388555,419,1.0
388555,102723635,0.7744111289415079,false,388555,102723635,0.7744111289415079
388555,10586,0.9871828414454088,false,388555,10586,0.9871828414454088
388555,2125,0.8045237611710022,false,388555,2125,0.8045237611710022
388555,3780,0.9750372679541819,false,388555,3780,0.9750372679541819
388555,163479,0.8784482194345651,false,388555,163479,0.8784482194345651
388555,2619,0.9420522130028394,false,388555,2619,0.9420522130028394
388555,84867,0.8304991224790808,false,388555,84867,0.8304991224790808
388555,113219467,0.7888869265145878,false,388555,113219467,0.7888869265145878
388555,100423031,0.9999999999999999,false,388555,100423031,0.9999999999999999
388555,1515,0.761689581305297,false,388555,1515,0.761689581305297
54842,728643,0.9407940612823361,false,54842,728643,0.9407940612823361
54842,128602,0.9399267398824893,false,54842,128602,0.9399267398824893
54842,107985317,0.7608904949674036,false,54842,107985317,0.7608904949674036
54842,54997,0.8869495349303851,false,54842,54997,0.8869495349303851
54842,2595,0.9742808250671158,false,54842,2595,0.9742808250671158
54842,219790,0.92760213412932,false,54842,219790,0.92760213412932
54842,115677,0.8243882913240532,false,54842,115677,0.8243882913240532
54842,64073,0.909923150910162,false,54842,64073,0.909923150910162
54842,9223,0.9031610642367863,false,54842,9223,0.9031610642367863
54842,253970,0.9784963364815318,false,54842,253970,0.9784963364815318
54842,503645,0.9778754913191949,false,54842,503645,0.9778754913191949
54842,4070,0.9232130127899271,false,54842,4070,0.9232130127899271
54842,2277,0.899601469371499,false,54842,2277,0.899601469371499
54842,346007,0.9085898819463385,false,54842,346007,0.9085898819463385
54842,116984,0.9824923234048833,false,54842,116984,0.9824923234048833
54842,825,0.920522137584108,false,54842,825,0.920522137584108
54842,3875,0.8532588432227128,false,54842,3875,0.8532588432227128
54842,137872,0.8669759120831843,false,54842,137872,0.8669759120831843
54842,100033430,0.8221203775028764,false,54842,100033430,0.8221203775028764
54842,9196,0.8466650292650187,false,54842,9196,0.8466650292650187
54842,93517,0.7819802068964331,false,54842,93517,0.7819802068964331
54842,89765,0.8287224266149367,false,54842,89765,0.8287224266149367
54842,130271,0.9012269481865911,false,54842,130271,0.9012269481865911
54842,101927516,0.9171037805764766,false,54842,101927516,0.9171037805764766
54842,285,0.8451918231378156,false,54842,285,0.8451918231378156
54842,27074,0.9794082246311697,false,54842,27074,0.9794082246311697
54842,100996506,0.7692054471836095,false,54842,100996506,0.7692054471836095
54842,66002,0.8934029886026084,false,54842,66002,0.8934029886026084
54842,54848,0.7631213646104333,false,54842,54848,0.7631213646104333
54842,79632,0.9846057899016168,false,54842,79632,0.9846057899016168
54842,100505495,0.8628978702749722,false,54842,100505495,0.8628978702749722
54842,7620,0.7598855651354285,false,54842,7620,0.7598855651354285
54842,26084,0.8180026482395707,false,54842,26084,0.8180026482395707
54842,9476,0.9049588341590338,false,54842,9476,0.9049588341590338
54842,151531,0.8806191603240795,false,54842,151531,0.8806191603240795
54842,195814,0.9205261397294076,false,54842,195814,0.9205261397294076
54842,645843,0.7676980133363726,false,54842,645843,0.7676980133363726
54842,2122,0.9580874995529176,false,54842,2122,0.9580874995529176
54842,84059,0.9885020827268807,false,54842,84059,0.9885020827268807
54842,121512,0.8851972053825321,false,54842,121512,0.8851972053825321
54842,6097,0.9498653756963302,false,54842,6097,0.9498653756963302
54842,120892,0.9689786445741027,false,54842,120892,0.9689786445741027
54842,123624,0.9387001016095698,false,54842,123624,0.9387001016095698
54842,391253,0.8878549075974287,false,54842,391253,0.8878549075974287
54842,220136,0.8528541317475321,false,54842,220136,0.8528541317475321
54842,693188,0.8389317407587412,false,54842,693188,0.8389317407587412
54842,6799,0.9285981454925145,false,54842,6799,0.9285981454925145
54842,389376,0.8082082846204642,false,54842,389376,0.8082082846204642
54842,353189,0.9136953589032257,false,54842,353189,0.9136953589032257
54842,776,0.8815085539440681,false,54842,776,0.8815085539440681
54842,84851,0.8480181488284266,false,54842,84851,0.8480181488284266
54842,84525,0.956108155300969,false,54842,84525,0.956108155300969
54842,4861,0.8687556897679786,false,54842,4861,0.8687556897679786
54842,10203,0.9180028571723547,false,54842,10203,0.9180028571723547
54842,1080,0.9103075641144152,false,54842,1080,0.9103075641144152
54842,65217,0.81353405337999,false,54842,65217,0.81353405337999
54842,1286,0.8510354637441444,false,54842,1286,0.8510354637441444
54842,105372793,0.7879299008926949,false,54842,105372793,0.7879299008926949
54842,56955,0.791067840482664,false,54842,56955,0.791067840482664
54842,84765,0.84850468194456,false,54842,84765,0.84850468194456
54842,653509,0.8826553802518332,false,54842,653509,0.8826553802518332
54842,55282,0.9258715374659651,false,54842,55282,0.9258715374659651
54842,729238,0.7674220376040125,false,54842,729238,0.7674220376040125
54842,79098,0.8865370259696079,false,54842,79098,0.8865370259696079
54842,144535,0.9248394573565584,false,54842,144535,0.9248394573565584
54842,649946,0.9424088494854327,false,54842,649946,0.9424088494854327
54842,144571,0.8959710965472407,false,54842,144571,0.8959710965472407
54842,26298,0.8313042257498348,false,54842,26298,0.8313042257498348
54842,165186,0.8972806950086071,false,54842,165186,0.8972806950086071
54842,102465485,0.9203759658055747,false,54842,102465485,0.9203759658055747
54842,100033436,0.8780052352946125,false,54842,100033436,0.8780052352946125
55567,7851,0.8338085328392613,false,55567,7851,0.8338085328392613
55567,692072,0.8694128042032886,false,55567,692072,0.8694128042032886
55567,55808,0.9545067407747291,false,55567,55808,0.9545067407747291
55567,999,0.9610057109654876,false,55567,999,0.9610057109654876
55567,126353,0.9201686178472831,false,55567,126353,0.9201686178472831
55567,26226,0.7504080696838402,false,55567,26226,0.7504080696838402
55567,388743,0.9541531097458561,false,55567,388743,0.9541531097458561
55567,1577,0.8329016397864903,false,55567,1577,0.8329016397864903
55567,340267,0.8545229095252062,false,55567,340267,0.8545229095252062
55567,200879,0.9564197490156906,false,55567,200879,0.9564197490156906
55567,1510,0.9544413147427163,false,55567,1510,0.9544413147427163
55567,5284,0.8981028754081877,false,55567,5284,0.8981028754081877
55567,57111,0.9654666048166791,false,55567,57111,0.9654666048166791
55567,278,0.8130531844754247,false,55567,278,0.8130531844754247
55567,116844,0.8468653441096642,false,55567,116844,0.8468653441096642
55567,10129,0.9343819368165726,false,55567,10129,0.9343819368165726
55567,4586,0.958963397865606,false,55567,4586,0.958963397865606
55567,10551,0.9718598756780519,false,55567,10551,0.9718598756780519
55567,688,0.9233505095818965,false,55567,688,0.9233505095818965
55567,117155,0.9304813640951777,false,55567,117155,0.9304813640951777
55567,112268155,0.9128010447265099,false,55567,112268155,0.9128010447265099
55567,1152,0.9119266538090928,false,55567,1152,0.9119266538090928
55567,79083,0.9522190398513051,false,55567,79083,0.9522190398513051
55567,1556,0.8367908125446231,false,55567,1556,0.8367908125446231
55567,55930,0.9836523231315968,false,55567,55930,0.9836523231315968
55567,22996,0.9817594235946326,false,55567,22996,0.9817594235946326
55567,7113,0.7899963224886025,false,55567,7113,0.7899963224886025
55567,54861,0.828108153011097,false,55567,54861,0.828108153011097
55567,222256,0.837522871739064,false,55567,222256,0.837522871739064
55567,100529240,0.9830433300502437,false,55567,100529240,0.9830433300502437
55567,113218482,0.9332832424324988,false,55567,113218482,0.9332832424324988
55567,647024,0.9672826664052191,false,55567,647024,0.9672826664052191
55567,255928,0.9372671677998523,false,55567,255928,0.9372671677998523
55567,8537,0.887315672241367,false,55567,8537,0.887315672241367
55567,10018,0.8788218202208729,false,55567,10018,0.8788218202208729
55567,115019,0.8636763358901434,false,55567,115019,0.8636763358901434
55567,1043,0.8744689092083019,false,55567,1043,0.8744689092083019
55567,276,0.7915145951447132,false,55567,276,0.7915145951447132
55567,168374,0.8495810903907588,false,55567,168374,0.8495810903907588
55567,143884,0.8776349170529384,false,55567,143884,0.8776349170529384
55567,80004,0.845744485338296,false,55567,80004,0.845744485338296
55567,3993,0.8786376816099274,false,55567,3993,0.8786376816099274
55567,389852,0.8968272150268128,false,55567,389852,0.8968272150268128
55567,164312,0.9392685735880846,false,55567,164312,0.9392685735880846
55567,2065,0.8648230732138945,false,55567,2065,0.8648230732138945
55567,135656,0.958042022332239,false,55567,135656,0.958042022332239
55567,94059,0.9465187394818534,false,55567,94059,0.9465187394818534
55567,26769,0.8821750741215221,false,55567,26769,0.8821750741215221
55567,3960,0.8584294600973343,false,55567,3960,0.8584294600973343
55567,23584,0.7994064474213947,false,55567,23584,0.7994064474213947
55567,692213,0.829381866411218,false,55567,692213,0.829381866411218
55567,153643,0.92008954321965,false,55567,153643,0.92008954321965
55567,112268422,0.9643118629565879,false,55567,112268422,0.9643118629565879
55567,259294,0.9151875878651176,false,55567,259294,0.9151875878651176
55567,2266,0.961398543980761,false,55567,2266,0.961398543980761
55567,745,0.9057280210089208,false,55567,745,0.9057280210089208
7473,1180,0.8792120668958491,false,7473,1180,0.8792120668958491
7473,109729184,0.8240661833568641,false,7473,109729184,0.8240661833568641
7473,57524,0.8989665502529107,false,7473,57524,0.8989665502529107
7473,256076,0.8687392111669434,false,7473,256076,0.8687392111669434
7473,284680,0.8451654530183786,false,7473,284680,0.8451654530183786
7473,128218,0.763582285241311,false,7473,128218,0.763582285241311
7473,105373265,0.9138728681272669,false,7473,105373265,0.9138728681272669
7473,9211,0.9605132589445811,false,7473,9211,0.9605132589445811
7473,440590,0.8750764112275777,false,7473,440590,0.8750764112275777
728643,128602,0.8921632916918012,false,728643,128602,0.8921632916918012
728643,6103,0.8157101584865541,false,728643,6103,0.8157101584865541
728643,54997,0.9313522581847158,false,728643,54997,0.9313522581847158
728643,2595,0.918508521532924,false,728643,2595,0.918508521532924
728643,219790,0.9106023000819339,false,728643,219790,0.9106023000819339
728643,115677,0.7887076792971386,false,728643,115677,0.7887076792971386
728643,64073,0.776865329585114,false,728643,64073,0.776865329585114
728643,9223,0.8447308716293173,false,728643,9223,0.8447308716293173
728643,253970,0.9357158636354902,false,728643,253970,0.9357158636354902
728643,109136579,0.8836658925116914,false,728643,109136579,0.8836658925116914
728643,503645,0.9598196445064533,false,728643,503645,0.9598196445064533
728643,4070,0.8793672080441969,false,728643,4070,0.8793672080441969
728643,64332,0.8049897509863898,false,728643,64332,0.8049897509863898
728643,2277,0.7808020550168022,false,728643,2277,0.7808020550168022
728643,346007,0.9713771400232293,false,728643,346007,0.9713771400232293
728643,116984,0.9717792994750669,false,728643,116984,0.9717792994750669
728643,825,0.8824895624215786,false,728643,825,0.8824895624215786
728643,3875,0.7538633473881802,false,728643,3875,0.7538633473881802
728643,137872,0.9335404936707195,false,728643,137872,0.9335404936707195
728643,100033430,0.8841955392549067,false,728643,100033430,0.8841955392549067
728643,9196,0.9245401848491012,false,728643,9196,0.9245401848491012
728643,89765,0.8473423628824832,false,728643,89765,0.8473423628824832
728643,130271,0.8773622028836812,false,728643,130271,0.8773622028836812
728643,101927516,0.9439604133847178,false,728643,101927516,0.9439604133847178
728643,378938,0.8804525915698536,false,728643,378938,0.8804525915698536
728643,5545,0.8132764228470329,false,728643,5545,0.8132764228470329
728643,285,0.9383376066799766,false,728643,285,0.9383376066799766
728643,27074,0.9602592423778983,false,728643,27074,0.9602592423778983
728643,100996506,0.8774337463177967,false,728643,100996506,0.8774337463177967
728643,66002,0.9292514326411038,false,728643,66002,0.9292514326411038
728643,54848,0.7778275278992134,false,728643,54848,0.7778275278992134
728643,79632,0.978544094091959,false,728643,79632,0.978544094091959
728643,100505495,0.8849077185721554,false,728643,100505495,0.8849077185721554
728643,7620,0.8918277080623443,false,728643,7620,0.8918277080623443
728643,4179,0.7681375418798685,false,728643,4179,0.7681375418798685
728643,105180391,0.7558568527460109,false,728643,105180391,0.7558568527460109
728643,9476,0.8526153546032132,false,728643,9476,0.8526153546032132
728643,151531,0.9107236212848242,false,728643,151531,0.9107236212848242
728643,201625,0.8839588672760664,false,728643,201625,0.8839588672760664
728643,195814,0.8120476414460626,false,728643,195814,0.8120476414460626
728643,692058,0.9019416898172088,false,728643,692058,0.9019416898172088
728643,645843,0.8626604851873494,false,728643,645843,0.8626604851873494
728643,2122,0.9601581776042378,false,728643,2122,0.9601581776042378
728643,84059,0.9378468682605822,false,728643,84059,0.9378468682605822
728643,121512,0.9478855264107647,false,728643,121512,0.9478855264107647
728643,6097,0.8930763028272465,false,728643,6097,0.8930763028272465
728643,120892,0.9788924173653141,false,728643,120892,0.9788924173653141
728643,123624,0.9195304989613577,false,728643,123624,0.9195304989613577
728643,391253,0.8899885932636691,false,728643,391253,0.8899885932636691
728643,220136,0.7749608456480855,false,728643,220136,0.7749608456480855
728643,693188,0.8981605663286697,false,728643,693188,0.8981605663286697
728643,6799,0.8046248817305868,false,728643,6799,0.8046248817305868
728643,353189,0.9210439281533066,false,728643,353189,0.9210439281533066
728643,776,0.9284081939167401,false,728643,776,0.9284081939167401
728643,84851,0.9427558166129755,false,728643,84851,0.9427558166129755
728643,84525,0.8519781837161025,false,728643,84525,0.8519781837161025
728643,4861,0.860019660885182,false,728643,4861,0.860019660885182
728643,10203,0.9327487821782351,false,728643,10203,0.9327487821782351
728643,284323,0.8201161128894305,false,728643,284323,0.8201161128894305
728643,1080,0.9505781073061975,false,728643,1080,0.9505781073061975
728643,65217,0.9287558311496218,false,728643,65217,0.9287558311496218
728643,105372793,0.8904657814309033,false,728643,105372793,0.8904657814309033
728643,84765,0.8648578258552059,false,728643,84765,0.8648578258552059
728643,653509,0.768598483571305,false,728643,653509,0.768598483571305
728643,55282,0.8247801771065764,false,728643,55282,0.8247801771065764
728643,79098,0.8549846712775168,false,728643,79098,0.8549846712775168
728643,144535,0.9504528006871827,false,728643,144535,0.9504528006871827
728643,649946,0.9817370073602713,false,728643,649946,0.9817370073602713
728643,144571,0.8681733926620014,false,728643,144571,0.8681733926620014
728643,26298,0.926707948031476,false,728643,26298,0.926707948031476
728643,165186,0.8609555246239909,false,728643,165186,0.8609555246239909
728643,102465485,0.92388580786929,false,728643,102465485,0.92388580786929
728643,100033436,0.9282215742037785,false,728643,100033436,0.9282215742037785
128602,107985317,0.8247425648284478,false,128602,107985317,0.8247425648284478
128602,54997,0.871704647997924,false,128602,54997,0.871704647997924
128602,2595,0.9861011508613734,false,128602,2595,0.9861011508613734
128602,219790,0.8910067613973697,false,128602,219790,0.8910067613973697
128602,64073,0.942416913454993,false,128602,64073,0.942416913454993
128602,9223,0.9382338125867397,false,128602,9223,0.9382338125867397
128602,253970,0.9860814896898774,false,128602,253970,0.9860814896898774
128602,503645,0.9492864778092437,false,128602,503645,0.9492864778092437
128602,4070,0.9942811683821383,false,128602,4070,0.9942811683821383
128602,2277,0.920083143145569,false,128602,2277,0.920083143145569
128602,346007,0.9147786164145055,false,128602,346007,0.9147786164145055
128602,116984,0.9249095560205527,false,128602,116984,0.9249095560205527
128602,825,0.9868246103284672,false,128602,825,0.9868246103284672
128602,137872,0.8592317527145401,false,128602,137872,0.8592317527145401
128602,100033430,0.7717293703775067,false,128602,100033430,0.7717293703775067
128602,9196,0.9012365491291603,false,128602,9196,0.9012365491291603
128602,93517,0.9151337442196625,false,128602,93517,0.9151337442196625
128602,130271,0.7879274210869668,false,128602,130271,0.7879274210869668
128602,101927516,0.9690679230457091,false,128602,101927516,0.9690679230457091
128602,285,0.8894751491025747,false,128602,285,0.8894751491025747
128602,27074,0.949827317194598,false,128602,27074,0.949827317194598
128602,100996506,0.8564197237840121,false,128602,100996506,0.8564197237840121
128602,66002,0.9130307030509055,false,128602,66002,0.9130307030509055
128602,54848,0.8118152842948574,false,128602,54848,0.8118152842948574
128602,79632,0.9311036590104912,false,128602,79632,0.9311036590104912
128602,100505495,0.9619100986939619,false,128602,100505495,0.9619100986939619
128602,7620,0.7725881959959586,false,128602,7620,0.7725881959959586
128602,9476,0.9703839465469346,false,128602,9476,0.9703839465469346
128602,151531,0.8915521070800948,false,128602,151531,0.8915521070800948
128602,195814,0.8961222652464235,false,128602,195814,0.8961222652464235
128602,2122,0.9693568445733198,false,128602,2122,0.9693568445733198
128602,84059,0.9295259036571557,false,128602,84059,0.9295259036571557
128602,121512,0.8156738214399144,false,128602,121512,0.8156738214399144
128602,6097,0.9981885465367667,false,128602,6097,0.9981885465367667
128602,120892,0.9439063881597585,false,128602,120892,0.9439063881597585
128602,123624,0.9915012969698942,false,128602,123624,0.9915012969698942
128602,391253,0.972858322448225,false,128602,391253,0.972858322448225
128602,220136,0.9134313458136233,false,128602,220136,0.9134313458136233
128602,693188,0.9359682147545809,false,128602,693188,0.9359682147545809
128602,6799,0.9201278859919193,false,128602,6799,0.9201278859919193
128602,389376,0.9234426074349703,false,128602,389376,0.9234426074349703
128602,353189,0.9609474270589338,false,128602,353189,0.9609474270589338
128602,776,0.882432249886543,false,128602,776,0.882432249886543
128602,84851,0.8928571674575315,false,128602,84851,0.8928571674575315
128602,84525,0.9552286555537344,false,128602,84525,0.9552286555537344
128602,4861,0.97176578468196,false,128602,4861,0.97176578468196
128602,10203,0.9436104830808446,false,128602,10203,0.9436104830808446
128602,1080,0.8343322480148103,false,128602,1080,0.8343322480148103
128602,65217,0.7510521021835725,false,128602,65217,0.7510521021835725
128602,105372793,0.8621090767463995,false,128602,105372793,0.8621090767463995
128602,56955,0.8994522657890681,false,128602,56955,0.8994522657890681
128602,84765,0.8981351766878696,false,128602,84765,0.8981351766878696
128602,653509,0.9006666144458283,false,128602,653509,0.9006666144458283
128602,55282,0.9698696658277324,false,128602,55282,0.9698696658277324
128602,729238,0.7781109277705458,false,128602,729238,0.7781109277705458
128602,79098,0.9639644502305585,false,128602,79098,0.9639644502305585
128602,144535,0.8445787219957424,false,128602,144535,0.8445787219957424
128602,649946,0.8926208743408744,false,128602,649946,0.8926208743408744
128602,144571,0.9790596903236519,false,128602,144571,0.9790596903236519
128602,26298,0.8552123577620505,false,128602,26298,0.8552123577620505
128602,165186,0.9864327635548779,false,128602,165186,0.9864327635548779
128602,102465485,0.9533637688011679,false,128602,102465485,0.9533637688011679
128602,100033436,0.9382627855348193,false,128602,100033436,0.9382627855348193
107985317,54997,0.7708612747609863,false,107985317,54997,0.7708612747609863
107985317,2595,0.8123808673837029,false,107985317,2595,0.8123808673837029
107985317,253970,0.7815466756585413,false,107985317,253970,0.7815466756585413
107985317,503645,0.7517667702096447,false,107985317,503645,0.7517667702096447
107985317,4070,0.8162292155542015,false,107985317,4070,0.8162292155542015
107985317,346007,0.768205328261579,false,107985317,346007,0.768205328261579
107985317,116984,0.7961924441051034,false,107985317,116984,0.7961924441051034
107985317,825,0.8386658902888176,false,107985317,825,0.8386658902888176
107985317,137872,0.7722444629526881,false,107985317,137872,0.7722444629526881
107985317,9196,0.7971563487748784,false,107985317,9196,0.7971563487748784
107985317,93517,0.7558238864067887,false,107985317,93517,0.7558238864067887
107985317,101927516,0.82514523602245,false,107985317,101927516,0.82514523602245
107985317,285,0.7773024720338961,false,107985317,285,0.7773024720338961
107985317,100996506,0.7570162516078962,false,107985317,100996506,0.7570162516078962
107985317,66002,0.8178313133411648,false,107985317,66002,0.8178313133411648
107985317,100505495,0.8600021475170179,false,107985317,100505495,0.8600021475170179
107985317,9476,0.7835251349155951,false,107985317,9476,0.7835251349155951
107985317,151531,0.834120039908441,false,107985317,151531,0.834120039908441
107985317,2122,0.8276678115441465,false,107985317,2122,0.8276678115441465
107985317,6097,0.8072936114268281,false,107985317,6097,0.8072936114268281
107985317,123624,0.8473172092977916,false,107985317,123624,0.8473172092977916
107985317,391253,0.8699917348188042,false,107985317,391253,0.8699917348188042
107985317,693188,0.8281301876396726,false,107985317,693188,0.8281301876396726
107985317,353189,0.8595430338758274,false,107985317,353189,0.8595430338758274
107985317,84851,0.7602089141242427,false,107985317,84851,0.7602089141242427
107985317,84525,0.7530293656702187,false,107985317,84525,0.7530293656702187
107985317,4861,0.8686134809307573,false,107985317,4861,0.8686134809307573
107985317,105372793,0.76536103039686,false,107985317,105372793,0.76536103039686
107985317,56955,0.8986752987653479,false,107985317,56955,0.8986752987653479
107985317,84765,0.7554023846766766,false,107985317,84765,0.7554023846766766
107985317,55282,0.756400000956684,false,107985317,55282,0.756400000956684
107985317,79098,0.799864152036178,false,107985317,79098,0.799864152036178
107985317,144571,0.8114961864595042,false,107985317,144571,0.8114961864595042
107985317,165186,0.8751859279050016,false,107985317,165186,0.8751859279050016
107985317,102465485,0.7698041632696815,false,107985317,102465485,0.7698041632696815
107985317,100033436,0.8142701570581123,false,107985317,100033436,0.8142701570581123
102723552,6332,0.774342963849584,false,102723552,6332,0.774342963849584
102723552,56892,0.7989178991018084,false,102723552,56892,0.7989178991018084
102723552,3875,0.8620489736329975,false,102723552,3875,0.8620489736329975
102723552,644649,0.8417509544716058,false,102723552,644649,0.8417509544716058
102723552,4680,0.9015454556453762,false,102723552,4680,0.9015454556453762
102723552,109729127,0.9071308854553939,false,102723552,109729127,0.9071308854553939
102723552,400578,0.8042584237038656,false,102723552,400578,0.8042584237038656
102723552,85349,0.8255743092030546,false,102723552,85349,0.8255743092030546
102723552,79148,0.7830002457599796,false,102723552,79148,0.7830002457599796
102723552,728276,0.8215187425931844,false,102723552,728276,0.8215187425931844
102723552,27022,0.8460131038196177,false,102723552,27022,0.8460131038196177
102723552,26084,0.941474721400974,false,102723552,26084,0.941474721400974
102723552,117156,0.9232849551847917,false,102723552,117156,0.9232849551847917
102723552,195814,0.8645543138818252,false,102723552,195814,0.8645543138818252
102723552,105,0.812496794582424,false,102723552,105,0.812496794582424
102723552,84059,0.7594553456312536,false,102723552,84059,0.7594553456312536
102723552,220136,0.7610186083043003,false,102723552,220136,0.7610186083043003
102723552,6799,0.8381074741848362,false,102723552,6799,0.8381074741848362
102723552,57402,0.9766839940656196,false,102723552,57402,0.9766839940656196
102723552,780,0.7581351795544315,false,102723552,780,0.7581351795544315
102723552,84525,0.7803149197696025,false,102723552,84525,0.7803149197696025
102723552,21,0.7899281742712759,false,102723552,21,0.7899281742712759
102723552,7433,0.8951255699669958,false,102723552,7433,0.8951255699669958
102723552,1286,0.8445122068588072,false,102723552,1286,0.8445122068588072
102723552,3855,0.892985859497624,false,102723552,3855,0.892985859497624
6103,109136579,0.8125428619702082,false,6103,109136579,0.8125428619702082
6103,64332,0.8439195992085401,false,6103,64332,0.8439195992085401
6103,3875,0.7992604963429422,false,6103,3875,0.7992604963429422
6103,57669,0.8084583002025307,false,6103,57669,0.8084583002025307
6103,619383,0.7598389973739963,false,6103,619383,0.7598389973739963
6103,130271,0.8578107438492991,false,6103,130271,0.8578107438492991
6103,378938,0.8126767356235884,false,6103,378938,0.8126767356235884
6103,79632,0.796084244418478,false,6103,79632,0.796084244418478
6103,26084,0.7816502228218546,false,6103,26084,0.7816502228218546
6103,201625,0.8988405111949933,false,6103,201625,0.8988405111949933
6103,645843,0.854965195974855,false,6103,645843,0.854965195974855
6103,84059,0.770236306287398,false,6103,84059,0.770236306287398
6103,120892,0.769497040141232,false,6103,120892,0.769497040141232
6103,780,0.8162826534265999,false,6103,780,0.8162826534265999
6103,1080,0.8719297664133024,false,6103,1080,0.8719297664133024
6103,65217,0.7733509971745828,false,6103,65217,0.7733509971745828
6103,1286,0.7761089138474762,false,6103,1286,0.7761089138474762
6103,144535,0.8279093800640754,false,6103,144535,0.8279093800640754
6103,649946,0.850498179892858,false,6103,649946,0.850498179892858
6103,79740,0.7511507174926191,false,6103,79740,0.7511507174926191
6332,2277,0.7579444545360017,false,6332,2277,0.7579444545360017
6332,8091,0.8674291100911578,false,6332,8091,0.8674291100911578
6332,109729127,0.7677503933024895,false,6332,109729127,0.7677503933024895
6332,79148,0.9530271751443942,false,6332,79148,0.9530271751443942
6332,6532,0.9912508379514089,false,6332,6532,0.9912508379514089
6332,26084,0.7536774382389041,false,6332,26084,0.7536774382389041
6332,117156,0.8765377776319604,false,6332,117156,0.8765377776319604
6332,9411,0.8330168518843616,false,6332,9411,0.8330168518843616
6332,57477,0.789289139850586,false,6332,57477,0.789289139850586
6332,100820829,0.9488059788165621,false,6332,100820829,0.9488059788165621
6332,57402,0.7675425757089301,false,6332,57402,0.7675425757089301
6332,21,0.8478099601126844,false,6332,21,0.8478099601126844
6332,1286,0.7920691330079789,false,6332,1286,0.7920691330079789
6332,3855,0.7598227222596903,false,6332,3855,0.7598227222596903
100506380,363,0.8563023300281023,false,100506380,363,0.8563023300281023
100506380,65998,0.8095724553070848,false,100506380,65998,0.8095724553070848
100506380,419,0.8563023300281024,false,100506380,419,0.8563023300281024
100506380,340596,0.7598186943957616,false,100506380,340596,0.7598186943957616
100506380,10586,0.8571269255785153,false,100506380,10586,0.8571269255785153
100506380,3780,0.8597649658007858,false,100506380,3780,0.8597649658007858
100506380,163479,0.8497260899514688,false,100506380,163479,0.8497260899514688
100506380,2619,0.9038191137571436,false,100506380,2619,0.9038191137571436
100506380,113219467,0.8116688995812924,false,100506380,113219467,0.8116688995812924
100506380,100423031,0.8563023300281024,false,100506380,100423031,0.8563023300281024
54997,2595,0.858056212998591,false,54997,2595,0.858056212998591
54997,219790,0.9395299152782944,false,54997,219790,0.9395299152782944
54997,115677,0.825322745587747,false,54997,115677,0.825322745587747
54997,9223,0.7754204770518563,false,54997,9223,0.7754204770518563
54997,253970,0.9013326226922497,false,54997,253970,0.9013326226922497
54997,109136579,0.8837250585721008,false,54997,109136579,0.8837250585721008
54997,503645,0.9289635823867332,false,54997,503645,0.9289635823867332
54997,4070,0.8473395154782686,false,54997,4070,0.8473395154782686
54997,64332,0.809625308280272,false,54997,64332,0.809625308280272
54997,346007,0.8811699942103222,false,54997,346007,0.8811699942103222
54997,116984,0.9106413804041024,false,54997,116984,0.9106413804041024
54997,825,0.8308730215601601,false,54997,825,0.8308730215601601
54997,137872,0.9943954042873107,false,54997,137872,0.9943954042873107
54997,100033430,0.982995789577154,false,54997,100033430,0.982995789577154
54997,102723849,0.76781722269722,false,54997,102723849,0.76781722269722
54997,9196,0.9587890358519768,false,54997,9196,0.9587890358519768
54997,93517,0.7985017838798212,false,54997,93517,0.7985017838798212
54997,89765,0.9417176151764,false,54997,89765,0.9417176151764
54997,130271,0.7806869868943928,false,54997,130271,0.7806869868943928
54997,101927516,0.9010625073072857,false,54997,101927516,0.9010625073072857
54997,378938,0.8815526704831392,false,54997,378938,0.8815526704831392
54997,5545,0.8796046528171657,false,54997,5545,0.8796046528171657
54997,285,0.9423313225619813,false,54997,285,0.9423313225619813
54997,27074,0.944567701260003,false,54997,27074,0.944567701260003
54997,100996506,0.798409802085186,false,54997,100996506,0.798409802085186
54997,66002,0.9923893144238205,false,54997,66002,0.9923893144238205
54997,79632,0.9014350649381032,false,54997,79632,0.9014350649381032
54997,100505495,0.8960065832071639,false,54997,100505495,0.8960065832071639
54997,7620,0.9486362203418548,false,54997,7620,0.9486362203418548
54997,105180391,0.8552702158029983,false,54997,105180391,0.8552702158029983
54997,9476,0.863722157524887,false,54997,9476,0.863722157524887
54997,151531,0.9930291299154916,false,54997,151531,0.9930291299154916
54997,105180390,0.8269653389521792,false,54997,105180390,0.8269653389521792
54997,692058,0.9119798415585845,false,54997,692058,0.9119798415585845
54997,645843,0.851256553559419,false,54997,645843,0.851256553559419
54997,2122,0.9226180603510873,false,54997,2122,0.9226180603510873
54997,84059,0.8345442056144724,false,54997,84059,0.8345442056144724
54997,121512,0.9808476072119696,false,54997,121512,0.9808476072119696
54997,6097,0.8582854586661162,false,54997,6097,0.8582854586661162
54997,120892,0.8822850464594095,false,54997,120892,0.8822850464594095
54997,123624,0.9230372009616147,false,54997,123624,0.9230372009616147
54997,391253,0.9103623598736473,false,54997,391253,0.9103623598736473
54997,693188,0.8773147669513338,false,54997,693188,0.8773147669513338
54997,353189,0.9637822238610045,false,54997,353189,0.9637822238610045
54997,776,0.9774821305058025,false,54997,776,0.9774821305058025
54997,84851,0.8665645720839211,false,54997,84851,0.8665645720839211
54997,84525,0.7721907455262276,false,54997,84525,0.7721907455262276
54997,4861,0.8975079031867558,false,54997,4861,0.8975079031867558
54997,10203,0.8672344822299146,false,54997,10203,0.8672344822299146
54997,284323,0.9401636174462735,false,54997,284323,0.9401636174462735
54997,1080,0.7864626449898678,false,54997,1080,0.7864626449898678
54997,65217,0.9190489489676446,false,54997,65217,0.9190489489676446
54997,105372793,0.8064316211419388,false,54997,105372793,0.8064316211419388
54997,56955,0.7511547015534499,false,54997,56955,0.7511547015534499
54997,84765,0.9227523787127804,false,54997,84765,0.9227523787127804
54997,55282,0.7718733340667352,false,54997,55282,0.7718733340667352
54997,79098,0.900952983890961,false,54997,79098,0.900952983890961
54997,144535,0.7986816275703317,false,54997,144535,0.7986816275703317
54997,649946,0.871431066287395,false,54997,649946,0.871431066287395
54997,144571,0.808903526005956,false,54997,144571,0.808903526005956
54997,26298,0.8168384277453676,false,54997,26298,0.8168384277453676
54997,165186,0.8759993354534176,false,54997,165186,0.8759993354534176
54997,102465485,0.8156249973085877,false,54997,102465485,0.8156249973085877
54997,100033436,0.8596854960828886,false,54997,100033436,0.8596854960828886
79848,94025,0.7657510674196656,false,79848,94025,0.7657510674196656
79848,619383,0.837095898376372,false,79848,619383,0.837095898376372
79848,278,0.9281279107487924,false,79848,278,0.9281279107487924
79848,10129,0.8306313820213761,false,79848,10129,0.8306313820213761
79848,100158262,0.9548853204007238,false,79848,100158262,0.9548853204007238
79848,688,0.7671479471620827,false,79848,688,0.7671479471620827
79848,4585,0.9555034271885487,false,79848,4585,0.9555034271885487
79848,1767,0.7745891222542498,false,79848,1767,0.7745891222542498
79848,1604,0.7857578618858301,false,79848,1604,0.7857578618858301
79848,276,0.943695459172277,false,79848,276,0.943695459172277
79848,342892,0.967866773446424,false,79848,342892,0.967866773446424
79848,94059,0.8384222758137377,false,79848,94059,0.8384222758137377
79848,26769,0.9407255888743906,false,79848,26769,0.9407255888743906
79848,4069,0.9199220135705903,false,79848,4069,0.9199220135705903
79848,112268422,0.7884032393915685,false,79848,112268422,0.7884032393915685
79848,79740,0.8610015678705466,false,79848,79740,0.8610015678705466
2595,219790,0.8914793437743049,false,2595,219790,0.8914793437743049
2595,64073,0.9453443465689584,false,2595,64073,0.9453443465689584
2595,9223,0.9438493024718005,false,2595,9223,0.9438493024718005
2595,253970,0.9898328126676613,false,2595,253970,0.9898328126676613
2595,503645,0.9663807658823766,false,2595,503645,0.9663807658823766
2595,4070,0.9775105810156987,false,2595,4070,0.9775105810156987
2595,2277,0.9247985424700272,false,2595,2277,0.9247985424700272
2595,346007,0.9339714504978476,false,2595,346007,0.9339714504978476
2595,116984,0.9616533842506755,false,2595,116984,0.9616533842506755
2595,825,0.9823196555728707,false,2595,825,0.9823196555728707
2595,137872,0.8454490997218387,false,2595,137872,0.8454490997218387
2595,100033430,0.7604818347696335,false,2595,100033430,0.7604818347696335
2595,9196,0.872555262830684,false,2595,9196,0.872555262830684
2595,93517,0.8505956148088015,false,2595,93517,0.8505956148088015
2595,130271,0.8390972387136165,false,2595,130271,0.8390972387136165
2595,101927516,0.9630041248117918,false,2595,101927516,0.9630041248117918
2595,285,0.8737166217407946,false,2595,285,0.8737166217407946
2595,27074,0.9584474718422783,false,2595,27074,0.9584474718422783
2595,100996506,0.8443447123321279,false,2595,100996506,0.8443447123321279
2595,66002,0.8908057572816439,false,2595,66002,0.8908057572816439
2595,54848,0.8341458275222907,false,2595,54848,0.8341458275222907
2595,79632,0.9654267807277509,false,2595,79632,0.9654267807277509
2595,100505495,0.9284148980676407,false,2595,100505495,0.9284148980676407
2595,26084,0.7626228773009491,false,2595,26084,0.7626228773009491
2595,9476,0.9400199301102014,false,2595,9476,0.9400199301102014
2595,151531,0.8700233974439422,false,2595,151531,0.8700233974439422
2595,195814,0.9398255633984934,false,2595,195814,0.9398255633984934
2595,2122,0.975465484652327,false,2595,2122,0.975465484652327
2595,84059,0.9738123526601002,false,2595,84059,0.9738123526601002
2595,121512,0.8268426417851217,false,2595,121512,0.8268426417851217
2595,6097,0.9916869707951277,false,2595,6097,0.9916869707951277
2595,120892,0.9709053992327689,false,2595,120892,0.9709053992327689
2595,123624,0.9747234775948072,false,2595,123624,0.9747234775948072
2595,391253,0.9447143188229584,false,2595,391253,0.9447143188229584
2595,220136,0.9207394006522003,false,2595,220136,0.9207394006522003
2595,693188,0.9092123344417908,false,2595,693188,0.9092123344417908
2595,6799,0.9500513538213572,false,2595,6799,0.9500513538213572
2595,389376,0.8733745387692735,false,2595,389376,0.8733745387692735
2595,353189,0.9365947472490109,false,2595,353189,0.9365947472490109
2595,776,0.8633116117129609,false,2595,776,0.8633116117129609
2595,84851,0.8932213460749423,false,2595,84851,0.8932213460749423
2595,84525,0.9799385886973772,false,2595,84525,0.9799385886973772
2595,4861,0.9302243451243497,false,2595,4861,0.9302243451243497
2595,10203,0.9474500630039642,false,2595,10203,0.9474500630039642
2595,1080,0.8872293821533233,false,2595,1080,0.8872293821533233
2595,65217,0.7615734943720596,false,2595,65217,0.7615734943720596
2595,1286,0.763603659151338,false,2595,1286,0.763603659151338
2595,105372793,0.8567345365977947,false,2595,105372793,0.8567345365977947
2595,56955,0.8572649630135477,false,2595,56955,0.8572649630135477
2595,84765,0.8621934863783982,false,2595,84765,0.8621934863783982
2595,653509,0.9044029427119532,false,2595,653509,0.9044029427119532
2595,55282,0.9701170471074134,false,2595,55282,0.9701170471074134
2595,729238,0.7801637606182915,false,2595,729238,0.7801637606182915
2595,79098,0.9217357896164983,false,2595,79098,0.9217357896164983
2595,144535,0.9013427496582661,false,2595,144535,0.9013427496582661
2595,649946,0.9317596767484895,false,2595,649946,0.9317596767484895
2595,144571,0.9702946303241262,false,2595,144571,0.9702946303241262
2595,26298,0.8644729159526605,false,2595,26298,0.8644729159526605
2595,165186,0.9561829432917355,false,2595,165186,0.9561829432917355
2595,102465485,0.9699751720476246,false,2595,102465485,0.9699751720476246
2595,100033436,0.9358324321322055,false,2595,100033436,0.9358324321322055
219790,115677,0.9272974943969433,false,219790,115677,0.9272974943969433
219790,64073,0.7890902724815013,false,219790,64073,0.7890902724815013
219790,9223,0.8941764428932859,false,219790,9223,0.8941764428932859
219790,253970,0.9232742562841324,false,219790,253970,0.9232742562841324
219790,109136579,0.7961837268034435,false,219790,109136579,0.7961837268034435
219790,503645,0.9457054846593375,false,219790,503645,0.9457054846593375
219790,4070,0.8573436030325892,false,219790,4070,0.8573436030325892
219790,64332,0.7732657419542247,false,219790,64332,0.7732657419542247
219790,2277,0.8823442209410534,false,219790,2277,0.8823442209410534
219790,346007,0.842377176988928,false,219790,346007,0.842377176988928
219790,116984,0.9210935192006477,false,219790,116984,0.9210935192006477
219790,825,0.8610950163276402,false,219790,825,0.8610950163276402
219790,137872,0.9029701079564407,false,219790,137872,0.9029701079564407
219790,100033430,0.9068810341510222,false,219790,100033430,0.9068810341510222
219790,9196,0.9070591322559959,false,219790,9196,0.9070591322559959
219790,114327,0.7607627180923967,false,219790,114327,0.7607627180923967
219790,93517,0.7705345185582115,false,219790,93517,0.7705345185582115
219790,89765,0.8717696475585703,false,219790,89765,0.8717696475585703
219790,130271,0.9143854806654284,false,219790,130271,0.9143854806654284
219790,101927516,0.8847607426792018,false,219790,101927516,0.8847607426792018
219790,378938,0.794785468538264,false,219790,378938,0.794785468538264
219790,5545,0.8542246188292208,false,219790,5545,0.8542246188292208
219790,285,0.867989169534707,false,219790,285,0.867989169534707
219790,27074,0.9698645035405625,false,219790,27074,0.9698645035405625
219790,66002,0.9293614512155021,false,219790,66002,0.9293614512155021
219790,79632,0.9297830380281039,false,219790,79632,0.9297830380281039
219790,100505495,0.8689134871781021,false,219790,100505495,0.8689134871781021
219790,7620,0.8540839022723337,false,219790,7620,0.8540839022723337
219790,105180391,0.7977918500029079,false,219790,105180391,0.7977918500029079
219790,9476,0.8752162254213272,false,219790,9476,0.8752162254213272
219790,151531,0.9231921003665856,false,219790,151531,0.9231921003665856
219790,195814,0.7661186118878068,false,219790,195814,0.7661186118878068
219790,105180390,0.7578694690882809,false,219790,105180390,0.7578694690882809
219790,692058,0.7761027851535393,false,219790,692058,0.7761027851535393
219790,645843,0.8053406015982902,false,219790,645843,0.8053406015982902
219790,2122,0.9313837883713253,false,219790,2122,0.9313837883713253
219790,84059,0.8944868724659617,false,219790,84059,0.8944868724659617
219790,121512,0.9303636733693152,false,219790,121512,0.9303636733693152
219790,6097,0.8887113026099476,false,219790,6097,0.8887113026099476
219790,120892,0.8988856073021801,false,219790,120892,0.8988856073021801
219790,123624,0.9103032809317,false,219790,123624,0.9103032809317
219790,391253,0.8696610062248261,false,219790,391253,0.8696610062248261
219790,693188,0.8331160681378632,false,219790,693188,0.8331160681378632
219790,6799,0.7999676757342478,false,219790,6799,0.7999676757342478
219790,389376,0.773081161559834,false,219790,389376,0.773081161559834
219790,353189,0.9230522607192171,false,219790,353189,0.9230522607192171
219790,776,0.9711790879211107,false,219790,776,0.9711790879211107
219790,84851,0.7982389740354011,false,219790,84851,0.7982389740354011
219790,84525,0.8305700756577608,false,219790,84525,0.8305700756577608
219790,4861,0.8585116839073632,false,219790,4861,0.8585116839073632
219790,10203,0.9272025263586433,false,219790,10203,0.9272025263586433
219790,284323,0.8541920302248815,false,219790,284323,0.8541920302248815
219790,1080,0.8359147922730719,false,219790,1080,0.8359147922730719
219790,65217,0.9097592575434735,false,219790,65217,0.9097592575434735
219790,1286,0.79998607858102,false,219790,1286,0.79998607858102
219790,84765,0.9581305234769525,false,219790,84765,0.9581305234769525
219790,653509,0.7738089029619905,false,219790,653509,0.7738089029619905
219790,55282,0.8712101674461014,false,219790,55282,0.8712101674461014
219790,79098,0.8946384390700926,false,219790,79098,0.8946384390700926
219790,144535,0.8275382120990197,false,219790,144535,0.8275382120990197
219790,649946,0.8855444983336851,false,219790,649946,0.8855444983336851
219790,144571,0.816048244518744,false,219790,144571,0.816048244518744
219790,165186,0.8620623496001468,false,219790,165186,0.8620623496001468
219790,102465485,0.8060621592107861,false,219790,102465485,0.8060621592107861
219790,100033436,0.8055074296995827,false,219790,100033436,0.8055074296995827
54112,4892,0.9949554919084311,false,54112,4892,0.9949554919084311
54112,3207,0.8826361684502808,false,54112,3207,0.8826361684502808
54112,105369937,0.9999999999999998,false,54112,105369937,0.9999999999999998
54112,107984498,0.9996907975724625,false,54112,107984498,0.9996907975724625
54112,284111,0.9973530903775462,false,54112,284111,0.9973530903775462
54112,10331,0.8079325202709655,false,54112,10331,0.8079325202709655
54112,128674,0.9999999999999998,false,54112,128674,0.9999999999999998
54112,101928580,0.956361762815184,false,54112,101928580,0.956361762815184
54112,57110,0.9992057413484104,false,54112,57110,0.9992057413484104
54112,646480,0.905735430327907,false,54112,646480,0.905735430327907
54112,4606,0.999765454667506,false,54112,4606,0.999765454667506
115677,7851,0.763555622781475,false,115677,7851,0.763555622781475
115677,253970,0.7633748338187242,false,115677,253970,0.7633748338187242
115677,109136579,0.7882281671093443,false,115677,109136579,0.7882281671093443
115677,503645,0.8257862535757977,false,115677,503645,0.8257862535757977
115677,64332,0.8539614675335897,false,115677,64332,0.8539614675335897
115677,2277,0.7502013307856293,false,115677,2277,0.7502013307856293
115677,116984,0.7966533643170245,false,115677,116984,0.7966533643170245
115677,3875,0.7751505243978104,false,115677,3875,0.7751505243978104
115677,137872,0.7717968664397931,false,115677,137872,0.7717968664397931
115677,1577,0.7510355271391634,false,115677,1577,0.7510355271391634
115677,100033430,0.847298264991367,false,115677,100033430,0.847298264991367
115677,441251,0.8762567663298705,false,115677,441251,0.8762567663298705
115677,102723849,0.8503441893830598,false,115677,102723849,0.8503441893830598
115677,114327,0.8033235474675529,false,115677,114327,0.8033235474675529
115677,57669,0.7946425923720537,false,115677,57669,0.7946425923720537
115677,89765,0.8465453121725968,false,115677,89765,0.8465453121725968
115677,130271,0.9148813655119425,false,115677,130271,0.9148813655119425
115677,378938,0.7903720471535906,false,115677,378938,0.7903720471535906
115677,5545,0.9194173159146946,false,115677,5545,0.9194173159146946
115677,27074,0.8565752298617378,false,115677,27074,0.8565752298617378
115677,66002,0.7736171494453273,false,115677,66002,0.7736171494453273
115677,79632,0.816909917546372,false,115677,79632,0.816909917546372
115677,7113,0.798989986270123,false,115677,7113,0.798989986270123
115677,105180391,0.8663998113057043,false,115677,105180391,0.8663998113057043
115677,151531,0.7776261410216694,false,115677,151531,0.7776261410216694
115677,105180390,0.8360564385105961,false,115677,105180390,0.8360564385105961
115677,168374,0.756161328176886,false,115677,168374,0.756161328176886
115677,645843,0.8582504777495021,false,115677,645843,0.8582504777495021
115677,2122,0.7525012898310325,false,115677,2122,0.7525012898310325
115677,84059,0.785032462166167,false,115677,84059,0.785032462166167
115677,121512,0.8567184036464953,false,115677,121512,0.8567184036464953
115677,84239,0.8584374064161409,false,115677,84239,0.8584374064161409
115677,776,0.8621508682401506,false,115677,776,0.8621508682401506
115677,10203,0.7538026162549842,false,115677,10203,0.7538026162549842
115677,284323,0.8390458005050351,false,115677,284323,0.8390458005050351
115677,65217,0.8443737855548041,false,115677,65217,0.8443737855548041
115677,1286,0.8660297368358242,false,115677,1286,0.8660297368358242
115677,23584,0.7746000933279458,false,115677,23584,0.7746000933279458
115677,84765,0.8063893693808639,false,115677,84765,0.8063893693808639
115677,649946,0.7644960420626039,false,115677,649946,0.7644960420626039
115677,440352,0.8130038318998895,false,115677,440352,0.8130038318998895
64073,9223,0.8839748570156896,false,64073,9223,0.8839748570156896
64073,253970,0.9401784228076508,false,64073,253970,0.9401784228076508
64073,503645,0.8694398094267618,false,64073,503645,0.8694398094267618
64073,4070,0.9484385334264633,false,64073,4070,0.9484385334264633
64073,2277,0.9257105336422252,false,64073,2277,0.9257105336422252
64073,346007,0.7889465044084168,false,64073,346007,0.7889465044084168
64073,116984,0.8465749621757156,false,64073,116984,0.8465749621757156
64073,825,0.9142296636004089,false,64073,825,0.9142296636004089
64073,3875,0.7532900119366768,false,64073,3875,0.7532900119366768
64073,93517,0.8696291241164794,false,64073,93517,0.8696291241164794
64073,101927516,0.8468270202943173,false,64073,101927516,0.8468270202943173
64073,27074,0.879225685465866,false,64073,27074,0.879225685465866
64073,66002,0.7631316947812692,false,64073,66002,0.7631316947812692
64073,54848,0.7934433166164567,false,64073,54848,0.7934433166164567
64073,79632,0.8620545568178319,false,64073,79632,0.8620545568178319
64073,100505495,0.8226508642835577,false,64073,100505495,0.8226508642835577
64073,26084,0.7972623712662671,false,64073,26084,0.7972623712662671
64073,9476,0.9359435720858453,false,64073,9476,0.9359435720858453
64073,117156,0.8139268315796383,false,64073,117156,0.8139268315796383
64073,195814,0.9505403645197342,false,64073,195814,0.9505403645197342
64073,2122,0.8663965554903378,false,64073,2122,0.8663965554903378
64073,84059,0.9091937624820788,false,64073,84059,0.9091937624820788
64073,6097,0.9538112743710981,false,64073,6097,0.9538112743710981
64073,120892,0.8756005424122578,false,64073,120892,0.8756005424122578
64073,123624,0.8999670438631314,false,64073,123624,0.8999670438631314
64073,391253,0.8486105366362232,false,64073,391253,0.8486105366362232
64073,220136,0.9191712548227027,false,64073,220136,0.9191712548227027
64073,693188,0.7796063886497818,false,64073,693188,0.7796063886497818
64073,6799,0.9666913160003178,false,64073,6799,0.9666913160003178
64073,389376,0.9275474209643307,false,64073,389376,0.9275474209643307
64073,353189,0.8337878914439943,false,64073,353189,0.8337878914439943
64073,84525,0.970292308643942,false,64073,84525,0.970292308643942
64073,4861,0.8645682190679294,false,64073,4861,0.8645682190679294
64073,10203,0.8328892883375751,false,64073,10203,0.8328892883375751
64073,1080,0.7822612639643596,false,64073,1080,0.7822612639643596
64073,1286,0.7652002920781853,false,64073,1286,0.7652002920781853
64073,56955,0.8739581111190514,false,64073,56955,0.8739581111190514
64073,84765,0.7531609977941562,false,64073,84765,0.7531609977941562
64073,653509,0.9787558959583309,false,64073,653509,0.9787558959583309
64073,55282,0.960785886031469,false,64073,55282,0.960785886031469
64073,729238,0.9263806921651404,false,64073,729238,0.9263806921651404
64073,79098,0.8939386588529671,false,64073,79098,0.8939386588529671
64073,144535,0.7948210400153659,false,64073,144535,0.7948210400153659
64073,649946,0.7977680360999758,false,64073,649946,0.7977680360999758
64073,144571,0.9086809452627638,false,64073,144571,0.9086809452627638
64073,165186,0.9077637231766512,false,64073,165186,0.9077637231766512
64073,102465485,0.8863991161324306,false,64073,102465485,0.8863991161324306
64073,100033436,0.8165682790971776,false,64073,100033436,0.8165682790971776
5961,692072,0.8013615283447821,false,5961,692072,0.8013615283447821
5961,55808,0.755144568255018,false,5961,55808,0.755144568255018
5961,999,0.8513613591786647,false,5961,999,0.8513613591786647
5961,26226,0.9872469371450245,false,5961,26226,0.9872469371450245
5961,340267,0.9094481298187873,false,5961,340267,0.9094481298187873
5961,200879,0.7513205591060975,false,5961,200879,0.7513205591060975
5961,441251,0.8004846646895001,false,5961,441251,0.8004846646895001
5961,6337,0.9251048138059151,false,5961,6337,0.9251048138059151
5961,5284,0.7624025614343668,false,5961,5284,0.7624025614343668
5961,57669,0.8151750600987995,false,5961,57669,0.8151750600987995
5961,57111,0.7637499869643513,false,5961,57111,0.7637499869643513
5961,116844,0.9411546521504747,false,5961,116844,0.9411546521504747
5961,10129,0.757394724126842,false,5961,10129,0.757394724126842
5961,688,0.7799082730271482,false,5961,688,0.7799082730271482
5961,54897,0.9047181518134713,false,5961,54897,0.9047181518134713
5961,117155,0.8434544546517231,false,5961,117155,0.8434544546517231
5961,112268155,0.830538970126338,false,5961,112268155,0.830538970126338
5961,1152,0.871297504224124,false,5961,1152,0.871297504224124
5961,79083,0.7791023963149639,false,5961,79083,0.7791023963149639
5961,1556,0.9284712820955785,false,5961,1556,0.9284712820955785
5961,7113,0.7707401699077168,false,5961,7113,0.7707401699077168
5961,54861,0.8979592397947116,false,5961,54861,0.8979592397947116
5961,222256,0.9459738996463565,false,5961,222256,0.9459738996463565
5961,113218482,0.8630954609778174,false,5961,113218482,0.8630954609778174
5961,647024,0.82582160912355,false,5961,647024,0.82582160912355
5961,115019,0.8062620490622754,false,5961,115019,0.8062620490622754
5961,168374,0.772576487636109,false,5961,168374,0.772576487636109
5961,83481,0.9542271900969166,false,5961,83481,0.9542271900969166
5961,1579,0.893048050475539,false,5961,1579,0.893048050475539
5961,80004,0.7911222743802397,false,5961,80004,0.7911222743802397
5961,84239,0.8180384152667914,false,5961,84239,0.8180384152667914
5961,3880,0.9514988488910208,false,5961,3880,0.9514988488910208
5961,100129460,0.8513135977908161,false,5961,100129460,0.8513135977908161
5961,23584,0.8589951242841259,false,5961,23584,0.8589951242841259
5961,153643,0.9081520154886564,false,5961,153643,0.9081520154886564
5961,745,0.8907336513165774,false,5961,745,0.8907336513165774
363,65998,0.8630440199051944,false,363,65998,0.8630440199051944
363,419,1.0,false,363,419,1.0
363,102723635,0.7744111289415079,false,363,102723635,0.7744111289415079
363,10586,0.9871828414454087,false,363,10586,0.9871828414454087
363,2125,0.8045237611710022,false,363,2125,0.8045237611710022
363,3780,0.9750372679541819,false,363,3780,0.9750372679541819
363,163479,0.8784482194345649,false,363,163479,0.8784482194345649
363,2619,0.9420522130028394,false,363,2619,0.9420522130028394
363,84867,0.8304991224790808,false,363,84867,0.8304991224790808
363,113219467,0.7888869265145878,false,363,113219467,0.7888869265145878
363,100423031,0.9999999999999999,false,363,100423031,0.9999999999999999
363,1515,0.7616895813052972,false,363,1515,0.7616895813052972
9223,253970,0.9237760283879383,false,9223,253970,0.9237760283879383
9223,503645,0.8980732662632477,false,9223,503645,0.8980732662632477
9223,4070,0.9230092511403604,false,9223,4070,0.9230092511403604
9223,2277,0.976067591966614,false,9223,2277,0.976067591966614
9223,346007,0.8636119647428921,false,9223,346007,0.8636119647428921
9223,116984,0.8951255906817457,false,9223,116984,0.8951255906817457
9223,825,0.957967598117952,false,9223,825,0.957967598117952
9223,9196,0.8398349532125022,false,9223,9196,0.8398349532125022
9223,93517,0.7941483461875158,false,9223,93517,0.7941483461875158
9223,130271,0.8623357180943622,false,9223,130271,0.8623357180943622
9223,101927516,0.919573025800641,false,9223,101927516,0.919573025800641
9223,285,0.8095932719844772,false,9223,285,0.8095932719844772
9223,27074,0.9042214106808849,false,9223,27074,0.9042214106808849
9223,100996506,0.7987613230950694,false,9223,100996506,0.7987613230950694
9223,66002,0.8101249663661279,false,9223,66002,0.8101249663661279
9223,54848,0.8643788748408654,false,9223,54848,0.8643788748408654
9223,79632,0.9044554604972161,false,9223,79632,0.9044554604972161
9223,100505495,0.9012627629076049,false,9223,100505495,0.9012627629076049
9223,9476,0.8874203201786148,false,9223,9476,0.8874203201786148
9223,151531,0.7857106088604077,false,9223,151531,0.7857106088604077
9223,195814,0.8885684392615018,false,9223,195814,0.8885684392615018
9223,2122,0.937561645685421,false,9223,2122,0.937561645685421
9223,84059,0.9160058201263455,false,9223,84059,0.9160058201263455
9223,6097,0.94249581996924,false,9223,6097,0.94249581996924
9223,120892,0.9109344737015876,false,9223,120892,0.9109344737015876
9223,100820829,0.8149989095942254,false,9223,100820829,0.8149989095942254
9223,123624,0.912196165494147,false,9223,123624,0.912196165494147
9223,391253,0.8809352779186415,false,9223,391253,0.8809352779186415
9223,220136,0.8414387953683404,false,9223,220136,0.8414387953683404
9223,693188,0.8781652882074626,false,9223,693188,0.8781652882074626
9223,6799,0.9001100574460525,false,9223,6799,0.9001100574460525
9223,389376,0.8423746943894432,false,9223,389376,0.8423746943894432
9223,353189,0.8698698819159425,false,9223,353189,0.8698698819159425
9223,776,0.8367776281308364,false,9223,776,0.8367776281308364
9223,84851,0.8249389492610533,false,9223,84851,0.8249389492610533
9223,84525,0.9098153130455268,false,9223,84525,0.9098153130455268
9223,4861,0.8725844264423382,false,9223,4861,0.8725844264423382
9223,10203,0.9711252576135303,false,9223,10203,0.9711252576135303
9223,1080,0.8549830898025254,false,9223,1080,0.8549830898025254
9223,65217,0.7563518815292465,false,9223,65217,0.7563518815292465
9223,105372793,0.791606006906171,false,9223,105372793,0.791606006906171
9223,56955,0.8004198639567576,false,9223,56955,0.8004198639567576
9223,84765,0.8977453898506658,false,9223,84765,0.8977453898506658
9223,653509,0.8580367269090171,false,9223,653509,0.8580367269090171
9223,55282,0.9726657993872457,false,9223,55282,0.9726657993872457
9223,79098,0.8733040369488736,false,9223,79098,0.8733040369488736
9223,144535,0.8496278984514201,false,9223,144535,0.8496278984514201
9223,649946,0.8734243617457333,false,9223,649946,0.8734243617457333
9223,144571,0.9212577550336061,false,9223,144571,0.9212577550336061
9223,26298,0.7753287698356575,false,9223,26298,0.7753287698356575
9223,165186,0.9033344367550233,false,9223,165186,0.9033344367550233
9223,102465485,0.894381854845252,false,9223,102465485,0.894381854845252
9223,100033436,0.8629275391653438,false,9223,100033436,0.8629275391653438
7851,692072,0.9568903909662554,false,7851,692072,0.9568903909662554
7851,109136579,0.8222517210132442,false,7851,109136579,0.8222517210132442
7851,55808,0.8743790283051837,false,7851,55808,0.8743790283051837
7851,999,0.8440599805598523,false,7851,999,0.8440599805598523
7851,126353,0.9542173621919536,false,7851,126353,0.9542173621919536
7851,64332,0.8746505403215165,false,7851,64332,0.8746505403215165
7851,388743,0.9292894399160534,false,7851,388743,0.9292894399160534
7851,1577,0.9941036319858286,false,7851,1577,0.9941036319858286
7851,100033430,0.7856977068828009,false,7851,100033430,0.7856977068828009
7851,340267,0.8733628668115637,false,7851,340267,0.8733628668115637
7851,200879,0.8913490428166357,false,7851,200879,0.8913490428166357
7851,1510,0.8932550823835333,false,7851,1510,0.8932550823835333
7851,441251,0.8278811320216021,false,7851,441251,0.8278811320216021
7851,102723849,0.9823511546915739,false,7851,102723849,0.9823511546915739
7851,5284,0.887837972494759,false,7851,5284,0.887837972494759
7851,57669,0.8259852474677676,false,7851,57669,0.8259852474677676
7851,619383,0.7847562853873051,false,7851,619383,0.7847562853873051
7851,89765,0.8131152953537616,false,7851,89765,0.8131152953537616
7851,57111,0.8732941586621175,false,7851,57111,0.8732941586621175
7851,10129,0.8299310239266768,false,7851,10129,0.8299310239266768
7851,4586,0.8845214285263368,false,7851,4586,0.8845214285263368
7851,10551,0.8879241017484065,false,7851,10551,0.8879241017484065
7851,688,0.7570860085158796,false,7851,688,0.7570860085158796
7851,378938,0.8272421814612969,false,7851,378938,0.8272421814612969
7851,5545,0.9154050859002237,false,7851,5545,0.9154050859002237
7851,117155,0.9280256778691395,false,7851,117155,0.9280256778691395
7851,112268155,0.9443359991001617,false,7851,112268155,0.9443359991001617
7851,1152,0.7760543193453102,false,7851,1152,0.7760543193453102
7851,79083,0.8787814961942982,false,7851,79083,0.8787814961942982
7851,1556,0.8744426194266568,false,7851,1556,0.8744426194266568
7851,55930,0.8987144506077857,false,7851,55930,0.8987144506077857
7851,7113,0.9712469104434245,false,7851,7113,0.9712469104434245
7851,105180391,0.9452629281659489,false,7851,105180391,0.9452629281659489
7851,100529240,0.8379027605713603,false,7851,100529240,0.8379027605713603
7851,113218482,0.8606902435251457,false,7851,113218482,0.8606902435251457
7851,647024,0.8188897013727154,false,7851,647024,0.8188897013727154
7851,255928,0.8607834714303936,false,7851,255928,0.8607834714303936
7851,8537,0.8117247015494139,false,7851,8537,0.8117247015494139
7851,10018,0.9574144776627758,false,7851,10018,0.9574144776627758
7851,115019,0.9708508084030057,false,7851,115019,0.9708508084030057
7851,105180390,0.9573954986190812,false,7851,105180390,0.9573954986190812
7851,1043,0.9489819570619551,false,7851,1043,0.9489819570619551
7851,168374,0.977944693735644,false,7851,168374,0.977944693735644
7851,645843,0.8695509878680817,false,7851,645843,0.8695509878680817
7851,143884,0.9433862650669557,false,7851,143884,0.9433862650669557
7851,80004,0.951040554182729,false,7851,80004,0.951040554182729
7851,3993,0.9539553103246378,false,7851,3993,0.9539553103246378
7851,389852,0.9787670463432981,false,7851,389852,0.9787670463432981
7851,164312,0.840976838565478,false,7851,164312,0.840976838565478
7851,84239,0.8929975866154929,false,7851,84239,0.8929975866154929
7851,2065,0.9933504782284033,false,7851,2065,0.9933504782284033
7851,135656,0.8860665975361954,false,7851,135656,0.8860665975361954
7851,94059,0.862835940956577,false,7851,94059,0.862835940956577
7851,3960,0.9922454810177721,false,7851,3960,0.9922454810177721
7851,284323,0.8641994637835272,false,7851,284323,0.8641994637835272
7851,23584,0.9272479964445038,false,7851,23584,0.9272479964445038
7851,692213,0.9554307597145322,false,7851,692213,0.9554307597145322
7851,153643,0.8257508465312166,false,7851,153643,0.8257508465312166
7851,259294,0.9768918272776497,false,7851,259294,0.9768918272776497
7851,2266,0.8454117285754186,false,7851,2266,0.8454117285754186
7851,745,0.8210372159503005,false,7851,745,0.8210372159503005
7851,440352,0.8721227340546388,false,7851,440352,0.8721227340546388
692072,55808,0.9382260888275156,false,692072,55808,0.9382260888275156
692072,999,0.9248577749662386,false,692072,999,0.9248577749662386
692072,126353,0.9540342504647323,false,692072,126353,0.9540342504647323
692072,26226,0.8739960304865442,false,692072,26226,0.8739960304865442
692072,64332,0.7942246601785845,false,692072,64332,0.7942246601785845
692072,388743,0.9657569658757112,false,692072,388743,0.9657569658757112
692072,1577,0.9654171519238763,false,692072,1577,0.9654171519238763
692072,340267,0.9291099514815835,false,692072,340267,0.9291099514815835
692072,200879,0.9490443312929262,false,692072,200879,0.9490443312929262
692072,1510,0.9446451515549155,false,692072,1510,0.9446451515549155
692072,441251,0.8344168769278054,false,692072,441251,0.8344168769278054
692072,102723849,0.9191422568362011,false,692072,102723849,0.9191422568362011
692072,5284,0.8714465837442426,false,692072,5284,0.8714465837442426
692072,57669,0.810293955033322,false,692072,57669,0.810293955033322
692072,57111,0.9378585942408258,false,692072,57111,0.9378585942408258
692072,116844,0.8233000272907689,false,692072,116844,0.8233000272907689
692072,10129,0.8581406651360981,false,692072,10129,0.8581406651360981
692072,4586,0.9431668575140023,false,692072,4586,0.9431668575140023
692072,10551,0.9402344351451659,false,692072,10551,0.9402344351451659
692072,688,0.818505010154153,false,692072,688,0.818505010154153
692072,54897,0.786211876459743,false,692072,54897,0.786211876459743
692072,5545,0.8037472007716666,false,692072,5545,0.8037472007716666
692072,117155,0.9670455542191421,false,692072,117155,0.9670455542191421
692072,112268155,0.9798694004698181,false,692072,112268155,0.9798694004698181
692072,1152,0.8856014070830396,false,692072,1152,0.8856014070830396
692072,79083,0.9471131603345581,false,692072,79083,0.9471131603345581
692072,1556,0.9406521569854362,false,692072,1556,0.9406521569854362
692072,55930,0.9060875010118754,false,692072,55930,0.9060875010118754
692072,22996,0.8222717787584538,false,692072,22996,0.8222717787584538
692072,7113,0.9544418509093273,false,692072,7113,0.9544418509093273
692072,54861,0.7962089097148232,false,692072,54861,0.7962089097148232
692072,222256,0.7967600918605614,false,692072,222256,0.7967600918605614
692072,105180391,0.8259608356157445,false,692072,105180391,0.8259608356157445
692072,100529240,0.8926701064319127,false,692072,100529240,0.8926701064319127
692072,113218482,0.9484496961635898,false,692072,113218482,0.9484496961635898
692072,647024,0.9019086248700204,false,692072,647024,0.9019086248700204
692072,255928,0.9237688472334113,false,692072,255928,0.9237688472334113
692072,8537,0.9107562997147803,false,692072,8537,0.9107562997147803
692072,10018,0.903322153328821,false,692072,10018,0.903322153328821
692072,115019,0.9810085922179014,false,692072,115019,0.9810085922179014
692072,105180390,0.8445127373977923,false,692072,105180390,0.8445127373977923
692072,1043,0.9031486318331176,false,692072,1043,0.9031486318331176
692072,168374,0.9797203391620516,false,692072,168374,0.9797203391620516
692072,645843,0.7558118549913309,false,692072,645843,0.7558118549913309
692072,143884,0.939610572283146,false,692072,143884,0.939610572283146
692072,80004,0.9470432074081251,false,692072,80004,0.9470432074081251
692072,3993,0.9220697153079987,false,692072,3993,0.9220697153079987
692072,389852,0.9646160645263265,false,692072,389852,0.9646160645263265
692072,164312,0.900771029843537,false,692072,164312,0.900771029843537
692072,84239,0.8802353923220948,false,692072,84239,0.8802353923220948
692072,2065,0.9384309120767439,false,692072,2065,0.9384309120767439
692072,135656,0.9444348160201367,false,692072,135656,0.9444348160201367
692072,94059,0.8390982940170785,false,692072,94059,0.8390982940170785
692072,3960,0.9483286060437155,false,692072,3960,0.9483286060437155
692072,23584,0.9424955856419618,false,692072,23584,0.9424955856419618
692072,692213,0.8717350289530589,false,692072,692213,0.8717350289530589
692072,153643,0.9249546911453644,false,692072,153643,0.9249546911453644
692072,112268422,0.8100599012004537,false,692072,112268422,0.8100599012004537
692072,259294,0.9710160982530858,false,692072,259294,0.9710160982530858
692072,2266,0.898938673723348,false,692072,2266,0.898938673723348
692072,745,0.9237961653324482,false,692072,745,0.9237961653324482
692072,440352,0.8195427214776239,false,692072,440352,0.8195427214776239
253970,503645,0.9774588552374328,false,253970,503645,0.9774588552374328
253970,4070,0.9776956845171755,false,253970,4070,0.9776956845171755
253970,2277,0.9135635818018795,false,253970,2277,0.9135635818018795
253970,346007,0.9262898339384943,false,253970,346007,0.9262898339384943
253970,116984,0.9601917924086665,false,253970,116984,0.9601917924086665
253970,825,0.9621712913336536,false,253970,825,0.9621712913336536
253970,3875,0.7627007183304205,false,253970,3875,0.7627007183304205
253970,137872,0.8868079823572427,false,253970,137872,0.8868079823572427
253970,100033430,0.820438930270467,false,253970,100033430,0.820438930270467
253970,9196,0.8951362325225871,false,253970,9196,0.8951362325225871
253970,93517,0.8815447038104745,false,253970,93517,0.8815447038104745
253970,89765,0.8091973852803007,false,253970,89765,0.8091973852803007
253970,130271,0.8525456227363245,false,253970,130271,0.8525456227363245
253970,101927516,0.9583977471979884,false,253970,101927516,0.9583977471979884
253970,285,0.8875241994156224,false,253970,285,0.8875241994156224
253970,27074,0.9831804260030832,false,253970,27074,0.9831804260030832
253970,100996506,0.8318613996220809,false,253970,100996506,0.8318613996220809
253970,66002,0.9251999402130517,false,253970,66002,0.9251999402130517
253970,54848,0.8001932441381016,false,253970,54848,0.8001932441381016
253970,79632,0.9699658994120647,false,253970,79632,0.9699658994120647
253970,100505495,0.9294013339409708,false,253970,100505495,0.9294013339409708
253970,7620,0.7993686195223175,false,253970,7620,0.7993686195223175
253970,26084,0.7573427560133149,false,253970,26084,0.7573427560133149
253970,9476,0.9630308326916733,false,253970,9476,0.9630308326916733
253970,151531,0.9053253077074981,false,253970,151531,0.9053253077074981
253970,195814,0.9136788678994788,false,253970,195814,0.9136788678994788
253970,692058,0.7503347152177505,false,253970,692058,0.7503347152177505
253970,2122,0.9758040185773973,false,253970,2122,0.9758040185773973
253970,84059,0.9666379931431216,false,253970,84059,0.9666379931431216
253970,121512,0.8688015160684085,false,253970,121512,0.8688015160684085
253970,6097,0.9889226231710028,false,253970,6097,0.9889226231710028
253970,120892,0.9724649049135373,false,253970,120892,0.9724649049135373
253970,123624,0.9827720549300378,false,253970,123624,0.9827720549300378
253970,391253,0.946997658334634,false,253970,391253,0.946997658334634
253970,220136,0.8952679637621064,false,253970,220136,0.8952679637621064
253970,693188,0.9055606782925346,false,253970,693188,0.9055606782925346
253970,6799,0.9303960748857044,false,253970,6799,0.9303960748857044
253970,389376,0.8924764044566581,false,253970,389376,0.8924764044566581
253970,353189,0.956415430588958,false,253970,353189,0.956415430588958
253970,776,0.905368757749492,false,253970,776,0.905368757749492
253970,84851,0.8907403311320201,false,253970,84851,0.8907403311320201
253970,84525,0.9621493508635107,false,253970,84525,0.9621493508635107
253970,4861,0.9412809980150338,false,253970,4861,0.9412809980150338
253970,10203,0.9423360819868731,false,253970,10203,0.9423360819868731
253970,1080,0.8877827166960773,false,253970,1080,0.8877827166960773
253970,65217,0.8030422784861593,false,253970,65217,0.8030422784861593
253970,1286,0.7775126234124577,false,253970,1286,0.7775126234124577
253970,105372793,0.8435329557811351,false,253970,105372793,0.8435329557811351
253970,56955,0.8552800908966026,false,253970,56955,0.8552800908966026
253970,84765,0.8916144294471959,false,253970,84765,0.8916144294471959
253970,653509,0.914283741103124,false,253970,653509,0.914283741103124
253970,55282,0.9551609507369199,false,253970,55282,0.9551609507369199
253970,729238,0.795895247708556,false,253970,729238,0.795895247708556
253970,79098,0.9520599602774462,false,253970,79098,0.9520599602774462
253970,144535,0.8952251674752976,false,253970,144535,0.8952251674752976
253970,649946,0.9311253337969311,false,253970,649946,0.9311253337969311
253970,144571,0.9499756160204188,false,253970,144571,0.9499756160204188
253970,26298,0.8692689469538794,false,253970,26298,0.8692689469538794
253970,165186,0.9589041735862728,false,253970,165186,0.9589041735862728
253970,102465485,0.9503622966115409,false,253970,102465485,0.9503622966115409
253970,100033436,0.9251186088151936,false,253970,100033436,0.9251186088151936
1180,200407,0.7582085647591994,false,1180,200407,0.7582085647591994
1180,388327,0.9117934534415115,false,1180,388327,0.9117934534415115
1180,109729184,0.7671943737967526,false,1180,109729184,0.7671943737967526
1180,100126311,0.9647331387985816,false,1180,100126311,0.9647331387985816
1180,57524,0.8314491649039085,false,1180,57524,0.8314491649039085
1180,140766,0.817421338779077,false,1180,140766,0.817421338779077
1180,284680,0.8490829656962587,false,1180,284680,0.8490829656962587
1180,105373265,0.8806243139095454,false,1180,105373265,0.8806243139095454
1180,9211,0.7876752655214961,false,1180,9211,0.7876752655214961
1180,440590,0.846463621695751,false,1180,440590,0.846463621695751
200407,388327,0.9151255052750733,false,200407,388327,0.9151255052750733
200407,109729184,0.7691018468519469,false,200407,109729184,0.7691018468519469
200407,100126311,0.8087286687608253,false,200407,100126311,0.8087286687608253
200407,7546,0.8027054765652358,false,200407,7546,0.8027054765652358
25804,100506755,0.8487614513452411,false,25804,100506755,0.8487614513452411
25804,399726,0.82111607548524,false,25804,399726,0.82111607548524
25804,441151,0.7945156122993529,false,25804,441151,0.7945156122993529
25804,222183,0.7654682709397264,false,25804,222183,0.7654682709397264
25804,57710,0.7861124415257215,false,25804,57710,0.7861124415257215
109136579,503645,0.7851680568429257,false,109136579,503645,0.7851680568429257
109136579,64332,0.9522187844797974,false,109136579,64332,0.9522187844797974
109136579,346007,0.7892359377443817,false,109136579,346007,0.7892359377443817
109136579,116984,0.7986890762861077,false,109136579,116984,0.7986890762861077
109136579,137872,0.8944593653293176,false,109136579,137872,0.8944593653293176
109136579,1577,0.8293128148983899,false,109136579,1577,0.8293128148983899
109136579,100033430,0.9211790410912147,false,109136579,100033430,0.9211790410912147
109136579,102723849,0.8769876729596092,false,109136579,102723849,0.8769876729596092
109136579,9196,0.8140802618838321,false,109136579,9196,0.8140802618838321
109136579,619383,0.9472353230160148,false,109136579,619383,0.9472353230160148
109136579,89765,0.8795872685751827,false,109136579,89765,0.8795872685751827
109136579,378938,0.999953236687376,false,109136579,378938,0.999953236687376
109136579,5545,0.9384399560735937,false,109136579,5545,0.9384399560735937
109136579,285,0.8304338843599222,false,109136579,285,0.8304338843599222
109136579,27074,0.794985131133516,false,109136579,27074,0.794985131133516
109136579,66002,0.8340486839330252,false,109136579,66002,0.8340486839330252
109136579,79632,0.7992476779066023,false,109136579,79632,0.7992476779066023
109136579,7620,0.910095310639413,false,109136579,7620,0.910095310639413
109136579,7113,0.780965317343522,false,109136579,7113,0.780965317343522
109136579,105180391,0.936727606723181,false,109136579,105180391,0.936727606723181
109136579,151531,0.8342389839152059,false,109136579,151531,0.8342389839152059
109136579,10018,0.8751000157847665,false,109136579,10018,0.8751000157847665
109136579,201625,0.8776283592364673,false,109136579,201625,0.8776283592364673
109136579,105180390,0.9301446171263396,false,109136579,105180390,0.9301446171263396
109136579,1043,0.8312780805398151,false,109136579,1043,0.8312780805398151
109136579,692058,0.9460111479981266,false,109136579,692058,0.9460111479981266
109136579,168374,0.7876289024477636,false,109136579,168374,0.7876289024477636
109136579,645843,0.9723616511981937,false,109136579,645843,0.9723616511981937
109136579,2122,0.7532261134410648,false,109136579,2122,0.7532261134410648
109136579,143884,0.8109907295079738,false,109136579,143884,0.8109907295079738
109136579,121512,0.9389883805747646,false,109136579,121512,0.9389883805747646
109136579,120892,0.7715146437365366,false,109136579,120892,0.7715146437365366
109136579,353189,0.7545502392346504,false,109136579,353189,0.7545502392346504
109136579,2065,0.8228334377041583,false,109136579,2065,0.8228334377041583
109136579,776,0.8566504231796581,false,109136579,776,0.8566504231796581
109136579,84851,0.7696431385724384,false,109136579,84851,0.7696431385724384
109136579,94059,0.762516652082595,false,109136579,94059,0.762516652082595
109136579,3960,0.8070027452226118,false,109136579,3960,0.8070027452226118
109136579,284323,0.9339133925591178,false,109136579,284323,0.9339133925591178
109136579,1080,0.776983315745495,false,109136579,1080,0.776983315745495
109136579,65217,0.9369285540879121,false,109136579,65217,0.9369285540879121
109136579,692213,0.9095543241096049,false,109136579,692213,0.9095543241096049
109136579,144535,0.7706732319048646,false,109136579,144535,0.7706732319048646
109136579,649946,0.820108982207899,false,109136579,649946,0.820108982207899
109136579,259294,0.7609308142024952,false,109136579,259294,0.7609308142024952
109136579,26298,0.7522914778987649,false,109136579,26298,0.7522914778987649
109136579,440352,0.7737615235864448,false,109136579,440352,0.7737615235864448
503645,4070,0.9221453029210107,false,503645,4070,0.9221453029210107
503645,64332,0.7553512806598565,false,503645,64332,0.7553512806598565
503645,2277,0.8736259758368596,false,503645,2277,0.8736259758368596
503645,346007,0.9314582549707894,false,503645,346007,0.9314582549707894
503645,116984,0.9690224428995595,false,503645,116984,0.9690224428995595
503645,825,0.9318681564521286,false,503645,825,0.9318681564521286
503645,3875,0.782315435545477,false,503645,3875,0.782315435545477
503645,137872,0.9159755356912438,false,503645,137872,0.9159755356912438
503645,100033430,0.868448720850414,false,503645,100033430,0.868448720850414
503645,9196,0.9061942784592192,false,503645,9196,0.9061942784592192
503645,93517,0.7858729461798003,false,503645,93517,0.7858729461798003
503645,89765,0.8296724966913505,false,503645,89765,0.8296724966913505
503645,130271,0.8997272916866591,false,503645,130271,0.8997272916866591
503645,101927516,0.9465492313858727,false,503645,101927516,0.9465492313858727
503645,378938,0.7822802114141738,false,503645,378938,0.7822802114141738
503645,5545,0.7849149976497842,false,503645,5545,0.7849149976497842
503645,285,0.917536056776527,false,503645,285,0.917536056776527
503645,27074,0.9829411277048937,false,503645,27074,0.9829411277048937
503645,100996506,0.8053930795597094,false,503645,100996506,0.8053930795597094
503645,66002,0.9359461564608605,false,503645,66002,0.9359461564608605
503645,79632,0.9874244351154544,false,503645,79632,0.9874244351154544
503645,100505495,0.9021035089642512,false,503645,100505495,0.9021035089642512
503645,7620,0.8556629650039497,false,503645,7620,0.8556629650039497
503645,26084,0.7561182137988016,false,503645,26084,0.7561182137988016
503645,9476,0.8939964822910028,false,503645,9476,0.8939964822910028
503645,151531,0.9193514454375914,false,503645,151531,0.9193514454375914
503645,195814,0.8846949694055349,false,503645,195814,0.8846949694055349
503645,692058,0.790609745142766,false,503645,692058,0.790609745142766
503645,645843,0.7948926100526055,false,503645,645843,0.7948926100526055
503645,2122,0.966420946799454,false,503645,2122,0.966420946799454
503645,84059,0.9685763509413188,false,503645,84059,0.9685763509413188
503645,121512,0.9084223045252673,false,503645,121512,0.9084223045252673
503645,6097,0.9550536995530798,false,503645,6097,0.9550536995530798
503645,120892,0.9674782973862373,false,503645,120892,0.9674782973862373
503645,123624,0.9605396650383974,false,503645,123624,0.9605396650383974
503645,391253,0.9316153320689851,false,503645,391253,0.9316153320689851
503645,220136,0.8729453419168416,false,503645,220136,0.8729453419168416
503645,693188,0.884341479553146,false,503645,693188,0.884341479553146
503645,6799,0.9038389955503945,false,503645,6799,0.9038389955503945
503645,389376,0.7863344077481511,false,503645,389376,0.7863344077481511
503645,353189,0.9458075750105363,false,503645,353189,0.9458075750105363
503645,776,0.9384612491637254,false,503645,776,0.9384612491637254
503645,84851,0.8816549197196182,false,503645,84851,0.8816549197196182
503645,84525,0.9360903272011586,false,503645,84525,0.9360903272011586
503645,4861,0.8969964704982771,false,503645,4861,0.8969964704982771
503645,10203,0.9404042327150953,false,503645,10203,0.9404042327150953
503645,284323,0.787360759018176,false,503645,284323,0.787360759018176
503645,1080,0.8917583747523795,false,503645,1080,0.8917583747523795
503645,65217,0.8495804254838416,false,503645,65217,0.8495804254838416
503645,1286,0.8116237549680747,false,503645,1286,0.8116237549680747
503645,105372793,0.8205504067573058,false,503645,105372793,0.8205504067573058
503645,56955,0.7581391594279981,false,503645,56955,0.7581391594279981
503645,84765,0.8839954794601694,false,503645,84765,0.8839954794601694
503645,653509,0.8318889310875288,false,503645,653509,0.8318889310875288
503645,55282,0.9158470722563908,false,503645,55282,0.9158470722563908
503645,79098,0.8958922551531334,false,503645,79098,0.8958922551531334
503645,144535,0.8892686240568756,false,503645,144535,0.8892686240568756
503645,649946,0.9647711239330482,false,503645,649946,0.9647711239330482
503645,144571,0.9213342282145187,false,503645,144571,0.9213342282145187
503645,26298,0.8371367712930645,false,503645,26298,0.8371367712930645
503645,165186,0.9071634297332749,false,503645,165186,0.9071634297332749
503645,102465485,0.9309422289606256,false,503645,102465485,0.9309422289606256
503645,100033436,0.9035915075125731,false,503645,100033436,0.9035915075125731
55808,999,0.9754893682438923,false,55808,999,0.9754893682438923
55808,126353,0.9668163143441817,false,55808,126353,0.9668163143441817
55808,26226,0.8186196008720056,false,55808,26226,0.8186196008720056
55808,388743,0.9900123827034999,false,55808,388743,0.9900123827034999
55808,1577,0.8700424030999843,false,55808,1577,0.8700424030999843
55808,340267,0.861385017848276,false,55808,340267,0.861385017848276
55808,200879,0.9982129971937566,false,55808,200879,0.9982129971937566
55808,1510,0.9982564213113846,false,55808,1510,0.9982564213113846
55808,102723849,0.77702143230431,false,55808,102723849,0.77702143230431
55808,5284,0.842104338153961,false,55808,5284,0.842104338153961
55808,57111,0.9988626009038779,false,55808,57111,0.9988626009038779
55808,116844,0.8273902274412583,false,55808,116844,0.8273902274412583
55808,10129,0.8523492479521801,false,55808,10129,0.8523492479521801
55808,4586,0.997694218674292,false,55808,4586,0.997694218674292
55808,10551,0.994668866379795,false,55808,10551,0.994668866379795
55808,688,0.8412548617269799,false,55808,688,0.8412548617269799
55808,54897,0.8120109276092153,false,55808,54897,0.8120109276092153
55808,117155,0.9499677338322243,false,55808,117155,0.9499677338322243
55808,112268155,0.9500379899350437,false,55808,112268155,0.9500379899350437
55808,1152,0.9185468152749805,false,55808,1152,0.9185468152749805
55808,79083,0.9969256674323238,false,55808,79083,0.9969256674323238
55808,1556,0.8903510879094032,false,55808,1556,0.8903510879094032
55808,55930,0.9406086242709393,false,55808,55930,0.9406086242709393
55808,22996,0.9317570134711706,false,55808,22996,0.9317570134711706
55808,7113,0.8421391251762007,false,55808,7113,0.8421391251762007
55808,54861,0.773823279039911,false,55808,54861,0.773823279039911
55808,222256,0.8189219067197417,false,55808,222256,0.8189219067197417
55808,100529240,0.9773029542609322,false,55808,100529240,0.9773029542609322
55808,113218482,0.9805738703866081,false,55808,113218482,0.9805738703866081
55808,647024,0.974201211995016,false,55808,647024,0.974201211995016
55808,255928,0.9939527718465428,false,55808,255928,0.9939527718465428
55808,8537,0.9545075191481314,false,55808,8537,0.9545075191481314
55808,10018,0.8406732733575495,false,55808,10018,0.8406732733575495
55808,115019,0.9070558182544022,false,55808,115019,0.9070558182544022
55808,1043,0.8404114643038935,false,55808,1043,0.8404114643038935
55808,168374,0.8853867441278048,false,55808,168374,0.8853867441278048
55808,143884,0.8718807160225762,false,55808,143884,0.8718807160225762
55808,80004,0.8999702285858227,false,55808,80004,0.8999702285858227
55808,3993,0.8889810102901101,false,55808,3993,0.8889810102901101
55808,389852,0.9417779119407109,false,55808,389852,0.9417779119407109
55808,164312,0.9892760064428037,false,55808,164312,0.9892760064428037
55808,2065,0.8814979947177934,false,55808,2065,0.8814979947177934
55808,1513,0.756182513217891,false,55808,1513,0.756182513217891
55808,135656,0.9977755374592955,false,55808,135656,0.9977755374592955
55808,3880,0.75803547997128,false,55808,3880,0.75803547997128
55808,94059,0.8557934055570031,false,55808,94059,0.8557934055570031
55808,3960,0.8921592297609413,false,55808,3960,0.8921592297609413
55808,23584,0.8483647296526765,false,55808,23584,0.8483647296526765
55808,692213,0.7919990490838548,false,55808,692213,0.7919990490838548
55808,153643,0.9508985838572991,false,55808,153643,0.9508985838572991
55808,112268422,0.8874992247730493,false,55808,112268422,0.8874992247730493
55808,259294,0.935348035285478,false,55808,259294,0.935348035285478
55808,2266,0.9855742314682091,false,55808,2266,0.9855742314682091
55808,745,0.9648270294067615,false,55808,745,0.9648270294067615
6441,11185,0.9247754009650863,false,6441,11185,0.9247754009650863
6441,2125,0.9805491774510051,false,6441,2125,0.9805491774510051
6441,128218,0.8158717911806351,false,6441,128218,0.8158717911806351
6441,5349,0.7951866184662956,false,6441,5349,0.7951866184662956
6441,21,0.8535407898727061,false,6441,21,0.8535407898727061
999,126353,0.9213133545173039,false,999,126353,0.9213133545173039
999,26226,0.8874150657044019,false,999,26226,0.8874150657044019
999,388743,0.9651238728275244,false,999,388743,0.9651238728275244
999,1577,0.8410440955048333,false,999,1577,0.8410440955048333
999,340267,0.9285825992281541,false,999,340267,0.9285825992281541
999,200879,0.9717602124035571,false,999,200879,0.9717602124035571
999,1510,0.9689537489987187,false,999,1510,0.9689537489987187
999,6337,0.8227585126135574,false,999,6337,0.8227585126135574
999,5284,0.9022590272748195,false,999,5284,0.9022590272748195
999,57669,0.7883869913527569,false,999,57669,0.7883869913527569
999,57111,0.9813191489645345,false,999,57111,0.9813191489645345
999,278,0.7611082036633003,false,999,278,0.7611082036633003
999,116844,0.9259555515866722,false,999,116844,0.9259555515866722
999,10129,0.9070085299956027,false,999,10129,0.9070085299956027
999,4586,0.9694725025275833,false,999,4586,0.9694725025275833
999,10551,0.9730564851128314,false,999,10551,0.9730564851128314
999,688,0.9173957466011161,false,999,688,0.9173957466011161
999,54897,0.864643365040537,false,999,54897,0.864643365040537
999,117155,0.9720232839890407,false,999,117155,0.9720232839890407
999,112268155,0.9559710127521502,false,999,112268155,0.9559710127521502
999,1152,0.9579073059045695,false,999,1152,0.9579073059045695
999,79083,0.976796585596463,false,999,79083,0.976796585596463
999,1556,0.9384852726773341,false,999,1556,0.9384852726773341
999,55930,0.9526052687826488,false,999,55930,0.9526052687826488
999,22996,0.9653885277264203,false,999,22996,0.9653885277264203
999,7113,0.8534795299429653,false,999,7113,0.8534795299429653
999,54861,0.8742670487649776,false,999,54861,0.8742670487649776
999,222256,0.9189240826300181,false,999,222256,0.9189240826300181
999,100529240,0.9554686651053281,false,999,100529240,0.9554686651053281
999,113218482,0.9925177041505033,false,999,113218482,0.9925177041505033
999,647024,0.9970439828965862,false,999,647024,0.9970439828965862
999,255928,0.9536418631773551,false,999,255928,0.9536418631773551
999,8537,0.9045357255954188,false,999,8537,0.9045357255954188
999,10018,0.835548171936535,false,999,10018,0.835548171936535
999,115019,0.9173235767118577,false,999,115019,0.9173235767118577
999,1043,0.8678685096051664,false,999,1043,0.8678685096051664
999,168374,0.8854614001813035,false,999,168374,0.8854614001813035
999,143884,0.8526006157208805,false,999,143884,0.8526006157208805
999,80004,0.9098236604020099,false,999,80004,0.9098236604020099
999,3993,0.898199989558897,false,999,3993,0.898199989558897
999,389852,0.8929978397536465,false,999,389852,0.8929978397536465
999,164312,0.9575146055120515,false,999,164312,0.9575146055120515
999,84239,0.7983317722604076,false,999,84239,0.7983317722604076
999,2065,0.8503199862738036,false,999,2065,0.8503199862738036
999,135656,0.9693240011198581,false,999,135656,0.9693240011198581
999,3880,0.8676178449208986,false,999,3880,0.8676178449208986
999,94059,0.8724526968393055,false,999,94059,0.8724526968393055
999,26769,0.7759988751144224,false,999,26769,0.7759988751144224
999,3960,0.8456343241103009,false,999,3960,0.8456343241103009
999,23584,0.8861845244912646,false,999,23584,0.8861845244912646
999,692213,0.7772003140790725,false,999,692213,0.7772003140790725
999,153643,0.991074165919007,false,999,153643,0.991074165919007
999,112268422,0.9335440053753534,false,999,112268422,0.9335440053753534
999,259294,0.9053170548596429,false,999,259294,0.9053170548596429
999,2266,0.9522758763914203,false,999,2266,0.9522758763914203
999,745,0.9854756099187921,false,999,745,0.9854756099187921
126353,388743,0.9859949825893713,false,126353,388743,0.9859949825893713
126353,1577,0.943517938151846,false,126353,1577,0.943517938151846
126353,340267,0.8464776879640612,false,126353,340267,0.8464776879640612
126353,200879,0.9711946652059471,false,126353,200879,0.9711946652059471
126353,1510,0.9790201984057363,false,126353,1510,0.9790201984057363
126353,102723849,0.8840143751930725,false,126353,102723849,0.8840143751930725
126353,5284,0.8664884870479294,false,126353,5284,0.8664884870479294
126353,57111,0.962539816849424,false,126353,57111,0.962539816849424
126353,10129,0.8298601035192352,false,126353,10129,0.8298601035192352
126353,4586,0.9699695296742404,false,126353,4586,0.9699695296742404
126353,10551,0.9679788766621389,false,126353,10551,0.9679788766621389
126353,688,0.800974608674206,false,126353,688,0.800974608674206
126353,5545,0.7581077361100159,false,126353,5545,0.7581077361100159
126353,117155,0.9409971555578852,false,126353,117155,0.9409971555578852
126353,112268155,0.9467576014148479,false,126353,112268155,0.9467576014148479
126353,1152,0.8438626346124674,false,126353,1152,0.8438626346124674
126353,79083,0.9591626070975636,false,126353,79083,0.9591626070975636
126353,1556,0.8679911657601944,false,126353,1556,0.8679911657601944
126353,55930,0.9437981026957076,false,126353,55930,0.9437981026957076
126353,22996,0.860797156230059,false,126353,22996,0.860797156230059
126353,7113,0.9050705123543882,false,126353,7113,0.9050705123543882
126353,105180391,0.8221855581580889,false,126353,105180391,0.8221855581580889
126353,100529240,0.9346881358884214,false,126353,100529240,0.9346881358884214
126353,113218482,0.9310438965021556,false,126353,113218482,0.9310438965021556
126353,647024,0.9142205455653734,false,126353,647024,0.9142205455653734
126353,255928,0.9632343416712729,false,126353,255928,0.9632343416712729
126353,8537,0.9168853923188512,false,126353,8537,0.9168853923188512
126353,10018,0.913474940638596,false,126353,10018,0.913474940638596
126353,115019,0.9410070180233622,false,126353,115019,0.9410070180233622
126353,105180390,0.851369008099529,false,126353,105180390,0.851369008099529
126353,1043,0.8927368508556592,false,126353,1043,0.8927368508556592
126353,168374,0.926868962671088,false,126353,168374,0.926868962671088
126353,143884,0.9087683129208434,false,126353,143884,0.9087683129208434
126353,80004,0.9361068376229692,false,126353,80004,0.9361068376229692
126353,3993,0.9453159818187516,false,126353,3993,0.9453159818187516
126353,389852,0.989834442658915,false,126353,389852,0.989834442658915
126353,164312,0.9552435613829772,false,126353,164312,0.9552435613829772
126353,84239,0.7920298043677124,false,126353,84239,0.7920298043677124
126353,2065,0.9605631135365352,false,126353,2065,0.9605631135365352
126353,135656,0.9706287387431662,false,126353,135656,0.9706287387431662
126353,94059,0.8713870345654554,false,126353,94059,0.8713870345654554
126353,3960,0.9702127145297408,false,126353,3960,0.9702127145297408
126353,23584,0.8747832807092975,false,126353,23584,0.8747832807092975
126353,692213,0.8940389627139378,false,126353,692213,0.8940389627139378
126353,153643,0.8880139026416336,false,126353,153643,0.8880139026416336
126353,112268422,0.8217157791932184,false,126353,112268422,0.8217157791932184
126353,259294,0.9752940773959919,false,126353,259294,0.9752940773959919
126353,2266,0.9435263826288404,false,126353,2266,0.9435263826288404
126353,745,0.9006390436242976,false,126353,745,0.9006390436242976
126353,440352,0.7739086667319954,false,126353,440352,0.7739086667319954
4070,2277,0.9042050093083679,false,4070,2277,0.9042050093083679
4070,346007,0.9114524470011832,false,4070,346007,0.9114524470011832
4070,116984,0.9105768805700292,false,4070,116984,0.9105768805700292
4070,825,0.979471112181363,false,4070,825,0.979471112181363
4070,137872,0.8390119180223766,false,4070,137872,0.8390119180223766
4070,9196,0.8853058585447804,false,4070,9196,0.8853058585447804
4070,93517,0.9377957103112595,false,4070,93517,0.9377957103112595
4070,130271,0.7500301058118211,false,4070,130271,0.7500301058118211
4070,101927516,0.9623393794521751,false,4070,101927516,0.9623393794521751
4070,285,0.8698329569425216,false,4070,285,0.8698329569425216
4070,27074,0.9330201415553215,false,4070,27074,0.9330201415553215
4070,100996506,0.8720594649119959,false,4070,100996506,0.8720594649119959
4070,66002,0.894550922779684,false,4070,66002,0.894550922779684
4070,54848,0.8408961219340161,false,4070,54848,0.8408961219340161
4070,79632,0.9119912808055265,false,4070,79632,0.9119912808055265
4070,100505495,0.9570546725176219,false,4070,100505495,0.9570546725176219
4070,9476,0.9801780487776642,false,4070,9476,0.9801780487776642
4070,151531,0.8708721281185701,false,4070,151531,0.8708721281185701
4070,195814,0.8902651695314839,false,4070,195814,0.8902651695314839
4070,2122,0.9591377744854308,false,4070,2122,0.9591377744854308
4070,84059,0.9142550296240839,false,4070,84059,0.9142550296240839
4070,121512,0.7926777069943989,false,4070,121512,0.7926777069943989
4070,6097,0.9909834877769172,false,4070,6097,0.9909834877769172
4070,120892,0.9386123442947591,false,4070,120892,0.9386123442947591
4070,123624,0.9821896479882603,false,4070,123624,0.9821896479882603
4070,391253,0.9611498502090257,false,4070,391253,0.9611498502090257
4070,220136,0.9031230051862178,false,4070,220136,0.9031230051862178
4070,693188,0.9355597932790799,false,4070,693188,0.9355597932790799
4070,6799,0.9071744525645138,false,4070,6799,0.9071744525645138
4070,389376,0.9453837732490363,false,4070,389376,0.9453837732490363
4070,353189,0.9482186857475542,false,4070,353189,0.9482186857475542
4070,776,0.8509239909328762,false,4070,776,0.8509239909328762
4070,84851,0.8994436999678065,false,4070,84851,0.8994436999678065
4070,84525,0.9443759606083869,false,4070,84525,0.9443759606083869
4070,4861,0.9720429159594245,false,4070,4861,0.9720429159594245
4070,10203,0.9276544037520728,false,4070,10203,0.9276544037520728
4070,1080,0.8342287754177018,false,4070,1080,0.8342287754177018
4070,105372793,0.8772228009751235,false,4070,105372793,0.8772228009751235
4070,56955,0.916030531156641,false,4070,56955,0.916030531156641
4070,84765,0.877791612646511,false,4070,84765,0.877791612646511
4070,653509,0.9166923240566878,false,4070,653509,0.9166923240566878
4070,55282,0.9576471609157315,false,4070,55282,0.9576471609157315
4070,729238,0.8010480860369643,false,4070,729238,0.8010480860369643
4070,79098,0.9670662250820575,false,4070,79098,0.9670662250820575
4070,144535,0.8493280664792431,false,4070,144535,0.8493280664792431
4070,649946,0.872994290458673,false,4070,649946,0.872994290458673
4070,144571,0.973436626063151,false,4070,144571,0.973436626063151
4070,26298,0.8790652886584948,false,4070,26298,0.8790652886584948
4070,165186,0.9882979817797722,false,4070,165186,0.9882979817797722
4070,102465485,0.9543343288182237,false,4070,102465485,0.9543343288182237
4070,100033436,0.9439338203365397,false,4070,100033436,0.9439338203365397
4892,3207,0.8652766241824261,false,4892,3207,0.8652766241824261
4892,105369937,0.9949554919084311,false,4892,105369937,0.9949554919084311
4892,107984498,0.9944741333914758,false,4892,107984498,0.9944741333914758
4892,284111,0.9916958359425805,false,4892,284111,0.9916958359425805
4892,10331,0.7948070064604265,false,4892,10331,0.7948070064604265
4892,128674,0.9949554919084311,false,4892,128674,0.9949554919084311
4892,101928580,0.9464938294722511,false,4892,101928580,0.9464938294722511
4892,57110,0.9939274125980971,false,4892,57110,0.9939274125980971
4892,646480,0.9423407663435852,false,4892,646480,0.9423407663435852
4892,4606,0.9945438501836764,false,4892,4606,0.9945438501836764
56892,653082,0.874591092340465,false,56892,653082,0.874591092340465
56892,644649,0.9397644738270919,false,56892,644649,0.9397644738270919
56892,7356,0.9102904008390618,false,56892,7356,0.9102904008390618
56892,109729127,0.8733046207555077,false,56892,109729127,0.8733046207555077
56892,400578,0.9783943010985382,false,56892,400578,0.9783943010985382
56892,85349,0.9840899567665677,false,56892,85349,0.9840899567665677
56892,728276,0.9444463323257164,false,56892,728276,0.9444463323257164
56892,27022,0.9424004156687866,false,56892,27022,0.9424004156687866
56892,6101,0.8884283136683978,false,56892,6101,0.8884283136683978
56892,105,0.9373562333043779,false,56892,105,0.9373562333043779
56892,7433,0.7761334696778499,false,56892,7433,0.7761334696778499
56892,100129460,0.7689238771948569,false,56892,100129460,0.7689238771948569
56892,3855,0.8815912351596539,false,56892,3855,0.8815912351596539
26226,388743,0.8118865557913937,false,26226,388743,0.8118865557913937
26226,1577,0.7541882211049755,false,26226,1577,0.7541882211049755
26226,340267,0.9330119015121784,false,26226,340267,0.9330119015121784
26226,200879,0.8203594730896397,false,26226,200879,0.8203594730896397
26226,1510,0.800402528388533,false,26226,1510,0.800402528388533
26226,441251,0.8402331063179097,false,26226,441251,0.8402331063179097
26226,6337,0.9064996328638383,false,26226,6337,0.9064996328638383
26226,5284,0.7942133542702619,false,26226,5284,0.7942133542702619
26226,57669,0.8448444595264848,false,26226,57669,0.8448444595264848
26226,57111,0.825192453375636,false,26226,57111,0.825192453375636
26226,116844,0.930194212320131,false,26226,116844,0.930194212320131
26226,10129,0.7957380952793978,false,26226,10129,0.7957380952793978
26226,4586,0.8065660681160384,false,26226,4586,0.8065660681160384
26226,10551,0.8048717400956212,false,26226,10551,0.8048717400956212
26226,688,0.7911223949540963,false,26226,688,0.7911223949540963
26226,54897,0.9202068806548909,false,26226,54897,0.9202068806548909
26226,117155,0.8920583725588584,false,26226,117155,0.8920583725588584
26226,112268155,0.8930027237360818,false,26226,112268155,0.8930027237360818
26226,1152,0.9069971374619201,false,26226,1152,0.9069971374619201
26226,79083,0.8447133316331791,false,26226,79083,0.8447133316331791
26226,1556,0.958795262246451,false,26226,1556,0.958795262246451
26226,55930,0.7586011693180517,false,26226,55930,0.7586011693180517
26226,22996,0.7736272079224481,false,26226,22996,0.7736272079224481
26226,7113,0.8326746759016272,false,26226,7113,0.8326746759016272
26226,54861,0.9077821703380476,false,26226,54861,0.9077821703380476
26226,222256,0.932075540180709,false,26226,222256,0.932075540180709
26226,100529240,0.7609264168789794,false,26226,100529240,0.7609264168789794
26226,113218482,0.9046564775521792,false,26226,113218482,0.9046564775521792
26226,647024,0.8580059320099561,false,26226,647024,0.8580059320099561
26226,255928,0.7786460014292287,false,26226,255928,0.7786460014292287
26226,8537,0.7549451094380166,false,26226,8537,0.7549451094380166
26226,115019,0.8665112413627856,false,26226,115019,0.8665112413627856
26226,1043,0.7767816111868548,false,26226,1043,0.7767816111868548
26226,168374,0.8491870954733092,false,26226,168374,0.8491870954733092
26226,83481,0.8996355189180472,false,26226,83481,0.8996355189180472
26226,143884,0.7525260396953642,false,26226,143884,0.7525260396953642
26226,1579,0.8353699878420083,false,26226,1579,0.8353699878420083
26226,80004,0.8435341253813429,false,26226,80004,0.8435341253813429
26226,3993,0.765915559099649,false,26226,3993,0.765915559099649
26226,164312,0.7785717664704619,false,26226,164312,0.7785717664704619
26226,84239,0.8615651899863169,false,26226,84239,0.8615651899863169
26226,135656,0.807803636585331,false,26226,135656,0.807803636585331
26226,3880,0.9208172162672528,false,26226,3880,0.9208172162672528
26226,100129460,0.7766757898399776,false,26226,100129460,0.7766757898399776
26226,23584,0.9035865230171273,false,26226,23584,0.9035865230171273
26226,153643,0.9325609663037902,false,26226,153643,0.9325609663037902
26226,112268422,0.7626688610573544,false,26226,112268422,0.7626688610573544
26226,259294,0.769004285649803,false,26226,259294,0.769004285649803
26226,2266,0.7717383991305392,false,26226,2266,0.7717383991305392
26226,745,0.9233639485386382,false,26226,745,0.9233639485386382
653082,644649,0.8333824040870902,false,653082,644649,0.8333824040870902
653082,7356,0.8056793870426507,false,653082,7356,0.8056793870426507
653082,400578,0.8478975185364981,false,653082,400578,0.8478975185364981
653082,85349,0.855462976638745,false,653082,85349,0.855462976638745
653082,728276,0.8299373008056351,false,653082,728276,0.8299373008056351
653082,27022,0.833272976327029,false,653082,27022,0.833272976327029
653082,6101,0.857142955075493,false,653082,6101,0.857142955075493
653082,105,0.8698128636300213,false,653082,105,0.8698128636300213
653082,57477,0.7913642923802919,false,653082,57477,0.7913642923802919
653082,100129460,0.7515654535347,false,653082,100129460,0.7515654535347
64332,137872,0.8044495152777537,false,64332,137872,0.8044495152777537
64332,1577,0.8916325618077544,false,64332,1577,0.8916325618077544
64332,100033430,0.8676681315549936,false,64332,100033430,0.8676681315549936
64332,340267,0.7856432602916009,false,64332,340267,0.7856432602916009
64332,441251,0.863023302570633,false,64332,441251,0.863023302570633
64332,102723849,0.9330626230915494,false,64332,102723849,0.9330626230915494
64332,5284,0.777840883512268,false,64332,5284,0.777840883512268
64332,57669,0.8417598631630496,false,64332,57669,0.8417598631630496
64332,619383,0.8689574225676577,false,64332,619383,0.8689574225676577
64332,89765,0.826905427097414,false,64332,89765,0.826905427097414
64332,10129,0.7630384945735014,false,64332,10129,0.7630384945735014
64332,130271,0.7869546258237827,false,64332,130271,0.7869546258237827
64332,378938,0.9543455246454582,false,64332,378938,0.9543455246454582
64332,5545,0.9604865819461091,false,64332,5545,0.9604865819461091
64332,117155,0.7628503664198779,false,64332,117155,0.7628503664198779
64332,112268155,0.7878256918359597,false,64332,112268155,0.7878256918359597
64332,79632,0.7576574281338271,false,64332,79632,0.7576574281338271
64332,7620,0.8290276363507054,false,64332,7620,0.8290276363507054
64332,7113,0.8749307245821131,false,64332,7113,0.8749307245821131
64332,105180391,0.9383995692683741,false,64332,105180391,0.9383995692683741
64332,10018,0.8830113952949108,false,64332,10018,0.8830113952949108
64332,115019,0.8391555574141445,false,64332,115019,0.8391555574141445
64332,201625,0.7783029312317645,false,64332,201625,0.7783029312317645
64332,105180390,0.9286415544223369,false,64332,105180390,0.9286415544223369
64332,1043,0.8735306178506455,false,64332,1043,0.8735306178506455
64332,692058,0.8111054598857607,false,64332,692058,0.8111054598857607
64332,168374,0.8878167827612837,false,64332,168374,0.8878167827612837
64332,645843,0.976846604194982,false,64332,645843,0.976846604194982
64332,143884,0.8753047596184291,false,64332,143884,0.8753047596184291
64332,80004,0.7725923025781027,false,64332,80004,0.7725923025781027
64332,121512,0.8711937950763101,false,64332,121512,0.8711937950763101
64332,3993,0.76987081767972,false,64332,3993,0.76987081767972
64332,389852,0.7835490009443924,false,64332,389852,0.7835490009443924
64332,84239,0.8617425053111485,false,64332,84239,0.8617425053111485
64332,2065,0.8520160491733572,false,64332,2065,0.8520160491733572
64332,776,0.8003791494160244,false,64332,776,0.8003791494160244
64332,94059,0.7640756383610195,false,64332,94059,0.7640756383610195
64332,3960,0.8407791394802665,false,64332,3960,0.8407791394802665
64332,284323,0.8952080069200913,false,64332,284323,0.8952080069200913
64332,65217,0.8584235833543516,false,64332,65217,0.8584235833543516
64332,23584,0.8210190641737839,false,64332,23584,0.8210190641737839
64332,692213,0.8928009891216151,false,64332,692213,0.8928009891216151
64332,649946,0.7721813500241573,false,64332,649946,0.7721813500241573
64332,259294,0.8203814708681186,false,64332,259294,0.8203814708681186
64332,440352,0.8205530810086011,false,64332,440352,0.8205530810086011
2277,346007,0.7751253025029892,false,2277,346007,0.7751253025029892
2277,116984,0.8537221103065761,false,2277,116984,0.8537221103065761
2277,825,0.9174194615504235,false,2277,825,0.9174194615504235
2277,9196,0.7569450533403967,false,2277,9196,0.7569450533403967
2277,93517,0.7954034427581372,false,2277,93517,0.7954034427581372
2277,130271,0.8589910053062175,false,2277,130271,0.8589910053062175
2277,101927516,0.8505036438188621,false,2277,101927516,0.8505036438188621
2277,6532,0.773095260744001,false,2277,6532,0.773095260744001
2277,27074,0.8904737855710805,false,2277,27074,0.8904737855710805
2277,66002,0.761819726856545,false,2277,66002,0.761819726856545
2277,54848,0.8029756383150494,false,2277,54848,0.8029756383150494
2277,79632,0.87062352740002,false,2277,79632,0.87062352740002
2277,100505495,0.8350868781872128,false,2277,100505495,0.8350868781872128
2277,9476,0.8919248846464878,false,2277,9476,0.8919248846464878
2277,117156,0.7520666970120706,false,2277,117156,0.7520666970120706
2277,195814,0.9061351986858327,false,2277,195814,0.9061351986858327
2277,2122,0.8866840896913054,false,2277,2122,0.8866840896913054
2277,84059,0.903604631133103,false,2277,84059,0.903604631133103
2277,6097,0.9296457389022964,false,2277,6097,0.9296457389022964
2277,120892,0.865897698347047,false,2277,120892,0.865897698347047
2277,100820829,0.8721689002058998,false,2277,100820829,0.8721689002058998
2277,123624,0.8796962840207093,false,2277,123624,0.8796962840207093
2277,391253,0.8285462600833882,false,2277,391253,0.8285462600833882
2277,220136,0.8377690298479167,false,2277,220136,0.8377690298479167
2277,693188,0.7882387646762494,false,2277,693188,0.7882387646762494
2277,6799,0.92849568755591,false,2277,6799,0.92849568755591
2277,389376,0.868415231900726,false,2277,389376,0.868415231900726
2277,353189,0.8267778990599756,false,2277,353189,0.8267778990599756
2277,776,0.7932305584198502,false,2277,776,0.7932305584198502
2277,84525,0.9209653540804081,false,2277,84525,0.9209653540804081
2277,4861,0.8335619550235928,false,2277,4861,0.8335619550235928
2277,10203,0.9129867053426391,false,2277,10203,0.9129867053426391
2277,1080,0.8016714430699252,false,2277,1080,0.8016714430699252
2277,1286,0.8134594032616189,false,2277,1286,0.8134594032616189
2277,56955,0.8093048173895163,false,2277,56955,0.8093048173895163
2277,84765,0.8585772753697882,false,2277,84765,0.8585772753697882
2277,653509,0.9080743320322991,false,2277,653509,0.9080743320322991
2277,55282,0.9807360188304115,false,2277,55282,0.9807360188304115
2277,729238,0.8404515005430246,false,2277,729238,0.8404515005430246
2277,79098,0.8674569117761792,false,2277,79098,0.8674569117761792
2277,144535,0.7949971443258494,false,2277,144535,0.7949971443258494
2277,649946,0.8119153061456401,false,2277,649946,0.8119153061456401
2277,144571,0.8776065656964048,false,2277,144571,0.8776065656964048
2277,165186,0.8756425794895519,false,2277,165186,0.8756425794895519
2277,102465485,0.8362986976710508,false,2277,102465485,0.8362986976710508
2277,100033436,0.7773627172088423,false,2277,100033436,0.7773627172088423
8091,79148,0.8317479077390495,false,8091,79148,0.8317479077390495
8091,6532,0.905710034715583,false,8091,6532,0.905710034715583
8091,256076,0.7764564858099238,false,8091,256076,0.7764564858099238
8091,9411,0.8597651416749277,false,8091,9411,0.8597651416749277
8091,57477,0.8172777549599094,false,8091,57477,0.8172777549599094
8091,100820829,0.8804939772562577,false,8091,100820829,0.8804939772562577
346007,116984,0.9552161728184563,false,346007,116984,0.9552161728184563
346007,825,0.9308179960650659,false,346007,825,0.9308179960650659
346007,137872,0.8958693712809929,false,346007,137872,0.8958693712809929
346007,100033430,0.8006887753622312,false,346007,100033430,0.8006887753622312
346007,9196,0.9280591510702848,false,346007,9196,0.9280591510702848
346007,93517,0.7724843758870359,false,346007,93517,0.7724843758870359
346007,130271,0.7927488173178093,false,346007,130271,0.7927488173178093
346007,101927516,0.9779620028271641,false,346007,101927516,0.9779620028271641
346007,378938,0.7840090259357091,false,346007,378938,0.7840090259357091
346007,285,0.9527388690962044,false,346007,285,0.9527388690962044
346007,27074,0.9163874652008183,false,346007,27074,0.9163874652008183
346007,100996506,0.9539301444001872,false,346007,100996506,0.9539301444001872
346007,66002,0.9049321814570084,false,346007,66002,0.9049321814570084
346007,54848,0.8451286188163304,false,346007,54848,0.8451286188163304
346007,79632,0.9516972056889034,false,346007,79632,0.9516972056889034
346007,100505495,0.9295362786759108,false,346007,100505495,0.9295362786759108
346007,7620,0.8437122953310036,false,346007,7620,0.8437122953310036
346007,4179,0.8767858791892913,false,346007,4179,0.8767858791892913
346007,9476,0.8541142292672241,false,346007,9476,0.8541142292672241
346007,151531,0.8818898783521616,false,346007,151531,0.8818898783521616
346007,201625,0.837654559462553,false,346007,201625,0.837654559462553
346007,195814,0.823795473247635,false,346007,195814,0.823795473247635
346007,692058,0.8702029003247296,false,346007,692058,0.8702029003247296
346007,2122,0.9674048568333145,false,346007,2122,0.9674048568333145
346007,84059,0.9186321580085147,false,346007,84059,0.9186321580085147
346007,121512,0.8801315002250564,false,346007,121512,0.8801315002250564
346007,6097,0.912560436474594,false,346007,6097,0.912560436474594
346007,120892,0.973536692348551,false,346007,120892,0.973536692348551
346007,123624,0.9341860441449021,false,346007,123624,0.9341860441449021
346007,391253,0.9272074520445422,false,346007,391253,0.9272074520445422
346007,220136,0.8250888501232698,false,346007,220136,0.8250888501232698
346007,693188,0.9540478154141986,false,346007,693188,0.9540478154141986
346007,6799,0.8103602527081453,false,346007,6799,0.8103602527081453
346007,353189,0.9225577414708399,false,346007,353189,0.9225577414708399
346007,776,0.8742529926299892,false,346007,776,0.8742529926299892
346007,84851,0.987491609813545,false,346007,84851,0.987491609813545
346007,84525,0.8659045981416448,false,346007,84525,0.8659045981416448
346007,4861,0.8957655361094529,false,346007,4861,0.8957655361094529
346007,10203,0.941888203909195,false,346007,10203,0.941888203909195
346007,1080,0.9264912051578909,false,346007,1080,0.9264912051578909
346007,65217,0.8596603110707399,false,346007,65217,0.8596603110707399
346007,105372793,0.9644762032391709,false,346007,105372793,0.9644762032391709
346007,84765,0.8392230207797728,false,346007,84765,0.8392230207797728
346007,653509,0.7578759478331932,false,346007,653509,0.7578759478331932
346007,55282,0.8431250721406948,false,346007,55282,0.8431250721406948
346007,79098,0.8522131811508782,false,346007,79098,0.8522131811508782
346007,144535,0.9377379115675883,false,346007,144535,0.9377379115675883
346007,649946,0.9667693401881261,false,346007,649946,0.9667693401881261
346007,144571,0.9274804644423563,false,346007,144571,0.9274804644423563
346007,26298,0.9620744409159463,false,346007,26298,0.9620744409159463
346007,165186,0.8981834283139032,false,346007,165186,0.8981834283139032
346007,102465485,0.9718407580462591,false,346007,102465485,0.9718407580462591
346007,100033436,0.9845394209579009,false,346007,100033436,0.9845394209579009
388743,1577,0.9272785244305477,false,388743,1577,0.9272785244305477
388743,340267,0.8892433160915342,false,388743,340267,0.8892433160915342
388743,200879,0.9945374070372883,false,388743,200879,0.9945374070372883
388743,1510,0.994473389142963,false,388743,1510,0.994473389142963
388743,102723849,0.8504266935807283,false,388743,102723849,0.8504266935807283
388743,5284,0.8796374665928067,false,388743,5284,0.8796374665928067
388743,57669,0.7524910488981283,false,388743,57669,0.7524910488981283
388743,57111,0.9905414528784466,false,388743,57111,0.9905414528784466
388743,116844,0.8228959848109045,false,388743,116844,0.8228959848109045
388743,10129,0.8847814477058397,false,388743,10129,0.8847814477058397
388743,4586,0.9938921939492856,false,388743,4586,0.9938921939492856
388743,10551,0.9941505081569794,false,388743,10551,0.9941505081569794
388743,688,0.8528987222435161,false,388743,688,0.8528987222435161
388743,54897,0.775682972021741,false,388743,54897,0.775682972021741
388743,117155,0.969980105273104,false,388743,117155,0.969980105273104
388743,112268155,0.9723941717595656,false,388743,112268155,0.9723941717595656
388743,1152,0.9003599497365823,false,388743,1152,0.9003599497365823
388743,79083,0.9888675880711114,false,388743,79083,0.9888675880711114
388743,1556,0.900635983975277,false,388743,1556,0.900635983975277
388743,55930,0.9610927457390971,false,388743,55930,0.9610927457390971
388743,22996,0.9144803948577648,false,388743,22996,0.9144803948577648
388743,7113,0.8937026123728699,false,388743,7113,0.8937026123728699
388743,54861,0.784322362113815,false,388743,54861,0.784322362113815
388743,222256,0.8008073178193882,false,388743,222256,0.8008073178193882
388743,105180391,0.7699638689715982,false,388743,105180391,0.7699638689715982
388743,100529240,0.9706812031163116,false,388743,100529240,0.9706812031163116
388743,113218482,0.9718174288920388,false,388743,113218482,0.9718174288920388
388743,647024,0.9588069352487839,false,388743,647024,0.9588069352487839
388743,255928,0.9835171658700501,false,388743,255928,0.9835171658700501
388743,8537,0.9447898363445236,false,388743,8537,0.9447898363445236
388743,10018,0.9056533784323183,false,388743,10018,0.9056533784323183
388743,115019,0.9459782817129063,false,388743,115019,0.9459782817129063
388743,105180390,0.802715657914599,false,388743,105180390,0.802715657914599
388743,1043,0.8928819882446577,false,388743,1043,0.8928819882446577
388743,168374,0.9330450354160643,false,388743,168374,0.9330450354160643
388743,143884,0.9246124564276603,false,388743,143884,0.9246124564276603
388743,80004,0.9285546880820252,false,388743,80004,0.9285546880820252
388743,3993,0.924710305043528,false,388743,3993,0.924710305043528
388743,389852,0.975995210497603,false,388743,389852,0.975995210497603
388743,164312,0.9677479666241225,false,388743,164312,0.9677479666241225
388743,84239,0.7947479514507784,false,388743,84239,0.7947479514507784
388743,2065,0.9333176066878951,false,388743,2065,0.9333176066878951
388743,135656,0.9941822740648861,false,388743,135656,0.9941822740648861
388743,94059,0.8972395379108493,false,388743,94059,0.8972395379108493
388743,26769,0.7536633654208107,false,388743,26769,0.7536633654208107
388743,3960,0.943810136916025,false,388743,3960,0.943810136916025
388743,23584,0.8830565207384653,false,388743,23584,0.8830565207384653
388743,692213,0.8671006050031264,false,388743,692213,0.8671006050031264
388743,153643,0.9407676548305887,false,388743,153643,0.9407676548305887
388743,112268422,0.8884910768615194,false,388743,112268422,0.8884910768615194
388743,259294,0.9743661033776682,false,388743,259294,0.9743661033776682
388743,2266,0.9744887462798013,false,388743,2266,0.9744887462798013
388743,745,0.9439371909796306,false,388743,745,0.9439371909796306
3207,105369937,0.8826361684502807,false,3207,105369937,0.8826361684502807
3207,107984498,0.8904972287422714,false,3207,107984498,0.8904972287422714
3207,284111,0.898410042795036,false,3207,284111,0.898410042795036
3207,64137,0.7689914659133295,false,3207,64137,0.7689914659133295
3207,23562,0.8419432173843217,false,3207,23562,0.8419432173843217
3207,10331,0.7995964915788643,false,3207,10331,0.7995964915788643
3207,100130701,0.9233598515007596,false,3207,100130701,0.9233598515007596
3207,128674,0.8826361684502807,false,3207,128674,0.8826361684502807
3207,222183,0.8180789196705437,false,3207,222183,0.8180789196705437
3207,101928580,0.95165264664187,false,3207,101928580,0.95165264664187
3207,57110,0.8868588288334589,false,3207,57110,0.8868588288334589
3207,646480,0.7577884656206901,false,3207,646480,0.7577884656206901
3207,4606,0.8898272589552694,false,3207,4606,0.8898272589552694
116984,825,0.9220608048655775,false,116984,825,0.9220608048655775
116984,3875,0.7922026785619575,false,116984,3875,0.7922026785619575
116984,137872,0.9014458167433645,false,116984,137872,0.9014458167433645
116984,100033430,0.8485689582946752,false,116984,100033430,0.8485689582946752
116984,9196,0.8944249931038271,false,116984,9196,0.8944249931038271
116984,93517,0.7613130563611986,false,116984,93517,0.7613130563611986
116984,89765,0.834385336549224,false,116984,89765,0.834385336549224
116984,130271,0.8795000286577122,false,116984,130271,0.8795000286577122
116984,101927516,0.9455342909051413,false,116984,101927516,0.9455342909051413
116984,378938,0.7952383164838892,false,116984,378938,0.7952383164838892
116984,5545,0.7576343167030735,false,116984,5545,0.7576343167030735
116984,285,0.896617723865902,false,116984,285,0.896617723865902
116984,27074,0.9700812094418194,false,116984,27074,0.9700812094418194
116984,100996506,0.8441964490423819,false,116984,100996506,0.8441964490423819
116984,66002,0.9164794386349734,false,116984,66002,0.9164794386349734
116984,54848,0.7857388814016381,false,116984,54848,0.7857388814016381
116984,79632,0.9868551991179298,false,116984,79632,0.9868551991179298
116984,100505495,0.8916125033490915,false,116984,100505495,0.8916125033490915
116984,7620,0.802443495883496,false,116984,7620,0.802443495883496
116984,9476,0.8810525554318845,false,116984,9476,0.8810525554318845
116984,151531,0.9062477064131383,false,116984,151531,0.9062477064131383
116984,201625,0.7970966365425713,false,116984,201625,0.7970966365425713
116984,195814,0.8700600626716791,false,116984,195814,0.8700600626716791
116984,692058,0.8175138892186601,false,116984,692058,0.8175138892186601
116984,645843,0.792771387801578,false,116984,645843,0.792771387801578
116984,2122,0.9780880906218591,false,116984,2122,0.9780880906218591
116984,84059,0.9718389526083391,false,116984,84059,0.9718389526083391
116984,121512,0.9234748460550123,false,116984,121512,0.9234748460550123
116984,6097,0.9289957859327206,false,116984,6097,0.9289957859327206
116984,120892,0.9800166590787767,false,116984,120892,0.9800166590787767
116984,123624,0.9385792012653592,false,116984,123624,0.9385792012653592
116984,391253,0.9014385979045624,false,116984,391253,0.9014385979045624
116984,220136,0.8069666569849555,false,116984,220136,0.8069666569849555
116984,693188,0.8858809336201604,false,116984,693188,0.8858809336201604
116984,6799,0.8683355622053742,false,116984,6799,0.8683355622053742
116984,389376,0.7662402143431564,false,116984,389376,0.7662402143431564
116984,353189,0.9285837791604705,false,116984,353189,0.9285837791604705
116984,776,0.8963075697507825,false,116984,776,0.8963075697507825
116984,84851,0.908866608531493,false,116984,84851,0.908866608531493
116984,84525,0.913699604044841,false,116984,84525,0.913699604044841
116984,4861,0.8767887197017599,false,116984,4861,0.8767887197017599
116984,10203,0.9376443879594786,false,116984,10203,0.9376443879594786
116984,284323,0.7625758621132245,false,116984,284323,0.7625758621132245
116984,1080,0.9319974241622213,false,116984,1080,0.9319974241622213
116984,65217,0.8715008649876551,false,116984,65217,0.8715008649876551
116984,1286,0.7748622562640683,false,116984,1286,0.7748622562640683
116984,105372793,0.8599324183277448,false,116984,105372793,0.8599324183277448
116984,56955,0.7746081496418267,false,116984,56955,0.7746081496418267
116984,84765,0.8651956609478786,false,116984,84765,0.8651956609478786
116984,653509,0.8144526769947144,false,116984,653509,0.8144526769947144
116984,55282,0.8867478122661139,false,116984,55282,0.8867478122661139
116984,79098,0.8716279894842885,false,116984,79098,0.8716279894842885
116984,144535,0.9542451269667469,false,116984,144535,0.9542451269667469
116984,649946,0.9622622897125355,false,116984,649946,0.9622622897125355
116984,144571,0.8936743873944943,false,116984,144571,0.8936743873944943
116984,26298,0.8865869063855042,false,116984,26298,0.8865869063855042
116984,165186,0.8962482420036958,false,116984,165186,0.8962482420036958
116984,102465485,0.9337084827120641,false,116984,102465485,0.9337084827120641
116984,100033436,0.9204748689080344,false,116984,100033436,0.9204748689080344
825,137872,0.8218787073823214,false,825,137872,0.8218787073823214
825,9196,0.8931819585684835,false,825,9196,0.8931819585684835
825,93517,0.8658974243419424,false,825,93517,0.8658974243419424
825,130271,0.7798215024763113,false,825,130271,0.7798215024763113
825,101927516,0.9771740079326207,false,825,101927516,0.9771740079326207
825,285,0.8906319335370932,false,825,285,0.8906319335370932
825,27074,0.9183430201595816,false,825,27074,0.9183430201595816
825,100996506,0.8863223849372307,false,825,100996506,0.8863223849372307
825,66002,0.8789099036867665,false,825,66002,0.8789099036867665
825,54848,0.8529290861630655,false,825,54848,0.8529290861630655
825,79632,0.9236486378433536,false,825,79632,0.9236486378433536
825,100505495,0.963949208873785,false,825,100505495,0.963949208873785
825,4179,0.7739308989223026,false,825,4179,0.7739308989223026
825,9476,0.929370012930261,false,825,9476,0.929370012930261
825,151531,0.8552903557151245,false,825,151531,0.8552903557151245
825,195814,0.8987051779129578,false,825,195814,0.8987051779129578
825,2122,0.9689569507166722,false,825,2122,0.9689569507166722
825,84059,0.9252535510315235,false,825,84059,0.9252535510315235
825,121512,0.7815312921871126,false,825,121512,0.7815312921871126
825,6097,0.9862234161965109,false,825,6097,0.9862234161965109
825,120892,0.9410782816683974,false,825,120892,0.9410782816683974
825,123624,0.974551836983276,false,825,123624,0.974551836983276
825,391253,0.965945953326826,false,825,391253,0.965945953326826
825,220136,0.9170226279564674,false,825,220136,0.9170226279564674
825,693188,0.9497085176950882,false,825,693188,0.9497085176950882
825,6799,0.913247391524462,false,825,6799,0.913247391524462
825,389376,0.8796963144632164,false,825,389376,0.8796963144632164
825,353189,0.9370289411652346,false,825,353189,0.9370289411652346
825,776,0.8503673590893428,false,825,776,0.8503673590893428
825,84851,0.9084198728670371,false,825,84851,0.9084198728670371
825,84525,0.9480117505891854,false,825,84525,0.9480117505891854
825,4861,0.9524002820669185,false,825,4861,0.9524002820669185
825,10203,0.9590797011677465,false,825,10203,0.9590797011677465
825,1080,0.8422436215236958,false,825,1080,0.8422436215236958
825,105372793,0.8895772102209664,false,825,105372793,0.8895772102209664
825,56955,0.8722572205076725,false,825,56955,0.8722572205076725
825,84765,0.8786646010395135,false,825,84765,0.8786646010395135
825,653509,0.8611432931113854,false,825,653509,0.8611432931113854
825,55282,0.9682953786984956,false,825,55282,0.9682953786984956
825,79098,0.9205066174753406,false,825,79098,0.9205066174753406
825,144535,0.8540485707376374,false,825,144535,0.8540485707376374
825,649946,0.9002102477707837,false,825,649946,0.9002102477707837
825,144571,0.9909056350822214,false,825,144571,0.9909056350822214
825,26298,0.8590722237866377,false,825,26298,0.8590722237866377
825,165186,0.9709091176408505,false,825,165186,0.9709091176408505
825,102465485,0.9680437527184224,false,825,102465485,0.9680437527184224
825,100033436,0.9526679964225776,false,825,100033436,0.9526679964225776
3875,4680,0.9073908140313774,false,3875,4680,0.9073908140313774
3875,441251,0.8168290455035664,false,3875,441251,0.8168290455035664
3875,57669,0.7515601334086658,false,3875,57669,0.7515601334086658
3875,130271,0.8523169319128768,false,3875,130271,0.8523169319128768
3875,27074,0.7837282675740067,false,3875,27074,0.7837282675740067
3875,79632,0.8216499684181129,false,3875,79632,0.8216499684181129
3875,26084,0.9572430725278492,false,3875,26084,0.9572430725278492
3875,117156,0.8070818824211848,false,3875,117156,0.8070818824211848
3875,195814,0.8364003220237206,false,3875,195814,0.8364003220237206
3875,645843,0.7535087685750643,false,3875,645843,0.7535087685750643
3875,84059,0.863204340823335,false,3875,84059,0.863204340823335
3875,120892,0.7819997650392411,false,3875,120892,0.7819997650392411
3875,6799,0.815937773730058,false,3875,6799,0.815937773730058
3875,84239,0.7706273328458612,false,3875,84239,0.7706273328458612
3875,57402,0.9320595205504318,false,3875,57402,0.9320595205504318
3875,780,0.928892576105808,false,3875,780,0.928892576105808
3875,84525,0.7965316509695918,false,3875,84525,0.7965316509695918
3875,7433,0.9000179430637834,false,3875,7433,0.9000179430637834
3875,1080,0.8133071470089706,false,3875,1080,0.8133071470089706
3875,1286,0.9410754897435548,false,3875,1286,0.9410754897435548
3875,653509,0.7796441955039235,false,3875,653509,0.7796441955039235
3875,144535,0.8104703456718967,false,3875,144535,0.8104703456718967
3875,649946,0.7805723320358322,false,3875,649946,0.7805723320358322
3875,440352,0.7936269104631918,false,3875,440352,0.7936269104631918
137872,100033430,0.9762714350329962,false,137872,100033430,0.9762714350329962
137872,9196,0.9605444984791649,false,137872,9196,0.9605444984791649
137872,93517,0.7899168164786984,false,137872,93517,0.7899168164786984
137872,89765,0.9292813767084115,false,137872,89765,0.9292813767084115
137872,101927516,0.9035729777025463,false,137872,101927516,0.9035729777025463
137872,378938,0.8918283928302329,false,137872,378938,0.8918283928302329
137872,5545,0.8598820930068874,false,137872,5545,0.8598820930068874
137872,285,0.956676059445774,false,137872,285,0.956676059445774
137872,27074,0.9242047789811629,false,137872,27074,0.9242047789811629
137872,100996506,0.8266727237422963,false,137872,100996506,0.8266727237422963
137872,66002,0.9899605780194287,false,137872,66002,0.9899605780194287
137872,79632,0.8902486293727195,false,137872,79632,0.8902486293727195
137872,100505495,0.8956668517327327,false,137872,100505495,0.8956668517327327
137872,7620,0.9594865655192728,false,137872,7620,0.9594865655192728
137872,105180391,0.8404718171905379,false,137872,105180391,0.8404718171905379
137872,9476,0.8460704098119043,false,137872,9476,0.8460704098119043
137872,151531,0.9893373912108316,false,137872,151531,0.9893373912108316
137872,105180390,0.81495482667396,false,137872,105180390,0.81495482667396
137872,692058,0.9388596815660167,false,137872,692058,0.9388596815660167
137872,645843,0.8484730201629419,false,137872,645843,0.8484730201629419
137872,2122,0.9136620918385998,false,137872,2122,0.9136620918385998
137872,84059,0.8175612827464882,false,137872,84059,0.8175612827464882
137872,121512,0.9748685059401461,false,137872,121512,0.9748685059401461
137872,6097,0.8443142720309129,false,137872,6097,0.8443142720309129
137872,120892,0.8781402957162882,false,137872,120892,0.8781402957162882
137872,123624,0.9161828086346319,false,137872,123624,0.9161828086346319
137872,391253,0.9125015977303987,false,137872,391253,0.9125015977303987
137872,693188,0.8875561859371639,false,137872,693188,0.8875561859371639
137872,353189,0.9589373386832281,false,137872,353189,0.9589373386832281
137872,776,0.9605295274431066,false,137872,776,0.9605295274431066
137872,84851,0.8896156599485573,false,137872,84851,0.8896156599485573
137872,84525,0.7554158863873793,false,137872,84525,0.7554158863873793
137872,4861,0.895480577306941,false,137872,4861,0.895480577306941
137872,10203,0.8496292984377021,false,137872,10203,0.8496292984377021
137872,284323,0.9332624226729725,false,137872,284323,0.9332624226729725
137872,1080,0.7808768702519436,false,137872,1080,0.7808768702519436
137872,65217,0.9088772979546819,false,137872,65217,0.9088772979546819
137872,105372793,0.8372179205310872,false,137872,105372793,0.8372179205310872
137872,84765,0.8933648225991565,false,137872,84765,0.8933648225991565
137872,79098,0.8844975302559338,false,137872,79098,0.8844975302559338
137872,144535,0.7963534999410035,false,137872,144535,0.7963534999410035
137872,649946,0.8715247367803196,false,137872,649946,0.8715247367803196
137872,144571,0.8096452114389828,false,137872,144571,0.8096452114389828
137872,26298,0.8431217137847924,false,137872,26298,0.8431217137847924
137872,165186,0.8688501325085374,false,137872,165186,0.8688501325085374
137872,102465485,0.8256911161315451,false,137872,102465485,0.8256911161315451
137872,100033436,0.877931114004862,false,137872,100033436,0.877931114004862
1577,100033430,0.7774136596842727,false,1577,100033430,0.7774136596842727
1577,340267,0.8776263504733438,false,1577,340267,0.8776263504733438
1577,200879,0.8905345460903997,false,1577,200879,0.8905345460903997
1577,1510,0.8881929208193086,false,1577,1510,0.8881929208193086
1577,441251,0.8297370560774359,false,1577,441251,0.8297370560774359
1577,102723849,0.981063649449342,false,1577,102723849,0.981063649449342
1577,5284,0.876245854185138,false,1577,5284,0.876245854185138
1577,57669,0.8187590879477861,false,1577,57669,0.8187590879477861
1577,619383,0.7977704514264397,false,1577,619383,0.7977704514264397
1577,89765,0.7833714371578935,false,1577,89765,0.7833714371578935
1577,57111,0.8713570324621926,false,1577,57111,0.8713570324621926
1577,10129,0.845956577022043,false,1577,10129,0.845956577022043
1577,4586,0.8843455486206915,false,1577,4586,0.8843455486206915
1577,10551,0.8883865136622884,false,1577,10551,0.8883865136622884
1577,688,0.7696920480221152,false,1577,688,0.7696920480221152
1577,378938,0.8343553782066342,false,1577,378938,0.8343553782066342
1577,5545,0.9149597895373102,false,1577,5545,0.9149597895373102
1577,117155,0.9244735046729473,false,1577,117155,0.9244735046729473
1577,112268155,0.9438769761871042,false,1577,112268155,0.9438769761871042
1577,1152,0.7910490243801277,false,1577,1152,0.7910490243801277
1577,79083,0.8789953646738352,false,1577,79083,0.8789953646738352
1577,1556,0.8687179414641192,false,1577,1556,0.8687179414641192
1577,55930,0.8955452014200159,false,1577,55930,0.8955452014200159
1577,7113,0.962279680195669,false,1577,7113,0.962279680195669
1577,105180391,0.9396810925544846,false,1577,105180391,0.9396810925544846
1577,100529240,0.8431953789777389,false,1577,100529240,0.8431953789777389
1577,113218482,0.8584640412224939,false,1577,113218482,0.8584640412224939
1577,647024,0.8139754493749085,false,1577,647024,0.8139754493749085
1577,255928,0.855689396781059,false,1577,255928,0.855689396781059
1577,8537,0.8323813953549406,false,1577,8537,0.8323813953549406
1577,10018,0.9607418104561389,false,1577,10018,0.9607418104561389
1577,115019,0.9666187058452679,false,1577,115019,0.9666187058452679
1577,105180390,0.9525891090559235,false,1577,105180390,0.9525891090559235
1577,1043,0.9408500070355202,false,1577,1043,0.9408500070355202
1577,168374,0.985132916712266,false,1577,168374,0.985132916712266
1577,645843,0.8727909597147808,false,1577,645843,0.8727909597147808
1577,143884,0.966476313224109,false,1577,143884,0.966476313224109
1577,80004,0.927683311702043,false,1577,80004,0.927683311702043
1577,3993,0.9318499364881824,false,1577,3993,0.9318499364881824
1577,389852,0.9749182396853129,false,1577,389852,0.9749182396853129
1577,164312,0.828817586600572,false,1577,164312,0.828817586600572
1577,84239,0.8843391666193935,false,1577,84239,0.8843391666193935
1577,2065,0.9848916258408246,false,1577,2065,0.9848916258408246
1577,135656,0.8858257071995173,false,1577,135656,0.8858257071995173
1577,94059,0.8685865851581676,false,1577,94059,0.8685865851581676
1577,3960,0.988021145008724,false,1577,3960,0.988021145008724
1577,284323,0.8608816556778413,false,1577,284323,0.8608816556778413
1577,23584,0.9176119694048681,false,1577,23584,0.9176119694048681
1577,692213,0.9543791895077577,false,1577,692213,0.9543791895077577
1577,153643,0.8245914000385407,false,1577,153643,0.8245914000385407
1577,112268422,0.7535641176321739,false,1577,112268422,0.7535641176321739
1577,259294,0.9826839707284969,false,1577,259294,0.9826839707284969
1577,2266,0.8423795054106198,false,1577,2266,0.8423795054106198
1577,745,0.8149483255927614,false,1577,745,0.8149483255927614
1577,440352,0.8564131201556314,false,1577,440352,0.8564131201556314
644649,4680,0.7730235561306418,false,644649,4680,0.7730235561306418
644649,7356,0.9041268026304999,false,644649,7356,0.9041268026304999
644649,109729127,0.9376930077797742,false,644649,109729127,0.9376930077797742
644649,400578,0.9764057893403939,false,644649,400578,0.9764057893403939
644649,85349,0.9806608423570358,false,644649,85349,0.9806608423570358
644649,728276,0.9912019057710616,false,644649,728276,0.9912019057710616
644649,27022,0.9995395422547638,false,644649,27022,0.9995395422547638
644649,6101,0.9412012529155274,false,644649,6101,0.9412012529155274
644649,105,0.9892586941385256,false,644649,105,0.9892586941385256
644649,1579,0.7866227952379834,false,644649,1579,0.7866227952379834
644649,57477,0.7723144833871137,false,644649,57477,0.7723144833871137
644649,57402,0.8085316317271445,false,644649,57402,0.8085316317271445
644649,7433,0.8553656015641115,false,644649,7433,0.8553656015641115
644649,100129460,0.7825448220096847,false,644649,100129460,0.7825448220096847
644649,3855,0.9131115898328858,false,644649,3855,0.9131115898328858
100033430,102723849,0.8648139259675655,false,100033430,102723849,0.8648139259675655
100033430,9196,0.9062894674852772,false,100033430,9196,0.9062894674852772
100033430,619383,0.7757729188293266,false,100033430,619383,0.7757729188293266
100033430,89765,0.9674321122941406,false,100033430,89765,0.9674321122941406
100033430,101927516,0.8094167959486128,false,100033430,101927516,0.8094167959486128
100033430,378938,0.920513246185742,false,100033430,378938,0.920513246185742
100033430,5545,0.9375230610533773,false,100033430,5545,0.9375230610533773
100033430,285,0.8867028756956753,false,100033430,285,0.8867028756956753
100033430,27074,0.8913805831843552,false,100033430,27074,0.8913805831843552
100033430,66002,0.9552952944011937,false,100033430,66002,0.9552952944011937
100033430,79632,0.8379609277226452,false,100033430,79632,0.8379609277226452
100033430,100505495,0.8032719984363617,false,100033430,100505495,0.8032719984363617
100033430,7620,0.9448913024249076,false,100033430,7620,0.9448913024249076
100033430,105180391,0.9306431321263974,false,100033430,105180391,0.9306431321263974
100033430,9476,0.7775447594070602,false,100033430,9476,0.7775447594070602
100033430,151531,0.963997486188955,false,100033430,151531,0.963997486188955
100033430,105180390,0.9116482568426519,false,100033430,105180390,0.9116482568426519
100033430,692058,0.9124558524122722,false,100033430,692058,0.9124558524122722
100033430,645843,0.8979811443392737,false,100033430,645843,0.8979811443392737
100033430,2122,0.8433169746912519,false,100033430,2122,0.8433169746912519
100033430,84059,0.7561077343891484,false,100033430,84059,0.7561077343891484
100033430,121512,0.9784530478665863,false,100033430,121512,0.9784530478665863
100033430,6097,0.7568503182074504,false,100033430,6097,0.7568503182074504
100033430,120892,0.8044698279704546,false,100033430,120892,0.8044698279704546
100033430,123624,0.8385387433830085,false,100033430,123624,0.8385387433830085
100033430,391253,0.8219598978504209,false,100033430,391253,0.8219598978504209
100033430,693188,0.7830068184751333,false,100033430,693188,0.7830068184751333
100033430,353189,0.900132465680783,false,100033430,353189,0.900132465680783
100033430,2065,0.770939828820227,false,100033430,2065,0.770939828820227
100033430,776,0.9511074411840097,false,100033430,776,0.9511074411840097
100033430,84851,0.7841233500347901,false,100033430,84851,0.7841233500347901
100033430,4861,0.8078260562055414,false,100033430,4861,0.8078260562055414
100033430,3960,0.7664642972867479,false,100033430,3960,0.7664642972867479
100033430,10203,0.7794514229490831,false,100033430,10203,0.7794514229490831
100033430,284323,0.9858059379021128,false,100033430,284323,0.9858059379021128
100033430,65217,0.916517476362603,false,100033430,65217,0.916517476362603
100033430,692213,0.8138580201048666,false,100033430,692213,0.8138580201048666
100033430,84765,0.8713790756231398,false,100033430,84765,0.8713790756231398
100033430,79098,0.8254947223701158,false,100033430,79098,0.8254947223701158
100033430,649946,0.8067988857761829,false,100033430,649946,0.8067988857761829
100033430,165186,0.7774107852566605,false,100033430,165186,0.7774107852566605
100033430,100033436,0.7617628025986928,false,100033430,100033436,0.7617628025986928
160728,94025,0.9814691339479586,false,160728,94025,0.9814691339479586
160728,388633,0.9880410475234697,false,160728,388633,0.9880410475234697
160728,3929,0.9825125764942393,false,160728,3929,0.9825125764942393
160728,100158262,0.8192858065565133,false,160728,100158262,0.8192858065565133
160728,727897,0.9869412612003869,false,160728,727897,0.9869412612003869
160728,1604,0.8981933829257509,false,160728,1604,0.8981933829257509
160728,886,0.9951453641381438,false,160728,886,0.9951453641381438
160728,4057,0.9972128334326922,false,160728,4057,0.9972128334326922
160728,26797,0.9898244771107895,false,160728,26797,0.9898244771107895
160728,112577518,0.9686478486594102,false,160728,112577518,0.9686478486594102
160728,692209,0.9987282026771906,false,160728,692209,0.9987282026771906
160728,563,0.9929149572388842,false,160728,563,0.9929149572388842
160728,4069,0.8350485435641734,false,160728,4069,0.8350485435641734
160728,83643,0.9702595387415445,false,160728,83643,0.9702595387415445
160728,284434,0.9953238010106048,false,160728,284434,0.9953238010106048
65998,419,0.8630440199051945,false,65998,419,0.8630440199051945
65998,102723635,0.8871049707534471,false,65998,102723635,0.8871049707534471
65998,340596,0.8501869477869958,false,65998,340596,0.8501869477869958
65998,100506755,0.7830217215108317,false,65998,100506755,0.7830217215108317
65998,10586,0.9151536778873606,false,65998,10586,0.9151536778873606
65998,2125,0.7714984136610646,false,65998,2125,0.7714984136610646
65998,3780,0.8940333746750828,false,65998,3780,0.8940333746750828
65998,64137,0.7689053421114498,false,65998,64137,0.7689053421114498
65998,23562,0.8377170474438426,false,65998,23562,0.8377170474438426
65998,163479,0.9147469397378832,false,65998,163479,0.9147469397378832
65998,2619,0.9628695903164837,false,65998,2619,0.9628695903164837
65998,84867,0.9280800406696613,false,65998,84867,0.9280800406696613
65998,441151,0.8506387935093827,false,65998,441151,0.8506387935093827
65998,222183,0.8345516870046815,false,65998,222183,0.8345516870046815
65998,113219467,0.814242437172501,false,65998,113219467,0.814242437172501
65998,57710,0.8311859689511326,false,65998,57710,0.8311859689511326
65998,80381,0.7969258125403127,false,65998,80381,0.7969258125403127
65998,100423031,0.8630440199051944,false,65998,100423031,0.8630440199051944
65998,1515,0.9033454078644023,false,65998,1515,0.9033454078644023
340267,200879,0.8681934369391096,false,340267,200879,0.8681934369391096
340267,1510,0.8607280404418567,false,340267,1510,0.8607280404418567
340267,441251,0.8679416864909629,false,340267,441251,0.8679416864909629
340267,102723849,0.8377567406076892,false,340267,102723849,0.8377567406076892
340267,6337,0.8058593130163004,false,340267,6337,0.8058593130163004
340267,5284,0.9457330904181798,false,340267,5284,0.9457330904181798
340267,57669,0.9177000450734252,false,340267,57669,0.9177000450734252
340267,57111,0.8726467196341174,false,340267,57111,0.8726467196341174
340267,278,0.832783828012278,false,340267,278,0.832783828012278
340267,116844,0.9519180734787211,false,340267,116844,0.9519180734787211
340267,10129,0.9216879964975386,false,340267,10129,0.9216879964975386
340267,4586,0.8608686185898458,false,340267,4586,0.8608686185898458
340267,10551,0.8705468040753265,false,340267,10551,0.8705468040753265
340267,688,0.9091500870159486,false,340267,688,0.9091500870159486
340267,54897,0.82544885213848,false,340267,54897,0.82544885213848
340267,117155,0.9696424473417857,false,340267,117155,0.9696424473417857
340267,112268155,0.9525235550420597,false,340267,112268155,0.9525235550420597
340267,1152,0.8951059963282244,false,340267,1152,0.8951059963282244
340267,79083,0.8745461630543372,false,340267,79083,0.8745461630543372
340267,1556,0.9749594393164303,false,340267,1556,0.9749594393164303
340267,55930,0.8992888826058999,false,340267,55930,0.8992888826058999
340267,22996,0.8527267224654158,false,340267,22996,0.8527267224654158
340267,7113,0.9358741760174184,false,340267,7113,0.9358741760174184
340267,54861,0.9269515060243358,false,340267,54861,0.9269515060243358
340267,222256,0.9204693377064797,false,340267,222256,0.9204693377064797
340267,100529240,0.8253783294338111,false,340267,100529240,0.8253783294338111
340267,113218482,0.9289104495588858,false,340267,113218482,0.9289104495588858
340267,647024,0.9064903115732775,false,340267,647024,0.9064903115732775
340267,255928,0.8251533952523574,false,340267,255928,0.8251533952523574
340267,8537,0.7788610340597715,false,340267,8537,0.7788610340597715
340267,10018,0.8715962880087119,false,340267,10018,0.8715962880087119
340267,115019,0.9599031182223668,false,340267,115019,0.9599031182223668
340267,1043,0.921905849696259,false,340267,1043,0.921905849696259
340267,276,0.7988713937917735,false,340267,276,0.7988713937917735
340267,168374,0.9366391818511773,false,340267,168374,0.9366391818511773
340267,83481,0.8463026195623979,false,340267,83481,0.8463026195623979
340267,645843,0.7733831939011184,false,340267,645843,0.7733831939011184
340267,143884,0.8690152882921818,false,340267,143884,0.8690152882921818
340267,80004,0.9334025466242976,false,340267,80004,0.9334025466242976
340267,3993,0.9090241999724692,false,340267,3993,0.9090241999724692
340267,389852,0.8509076781555774,false,340267,389852,0.8509076781555774
340267,164312,0.8120239935547208,false,340267,164312,0.8120239935547208
340267,84239,0.9270783923813875,false,340267,84239,0.9270783923813875
340267,2065,0.8565591010221292,false,340267,2065,0.8565591010221292
340267,780,0.7778666149516678,false,340267,780,0.7778666149516678
340267,135656,0.8615526591102842,false,340267,135656,0.8615526591102842
340267,3880,0.8801777873794159,false,340267,3880,0.8801777873794159
340267,94059,0.851517710943232,false,340267,94059,0.851517710943232
340267,3960,0.8410946108175786,false,340267,3960,0.8410946108175786
340267,23584,0.9636831272659437,false,340267,23584,0.9636831272659437
340267,692213,0.8269003933662386,false,340267,692213,0.8269003933662386
340267,153643,0.9518121857354406,false,340267,153643,0.9518121857354406
340267,112268422,0.8653182772213649,false,340267,112268422,0.8653182772213649
340267,259294,0.8842849794565962,false,340267,259294,0.8842849794565962
340267,2266,0.815531621058466,false,340267,2266,0.815531621058466
340267,745,0.9152636099897072,false,340267,745,0.9152636099897072
340267,440352,0.8681696402642372,false,340267,440352,0.8681696402642372
200879,1510,0.9974884337737778,false,200879,1510,0.9974884337737778
200879,102723849,0.8008524296822812,false,200879,102723849,0.8008524296822812
200879,5284,0.8479802100247614,false,200879,5284,0.8479802100247614
200879,57111,0.9982248211079816,false,200879,57111,0.9982248211079816
200879,116844,0.824738909458639,false,200879,116844,0.824738909458639
200879,10129,0.8674562605487613,false,200879,10129,0.8674562605487613
200879,4586,0.9991184123508816,false,200879,4586,0.9991184123508816
200879,10551,0.997453276513702,false,200879,10551,0.997453276513702
200879,688,0.8418706566057212,false,200879,688,0.8418706566057212
200879,54897,0.8022159547602972,false,200879,54897,0.8022159547602972
200879,117155,0.9559075321036298,false,200879,117155,0.9559075321036298
200879,112268155,0.9600082406319785,false,200879,112268155,0.9600082406319785
200879,1152,0.9177745962947365,false,200879,1152,0.9177745962947365
200879,79083,0.9982253176802247,false,200879,79083,0.9982253176802247
200879,1556,0.8913712431616722,false,200879,1556,0.8913712431616722
200879,55930,0.945725651052415,false,200879,55930,0.945725651052415
200879,22996,0.9258132042720647,false,200879,22996,0.9258132042720647
200879,7113,0.8544495393600959,false,200879,7113,0.8544495393600959
200879,54861,0.7837542165223226,false,200879,54861,0.7837542165223226
200879,222256,0.8141611715115441,false,200879,222256,0.8141611715115441
200879,100529240,0.9813989170733031,false,200879,100529240,0.9813989170733031
200879,113218482,0.9777466985684766,false,200879,113218482,0.9777466985684766
200879,647024,0.9678121792119323,false,200879,647024,0.9678121792119323
200879,255928,0.9919922752531105,false,200879,255928,0.9919922752531105
200879,8537,0.956541736462932,false,200879,8537,0.956541736462932
200879,10018,0.8615760224086545,false,200879,10018,0.8615760224086545
200879,115019,0.9172200476215538,false,200879,115019,0.9172200476215538
200879,1043,0.8568483175654179,false,200879,1043,0.8568483175654179
200879,168374,0.9038947431856256,false,200879,168374,0.9038947431856256
200879,143884,0.8979974724598888,false,200879,143884,0.8979974724598888
200879,80004,0.9023943923104828,false,200879,80004,0.9023943923104828
200879,3993,0.891748214260373,false,200879,3993,0.891748214260373
200879,389852,0.9542575377553678,false,200879,389852,0.9542575377553678
200879,164312,0.9818981469519477,false,200879,164312,0.9818981469519477
200879,84239,0.7589802217925222,false,200879,84239,0.7589802217925222
200879,2065,0.8976975957471309,false,200879,2065,0.8976975957471309
200879,1513,0.7661348071730267,false,200879,1513,0.7661348071730267
200879,135656,0.9992744812280682,false,200879,135656,0.9992744812280682
200879,94059,0.8723971099212358,false,200879,94059,0.8723971099212358
200879,3960,0.9086965794535488,false,200879,3960,0.9086965794535488
200879,23584,0.8559815086489333,false,200879,23584,0.8559815086489333
200879,692213,0.8141051550417475,false,200879,692213,0.8141051550417475
200879,153643,0.9465884395224702,false,200879,153643,0.9465884395224702
200879,112268422,0.8905462116140945,false,200879,112268422,0.8905462116140945
200879,259294,0.9513376869376301,false,200879,259294,0.9513376869376301
200879,2266,0.9879029041343755,false,200879,2266,0.9879029041343755
200879,745,0.9573091092785375,false,200879,745,0.9573091092785375
4680,109729127,0.8945085813540591,false,4680,109729127,0.8945085813540591
4680,728276,0.7892248096862933,false,4680,728276,0.7892248096862933
4680,27022,0.7722685558069221,false,4680,27022,0.7722685558069221
4680,6101,0.753237994025264,false,4680,6101,0.753237994025264
4680,26084,0.926335950560349,false,4680,26084,0.926335950560349
4680,117156,0.9212719293596271,false,4680,117156,0.9212719293596271
4680,195814,0.7745365896289637,false,4680,195814,0.7745365896289637
4680,6799,0.7638009318626049,false,4680,6799,0.7638009318626049
4680,57402,0.9487953418353117,false,4680,57402,0.9487953418353117
4680,780,0.8474258633930032,false,4680,780,0.8474258633930032
4680,21,0.8547982527171467,false,4680,21,0.8547982527171467
4680,7433,0.9261701419056417,false,4680,7433,0.9261701419056417
4680,1286,0.8651149557029707,false,4680,1286,0.8651149557029707
4680,79784,0.7784979178954955,false,4680,79784,0.7784979178954955
4680,653509,0.7661560998802286,false,4680,653509,0.7661560998802286
4680,729238,0.8237400849816034,false,4680,729238,0.8237400849816034
4680,3855,0.8984858359493078,false,4680,3855,0.8984858359493078
7356,109729127,0.9149540269244097,false,7356,109729127,0.9149540269244097
7356,400578,0.897707668084401,false,7356,400578,0.897707668084401
7356,85349,0.9008457606427279,false,7356,85349,0.9008457606427279
7356,728276,0.949806791918021,false,7356,728276,0.949806791918021
7356,27022,0.8970770937830199,false,7356,27022,0.8970770937830199
7356,6101,0.8960447531888258,false,7356,6101,0.8960447531888258
7356,11185,0.8213108270754993,false,7356,11185,0.8213108270754993
7356,117156,0.7636447826920544,false,7356,117156,0.7636447826920544
7356,105,0.9220284171076147,false,7356,105,0.9220284171076147
7356,57477,0.7597836460967782,false,7356,57477,0.7597836460967782
7356,5349,0.9120352439318697,false,7356,5349,0.9120352439318697
7356,21,0.8353477558177803,false,7356,21,0.8353477558177803
7356,3855,0.930403115593961,false,7356,3855,0.930403115593961
1510,102723849,0.7995803278501246,false,1510,102723849,0.7995803278501246
1510,5284,0.8510069682269656,false,1510,5284,0.8510069682269656
1510,57111,0.9966447791676348,false,1510,57111,0.9966447791676348
1510,116844,0.8129291894855121,false,1510,116844,0.8129291894855121
1510,10129,0.8535698898932549,false,1510,10129,0.8535698898932549
1510,4586,0.9976843630796192,false,1510,4586,0.9976843630796192
1510,10551,0.9949672805582763,false,1510,10551,0.9949672805582763
1510,688,0.8417888889153444,false,1510,688,0.8417888889153444
1510,54897,0.7884589919121353,false,1510,54897,0.7884589919121353
1510,117155,0.9513997210180034,false,1510,117155,0.9513997210180034
1510,112268155,0.9510036800368386,false,1510,112268155,0.9510036800368386
1510,1152,0.9055411643037514,false,1510,1152,0.9055411643037514
1510,79083,0.9930597428622429,false,1510,79083,0.9930597428622429
1510,1556,0.885242682589266,false,1510,1556,0.885242682589266
1510,55930,0.9484726421976805,false,1510,55930,0.9484726421976805
1510,22996,0.9250869169639321,false,1510,22996,0.9250869169639321
1510,7113,0.8557882142400989,false,1510,7113,0.8557882142400989
1510,54861,0.7578985057774703,false,1510,54861,0.7578985057774703
1510,222256,0.7995026566697728,false,1510,222256,0.7995026566697728
1510,100529240,0.9746734900045386,false,1510,100529240,0.9746734900045386
1510,113218482,0.9744391094129203,false,1510,113218482,0.9744391094129203
1510,647024,0.967706822478322,false,1510,647024,0.967706822478322
1510,255928,0.9937296465812787,false,1510,255928,0.9937296465812787
1510,8537,0.9553730022279793,false,1510,8537,0.9553730022279793
1510,10018,0.8619110354793275,false,1510,10018,0.8619110354793275
1510,115019,0.9164228211640698,false,1510,115019,0.9164228211640698
1510,1043,0.8521817507014344,false,1510,1043,0.8521817507014344
1510,168374,0.8951222645628905,false,1510,168374,0.8951222645628905
1510,143884,0.8837884358773198,false,1510,143884,0.8837884358773198
1510,80004,0.9083001337110426,false,1510,80004,0.9083001337110426
1510,3993,0.9042129370251488,false,1510,3993,0.9042129370251488
1510,389852,0.9559344416964768,false,1510,389852,0.9559344416964768
1510,164312,0.9868810632159831,false,1510,164312,0.9868810632159831
1510,84239,0.7511244595291275,false,1510,84239,0.7511244595291275
1510,2065,0.9005643528144337,false,1510,2065,0.9005643528144337
1510,135656,0.9978037880475336,false,1510,135656,0.9978037880475336
1510,94059,0.8663250576042778,false,1510,94059,0.8663250576042778
1510,3960,0.9126762102014112,false,1510,3960,0.9126762102014112
1510,23584,0.8525886403809455,false,1510,23584,0.8525886403809455
1510,692213,0.8192281649908023,false,1510,692213,0.8192281649908023
1510,153643,0.9416584559794315,false,1510,153643,0.9416584559794315
1510,112268422,0.8824640412567207,false,1510,112268422,0.8824640412567207
1510,259294,0.9481511332492489,false,1510,259294,0.9481511332492489
1510,2266,0.9812608545162375,false,1510,2266,0.9812608545162375
1510,745,0.9540483796531244,false,1510,745,0.9540483796531244
441251,102723849,0.8776977695561293,false,441251,102723849,0.8776977695561293
441251,5284,0.7728530971093008,false,441251,5284,0.7728530971093008
441251,57669,0.8919985199387069,false,441251,57669,0.8919985199387069
441251,130271,0.7685653534242095,false,441251,130271,0.7685653534242095
441251,5545,0.8615186428330152,false,441251,5545,0.8615186428330152
441251,117155,0.7998411986204489,false,441251,117155,0.7998411986204489
441251,112268155,0.8179026725672006,false,441251,112268155,0.8179026725672006
441251,1556,0.8792655706213881,false,441251,1556,0.8792655706213881
441251,7113,0.9216173855783787,false,441251,7113,0.9216173855783787
441251,54861,0.7509864159665238,false,441251,54861,0.7509864159665238
441251,105180391,0.7978602160633108,false,441251,105180391,0.7978602160633108
441251,115019,0.8769678401043424,false,441251,115019,0.8769678401043424
441251,105180390,0.7792924601650556,false,441251,105180390,0.7792924601650556
441251,1043,0.8214601212212307,false,441251,1043,0.8214601212212307
441251,168374,0.8796772461669342,false,441251,168374,0.8796772461669342
441251,645843,0.8414883704221023,false,441251,645843,0.8414883704221023
441251,80004,0.8573105855697865,false,441251,80004,0.8573105855697865
441251,3993,0.7936037495103854,false,441251,3993,0.7936037495103854
441251,84239,0.9589058803855324,false,441251,84239,0.9589058803855324
441251,2065,0.7798783130765422,false,441251,2065,0.7798783130765422
441251,780,0.8204661473676605,false,441251,780,0.8204661473676605
441251,7433,0.7783345494659469,false,441251,7433,0.7783345494659469
441251,3960,0.7564621740386404,false,441251,3960,0.7564621740386404
441251,1286,0.8355411194047703,false,441251,1286,0.8355411194047703
441251,23584,0.931258786767969,false,441251,23584,0.931258786767969
441251,440352,0.8888412869426813,false,441251,440352,0.8888412869426813
102723849,5284,0.8389268968163125,false,102723849,5284,0.8389268968163125
102723849,57669,0.8293555417781321,false,102723849,57669,0.8293555417781321
102723849,619383,0.7925747667590368,false,102723849,619383,0.7925747667590368
102723849,89765,0.8713094500171885,false,102723849,89765,0.8713094500171885
102723849,57111,0.7759086555231046,false,102723849,57111,0.7759086555231046
102723849,10129,0.7696185998544989,false,102723849,10129,0.7696185998544989
102723849,4586,0.7908466274893863,false,102723849,4586,0.7908466274893863
102723849,10551,0.7945807125342551,false,102723849,10551,0.7945807125342551
102723849,378938,0.8810473942691419,false,102723849,378938,0.8810473942691419
102723849,5545,0.9690421036875669,false,102723849,5545,0.9690421036875669
102723849,117155,0.8688075664519814,false,102723849,117155,0.8688075664519814
102723849,112268155,0.8945552267368136,false,102723849,112268155,0.8945552267368136
102723849,79083,0.7882648077169793,false,102723849,79083,0.7882648077169793
102723849,1556,0.8326441040568673,false,102723849,1556,0.8326441040568673
102723849,55930,0.81515665961304,false,102723849,55930,0.81515665961304
102723849,7620,0.757058949729978,false,102723849,7620,0.757058949729978
102723849,7113,0.9651381340495502,false,102723849,7113,0.9651381340495502
102723849,105180391,0.9760833101122385,false,102723849,105180391,0.9760833101122385
102723849,113218482,0.7745911250635342,false,102723849,113218482,0.7745911250635342
102723849,255928,0.7605481856114882,false,102723849,255928,0.7605481856114882
102723849,10018,0.9291009708969932,false,102723849,10018,0.9291009708969932
102723849,115019,0.9413309564627546,false,102723849,115019,0.9413309564627546
102723849,105180390,0.9765391341901309,false,102723849,105180390,0.9765391341901309
102723849,1043,0.9236605238915019,false,102723849,1043,0.9236605238915019
102723849,168374,0.9623541263969164,false,102723849,168374,0.9623541263969164
102723849,645843,0.9234604677768269,false,102723849,645843,0.9234604677768269
102723849,143884,0.9173436374249192,false,102723849,143884,0.9173436374249192
102723849,80004,0.9119355662438671,false,102723849,80004,0.9119355662438671
102723849,121512,0.8162284406110408,false,102723849,121512,0.8162284406110408
102723849,3993,0.9068543181004959,false,102723849,3993,0.9068543181004959
102723849,389852,0.929121851761148,false,102723849,389852,0.929121851761148
102723849,84239,0.9052396938094381,false,102723849,84239,0.9052396938094381
102723849,2065,0.9645459523791573,false,102723849,2065,0.9645459523791573
102723849,135656,0.7930101748493747,false,102723849,135656,0.7930101748493747
102723849,94059,0.7965580642084202,false,102723849,94059,0.7965580642084202
102723849,3960,0.9612138631651853,false,102723849,3960,0.9612138631651853
102723849,284323,0.9200589621531007,false,102723849,284323,0.9200589621531007
102723849,65217,0.7694865315539077,false,102723849,65217,0.7694865315539077
102723849,23584,0.9113815938052664,false,102723849,23584,0.9113815938052664
102723849,692213,0.939232269700448,false,102723849,692213,0.939232269700448
102723849,259294,0.9315188491476104,false,102723849,259294,0.9315188491476104
102723849,440352,0.8831124027080717,false,102723849,440352,0.8831124027080717
9196,93517,0.8334003401690805,false,9196,93517,0.8334003401690805
9196,89765,0.8206870174562981,false,9196,89765,0.8206870174562981
9196,101927516,0.9577900217972589,false,9196,101927516,0.9577900217972589
9196,378938,0.8098251198245923,false,9196,378938,0.8098251198245923
9196,5545,0.751138458637907,false,9196,5545,0.751138458637907
9196,285,0.9838148145425939,false,9196,285,0.9838148145425939
9196,27074,0.9149628965730481,false,9196,27074,0.9149628965730481
9196,100996506,0.9104604564770686,false,9196,100996506,0.9104604564770686
9196,66002,0.9757991366311192,false,9196,66002,0.9757991366311192
9196,79632,0.8861246571104082,false,9196,79632,0.8861246571104082
9196,100505495,0.966624423854842,false,9196,100505495,0.966624423854842
9196,7620,0.938124010646219,false,9196,7620,0.938124010646219
9196,9476,0.8731410890059821,false,9196,9476,0.8731410890059821
9196,151531,0.9651578114311355,false,9196,151531,0.9651578114311355
9196,692058,0.905947586866826,false,9196,692058,0.905947586866826
9196,2122,0.948766390606071,false,9196,2122,0.948766390606071
9196,84059,0.8171068376456613,false,9196,84059,0.8171068376456613
9196,121512,0.9265043312897737,false,9196,121512,0.9265043312897737
9196,6097,0.8826860004047814,false,9196,6097,0.8826860004047814
9196,120892,0.894421033069284,false,9196,120892,0.894421033069284
9196,123624,0.9432399135840287,false,9196,123624,0.9432399135840287
9196,391253,0.9532526035740363,false,9196,391253,0.9532526035740363
9196,693188,0.9660659471347239,false,9196,693188,0.9660659471347239
9196,389376,0.7744042819872847,false,9196,389376,0.7744042819872847
9196,353189,0.9723866489989281,false,9196,353189,0.9723866489989281
9196,776,0.9633029620265376,false,9196,776,0.9633029620265376
9196,84851,0.9380632373253099,false,9196,84851,0.9380632373253099
9196,84525,0.76801437895489,false,9196,84525,0.76801437895489
9196,4861,0.9408193516433263,false,9196,4861,0.9408193516433263
9196,10203,0.9283295058129746,false,9196,10203,0.9283295058129746
9196,284323,0.845783619693776,false,9196,284323,0.845783619693776
9196,1080,0.8007598043626242,false,9196,1080,0.8007598043626242
9196,65217,0.9108737110568768,false,9196,65217,0.9108737110568768
9196,105372793,0.9059833678075099,false,9196,105372793,0.9059833678075099
9196,56955,0.7755698598166866,false,9196,56955,0.7755698598166866
9196,84765,0.9526833994876935,false,9196,84765,0.9526833994876935
9196,55282,0.8057244259024176,false,9196,55282,0.8057244259024176
9196,79098,0.91153516822042,false,9196,79098,0.91153516822042
9196,144535,0.8060185626332805,false,9196,144535,0.8060185626332805
9196,649946,0.8803333892993428,false,9196,649946,0.8803333892993428
9196,144571,0.8759492846803384,false,9196,144571,0.8759492846803384
9196,26298,0.8742617489635909,false,9196,26298,0.8742617489635909
9196,165186,0.916030035109379,false,9196,165186,0.916030035109379
9196,102465485,0.8683133178263492,false,9196,102465485,0.8683133178263492
9196,100033436,0.9293937455452078,false,9196,100033436,0.9293937455452078
109729127,400578,0.8841111583953227,false,109729127,400578,0.8841111583953227
109729127,85349,0.9012561044442903,false,109729127,85349,0.9012561044442903
109729127,79148,0.7514783272513349,false,109729127,79148,0.7514783272513349
109729127,728276,0.9545003370445772,false,109729127,728276,0.9545003370445772
109729127,27022,0.9341399558950317,false,109729127,27022,0.9341399558950317
109729127,6101,0.8550144175569284,false,109729127,6101,0.8550144175569284
109729127,26084,0.801253453274655,false,109729127,26084,0.801253453274655
109729127,117156,0.9154111181414816,false,109729127,117156,0.9154111181414816
109729127,105,0.9386257558193919,false,109729127,105,0.9386257558193919
109729127,57477,0.7579999029088983,false,109729127,57477,0.7579999029088983
109729127,57402,0.87998561146408,false,109729127,57402,0.87998561146408
109729127,21,0.9069690833911446,false,109729127,21,0.9069690833911446
109729127,7433,0.8629432927370337,false,109729127,7433,0.8629432927370337
109729127,3855,0.9907109493405373,false,109729127,3855,0.9907109493405373
114327,130271,0.7732125748240719,false,114327,130271,0.7732125748240719
114327,65217,0.8450450782949236,false,114327,65217,0.8450450782949236
419,102723635,0.7744111289415079,false,419,102723635,0.7744111289415079
419,10586,0.987182841445409,false,419,10586,0.987182841445409
419,2125,0.8045237611710023,false,419,2125,0.8045237611710023
419,3780,0.9750372679541819,false,419,3780,0.9750372679541819
419,163479,0.8784482194345649,false,419,163479,0.8784482194345649
419,2619,0.9420522130028397,false,419,2619,0.9420522130028397
419,84867,0.8304991224790808,false,419,84867,0.8304991224790808
419,113219467,0.7888869265145878,false,419,113219467,0.7888869265145878
419,100423031,0.9999999999999999,false,419,100423031,0.9999999999999999
419,1515,0.7616895813052971,false,419,1515,0.7616895813052971
400578,85349,0.9942322120704914,false,400578,85349,0.9942322120704914
400578,728276,0.9673177624999679,false,400578,728276,0.9673177624999679
400578,27022,0.9773377426434419,false,400578,27022,0.9773377426434419
400578,6101,0.9159051725206834,false,400578,6101,0.9159051725206834
400578,105,0.9555758331710362,false,400578,105,0.9555758331710362
400578,7433,0.7987062044401919,false,400578,7433,0.7987062044401919
400578,100129460,0.8103392385434163,false,400578,100129460,0.8103392385434163
400578,3855,0.8766456481643239,false,400578,3855,0.8766456481643239
6337,116844,0.8469929448507165,false,6337,116844,0.8469929448507165
6337,54897,0.9710785541078876,false,6337,54897,0.9710785541078876
6337,117155,0.7704181584998429,false,6337,117155,0.7704181584998429
6337,112268155,0.7534946250340745,false,6337,112268155,0.7534946250340745
6337,1152,0.8520786887296458,false,6337,1152,0.8520786887296458
6337,79083,0.7509330647925491,false,6337,79083,0.7509330647925491
6337,1556,0.8874950574524476,false,6337,1556,0.8874950574524476
6337,54861,0.8105258725071098,false,6337,54861,0.8105258725071098
6337,222256,0.8646870648967299,false,6337,222256,0.8646870648967299
6337,113218482,0.8212246601947242,false,6337,113218482,0.8212246601947242
6337,647024,0.8044783203001666,false,6337,647024,0.8044783203001666
6337,83481,0.8914739573827225,false,6337,83481,0.8914739573827225
6337,1579,0.8923189790557445,false,6337,1579,0.8923189790557445
6337,57477,0.7695698953109812,false,6337,57477,0.7695698953109812
6337,80004,0.7734793125287406,false,6337,80004,0.7734793125287406
6337,164312,0.7545906800324476,false,6337,164312,0.7545906800324476
6337,84239,0.7645663966390969,false,6337,84239,0.7645663966390969
6337,3880,0.9669602592014455,false,6337,3880,0.9669602592014455
6337,23584,0.8091857996032097,false,6337,23584,0.8091857996032097
6337,79784,0.759662578699827,false,6337,79784,0.759662578699827
6337,153643,0.8604923002242034,false,6337,153643,0.8604923002242034
6337,745,0.8827974758811554,false,6337,745,0.8827974758811554
93517,101927516,0.8589722360104137,false,93517,101927516,0.8589722360104137
93517,285,0.7806262096993788,false,93517,285,0.7806262096993788
93517,27074,0.8377438858661281,false,93517,27074,0.8377438858661281
93517,100996506,0.7921720091809138,false,93517,100996506,0.7921720091809138
93517,66002,0.8518010492043536,false,93517,66002,0.8518010492043536
93517,79632,0.7546882412175693,false,93517,79632,0.7546882412175693
93517,100505495,0.9047572958816985,false,93517,100505495,0.9047572958816985
93517,9476,0.9709599957588718,false,93517,9476,0.9709599957588718
93517,151531,0.8334019316736051,false,93517,151531,0.8334019316736051
93517,2122,0.8488034838688272,false,93517,2122,0.8488034838688272
93517,6097,0.8971387007586241,false,93517,6097,0.8971387007586241
93517,120892,0.7986090781000416,false,93517,120892,0.7986090781000416
93517,123624,0.9105383276167206,false,93517,123624,0.9105383276167206
93517,391253,0.8954984011504121,false,93517,391253,0.8954984011504121
93517,220136,0.7597945597841143,false,93517,220136,0.7597945597841143
93517,693188,0.8682216558874458,false,93517,693188,0.8682216558874458
93517,6799,0.7502411466881636,false,93517,6799,0.7502411466881636
93517,389376,0.9812467445706174,false,93517,389376,0.9812467445706174
93517,353189,0.8990995643149201,false,93517,353189,0.8990995643149201
93517,776,0.7899691949681578,false,93517,776,0.7899691949681578
93517,84851,0.7996302931702288,false,93517,84851,0.7996302931702288
93517,84525,0.7983005562096107,false,93517,84525,0.7983005562096107
93517,4861,0.9515857411563085,false,93517,4861,0.9515857411563085
93517,10203,0.8009922524101911,false,93517,10203,0.8009922524101911
93517,105372793,0.7872974331944963,false,93517,105372793,0.7872974331944963
93517,56955,0.9389720603841532,false,93517,56955,0.9389720603841532
93517,84765,0.8499579991905781,false,93517,84765,0.8499579991905781
93517,653509,0.8578993244419911,false,93517,653509,0.8578993244419911
93517,55282,0.8452328851186648,false,93517,55282,0.8452328851186648
93517,729238,0.7754241449183088,false,93517,729238,0.7754241449183088
93517,79098,0.9728400990815469,false,93517,79098,0.9728400990815469
93517,144571,0.8606784199566281,false,93517,144571,0.8606784199566281
93517,26298,0.7953382669039987,false,93517,26298,0.7953382669039987
93517,165186,0.9493098535770634,false,93517,165186,0.9493098535770634
93517,102465485,0.8118208574002959,false,93517,102465485,0.8118208574002959
93517,100033436,0.8421898031453926,false,93517,100033436,0.8421898031453926
5284,57669,0.9131742803991085,false,5284,57669,0.9131742803991085
5284,619383,0.7815767023163034,false,5284,619383,0.7815767023163034
5284,57111,0.8557102597923265,false,5284,57111,0.8557102597923265
5284,278,0.8725960949403088,false,5284,278,0.8725960949403088
5284,116844,0.8777217909379527,false,5284,116844,0.8777217909379527
5284,10129,0.9335452366086147,false,5284,10129,0.9335452366086147
5284,4586,0.8419448931679858,false,5284,4586,0.8419448931679858
5284,10551,0.8614496487070098,false,5284,10551,0.8614496487070098
5284,688,0.9325008119408693,false,5284,688,0.9325008119408693
5284,54897,0.7551765687904949,false,5284,54897,0.7551765687904949
5284,5545,0.7760785865865352,false,5284,5545,0.7760785865865352
5284,117155,0.9414760480531841,false,5284,117155,0.9414760480531841
5284,112268155,0.9129077489130826,false,5284,112268155,0.9129077489130826
5284,1152,0.8553691911193023,false,5284,1152,0.8553691911193023
5284,79083,0.8443266739177113,false,5284,79083,0.8443266739177113
5284,1556,0.9097668758097368,false,5284,1556,0.9097668758097368
5284,55930,0.9508377736314415,false,5284,55930,0.9508377736314415
5284,22996,0.8752838392912895,false,5284,22996,0.8752838392912895
5284,7113,0.9144367114649411,false,5284,7113,0.9144367114649411
5284,54861,0.8868896310914521,false,5284,54861,0.8868896310914521
5284,222256,0.8362663486051274,false,5284,222256,0.8362663486051274
5284,105180391,0.7869150645453071,false,5284,105180391,0.7869150645453071
5284,100529240,0.8327558995354966,false,5284,100529240,0.8327558995354966
5284,113218482,0.8739706754700098,false,5284,113218482,0.8739706754700098
5284,647024,0.8893307109129163,false,5284,647024,0.8893307109129163
5284,255928,0.7994882363977049,false,5284,255928,0.7994882363977049
5284,10018,0.9230890549659259,false,5284,10018,0.9230890549659259
5284,115019,0.9313939260538042,false,5284,115019,0.9313939260538042
5284,105180390,0.8059018074044836,false,5284,105180390,0.8059018074044836
5284,1043,0.9707940415809821,false,5284,1043,0.9707940415809821
5284,276,0.850706120744812,false,5284,276,0.850706120744812
5284,168374,0.9072440626284599,false,5284,168374,0.9072440626284599
5284,645843,0.8192657285055307,false,5284,645843,0.8192657285055307
5284,143884,0.8588535768759271,false,5284,143884,0.8588535768759271
5284,80004,0.9265884676851603,false,5284,80004,0.9265884676851603
5284,3993,0.9596416162754223,false,5284,3993,0.9596416162754223
5284,389852,0.8610721201118039,false,5284,389852,0.8610721201118039
5284,164312,0.81543881374795,false,5284,164312,0.81543881374795
5284,84239,0.9020916998293115,false,5284,84239,0.9020916998293115
5284,2065,0.9029351718102387,false,5284,2065,0.9029351718102387
5284,780,0.7610360348903006,false,5284,780,0.7610360348903006
5284,135656,0.8421630212124804,false,5284,135656,0.8421630212124804
5284,3880,0.8064799226899075,false,5284,3880,0.8064799226899075
5284,94059,0.9181796362017437,false,5284,94059,0.9181796362017437
5284,26769,0.8052935054566012,false,5284,26769,0.8052935054566012
5284,3960,0.8675063973113839,false,5284,3960,0.8675063973113839
5284,23584,0.9258568594409639,false,5284,23584,0.9258568594409639
5284,692213,0.9001156863480027,false,5284,692213,0.9001156863480027
5284,153643,0.8910445499863898,false,5284,153643,0.8910445499863898
5284,112268422,0.8756130888919309,false,5284,112268422,0.8756130888919309
5284,259294,0.8914358865429579,false,5284,259294,0.8914358865429579
5284,79740,0.8490964472041647,false,5284,79740,0.8490964472041647
5284,2266,0.8088026165532588,false,5284,2266,0.8088026165532588
5284,745,0.8530517135455599,false,5284,745,0.8530517135455599
5284,440352,0.9082703585174522,false,5284,440352,0.9082703585174522
388327,109729184,0.8021628304573842,false,388327,109729184,0.8021628304573842
388327,100126311,0.9272680229109446,false,388327,100126311,0.9272680229109446
94025,388633,0.9530270987194789,false,94025,388633,0.9530270987194789
94025,3929,0.9751114472030359,false,94025,3929,0.9751114472030359
94025,100158262,0.8994633048213747,false,94025,100158262,0.8994633048213747
94025,727897,0.994213366535533,false,94025,727897,0.994213366535533
94025,4585,0.7701542533200831,false,94025,4585,0.7701542533200831
94025,1767,0.7914158504625494,false,94025,1767,0.7914158504625494
94025,1604,0.9494867953389015,false,94025,1604,0.9494867953389015
94025,886,0.9926847693431625,false,94025,886,0.9926847693431625
94025,4057,0.9914470503822805,false,94025,4057,0.9914470503822805
94025,26797,0.9507709848131716,false,94025,26797,0.9507709848131716
94025,112577518,0.9751028541977521,false,94025,112577518,0.9751028541977521
94025,342892,0.7951100725045235,false,94025,342892,0.7951100725045235
94025,692209,0.977106907896881,false,94025,692209,0.977106907896881
94025,563,0.9887871253629343,false,94025,563,0.9887871253629343
94025,4069,0.9121850995163003,false,94025,4069,0.9121850995163003
94025,83643,0.9240992062530862,false,94025,83643,0.9240992062530862
94025,284434,0.982741220069381,false,94025,284434,0.982741220069381
57669,278,0.7883843531859306,false,57669,278,0.7883843531859306
57669,116844,0.8336197041008258,false,57669,116844,0.8336197041008258
57669,10129,0.8473501705283277,false,57669,10129,0.8473501705283277
57669,688,0.7803986114933998,false,57669,688,0.7803986114933998
57669,54897,0.8003544648988753,false,57669,54897,0.8003544648988753
57669,5545,0.8128024277036849,false,57669,5545,0.8128024277036849
57669,117155,0.8700675848670163,false,57669,117155,0.8700675848670163
57669,112268155,0.8693762286783098,false,57669,112268155,0.8693762286783098
57669,1152,0.7857924804023225,false,57669,1152,0.7857924804023225
57669,1556,0.9031410081898351,false,57669,1556,0.9031410081898351
57669,55930,0.7941188377324091,false,57669,55930,0.7941188377324091
57669,7113,0.8955852476955574,false,57669,7113,0.8955852476955574
57669,54861,0.92672439064651,false,57669,54861,0.92672439064651
57669,222256,0.7905995305525592,false,57669,222256,0.7905995305525592
57669,105180391,0.783520325467732,false,57669,105180391,0.783520325467732
57669,113218482,0.775488565622448,false,57669,113218482,0.775488565622448
57669,10018,0.816116087145093,false,57669,10018,0.816116087145093
57669,115019,0.8819069677219973,false,57669,115019,0.8819069677219973
57669,105180390,0.781821294712171,false,57669,105180390,0.781821294712171
57669,1043,0.9349146996504222,false,57669,1043,0.9349146996504222
57669,276,0.7631450839931827,false,57669,276,0.7631450839931827
57669,168374,0.8870924154404775,false,57669,168374,0.8870924154404775
57669,83481,0.7639529975870508,false,57669,83481,0.7639529975870508
57669,645843,0.8448945351299709,false,57669,645843,0.8448945351299709
57669,143884,0.7984694747928738,false,57669,143884,0.7984694747928738
57669,80004,0.8750565252163892,false,57669,80004,0.8750565252163892
57669,3993,0.8529222261806977,false,57669,3993,0.8529222261806977
57669,389852,0.7544773072995103,false,57669,389852,0.7544773072995103
57669,84239,0.9669706307837814,false,57669,84239,0.9669706307837814
57669,2065,0.8222093301467983,false,57669,2065,0.8222093301467983
57669,780,0.8011305619770832,false,57669,780,0.8011305619770832
57669,3880,0.7862923764709815,false,57669,3880,0.7862923764709815
57669,94059,0.7854658604364896,false,57669,94059,0.7854658604364896
57669,3960,0.7669974653853268,false,57669,3960,0.7669974653853268
57669,23584,0.9346477626726103,false,57669,23584,0.9346477626726103
57669,692213,0.7899007484419073,false,57669,692213,0.7899007484419073
57669,153643,0.8073775368721157,false,57669,153643,0.8073775368721157
57669,259294,0.7944488753351404,false,57669,259294,0.7944488753351404
57669,79740,0.7816895209018615,false,57669,79740,0.7816895209018615
57669,745,0.7719329455737237,false,57669,745,0.7719329455737237
57669,440352,0.884534626073517,false,57669,440352,0.884534626073517
619383,278,0.8185756650067497,false,619383,278,0.8185756650067497
619383,10129,0.8117790594699179,false,619383,10129,0.8117790594699179
619383,378938,0.9475075412326235,false,619383,378938,0.9475075412326235
619383,5545,0.8222697350852145,false,619383,5545,0.8222697350852145
619383,4585,0.8929518276393796,false,619383,4585,0.8929518276393796
619383,55930,0.770088138535836,false,619383,55930,0.770088138535836
619383,7620,0.7998540854438163,false,619383,7620,0.7998540854438163
619383,105180391,0.8534624774343142,false,619383,105180391,0.8534624774343142
619383,10018,0.9072066831890436,false,619383,10018,0.9072066831890436
619383,201625,0.8739607102980425,false,619383,201625,0.8739607102980425
619383,105180390,0.8662982188058351,false,619383,105180390,0.8662982188058351
619383,1043,0.8379660398782558,false,619383,1043,0.8379660398782558
619383,276,0.8071825950793005,false,619383,276,0.8071825950793005
619383,692058,0.9003906225309497,false,619383,692058,0.9003906225309497
619383,168374,0.7586714484124107,false,619383,168374,0.7586714484124107
619383,645843,0.892387504576403,false,619383,645843,0.892387504576403
619383,143884,0.8408656017801182,false,619383,143884,0.8408656017801182
619383,121512,0.7995243913209529,false,619383,121512,0.7995243913209529
619383,342892,0.8809234246351342,false,619383,342892,0.8809234246351342
619383,2065,0.8097701625146748,false,619383,2065,0.8097701625146748
619383,94059,0.8797145046719861,false,619383,94059,0.8797145046719861
619383,26769,0.8060379290443306,false,619383,26769,0.8060379290443306
619383,3960,0.7961009726855873,false,619383,3960,0.7961009726855873
619383,284323,0.82052813501041,false,619383,284323,0.82052813501041
619383,65217,0.839210062939686,false,619383,65217,0.839210062939686
619383,692213,0.9212927408229636,false,619383,692213,0.9212927408229636
619383,259294,0.7831972871890732,false,619383,259294,0.7831972871890732
388633,3929,0.9595066569537212,false,388633,3929,0.9595066569537212
388633,100158262,0.7833486599445837,false,388633,100158262,0.7833486599445837
388633,727897,0.9630976753774302,false,388633,727897,0.9630976753774302
388633,1604,0.8690253828401273,false,388633,1604,0.8690253828401273
388633,886,0.9740091656318637,false,388633,886,0.9740091656318637
388633,4057,0.9778304048447302,false,388633,4057,0.9778304048447302
388633,26797,0.9976272916143476,false,388633,26797,0.9976272916143476
388633,112577518,0.9469818691648884,false,388633,112577518,0.9469818691648884
388633,692209,0.9911452213310872,false,388633,692209,0.9911452213310872
388633,563,0.9734172561674336,false,388633,563,0.9734172561674336
388633,4069,0.8032870554676133,false,388633,4069,0.8032870554676133
388633,83643,0.9560590942941163,false,388633,83643,0.9560590942941163
388633,284434,0.9867533388596125,false,388633,284434,0.9867533388596125
89765,378938,0.879656675021362,false,89765,378938,0.879656675021362
89765,5545,0.9243059358522873,false,89765,5545,0.9243059358522873
89765,285,0.7871777169510361,false,89765,285,0.7871777169510361
89765,27074,0.8790686349533474,false,89765,27074,0.8790686349533474
89765,66002,0.9080467003843888,false,89765,66002,0.9080467003843888
89765,79632,0.8122742384343887,false,89765,79632,0.8122742384343887
89765,7620,0.8527981036236345,false,89765,7620,0.8527981036236345
89765,7113,0.7946650836433512,false,89765,7113,0.7946650836433512
89765,105180391,0.9173518891721245,false,89765,105180391,0.9173518891721245
89765,9476,0.7877568594017854,false,89765,9476,0.7877568594017854
89765,151531,0.9216142051488443,false,89765,151531,0.9216142051488443
89765,10018,0.7624469252628957,false,89765,10018,0.7624469252628957
89765,105180390,0.8996191604250618,false,89765,105180390,0.8996191604250618
89765,692058,0.8550935391954181,false,89765,692058,0.8550935391954181
89765,645843,0.891775818865617,false,89765,645843,0.891775818865617
89765,2122,0.8022297275210659,false,89765,2122,0.8022297275210659
89765,84059,0.7512467801031271,false,89765,84059,0.7512467801031271
89765,121512,0.9521869691039065,false,89765,121512,0.9521869691039065
89765,120892,0.7812992098948951,false,89765,120892,0.7812992098948951
89765,123624,0.7980663692485733,false,89765,123624,0.7980663692485733
89765,3993,0.7590050372801503,false,89765,3993,0.7590050372801503
89765,391253,0.75330035792091,false,89765,391253,0.75330035792091
89765,353189,0.853896268397454,false,89765,353189,0.853896268397454
89765,2065,0.8005481567969958,false,89765,2065,0.8005481567969958
89765,776,0.8839329159980571,false,89765,776,0.8839329159980571
89765,4861,0.7629546425512991,false,89765,4861,0.7629546425512991
89765,3960,0.786250108475538,false,89765,3960,0.786250108475538
89765,284323,0.950897958001419,false,89765,284323,0.950897958001419
89765,65217,0.8606138141772879,false,89765,65217,0.8606138141772879
89765,692213,0.8271559550861897,false,89765,692213,0.8271559550861897
89765,84765,0.8086743557590277,false,89765,84765,0.8086743557590277
89765,79098,0.8157454659611102,false,89765,79098,0.8157454659611102
89765,649946,0.754254561328519,false,89765,649946,0.754254561328519
89765,440352,0.8207915745481974,false,89765,440352,0.8207915745481974
109729184,9771,0.8138827965840981,false,109729184,9771,0.8138827965840981
109729184,7546,0.8687898864214254,false,109729184,7546,0.8687898864214254
109729184,105373265,0.7976832750483829,false,109729184,105373265,0.7976832750483829
109729184,9211,0.8842681279265546,false,109729184,9211,0.8842681279265546
57111,116844,0.8438653831989955,false,57111,116844,0.8438653831989955
57111,10129,0.8744645415048827,false,57111,10129,0.8744645415048827
57111,4586,0.9979244952893669,false,57111,4586,0.9979244952893669
57111,10551,0.9972692070621061,false,57111,10551,0.9972692070621061
57111,688,0.8614716761995556,false,57111,688,0.8614716761995556
57111,54897,0.8120909416028977,false,57111,54897,0.8120909416028977
57111,117155,0.9559819675830218,false,57111,117155,0.9559819675830218
57111,112268155,0.9540631974492197,false,57111,112268155,0.9540631974492197
57111,1152,0.9282167406106916,false,57111,1152,0.9282167406106916
57111,79083,0.9973999167792335,false,57111,79083,0.9973999167792335
57111,1556,0.8935405495880682,false,57111,1556,0.8935405495880682
57111,55930,0.9510596675031575,false,57111,55930,0.9510596675031575
57111,22996,0.9445267528457968,false,57111,22996,0.9445267528457968
57111,7113,0.8421981535077018,false,57111,7113,0.8421981535077018
57111,54861,0.7958562983890469,false,57111,54861,0.7958562983890469
57111,222256,0.8360264801669645,false,57111,222256,0.8360264801669645
57111,100529240,0.9837194383646356,false,57111,100529240,0.9837194383646356
57111,113218482,0.9825565138886831,false,57111,113218482,0.9825565138886831
57111,647024,0.9800893393900765,false,57111,647024,0.9800893393900765
57111,255928,0.9905257598969355,false,57111,255928,0.9905257598969355
57111,8537,0.9522747301117825,false,57111,8537,0.9522747301117825
57111,10018,0.851116190073197,false,57111,10018,0.851116190073197
57111,115019,0.9091061434962633,false,57111,115019,0.9091061434962633
57111,1043,0.8512282665319607,false,57111,1043,0.8512282665319607
57111,168374,0.8898059038763051,false,57111,168374,0.8898059038763051
57111,143884,0.8821920782635065,false,57111,143884,0.8821920782635065
57111,80004,0.8973543035830649,false,57111,80004,0.8973543035830649
57111,3993,0.8897886247205066,false,57111,3993,0.8897886247205066
57111,389852,0.9393773675301671,false,57111,389852,0.9393773675301671
57111,164312,0.9848738369844052,false,57111,164312,0.9848738369844052
57111,84239,0.7507896113085282,false,57111,84239,0.7507896113085282
57111,2065,0.8821712993376805,false,57111,2065,0.8821712993376805
57111,135656,0.9978803580720707,false,57111,135656,0.9978803580720707
57111,3880,0.7661429860354458,false,57111,3880,0.7661429860354458
57111,94059,0.8741621194286374,false,57111,94059,0.8741621194286374
57111,26769,0.7556089257338562,false,57111,26769,0.7556089257338562
57111,3960,0.8907574166125246,false,57111,3960,0.8907574166125246
57111,23584,0.850641619511428,false,57111,23584,0.850641619511428
57111,692213,0.8002966201186927,false,57111,692213,0.8002966201186927
57111,153643,0.9566562157063644,false,57111,153643,0.9566562157063644
57111,112268422,0.9068057734346562,false,57111,112268422,0.9068057734346562
57111,259294,0.9385886777117222,false,57111,259294,0.9385886777117222
57111,2266,0.9872276580791033,false,57111,2266,0.9872276580791033
57111,745,0.9651016923110608,false,57111,745,0.9651016923110608
85349,728276,0.9745511350351694,false,85349,728276,0.9745511350351694
85349,27022,0.9834208011691238,false,85349,27022,0.9834208011691238
85349,6101,0.9222963546870274,false,85349,6101,0.9222963546870274
85349,105,0.970572068528618,false,85349,105,0.970572068528618
85349,57402,0.7729288099974937,false,85349,57402,0.7729288099974937
85349,7433,0.821499348996827,false,85349,7433,0.821499348996827
85349,100129460,0.8011503137291062,false,85349,100129460,0.8011503137291062
85349,3855,0.8943021097489555,false,85349,3855,0.8943021097489555
278,116844,0.841935154588385,false,278,116844,0.841935154588385
278,10129,0.949556988711393,false,278,10129,0.949556988711393
278,100158262,0.8299125334312263,false,278,100158262,0.8299125334312263
278,688,0.922514884888815,false,278,688,0.922514884888815
278,117155,0.7891096357923703,false,278,117155,0.7891096357923703
278,4585,0.8474029006845271,false,278,4585,0.8474029006845271
278,55930,0.8412606374288925,false,278,55930,0.8412606374288925
278,22996,0.8171133649403249,false,278,22996,0.8171133649403249
278,54861,0.8695116648109571,false,278,54861,0.8695116648109571
278,222256,0.8171961164201254,false,278,222256,0.8171961164201254
278,647024,0.7570737752961211,false,278,647024,0.7570737752961211
278,10018,0.8242442658717635,false,278,10018,0.8242442658717635
278,1043,0.8214197243083445,false,278,1043,0.8214197243083445
278,276,0.9973704356500604,false,278,276,0.9973704356500604
278,143884,0.7899914904989284,false,278,143884,0.7899914904989284
278,342892,0.8346114198621521,false,278,342892,0.8346114198621521
278,94059,0.9038051945016656,false,278,94059,0.9038051945016656
278,26769,0.9418519861276085,false,278,26769,0.9418519861276085
278,4069,0.7552383941553183,false,278,4069,0.7552383941553183
278,692213,0.7786732402709114,false,278,692213,0.7786732402709114
278,153643,0.7525991152312653,false,278,153643,0.7525991152312653
278,112268422,0.8957142897792612,false,278,112268422,0.8957142897792612
278,79740,0.93221733913043,false,278,79740,0.93221733913043
116844,10129,0.9035260715413486,false,116844,10129,0.9035260715413486
116844,4586,0.8214611721610448,false,116844,4586,0.8214611721610448
116844,10551,0.8332281456705513,false,116844,10551,0.8332281456705513
116844,688,0.921289012045957,false,116844,688,0.921289012045957
116844,54897,0.8343367607553482,false,116844,54897,0.8343367607553482
116844,117155,0.9124577378459959,false,116844,117155,0.9124577378459959
116844,112268155,0.8776171652200296,false,116844,112268155,0.8776171652200296
116844,1152,0.8997228189741305,false,116844,1152,0.8997228189741305
116844,79083,0.8396819102188797,false,116844,79083,0.8396819102188797
116844,1556,0.920083156804078,false,116844,1556,0.920083156804078
116844,55930,0.8500123357433353,false,116844,55930,0.8500123357433353
116844,22996,0.8952101885267606,false,116844,22996,0.8952101885267606
116844,7113,0.7903068556639932,false,116844,7113,0.7903068556639932
116844,54861,0.9439137505255027,false,116844,54861,0.9439137505255027
116844,222256,0.9903256825310608,false,116844,222256,0.9903256825310608
116844,100529240,0.8113110091875794,false,116844,100529240,0.8113110091875794
116844,113218482,0.9125815013244258,false,116844,113218482,0.9125815013244258
116844,647024,0.9176328773631527,false,116844,647024,0.9176328773631527
116844,255928,0.7914023952165253,false,116844,255928,0.7914023952165253
116844,115019,0.8475027697188389,false,116844,115019,0.8475027697188389
116844,1043,0.8053042509232318,false,116844,1043,0.8053042509232318
116844,276,0.82091698072143,false,116844,276,0.82091698072143
116844,168374,0.8062197251473293,false,116844,168374,0.8062197251473293
116844,83481,0.9107175346487185,false,116844,83481,0.9107175346487185
116844,143884,0.7526757454831495,false,116844,143884,0.7526757454831495
116844,80004,0.8249594130360409,false,116844,80004,0.8249594130360409
116844,3993,0.7913661725529959,false,116844,3993,0.7913661725529959
116844,164312,0.7807286849353617,false,116844,164312,0.7807286849353617
116844,84239,0.7971755262116063,false,116844,84239,0.7971755262116063
116844,135656,0.8210247077413854,false,116844,135656,0.8210247077413854
116844,3880,0.9353635260851441,false,116844,3880,0.9353635260851441
116844,94059,0.8006651564997935,false,116844,94059,0.8006651564997935
116844,26769,0.768367595498858,false,116844,26769,0.768367595498858
116844,100129460,0.834859999501582,false,116844,100129460,0.834859999501582
116844,23584,0.8555763716218182,false,116844,23584,0.8555763716218182
116844,153643,0.9555248859714002,false,116844,153643,0.9555248859714002
116844,112268422,0.9074705107393026,false,116844,112268422,0.9074705107393026
116844,259294,0.765355399460957,false,116844,259294,0.765355399460957
116844,79740,0.7748412670757612,false,116844,79740,0.7748412670757612
116844,2266,0.7952084632007456,false,116844,2266,0.7952084632007456
116844,745,0.9117524456302724,false,116844,745,0.9117524456302724
10129,4586,0.8682563253909633,false,10129,4586,0.8682563253909633
10129,10551,0.8919274351702436,false,10129,10551,0.8919274351702436
10129,688,0.9497486482530202,false,10129,688,0.9497486482530202
10129,117155,0.9301166687362341,false,10129,117155,0.9301166687362341
10129,112268155,0.9097010014529778,false,10129,112268155,0.9097010014529778
10129,1152,0.8715915246931595,false,10129,1152,0.8715915246931595
10129,79083,0.8661207476567118,false,10129,79083,0.8661207476567118
10129,1556,0.8494721958412991,false,10129,1556,0.8494721958412991
10129,55930,0.9496671768091739,false,10129,55930,0.9496671768091739
10129,22996,0.9177460275824267,false,10129,22996,0.9177460275824267
10129,7113,0.8251844953969336,false,10129,7113,0.8251844953969336
10129,54861,0.9180909577378156,false,10129,54861,0.9180909577378156
10129,222256,0.8783017457680045,false,10129,222256,0.8783017457680045
10129,100529240,0.8969062673736262,false,10129,100529240,0.8969062673736262
10129,113218482,0.8789841277667739,false,10129,113218482,0.8789841277667739
10129,647024,0.8993966727307011,false,10129,647024,0.8993966727307011
10129,255928,0.8237148293217756,false,10129,255928,0.8237148293217756
10129,8537,0.7861781539189867,false,10129,8537,0.7861781539189867
10129,10018,0.9173712482094976,false,10129,10018,0.9173712482094976
10129,115019,0.8803472443665352,false,10129,115019,0.8803472443665352
10129,1043,0.9164182371567012,false,10129,1043,0.9164182371567012
10129,276,0.9310613113601772,false,10129,276,0.9310613113601772
10129,168374,0.8840952550868519,false,10129,168374,0.8840952550868519
10129,143884,0.9160183641189902,false,10129,143884,0.9160183641189902
10129,80004,0.8259656789377977,false,10129,80004,0.8259656789377977
10129,3993,0.8490677531214729,false,10129,3993,0.8490677531214729
10129,389852,0.8422536787459037,false,10129,389852,0.8422536787459037
10129,164312,0.7958137763930965,false,10129,164312,0.7958137763930965
10129,84239,0.793114239525186,false,10129,84239,0.793114239525186
10129,2065,0.844464300906725,false,10129,2065,0.844464300906725
10129,135656,0.8674871705748891,false,10129,135656,0.8674871705748891
10129,94059,0.9716167000319991,false,10129,94059,0.9716167000319991
10129,26769,0.9343388087291207,false,10129,26769,0.9343388087291207
10129,3960,0.8317324092835037,false,10129,3960,0.8317324092835037
10129,23584,0.8352437233629109,false,10129,23584,0.8352437233629109
10129,692213,0.8668933140164808,false,10129,692213,0.8668933140164808
10129,153643,0.8929809813903192,false,10129,153643,0.8929809813903192
10129,112268422,0.9635224429040947,false,10129,112268422,0.9635224429040947
10129,259294,0.8937679389476175,false,10129,259294,0.8937679389476175
10129,79740,0.8319097422836254,false,10129,79740,0.8319097422836254
10129,2266,0.8584978583015189,false,10129,2266,0.8584978583015189
10129,745,0.8369614779766485,false,10129,745,0.8369614779766485
3929,100158262,0.8366351748230912,false,3929,100158262,0.8366351748230912
3929,727897,0.9891025044729062,false,3929,727897,0.9891025044729062
3929,1604,0.9253426712811587,false,3929,1604,0.9253426712811587
3929,886,0.9908181932950126,false,3929,886,0.9908181932950126
3929,4057,0.9873695800406112,false,3929,4057,0.9873695800406112
3929,26797,0.9688435035025053,false,3929,26797,0.9688435035025053
3929,112577518,0.973287789272166,false,3929,112577518,0.973287789272166
3929,692209,0.983799163378812,false,3929,692209,0.983799163378812
3929,563,0.9903714574515254,false,3929,563,0.9903714574515254
3929,4069,0.8201524182882762,false,3929,4069,0.8201524182882762
3929,83643,0.9662568697211217,false,3929,83643,0.9662568697211217
3929,284434,0.9796456149312398,false,3929,284434,0.9796456149312398
387882,102723635,0.8343958329966443,false,387882,102723635,0.8343958329966443
387882,3780,0.8039589447357454,false,387882,3780,0.8039589447357454
387882,64137,0.8192211412357323,false,387882,64137,0.8192211412357323
387882,2619,0.7727198743503813,false,387882,2619,0.7727198743503813
387882,113219467,0.8019320107884804,false,387882,113219467,0.8019320107884804
105369937,107984498,0.9996907975724625,false,105369937,107984498,0.9996907975724625
105369937,284111,0.9973530903775464,false,105369937,284111,0.9973530903775464
105369937,10331,0.8079325202709651,false,105369937,10331,0.8079325202709651
105369937,128674,1.0,false,105369937,128674,1.0
105369937,101928580,0.956361762815184,false,105369937,101928580,0.956361762815184
105369937,57110,0.9992057413484104,false,105369937,57110,0.9992057413484104
105369937,646480,0.9057354303279069,false,105369937,646480,0.9057354303279069
105369937,4606,0.9997654546675058,false,105369937,4606,0.9997654546675058
79148,6532,0.9549889285376969,false,79148,6532,0.9549889285376969
79148,117156,0.8447987226254856,false,79148,117156,0.8447987226254856
79148,9411,0.9004194655767713,false,79148,9411,0.9004194655767713
79148,100820829,0.9268962432295443,false,79148,100820829,0.9268962432295443
79148,21,0.7682560357275803,false,79148,21,0.7682560357275803
728276,27022,0.9892342203354902,false,728276,27022,0.9892342203354902
728276,6101,0.9465360963008401,false,728276,6101,0.9465360963008401
728276,117156,0.7720177121836262,false,728276,117156,0.7720177121836262
728276,105,0.9907190993351273,false,728276,105,0.9907190993351273
728276,1579,0.7836743836341195,false,728276,1579,0.7836743836341195
728276,57477,0.787160711253873,false,728276,57477,0.787160711253873
728276,5349,0.7676226065464684,false,728276,5349,0.7676226065464684
728276,57402,0.7902073476803178,false,728276,57402,0.7902073476803178
728276,21,0.781868146608368,false,728276,21,0.781868146608368
728276,7433,0.84422891110427,false,728276,7433,0.84422891110427
728276,100129460,0.7576830592835188,false,728276,100129460,0.7576830592835188
728276,3855,0.9420765192693457,false,728276,3855,0.9420765192693457
27022,6101,0.9409912053782689,false,27022,6101,0.9409912053782689
27022,105,0.9888112524106061,false,27022,105,0.9888112524106061
27022,1579,0.7888897849126955,false,27022,1579,0.7888897849126955
27022,57477,0.7726911319925504,false,27022,57477,0.7726911319925504
27022,57402,0.8130190836964883,false,27022,57402,0.8130190836964883
27022,7433,0.8600127952526765,false,27022,7433,0.8600127952526765
27022,100129460,0.789118577300175,false,27022,100129460,0.789118577300175
27022,3855,0.9100263931618993,false,27022,3855,0.9100263931618993
4586,10551,0.9984252833119778,false,4586,10551,0.9984252833119778
4586,688,0.8441642502358853,false,4586,688,0.8441642502358853
4586,54897,0.7814600427433183,false,4586,54897,0.7814600427433183
4586,117155,0.9515362311916846,false,4586,117155,0.9515362311916846
4586,112268155,0.9532946927838281,false,4586,112268155,0.9532946927838281
4586,1152,0.9089600908729097,false,4586,1152,0.9089600908729097
4586,79083,0.9957405323670528,false,4586,79083,0.9957405323670528
4586,1556,0.8787119737354865,false,4586,1556,0.8787119737354865
4586,55930,0.9470238388961251,false,4586,55930,0.9470238388961251
4586,22996,0.9303077284505491,false,4586,22996,0.9303077284505491
4586,7113,0.8437357157377393,false,4586,7113,0.8437357157377393
4586,54861,0.7713569485624409,false,4586,54861,0.7713569485624409
4586,222256,0.8101595791916044,false,4586,222256,0.8101595791916044
4586,100529240,0.9838085115533811,false,4586,100529240,0.9838085115533811
4586,113218482,0.9751867864625235,false,4586,113218482,0.9751867864625235
4586,647024,0.9680931099534721,false,4586,647024,0.9680931099534721
4586,255928,0.9947268314479891,false,4586,255928,0.9947268314479891
4586,8537,0.9620668248479375,false,4586,8537,0.9620668248479375
4586,10018,0.8620070625355055,false,4586,10018,0.8620070625355055
4586,115019,0.909967399166172,false,4586,115019,0.909967399166172
4586,1043,0.8470015392568419,false,4586,1043,0.8470015392568419
4586,168374,0.8946006459432824,false,4586,168374,0.8946006459432824
4586,143884,0.8959078544100876,false,4586,143884,0.8959078544100876
4586,80004,0.8929370243052406,false,4586,80004,0.8929370243052406
4586,3993,0.8849698790838438,false,4586,3993,0.8849698790838438
4586,389852,0.9517571000463153,false,4586,389852,0.9517571000463153
4586,164312,0.9797533561051937,false,4586,164312,0.9797533561051937
4586,2065,0.8911256291050649,false,4586,2065,0.8911256291050649
4586,1513,0.7595228975326568,false,4586,1513,0.7595228975326568
4586,135656,0.9999866823217862,false,4586,135656,0.9999866823217862
4586,94059,0.8766208939957817,false,4586,94059,0.8766208939957817
4586,26769,0.7527228156729714,false,4586,26769,0.7527228156729714
4586,3960,0.9060498908450347,false,4586,3960,0.9060498908450347
4586,23584,0.8415928043152234,false,4586,23584,0.8415928043152234
4586,692213,0.8140832590043081,false,4586,692213,0.8140832590043081
4586,153643,0.942990671526174,false,4586,153643,0.942990671526174
4586,112268422,0.8976193683132544,false,4586,112268422,0.8976193683132544
4586,259294,0.9486046123509261,false,4586,259294,0.9486046123509261
4586,2266,0.9884670515417299,false,4586,2266,0.9884670515417299
4586,745,0.9513695700588546,false,4586,745,0.9513695700588546
100158262,727897,0.8838739137063255,false,100158262,727897,0.8838739137063255
100158262,4585,0.9202757414854826,false,100158262,4585,0.9202757414854826
100158262,1767,0.8458130493532987,false,100158262,1767,0.8458130493532987
100158262,1604,0.9036780497605537,false,100158262,1604,0.9036780497605537
100158262,886,0.8576227318835412,false,100158262,886,0.8576227318835412
100158262,276,0.8623579069516445,false,100158262,276,0.8623579069516445
100158262,4057,0.8442946672969478,false,100158262,4057,0.8442946672969478
100158262,26797,0.7737520385474344,false,100158262,26797,0.7737520385474344
100158262,112577518,0.8543025251357931,false,100158262,112577518,0.8543025251357931
100158262,342892,0.9251685613079356,false,100158262,342892,0.9251685613079356
100158262,692209,0.8178123455986696,false,100158262,692209,0.8178123455986696
100158262,563,0.85174043662115,false,100158262,563,0.85174043662115
100158262,26769,0.8632800055125452,false,100158262,26769,0.8632800055125452
100158262,4069,0.9553273517049232,false,100158262,4069,0.9553273517049232
100158262,284434,0.8310961440877873,false,100158262,284434,0.8310961440877873
100158262,79740,0.7947914531041714,false,100158262,79740,0.7947914531041714
107984498,284111,0.9974483149427348,false,107984498,284111,0.9974483149427348
107984498,10331,0.8052405706844892,false,107984498,10331,0.8052405706844892
107984498,128674,0.9996907975724626,false,107984498,128674,0.9996907975724626
107984498,101928580,0.9608015989498031,false,107984498,101928580,0.9608015989498031
107984498,57110,0.9987316410613247,false,107984498,57110,0.9987316410613247
107984498,646480,0.9068221784263195,false,107984498,646480,0.9068221784263195
107984498,4606,0.9999933111728821,false,107984498,4606,0.9999933111728821
284111,10331,0.7959636495794734,false,284111,10331,0.7959636495794734
284111,128674,0.9973530903775464,false,284111,128674,0.9973530903775464
284111,101928580,0.9537804395342326,false,284111,101928580,0.9537804395342326
284111,57110,0.9992379048011314,false,284111,57110,0.9992379048011314
284111,646480,0.8981085102678268,false,284111,646480,0.8981085102678268
284111,4606,0.9974465010736931,false,284111,4606,0.9974465010736931
10551,688,0.8640229024343159,false,10551,688,0.8640229024343159
10551,54897,0.7776434239649181,false,10551,54897,0.7776434239649181
10551,117155,0.9575706201217231,false,10551,117155,0.9575706201217231
10551,112268155,0.9569968729432174,false,10551,112268155,0.9569968729432174
10551,1152,0.9137936191579556,false,10551,1152,0.9137936191579556
10551,79083,0.9938326336468863,false,10551,79083,0.9938326336468863
10551,1556,0.8796606513414834,false,10551,1556,0.8796606513414834
10551,55930,0.9610467603126317,false,10551,55930,0.9610467603126317
10551,22996,0.9425791564183507,false,10551,22996,0.9425791564183507
10551,7113,0.8464899889884409,false,10551,7113,0.8464899889884409
10551,54861,0.7925236372664357,false,10551,54861,0.7925236372664357
10551,222256,0.820441051494734,false,10551,222256,0.820441051494734
10551,100529240,0.9895280125577772,false,10551,100529240,0.9895280125577772
10551,113218482,0.9734602706927298,false,10551,113218482,0.9734602706927298
10551,647024,0.9718512169741903,false,10551,647024,0.9718512169741903
10551,255928,0.9890012700208516,false,10551,255928,0.9890012700208516
10551,8537,0.9527226475640688,false,10551,8537,0.9527226475640688
10551,10018,0.8786140251356547,false,10551,10018,0.8786140251356547
10551,115019,0.9130469537033228,false,10551,115019,0.9130469537033228
10551,1043,0.8649032845862157,false,10551,1043,0.8649032845862157
10551,168374,0.9000223282994401,false,10551,168374,0.9000223282994401
10551,143884,0.907225600225188,false,10551,143884,0.907225600225188
10551,80004,0.8935586091722368,false,10551,80004,0.8935586091722368
10551,3993,0.8917520687631977,false,10551,3993,0.8917520687631977
10551,389852,0.9519511017352016,false,10551,389852,0.9519511017352016
10551,164312,0.9743856303339543,false,10551,164312,0.9743856303339543
10551,2065,0.8980242385444389,false,10551,2065,0.8980242385444389
10551,135656,0.9982877982870482,false,10551,135656,0.9982877982870482
10551,94059,0.9007021261306527,false,10551,94059,0.9007021261306527
10551,26769,0.7851576518881874,false,10551,26769,0.7851576518881874
10551,3960,0.9091512811604019,false,10551,3960,0.9091512811604019
10551,23584,0.8450450851586437,false,10551,23584,0.8450450851586437
10551,692213,0.8305160859741199,false,10551,692213,0.8305160859741199
10551,153643,0.9446273774791357,false,10551,153643,0.9446273774791357
10551,112268422,0.9164150110850864,false,10551,112268422,0.9164150110850864
10551,259294,0.9538524689445103,false,10551,259294,0.9538524689445103
10551,2266,0.9894359071903736,false,10551,2266,0.9894359071903736
10551,745,0.9471805105799909,false,10551,745,0.9471805105799909
130271,101927516,0.7867090740482409,false,130271,101927516,0.7867090740482409
130271,5545,0.7943819021088133,false,130271,5545,0.7943819021088133
130271,27074,0.8996823560006609,false,130271,27074,0.8996823560006609
130271,66002,0.7562067080524753,false,130271,66002,0.7562067080524753
130271,79632,0.9219328922554958,false,130271,79632,0.9219328922554958
130271,26084,0.8151788435373498,false,130271,26084,0.8151788435373498
130271,195814,0.8356757530925989,false,130271,195814,0.8356757530925989
130271,645843,0.8063201720343975,false,130271,645843,0.8063201720343975
130271,2122,0.8440365502821773,false,130271,2122,0.8440365502821773
130271,84059,0.9182674127045279,false,130271,84059,0.9182674127045279
130271,121512,0.8151828916607637,false,130271,121512,0.8151828916607637
130271,6097,0.8074906493018787,false,130271,6097,0.8074906493018787
130271,120892,0.8833271414797232,false,130271,120892,0.8833271414797232
130271,100820829,0.7727054636043262,false,130271,100820829,0.7727054636043262
130271,123624,0.78115151888693,false,130271,123624,0.78115151888693
130271,6799,0.8344650791259934,false,130271,6799,0.8344650791259934
130271,353189,0.7551228601093248,false,130271,353189,0.7551228601093248
130271,57402,0.7727062252609738,false,130271,57402,0.7727062252609738
130271,776,0.8469721839419724,false,130271,776,0.8469721839419724
130271,84525,0.8218480415811739,false,130271,84525,0.8218480415811739
130271,10203,0.8808487804004878,false,130271,10203,0.8808487804004878
130271,1080,0.9043808248198038,false,130271,1080,0.9043808248198038
130271,65217,0.8398474106812921,false,130271,65217,0.8398474106812921
130271,1286,0.9369503684824989,false,130271,1286,0.9369503684824989
130271,84765,0.7983757829544288,false,130271,84765,0.7983757829544288
130271,653509,0.767067244016192,false,130271,653509,0.767067244016192
130271,55282,0.8291613349175083,false,130271,55282,0.8291613349175083
130271,144535,0.8674781669408744,false,130271,144535,0.8674781669408744
130271,649946,0.9079393552662283,false,130271,649946,0.9079393552662283
130271,102465485,0.7767170249430296,false,130271,102465485,0.7767170249430296
102723635,10586,0.8153840075403171,false,102723635,10586,0.8153840075403171
102723635,3780,0.851163968749899,false,102723635,3780,0.851163968749899
102723635,64137,0.7819267103137192,false,102723635,64137,0.7819267103137192
102723635,23562,0.7792163691236798,false,102723635,23562,0.7792163691236798
102723635,57524,0.8500464588599859,false,102723635,57524,0.8500464588599859
102723635,2619,0.8991642255758314,false,102723635,2619,0.8991642255758314
102723635,84867,0.8154979501884219,false,102723635,84867,0.8154979501884219
102723635,100130701,0.793765380542917,false,102723635,100130701,0.793765380542917
102723635,140766,0.7850075110364225,false,102723635,140766,0.7850075110364225
102723635,284680,0.8508969205628697,false,102723635,284680,0.8508969205628697
102723635,128218,0.8021668169309905,false,102723635,128218,0.8021668169309905
102723635,105373265,0.779383383002633,false,102723635,105373265,0.779383383002633
102723635,440590,0.87720475900451,false,102723635,440590,0.87720475900451
102723635,100423031,0.7744111289415078,false,102723635,100423031,0.7744111289415078
101927516,285,0.9603648433379103,false,101927516,285,0.9603648433379103
101927516,27074,0.9388551929444721,false,101927516,27074,0.9388551929444721
101927516,100996506,0.9441507637622183,false,101927516,100996506,0.9441507637622183
101927516,66002,0.936184991022641,false,101927516,66002,0.936184991022641
101927516,54848,0.8366780742575971,false,101927516,54848,0.8366780742575971
101927516,79632,0.9437192825591829,false,101927516,79632,0.9437192825591829
101927516,100505495,0.982605732068244,false,101927516,100505495,0.982605732068244
101927516,7620,0.8456409104433574,false,101927516,7620,0.8456409104433574
101927516,4179,0.8273619591208233,false,101927516,4179,0.8273619591208233
101927516,9476,0.9189820168509187,false,101927516,9476,0.9189820168509187
101927516,151531,0.9145329320276816,false,101927516,151531,0.9145329320276816
101927516,195814,0.8366439696864548,false,101927516,195814,0.8366439696864548
101927516,692058,0.8238654907151081,false,101927516,692058,0.8238654907151081
101927516,2122,0.9878779730991145,false,101927516,2122,0.9878779730991145
101927516,84059,0.9150847559712787,false,101927516,84059,0.9150847559712787
101927516,121512,0.8680988985148538,false,101927516,121512,0.8680988985148538
101927516,6097,0.9625698559417465,false,101927516,6097,0.9625698559417465
101927516,120892,0.9634479101191114,false,101927516,120892,0.9634479101191114
101927516,123624,0.9806722752562067,false,101927516,123624,0.9806722752562067
101927516,391253,0.9784272045786053,false,101927516,391253,0.9784272045786053
101927516,220136,0.8612496461072909,false,101927516,220136,0.8612496461072909
101927516,693188,0.9849763889391445,false,101927516,693188,0.9849763889391445
101927516,6799,0.8453728826495659,false,101927516,6799,0.8453728826495659
101927516,389376,0.8389189727451847,false,101927516,389376,0.8389189727451847
101927516,353189,0.96759460537175,false,101927516,353189,0.96759460537175
101927516,776,0.9086213375811071,false,101927516,776,0.9086213375811071
101927516,84851,0.9697908878950033,false,101927516,84851,0.9697908878950033
101927516,84525,0.8976594157304838,false,101927516,84525,0.8976594157304838
101927516,4861,0.960860272722879,false,101927516,4861,0.960860272722879
101927516,10203,0.969821719812912,false,101927516,10203,0.969821719812912
101927516,1080,0.8787541316725027,false,101927516,1080,0.8787541316725027
101927516,65217,0.8381136560793486,false,101927516,65217,0.8381136560793486
101927516,105372793,0.9473754224108183,false,101927516,105372793,0.9473754224108183
101927516,56955,0.8302695198519837,false,101927516,56955,0.8302695198519837
101927516,84765,0.9081370420926207,false,101927516,84765,0.9081370420926207
101927516,653509,0.8046220857992857,false,101927516,653509,0.8046220857992857
101927516,55282,0.9100128687725961,false,101927516,55282,0.9100128687725961
101927516,79098,0.9245872709164273,false,101927516,79098,0.9245872709164273
101927516,144535,0.88839217021413,false,101927516,144535,0.88839217021413
101927516,649946,0.9376521358900585,false,101927516,649946,0.9376521358900585
101927516,144571,0.9694374852402429,false,101927516,144571,0.9694374852402429
101927516,26298,0.9246052113893543,false,101927516,26298,0.9246052113893543
101927516,165186,0.9622360225852916,false,101927516,165186,0.9622360225852916
101927516,102465485,0.9708874688843686,false,101927516,102465485,0.9708874688843686
101927516,100033436,0.9859761204507704,false,101927516,100033436,0.9859761204507704
688,117155,0.8951966067215162,false,688,117155,0.8951966067215162
688,112268155,0.8504093998628823,false,688,112268155,0.8504093998628823
688,1152,0.9042356784643178,false,688,1152,0.9042356784643178
688,79083,0.841665625462596,false,688,79083,0.841665625462596
688,1556,0.8479839017388651,false,688,1556,0.8479839017388651
688,55930,0.9384720599466123,false,688,55930,0.9384720599466123
688,22996,0.9436655019132058,false,688,22996,0.9436655019132058
688,7113,0.779119570179,false,688,7113,0.779119570179
688,54861,0.8810111104407099,false,688,54861,0.8810111104407099
688,222256,0.9154960484157476,false,688,222256,0.9154960484157476
688,100529240,0.8625034486044509,false,688,100529240,0.8625034486044509
688,113218482,0.8770688134567123,false,688,113218482,0.8770688134567123
688,647024,0.9195363243575855,false,688,647024,0.9195363243575855
688,255928,0.8021120975774971,false,688,255928,0.8021120975774971
688,8537,0.784291645320202,false,688,8537,0.784291645320202
688,10018,0.8414344084194522,false,688,10018,0.8414344084194522
688,115019,0.8389945670392536,false,688,115019,0.8389945670392536
688,1043,0.8536058359359973,false,688,1043,0.8536058359359973
688,276,0.9058155938131636,false,688,276,0.9058155938131636
688,168374,0.8126185018931413,false,688,168374,0.8126185018931413
688,83481,0.7512947405099402,false,688,83481,0.7512947405099402
688,143884,0.8137114361944938,false,688,143884,0.8137114361944938
688,80004,0.8013780355381688,false,688,80004,0.8013780355381688
688,3993,0.8490443997033571,false,688,3993,0.8490443997033571
688,389852,0.7766543753897551,false,688,389852,0.7766543753897551
688,164312,0.8111480248365641,false,688,164312,0.8111480248365641
688,84239,0.7504910651175978,false,688,84239,0.7504910651175978
688,2065,0.7770306967517309,false,688,2065,0.7770306967517309
688,135656,0.843065538709415,false,688,135656,0.843065538709415
688,3880,0.8305175334606291,false,688,3880,0.8305175334606291
688,94059,0.9026806635318684,false,688,94059,0.9026806635318684
688,26769,0.8911276993779687,false,688,26769,0.8911276993779687
688,3960,0.7577699026494163,false,688,3960,0.7577699026494163
688,23584,0.8091205734128974,false,688,23584,0.8091205734128974
688,692213,0.7909723664342836,false,688,692213,0.7909723664342836
688,153643,0.9055463124428178,false,688,153643,0.9055463124428178
688,112268422,0.9499631146392781,false,688,112268422,0.9499631146392781
688,259294,0.8277679288575989,false,688,259294,0.8277679288575989
688,79740,0.8559026661847376,false,688,79740,0.8559026661847376
688,2266,0.8103922922541972,false,688,2266,0.8103922922541972
688,745,0.8564535590287919,false,688,745,0.8564535590287919
688,440352,0.7593638113928693,false,688,440352,0.7593638113928693
6101,83481,0.8631639342468029,false,6101,83481,0.8631639342468029
6101,105,0.9429025448649058,false,6101,105,0.9429025448649058
6101,1579,0.9278159176250336,false,6101,1579,0.9278159176250336
6101,57477,0.8957006086865308,false,6101,57477,0.8957006086865308
6101,7433,0.8847783606976084,false,6101,7433,0.8847783606976084
6101,100129460,0.8985625521703235,false,6101,100129460,0.8985625521703235
6101,3855,0.8380949584990953,false,6101,3855,0.8380949584990953
378938,5545,0.9406620429027699,false,378938,5545,0.9406620429027699
378938,285,0.8259538252547419,false,378938,285,0.8259538252547419
378938,27074,0.7923502164306429,false,378938,27074,0.7923502164306429
378938,66002,0.8308425464826292,false,378938,66002,0.8308425464826292
378938,79632,0.7961705710683379,false,378938,79632,0.7961705710683379
378938,7620,0.908066120640007,false,378938,7620,0.908066120640007
378938,7113,0.7864696067770076,false,378938,7113,0.7864696067770076
378938,105180391,0.9391230433659001,false,378938,105180391,0.9391230433659001
378938,151531,0.8313243737469383,false,378938,151531,0.8313243737469383
378938,10018,0.8789732527511704,false,378938,10018,0.8789732527511704
378938,201625,0.8754413020860501,false,378938,201625,0.8754413020860501
378938,105180390,0.9328109450366897,false,378938,105180390,0.9328109450366897
378938,1043,0.8361097955423408,false,378938,1043,0.8361097955423408
378938,692058,0.9432015400354294,false,378938,692058,0.9432015400354294
378938,168374,0.7935141547433056,false,378938,168374,0.7935141547433056
378938,645843,0.9737774171125311,false,378938,645843,0.9737774171125311
378938,143884,0.8160365171750246,false,378938,143884,0.8160365171750246
378938,121512,0.9374618234237556,false,378938,121512,0.9374618234237556
378938,120892,0.7674171882790587,false,378938,120892,0.7674171882790587
378938,84239,0.7506019763479811,false,378938,84239,0.7506019763479811
378938,353189,0.7503461601528738,false,378938,353189,0.7503461601528738
378938,2065,0.8276760437436127,false,378938,2065,0.8276760437436127
378938,776,0.8546294654048328,false,378938,776,0.8546294654048328
378938,84851,0.7637307085407459,false,378938,84851,0.7637307085407459
378938,94059,0.7668398682906207,false,378938,94059,0.7668398682906207
378938,3960,0.8118445425567868,false,378938,3960,0.8118445425567868
378938,284323,0.9344896848330754,false,378938,284323,0.9344896848330754
378938,1080,0.7736831116726932,false,378938,1080,0.7736831116726932
378938,65217,0.9354286382775464,false,378938,65217,0.9354286382775464
378938,692213,0.9126179121071465,false,378938,692213,0.9126179121071465
378938,144535,0.7669516726282027,false,378938,144535,0.7669516726282027
378938,649946,0.8166819762037977,false,378938,649946,0.8166819762037977
378938,259294,0.7666764018750624,false,378938,259294,0.7666764018750624
378938,440352,0.7778035361347796,false,378938,440352,0.7778035361347796
54897,117155,0.8244621465234817,false,54897,117155,0.8244621465234817
54897,112268155,0.8289329942677492,false,54897,112268155,0.8289329942677492
54897,1152,0.9056443348488212,false,54897,1152,0.9056443348488212
54897,79083,0.8318190456062404,false,54897,79083,0.8318190456062404
54897,1556,0.9136025718700636,false,54897,1556,0.9136025718700636
54897,22996,0.7632870230224166,false,54897,22996,0.7632870230224166
54897,7113,0.7530869837331464,false,54897,7113,0.7530869837331464
54897,54861,0.8522770070062341,false,54897,54861,0.8522770070062341
54897,222256,0.8528253919877822,false,54897,222256,0.8528253919877822
54897,113218482,0.8636461141009661,false,54897,113218482,0.8636461141009661
54897,647024,0.840531402661452,false,54897,647024,0.840531402661452
54897,255928,0.7594405096655045,false,54897,255928,0.7594405096655045
54897,115019,0.7842632429563432,false,54897,115019,0.7842632429563432
54897,168374,0.7587340697001942,false,54897,168374,0.7587340697001942
54897,83481,0.8110943011486139,false,54897,83481,0.8110943011486139
54897,1579,0.824823900441405,false,54897,1579,0.824823900441405
54897,80004,0.8177330961438984,false,54897,80004,0.8177330961438984
54897,3993,0.7564198389009317,false,54897,3993,0.7564198389009317
54897,164312,0.8252211179329291,false,54897,164312,0.8252211179329291
54897,84239,0.8115002777753436,false,54897,84239,0.8115002777753436
54897,135656,0.7829177407986033,false,54897,135656,0.7829177407986033
54897,3880,0.9195158082059142,false,54897,3880,0.9195158082059142
54897,23584,0.8498567919777391,false,54897,23584,0.8498567919777391
54897,153643,0.8833622431391311,false,54897,153643,0.8833622431391311
54897,2266,0.7745882244815615,false,54897,2266,0.7745882244815615
54897,745,0.9144239539836718,false,54897,745,0.9144239539836718
5545,112268155,0.7783205508688146,false,5545,112268155,0.7783205508688146
5545,27074,0.8091837486464408,false,5545,27074,0.8091837486464408
5545,66002,0.8156070769367686,false,5545,66002,0.8156070769367686
5545,79632,0.7713454564171431,false,5545,79632,0.7713454564171431
5545,7620,0.8635077281555747,false,5545,7620,0.8635077281555747
5545,7113,0.9020859401916618,false,5545,7113,0.9020859401916618
5545,105180391,0.9839571022286425,false,5545,105180391,0.9839571022286425
5545,151531,0.8241077487772049,false,5545,151531,0.8241077487772049
5545,10018,0.8736012597278154,false,5545,10018,0.8736012597278154
5545,115019,0.849155404876688,false,5545,115019,0.849155404876688
5545,105180390,0.9725536601807656,false,5545,105180390,0.9725536601807656
5545,1043,0.879872795493423,false,5545,1043,0.879872795493423
5545,692058,0.822905259508381,false,5545,692058,0.822905259508381
5545,168374,0.8883304199927352,false,5545,168374,0.8883304199927352
5545,645843,0.9689373678689847,false,5545,645843,0.9689373678689847
5545,143884,0.8413806748434038,false,5545,143884,0.8413806748434038
5545,80004,0.8166721905857464,false,5545,80004,0.8166721905857464
5545,121512,0.9181362666577921,false,5545,121512,0.9181362666577921
5545,3993,0.8287755351148259,false,5545,3993,0.8287755351148259
5545,389852,0.8221702764815825,false,5545,389852,0.8221702764815825
5545,84239,0.8776830536005057,false,5545,84239,0.8776830536005057
5545,2065,0.900885748335352,false,5545,2065,0.900885748335352
5545,776,0.8700456486069233,false,5545,776,0.8700456486069233
5545,3960,0.8813800608889408,false,5545,3960,0.8813800608889408
5545,284323,0.9613306897952341,false,5545,284323,0.9613306897952341
5545,65217,0.890467982577079,false,5545,65217,0.890467982577079
5545,23584,0.839098976677811,false,5545,23584,0.839098976677811
5545,692213,0.9043458881773606,false,5545,692213,0.9043458881773606
5545,259294,0.834038561953423,false,5545,259294,0.834038561953423
5545,440352,0.8788631810705956,false,5545,440352,0.8788631810705956
285,27074,0.8978119163692867,false,285,27074,0.8978119163692867
285,100996506,0.9225778205496363,false,285,100996506,0.9225778205496363
285,66002,0.9598345195987248,false,285,66002,0.9598345195987248
285,79632,0.8984737412297341,false,285,79632,0.8984737412297341
285,100505495,0.9488059347053162,false,285,100505495,0.9488059347053162
285,7620,0.9465175962027557,false,285,7620,0.9465175962027557
285,4179,0.7972175325539145,false,285,4179,0.7972175325539145
285,9476,0.8305272896866441,false,285,9476,0.8305272896866441
285,151531,0.9447013857467624,false,285,151531,0.9447013857467624
285,692058,0.91498100639973,false,285,692058,0.91498100639973
285,645843,0.751290859085733,false,285,645843,0.751290859085733
285,2122,0.9381125463562915,false,285,2122,0.9381125463562915
285,84059,0.8302333397047977,false,285,84059,0.8302333397047977
285,121512,0.9111693080784986,false,285,121512,0.9111693080784986
285,6097,0.8759954028863214,false,285,6097,0.8759954028863214
285,120892,0.9041368352697923,false,285,120892,0.9041368352697923
285,123624,0.93338518947132,false,285,123624,0.93338518947132
285,391253,0.9522188108664192,false,285,391253,0.9522188108664192
285,220136,0.7616806152421937,false,285,220136,0.7616806152421937
285,693188,0.961624996934439,false,285,693188,0.961624996934439
285,353189,0.9542699770404164,false,285,353189,0.9542699770404164
285,776,0.9410022536840873,false,285,776,0.9410022536840873
285,84851,0.9562186208042681,false,285,84851,0.9562186208042681
285,84525,0.7824983040972269,false,285,84525,0.7824983040972269
285,4861,0.9170307170562177,false,285,4861,0.9170307170562177
285,10203,0.9138762509567834,false,285,10203,0.9138762509567834
285,284323,0.8235787016408465,false,285,284323,0.8235787016408465
285,1080,0.8135894385673537,false,285,1080,0.8135894385673537
285,65217,0.8863975139848529,false,285,65217,0.8863975139848529
285,105372793,0.9260944700424162,false,285,105372793,0.9260944700424162
285,84765,0.893489988793958,false,285,84765,0.893489988793958
285,55282,0.7869887576590728,false,285,55282,0.7869887576590728
285,79098,0.865844673335047,false,285,79098,0.865844673335047
285,144535,0.814940943739636,false,285,144535,0.814940943739636
285,649946,0.9128507762058085,false,285,649946,0.9128507762058085
285,144571,0.8915721500612975,false,285,144571,0.8915721500612975
285,26298,0.8893019277345116,false,285,26298,0.8893019277345116
285,165186,0.8913832045443545,false,285,165186,0.8913832045443545
285,102465485,0.8986191271737751,false,285,102465485,0.8986191271737751
285,100033436,0.9467349245094605,false,285,100033436,0.9467349245094605
6532,117156,0.851554236228288,false,6532,117156,0.851554236228288
6532,9411,0.8520373775303847,false,6532,9411,0.8520373775303847
6532,57477,0.796276429965377,false,6532,57477,0.796276429965377
6532,100820829,0.9665348247264577,false,6532,100820829,0.9665348247264577
6532,21,0.8211831802627344,false,6532,21,0.8211831802627344
6532,1286,0.8004145115317433,false,6532,1286,0.8004145115317433
117155,112268155,0.9929047551452718,false,117155,112268155,0.9929047551452718
117155,1152,0.9103460889426616,false,117155,1152,0.9103460889426616
117155,79083,0.9562877119443558,false,117155,79083,0.9562877119443558
117155,1556,0.9633831889802369,false,117155,1556,0.9633831889802369
117155,55930,0.9559672965871966,false,117155,55930,0.9559672965871966
117155,22996,0.9076355339485757,false,117155,22996,0.9076355339485757
117155,7113,0.9417693047592226,false,117155,7113,0.9417693047592226
117155,54861,0.8849535239172391,false,117155,54861,0.8849535239172391
117155,222256,0.879593708226081,false,117155,222256,0.879593708226081
117155,105180391,0.7794621540481546,false,117155,105180391,0.7794621540481546
117155,100529240,0.922773509560779,false,117155,100529240,0.922773509560779
117155,113218482,0.9755803271366723,false,117155,113218482,0.9755803271366723
117155,647024,0.9576200768921967,false,117155,647024,0.9576200768921967
117155,255928,0.9294256298179342,false,117155,255928,0.9294256298179342
117155,8537,0.8699082734523916,false,117155,8537,0.8699082734523916
117155,10018,0.915483762475431,false,117155,10018,0.915483762475431
117155,115019,0.9799881971897807,false,117155,115019,0.9799881971897807
117155,105180390,0.8029173595097759,false,117155,105180390,0.8029173595097759
117155,1043,0.9397847638276582,false,117155,1043,0.9397847638276582
117155,276,0.7533871468672194,false,117155,276,0.7533871468672194
117155,168374,0.9594365502409221,false,117155,168374,0.9594365502409221
117155,143884,0.9185938201343358,false,117155,143884,0.9185938201343358
117155,80004,0.9636198707824518,false,117155,80004,0.9636198707824518
117155,3993,0.9444330031052731,false,117155,3993,0.9444330031052731
117155,389852,0.9395224726306289,false,117155,389852,0.9395224726306289
117155,164312,0.9121274681323348,false,117155,164312,0.9121274681323348
117155,84239,0.8885128194641342,false,117155,84239,0.8885128194641342
117155,2065,0.9223025754583843,false,117155,2065,0.9223025754583843
117155,135656,0.9520276805041468,false,117155,135656,0.9520276805041468
117155,3880,0.8224325853743939,false,117155,3880,0.8224325853743939
117155,94059,0.9048289591293694,false,117155,94059,0.9048289591293694
117155,26769,0.7679117550909037,false,117155,26769,0.7679117550909037
117155,3960,0.9181589402807996,false,117155,3960,0.9181589402807996
117155,23584,0.9508988884208135,false,117155,23584,0.9508988884208135
117155,692213,0.8726707299507203,false,117155,692213,0.8726707299507203
117155,153643,0.9712084472217646,false,117155,153643,0.9712084472217646
117155,112268422,0.903159800013642,false,117155,112268422,0.903159800013642
117155,259294,0.9530648349338764,false,117155,259294,0.9530648349338764
117155,2266,0.9245382481565078,false,117155,2266,0.9245382481565078
117155,745,0.9534203167136225,false,117155,745,0.9534203167136225
117155,440352,0.8232143765336387,false,117155,440352,0.8232143765336387
727897,1767,0.7819924836006746,false,727897,1767,0.7819924836006746
727897,1604,0.9459150176158134,false,727897,1604,0.9459150176158134
727897,886,0.9970445976637419,false,727897,886,0.9970445976637419
727897,4057,0.9946498762681688,false,727897,4057,0.9946498762681688
727897,26797,0.9645212890816078,false,727897,26797,0.9645212890816078
727897,112577518,0.9885214840188679,false,727897,112577518,0.9885214840188679
727897,692209,0.9857017294154701,false,727897,692209,0.9857017294154701
727897,563,0.9976888412274502,false,727897,563,0.9976888412274502
727897,4069,0.8751734835278079,false,727897,4069,0.8751734835278079
727897,83643,0.9471869568443295,false,727897,83643,0.9471869568443295
727897,284434,0.9900949791952189,false,727897,284434,0.9900949791952189
112268155,1152,0.9037052639848588,false,112268155,1152,0.9037052639848588
112268155,79083,0.9617346046965659,false,112268155,79083,0.9617346046965659
112268155,1556,0.9583867028505654,false,112268155,1556,0.9583867028505654
112268155,55930,0.93616759680045,false,112268155,55930,0.93616759680045
112268155,22996,0.8743471273686138,false,112268155,22996,0.8743471273686138
112268155,7113,0.9475172460317013,false,112268155,7113,0.9475172460317013
112268155,54861,0.8715916608239933,false,112268155,54861,0.8715916608239933
112268155,222256,0.8462549389173408,false,112268155,222256,0.8462549389173408
112268155,105180391,0.8107659934351766,false,112268155,105180391,0.8107659934351766
112268155,100529240,0.9221314159140866,false,112268155,100529240,0.9221314159140866
112268155,113218482,0.9674749761221926,false,112268155,113218482,0.9674749761221926
112268155,647024,0.9359102709552927,false,112268155,647024,0.9359102709552927
112268155,255928,0.9313207400864928,false,112268155,255928,0.9313207400864928
112268155,8537,0.8773327518433577,false,112268155,8537,0.8773327518433577
112268155,10018,0.9123907906327108,false,112268155,10018,0.9123907906327108
112268155,115019,0.9816209949149675,false,112268155,115019,0.9816209949149675
112268155,105180390,0.8318487284000264,false,112268155,105180390,0.8318487284000264
112268155,1043,0.9379260090390328,false,112268155,1043,0.9379260090390328
112268155,168374,0.9753300044584223,false,112268155,168374,0.9753300044584223
112268155,645843,0.7526202589016863,false,112268155,645843,0.7526202589016863
112268155,143884,0.9374551624487467,false,112268155,143884,0.9374551624487467
112268155,80004,0.9607150153625125,false,112268155,80004,0.9607150153625125
112268155,3993,0.9311884935227559,false,112268155,3993,0.9311884935227559
112268155,389852,0.9555351243910981,false,112268155,389852,0.9555351243910981
112268155,164312,0.9110875838689012,false,112268155,164312,0.9110875838689012
112268155,84239,0.8952830635852657,false,112268155,84239,0.8952830635852657
112268155,2065,0.9356124098911311,false,112268155,2065,0.9356124098911311
112268155,135656,0.9541771788726366,false,112268155,135656,0.9541771788726366
112268155,3880,0.7848162094039051,false,112268155,3880,0.7848162094039051
112268155,94059,0.8884346193920797,false,112268155,94059,0.8884346193920797
112268155,3960,0.9333586393312072,false,112268155,3960,0.9333586393312072
112268155,23584,0.9522545397982146,false,112268155,23584,0.9522545397982146
112268155,692213,0.8712242728854706,false,112268155,692213,0.8712242728854706
112268155,153643,0.9539677703791077,false,112268155,153643,0.9539677703791077
112268155,112268422,0.8701539378976754,false,112268155,112268422,0.8701539378976754
112268155,259294,0.9657710837487271,false,112268155,259294,0.9657710837487271
112268155,2266,0.9312511488177407,false,112268155,2266,0.9312511488177407
112268155,745,0.9449304363406187,false,112268155,745,0.9449304363406187
112268155,440352,0.8081567467183419,false,112268155,440352,0.8081567467183419
1152,79083,0.9333428705986987,false,1152,79083,0.9333428705986987
1152,1556,0.9174544017381352,false,1152,1556,0.9174544017381352
1152,55930,0.8934742431292866,false,1152,55930,0.8934742431292866
1152,22996,0.9185878992236827,false,1152,22996,0.9185878992236827
1152,7113,0.7949000458174421,false,1152,7113,0.7949000458174421
1152,54861,0.8969441010621678,false,1152,54861,0.8969441010621678
1152,222256,0.9241065076235611,false,1152,222256,0.9241065076235611
1152,100529240,0.9093655981368283,false,1152,100529240,0.9093655981368283
1152,113218482,0.9410524495410589,false,1152,113218482,0.9410524495410589
1152,647024,0.9457412337149484,false,1152,647024,0.9457412337149484
1152,255928,0.8751563557504446,false,1152,255928,0.8751563557504446
1152,8537,0.8682374476868543,false,1152,8537,0.8682374476868543
1152,10018,0.7585522268920363,false,1152,10018,0.7585522268920363
1152,115019,0.8567269885685723,false,1152,115019,0.8567269885685723
1152,1043,0.8249808206198356,false,1152,1043,0.8249808206198356
1152,168374,0.8515857181609168,false,1152,168374,0.8515857181609168
1152,83481,0.7589914773311082,false,1152,83481,0.7589914773311082
1152,143884,0.8179282447640102,false,1152,143884,0.8179282447640102
1152,80004,0.8319659273670174,false,1152,80004,0.8319659273670174
1152,3993,0.8286584257095629,false,1152,3993,0.8286584257095629
1152,389852,0.8190921995691688,false,1152,389852,0.8190921995691688
1152,164312,0.9108736190619244,false,1152,164312,0.9108736190619244
1152,84239,0.7899587028389807,false,1152,84239,0.7899587028389807
1152,2065,0.7877888001059925,false,1152,2065,0.7877888001059925
1152,135656,0.9091572879392582,false,1152,135656,0.9091572879392582
1152,3880,0.8805603444651728,false,1152,3880,0.8805603444651728
1152,94059,0.8030299513557301,false,1152,94059,0.8030299513557301
1152,3960,0.7656646103000522,false,1152,3960,0.7656646103000522
1152,23584,0.8539933136990664,false,1152,23584,0.8539933136990664
1152,153643,0.9503789425139093,false,1152,153643,0.9503789425139093
1152,112268422,0.8780817984052035,false,1152,112268422,0.8780817984052035
1152,259294,0.8514848722089315,false,1152,259294,0.8514848722089315
1152,2266,0.8910728496420547,false,1152,2266,0.8910728496420547
1152,745,0.9525764363616638,false,1152,745,0.9525764363616638
340596,100506755,0.8994377768713208,false,340596,100506755,0.8994377768713208
340596,10586,0.7984321136869839,false,340596,10586,0.7984321136869839
340596,1746,0.8667605120626279,false,340596,1746,0.8667605120626279
340596,163479,0.9650755591050055,false,340596,163479,0.9650755591050055
340596,2619,0.7870887529054255,false,340596,2619,0.7870887529054255
340596,84867,0.8897099810612404,false,340596,84867,0.8897099810612404
340596,441151,0.8253873644500881,false,340596,441151,0.8253873644500881
340596,57710,0.8197855615644457,false,340596,57710,0.8197855615644457
340596,9699,0.7961090827501984,false,340596,9699,0.7961090827501984
340596,80381,0.8615705687545805,false,340596,80381,0.8615705687545805
340596,100874002,0.9034377246695631,false,340596,100874002,0.9034377246695631
340596,219793,0.8405903320490973,false,340596,219793,0.8405903320490973
340596,1515,0.9651172746140065,false,340596,1515,0.9651172746140065
27074,100996506,0.8037908909992565,false,27074,100996506,0.8037908909992565
27074,66002,0.9481052999652709,false,27074,66002,0.9481052999652709
27074,79632,0.9784243592602738,false,27074,79632,0.9784243592602738
27074,100505495,0.9060199224879141,false,27074,100505495,0.9060199224879141
27074,7620,0.8522901169777916,false,27074,7620,0.8522901169777916
27074,9476,0.9354547664025247,false,27074,9476,0.9354547664025247
27074,151531,0.9342019497702735,false,27074,151531,0.9342019497702735
27074,195814,0.8598058494203606,false,27074,195814,0.8598058494203606
27074,692058,0.8077013153417316,false,27074,692058,0.8077013153417316
27074,645843,0.8056847877795403,false,27074,645843,0.8056847877795403
27074,2122,0.9723582341014022,false,27074,2122,0.9723582341014022
27074,84059,0.957359267229875,false,27074,84059,0.957359267229875
27074,121512,0.9325157920782453,false,27074,121512,0.9325157920782453
27074,6097,0.9510348415326302,false,27074,6097,0.9510348415326302
27074,120892,0.9672955058453481,false,27074,120892,0.9672955058453481
27074,123624,0.96121055589541,false,27074,123624,0.96121055589541
27074,391253,0.9181378867839017,false,27074,391253,0.9181378867839017
27074,220136,0.8157605354283692,false,27074,220136,0.8157605354283692
27074,693188,0.8821513830543716,false,27074,693188,0.8821513830543716
27074,6799,0.8781376661430279,false,27074,6799,0.8781376661430279
27074,389376,0.8396023912084346,false,27074,389376,0.8396023912084346
27074,353189,0.9551978062939567,false,27074,353189,0.9551978062939567
27074,776,0.9514128130825984,false,27074,776,0.9514128130825984
27074,84851,0.8765819559864585,false,27074,84851,0.8765819559864585
27074,84525,0.9129974693810787,false,27074,84525,0.9129974693810787
27074,4861,0.9097121904891653,false,27074,4861,0.9097121904891653
27074,10203,0.9426402731760379,false,27074,10203,0.9426402731760379
27074,284323,0.8159482974069692,false,27074,284323,0.8159482974069692
27074,1080,0.901754939604806,false,27074,1080,0.901754939604806
27074,65217,0.883892879618518,false,27074,65217,0.883892879618518
27074,1286,0.8076295401930464,false,27074,1286,0.8076295401930464
27074,105372793,0.8135587734035847,false,27074,105372793,0.8135587734035847
27074,56955,0.7985739536513846,false,27074,56955,0.7985739536513846
27074,84765,0.9229192476334552,false,27074,84765,0.9229192476334552
27074,653509,0.8655004115747119,false,27074,653509,0.8655004115747119
27074,55282,0.9127934368565613,false,27074,55282,0.9127934368565613
27074,79098,0.9357323344366572,false,27074,79098,0.9357323344366572
27074,144535,0.9038253346500473,false,27074,144535,0.9038253346500473
27074,649946,0.9399905206865197,false,27074,649946,0.9399905206865197
27074,144571,0.8927492718689966,false,27074,144571,0.8927492718689966
27074,26298,0.8525952796340575,false,27074,26298,0.8525952796340575
27074,165186,0.9203428365890421,false,27074,165186,0.9203428365890421
27074,102465485,0.9048886384609023,false,27074,102465485,0.9048886384609023
27074,100033436,0.89185925030462,false,27074,100033436,0.89185925030462
100996506,66002,0.8442818015860373,false,100996506,66002,0.8442818015860373
100996506,54848,0.8528421729020501,false,100996506,54848,0.8528421729020501
100996506,79632,0.8268885608571462,false,100996506,79632,0.8268885608571462
100996506,100505495,0.9302266031216038,false,100996506,100505495,0.9302266031216038
100996506,7620,0.7922515792195596,false,100996506,7620,0.7922515792195596
100996506,4179,0.9389271740044199,false,100996506,4179,0.9389271740044199
100996506,9476,0.8138714793418471,false,100996506,9476,0.8138714793418471
100996506,151531,0.818052287304792,false,100996506,151531,0.818052287304792
100996506,201625,0.7634913319192665,false,100996506,201625,0.7634913319192665
100996506,692058,0.8460430538735892,false,100996506,692058,0.8460430538735892
100996506,2122,0.9027489511092861,false,100996506,2122,0.9027489511092861
100996506,84059,0.780713121218773,false,100996506,84059,0.780713121218773
100996506,121512,0.7806114577254363,false,100996506,121512,0.7806114577254363
100996506,6097,0.8410849688356604,false,100996506,6097,0.8410849688356604
100996506,120892,0.8832867538369568,false,100996506,120892,0.8832867538369568
100996506,123624,0.8784877837530177,false,100996506,123624,0.8784877837530177
100996506,391253,0.8979872634696532,false,100996506,391253,0.8979872634696532
100996506,693188,0.9697492740906543,false,100996506,693188,0.9697492740906543
100996506,353189,0.874636905700254,false,100996506,353189,0.874636905700254
100996506,776,0.7914769437258617,false,100996506,776,0.7914769437258617
100996506,84851,0.9859889624730023,false,100996506,84851,0.9859889624730023
100996506,4861,0.8880669684209033,false,100996506,4861,0.8880669684209033
100996506,10203,0.8859227101797442,false,100996506,10203,0.8859227101797442
100996506,1080,0.8271757425464867,false,100996506,1080,0.8271757425464867
100996506,65217,0.7888782148551063,false,100996506,65217,0.7888782148551063
100996506,105372793,0.9976311435794765,false,100996506,105372793,0.9976311435794765
100996506,84765,0.8035434698338805,false,100996506,84765,0.8035434698338805
100996506,55282,0.7582206437838406,false,100996506,55282,0.7582206437838406
100996506,79098,0.8208290355771968,false,100996506,79098,0.8208290355771968
100996506,144535,0.8440516945609273,false,100996506,144535,0.8440516945609273
100996506,649946,0.8558512136644318,false,100996506,649946,0.8558512136644318
100996506,144571,0.8886180772317024,false,100996506,144571,0.8886180772317024
100996506,26298,0.9620659082989323,false,100996506,26298,0.9620659082989323
100996506,165186,0.8763117035953583,false,100996506,165186,0.8763117035953583
100996506,102465485,0.9181751061951288,false,100996506,102465485,0.9181751061951288
100996506,100033436,0.9748713494577474,false,100996506,100033436,0.9748713494577474
100506755,1746,0.9094057166417492,false,100506755,1746,0.9094057166417492
100506755,163479,0.8023147830212664,false,100506755,163479,0.8023147830212664
100506755,84867,0.7899406901300919,false,100506755,84867,0.7899406901300919
100506755,399726,0.8580217792968511,false,100506755,399726,0.8580217792968511
100506755,441151,0.8251187608893616,false,100506755,441151,0.8251187608893616
100506755,57710,0.924735024934504,false,100506755,57710,0.924735024934504
100506755,9699,0.8908029189721574,false,100506755,9699,0.8908029189721574
100506755,80381,0.8073957677769957,false,100506755,80381,0.8073957677769957
100506755,100874002,0.9254602183434095,false,100506755,100874002,0.9254602183434095
100506755,219793,0.9224467337776019,false,100506755,219793,0.9224467337776019
100506755,1515,0.8832453801179729,false,100506755,1515,0.8832453801179729
79083,1556,0.903193454022677,false,79083,1556,0.903193454022677
79083,55930,0.9369155766027972,false,79083,55930,0.9369155766027972
79083,22996,0.9265134431400709,false,79083,22996,0.9265134431400709
79083,7113,0.8499393796012267,false,79083,7113,0.8499393796012267
79083,54861,0.8044941124411713,false,79083,54861,0.8044941124411713
79083,222256,0.8337830953276161,false,79083,222256,0.8337830953276161
79083,100529240,0.9787698338428145,false,79083,100529240,0.9787698338428145
79083,113218482,0.9826728627769271,false,79083,113218482,0.9826728627769271
79083,647024,0.9710265882671522,false,79083,647024,0.9710265882671522
79083,255928,0.9871113518842834,false,79083,255928,0.9871113518842834
79083,8537,0.9512886457635884,false,79083,8537,0.9512886457635884
79083,10018,0.8435389281033764,false,79083,10018,0.8435389281033764
79083,115019,0.913700866450678,false,79083,115019,0.913700866450678
79083,1043,0.8521535316663266,false,79083,1043,0.8521535316663266
79083,168374,0.9014065071324802,false,79083,168374,0.9014065071324802
79083,143884,0.8891387116510736,false,79083,143884,0.8891387116510736
79083,80004,0.8997223039661295,false,79083,80004,0.8997223039661295
79083,3993,0.8821769847775016,false,79083,3993,0.8821769847775016
79083,389852,0.9417379887140027,false,79083,389852,0.9417379887140027
79083,164312,0.9813870407127915,false,79083,164312,0.9813870407127915
79083,84239,0.7669421592959481,false,79083,84239,0.7669421592959481
79083,2065,0.8841786990146301,false,79083,2065,0.8841786990146301
79083,1513,0.7748386271849015,false,79083,1513,0.7748386271849015
79083,135656,0.9959702033481755,false,79083,135656,0.9959702033481755
79083,3880,0.7657913394005946,false,79083,3880,0.7657913394005946
79083,94059,0.8597512334716967,false,79083,94059,0.8597512334716967
79083,3960,0.8917588770145473,false,79083,3960,0.8917588770145473
79083,23584,0.8613862388483665,false,79083,23584,0.8613862388483665
79083,692213,0.7915197672861972,false,79083,692213,0.7915197672861972
79083,153643,0.9555068183619829,false,79083,153643,0.9555068183619829
79083,112268422,0.8893072133294213,false,79083,112268422,0.8893072133294213
79083,259294,0.9410384126010543,false,79083,259294,0.9410384126010543
79083,2266,0.986790936963188,false,79083,2266,0.986790936963188
79083,745,0.9679511268665544,false,79083,745,0.9679511268665544
66002,79632,0.9055303631148941,false,66002,79632,0.9055303631148941
66002,100505495,0.9401587366094674,false,66002,100505495,0.9401587366094674
66002,7620,0.9363189143851457,false,66002,7620,0.9363189143851457
66002,105180391,0.7862175924704291,false,66002,105180391,0.7862175924704291
66002,9476,0.901553129533674,false,66002,9476,0.901553129533674
66002,151531,0.9969363771810872,false,66002,151531,0.9969363771810872
66002,105180390,0.7540035224501455,false,66002,105180390,0.7540035224501455
66002,692058,0.8967002399676101,false,66002,692058,0.8967002399676101
66002,645843,0.7895813139833651,false,66002,645843,0.7895813139833651
66002,2122,0.9454504025449773,false,66002,2122,0.9454504025449773
66002,84059,0.8455360008365962,false,66002,84059,0.8455360008365962
66002,121512,0.9576792309109732,false,66002,121512,0.9576792309109732
66002,6097,0.8980860496146879,false,66002,6097,0.8980860496146879
66002,120892,0.8980307019489087,false,66002,120892,0.8980307019489087
66002,123624,0.9567357250616352,false,66002,123624,0.9567357250616352
66002,391253,0.9518206941262092,false,66002,391253,0.9518206941262092
66002,693188,0.9216411314853771,false,66002,693188,0.9216411314853771
66002,389376,0.7981139167052874,false,66002,389376,0.7981139167052874
66002,353189,0.9878309789327945,false,66002,353189,0.9878309789327945
66002,776,0.971029487189671,false,66002,776,0.971029487189671
66002,84851,0.8982829973126267,false,66002,84851,0.8982829973126267
66002,84525,0.8074951233479108,false,66002,84525,0.8074951233479108
66002,4861,0.9436362886319172,false,66002,4861,0.9436362886319172
66002,10203,0.8909782139031603,false,66002,10203,0.8909782139031603
66002,284323,0.8961791223354324,false,66002,284323,0.8961791223354324
66002,1080,0.7864625995879061,false,66002,1080,0.7864625995879061
66002,65217,0.8912313411417376,false,66002,65217,0.8912313411417376
66002,105372793,0.8504963145384211,false,66002,105372793,0.8504963145384211
66002,56955,0.8107384208742575,false,66002,56955,0.8107384208742575
66002,84765,0.9351700363320715,false,66002,84765,0.9351700363320715
66002,55282,0.8137758552023253,false,66002,55282,0.8137758552023253
66002,79098,0.9352478578260796,false,66002,79098,0.9352478578260796
66002,144535,0.8024436230226141,false,66002,144535,0.8024436230226141
66002,649946,0.8752313680878833,false,66002,649946,0.8752313680878833
66002,144571,0.8626594153508984,false,66002,144571,0.8626594153508984
66002,26298,0.8458387918383534,false,66002,26298,0.8458387918383534
66002,165186,0.9240686345717997,false,66002,165186,0.9240686345717997
66002,102465485,0.8572723114421362,false,66002,102465485,0.8572723114421362
66002,100033436,0.9019756941083372,false,66002,100033436,0.9019756941083372
11185,2125,0.8759531135410765,false,11185,2125,0.8759531135410765
11185,5349,0.8586398624308309,false,11185,5349,0.8586398624308309
11185,21,0.8475563740897691,false,11185,21,0.8475563740897691
11185,123872,0.7698920063015874,false,11185,123872,0.7698920063015874
11185,79784,0.7759974498117121,false,11185,79784,0.7759974498117121
11185,3855,0.7512357918227929,false,11185,3855,0.7512357918227929
1556,55930,0.8703536634517244,false,1556,55930,0.8703536634517244
1556,22996,0.831567136983485,false,1556,22996,0.831567136983485
1556,7113,0.9394236616186497,false,1556,7113,0.9394236616186497
1556,54861,0.8995078261072524,false,1556,54861,0.8995078261072524
1556,222256,0.89840446127462,false,1556,222256,0.89840446127462
1556,100529240,0.8265699477240604,false,1556,100529240,0.8265699477240604
1556,113218482,0.9481942174924738,false,1556,113218482,0.9481942174924738
1556,647024,0.9128578342592666,false,1556,647024,0.9128578342592666
1556,255928,0.8522656269207702,false,1556,255928,0.8522656269207702
1556,8537,0.7937286936087629,false,1556,8537,0.7937286936087629
1556,10018,0.8144998102278544,false,1556,10018,0.8144998102278544
1556,115019,0.9586669835980088,false,1556,115019,0.9586669835980088
1556,1043,0.8982620048082727,false,1556,1043,0.8982620048082727
1556,168374,0.9312522258219778,false,1556,168374,0.9312522258219778
1556,83481,0.8399456185486494,false,1556,83481,0.8399456185486494
1556,143884,0.8290873074066375,false,1556,143884,0.8290873074066375
1556,80004,0.9576763218633432,false,1556,80004,0.9576763218633432
1556,3993,0.9144244068100319,false,1556,3993,0.9144244068100319
1556,389852,0.8609992667753058,false,1556,389852,0.8609992667753058
1556,164312,0.863467288666368,false,1556,164312,0.863467288666368
1556,84239,0.9384413089536697,false,1556,84239,0.9384413089536697
1556,2065,0.856693334439019,false,1556,2065,0.856693334439019
1556,135656,0.8800537100449705,false,1556,135656,0.8800537100449705
1556,3880,0.9081187336747294,false,1556,3880,0.9081187336747294
1556,94059,0.7796895542223956,false,1556,94059,0.7796895542223956
1556,3960,0.8362296023469475,false,1556,3960,0.8362296023469475
1556,23584,0.9804652292881059,false,1556,23584,0.9804652292881059
1556,692213,0.7703775009184833,false,1556,692213,0.7703775009184833
1556,153643,0.961247449177758,false,1556,153643,0.961247449177758
1556,112268422,0.8054085766385897,false,1556,112268422,0.8054085766385897
1556,259294,0.8754654550001474,false,1556,259294,0.8754654550001474
1556,2266,0.837837238826907,false,1556,2266,0.837837238826907
1556,745,0.9552719731979658,false,1556,745,0.9552719731979658
1556,440352,0.8611915481466752,false,1556,440352,0.8611915481466752
10586,2125,0.8218081876664571,false,10586,2125,0.8218081876664571
10586,3780,0.9596300213671121,false,10586,3780,0.9596300213671121
10586,163479,0.9260165801143827,false,10586,163479,0.9260165801143827
10586,2619,0.9624322987783749,false,10586,2619,0.9624322987783749
10586,84867,0.9085970714205578,false,10586,84867,0.9085970714205578
10586,113219467,0.7956735439899398,false,10586,113219467,0.7956735439899398
10586,100423031,0.9871828414454089,false,10586,100423031,0.9871828414454089
10586,1515,0.8505650152783222,false,10586,1515,0.8505650152783222
54848,79632,0.7956564418635172,false,54848,79632,0.7956564418635172
54848,100505495,0.7841489018662363,false,54848,100505495,0.7841489018662363
54848,4179,0.8665644962954372,false,54848,4179,0.8665644962954372
54848,9476,0.7805423016347781,false,54848,9476,0.7805423016347781
54848,195814,0.8378887319180519,false,54848,195814,0.8378887319180519
54848,2122,0.8242972540520941,false,54848,2122,0.8242972540520941
54848,84059,0.8204441232697187,false,54848,84059,0.8204441232697187
54848,6097,0.8188482997658332,false,54848,6097,0.8188482997658332
54848,120892,0.8620305040140493,false,54848,120892,0.8620305040140493
54848,123624,0.7709133733454678,false,54848,123624,0.7709133733454678
54848,220136,0.7704453050989538,false,54848,220136,0.7704453050989538
54848,693188,0.815098034143028,false,54848,693188,0.815098034143028
54848,6799,0.7912291260600017,false,54848,6799,0.7912291260600017
54848,389376,0.7576294608047316,false,54848,389376,0.7576294608047316
54848,84851,0.8415432833453977,false,54848,84851,0.8415432833453977
54848,84525,0.7972163209880724,false,54848,84525,0.7972163209880724
54848,10203,0.8617661447956423,false,54848,10203,0.8617661447956423
54848,1080,0.8833407193469521,false,54848,1080,0.8833407193469521
54848,105372793,0.8476240998752383,false,54848,105372793,0.8476240998752383
54848,653509,0.8210630810654704,false,54848,653509,0.8210630810654704
54848,55282,0.8259040899084763,false,54848,55282,0.8259040899084763
54848,144535,0.8777743953092584,false,54848,144535,0.8777743953092584
54848,649946,0.8109000154533816,false,54848,649946,0.8109000154533816
54848,144571,0.8398179075248325,false,54848,144571,0.8398179075248325
54848,26298,0.8696100098845474,false,54848,26298,0.8696100098845474
54848,165186,0.7804514726836693,false,54848,165186,0.7804514726836693
54848,102465485,0.8807262068732841,false,54848,102465485,0.8807262068732841
54848,100033436,0.8528260196648455,false,54848,100033436,0.8528260196648455
79632,100505495,0.8809601010872659,false,79632,100505495,0.8809601010872659
79632,7620,0.8228877910955564,false,79632,7620,0.8228877910955564
79632,26084,0.8014975359196144,false,79632,26084,0.8014975359196144
79632,9476,0.8783440236406588,false,79632,9476,0.8783440236406588
79632,151531,0.8860509814242656,false,79632,151531,0.8860509814242656
79632,201625,0.8066533473205233,false,79632,201625,0.8066533473205233
79632,195814,0.9021284889245431,false,79632,195814,0.9021284889245431
79632,692058,0.7998561160780311,false,79632,692058,0.7998561160780311
79632,645843,0.809134062916201,false,79632,645843,0.809134062916201
79632,2122,0.9698874998493489,false,79632,2122,0.9698874998493489
79632,84059,0.9870135664230155,false,79632,84059,0.9870135664230155
79632,121512,0.9066759772503957,false,79632,121512,0.9066759772503957
79632,6097,0.9398622947960437,false,79632,6097,0.9398622947960437
79632,120892,0.9894644361051551,false,79632,120892,0.9894644361051551
79632,123624,0.9380268115460516,false,79632,123624,0.9380268115460516
79632,391253,0.8981314459559371,false,79632,391253,0.8981314459559371
79632,220136,0.8516791693294753,false,79632,220136,0.8516791693294753
79632,693188,0.8762270520619786,false,79632,693188,0.8762270520619786
79632,6799,0.9017370376975594,false,79632,6799,0.9017370376975594
79632,389376,0.7644688226302727,false,79632,389376,0.7644688226302727
79632,353189,0.9173286775516274,false,79632,353189,0.9173286775516274
79632,776,0.9103312808631995,false,79632,776,0.9103312808631995
79632,84851,0.9002290482805622,false,79632,84851,0.9002290482805622
79632,84525,0.9311830900319549,false,79632,84525,0.9311830900319549
79632,4861,0.8651650051191915,false,79632,4861,0.8651650051191915
79632,10203,0.9488845833377614,false,79632,10203,0.9488845833377614
79632,284323,0.7552227592802315,false,79632,284323,0.7552227592802315
79632,1080,0.9491114973552064,false,79632,1080,0.9491114973552064
79632,65217,0.8687073691203046,false,79632,65217,0.8687073691203046
79632,1286,0.8283194840631943,false,79632,1286,0.8283194840631943
79632,105372793,0.8425231983337569,false,79632,105372793,0.8425231983337569
79632,84765,0.8607983503931969,false,79632,84765,0.8607983503931969
79632,653509,0.8416883789699369,false,79632,653509,0.8416883789699369
79632,55282,0.9045982963590861,false,79632,55282,0.9045982963590861
79632,79098,0.8676736997904987,false,79632,79098,0.8676736997904987
79632,144535,0.9490040207424072,false,79632,144535,0.9490040207424072
79632,649946,0.9855166922112986,false,79632,649946,0.9855166922112986
79632,144571,0.9064755833722395,false,79632,144571,0.9064755833722395
79632,26298,0.8767583415646253,false,79632,26298,0.8767583415646253
79632,165186,0.8834844199810705,false,79632,165186,0.8834844199810705
79632,102465485,0.9430019083930489,false,79632,102465485,0.9430019083930489
79632,100033436,0.9117994737528846,false,79632,100033436,0.9117994737528846
4585,1604,0.7993637542635128,false,4585,1604,0.7993637542635128
4585,201625,0.8325287550439067,false,4585,201625,0.8325287550439067
4585,276,0.8664575041514649,false,4585,276,0.8664575041514649
4585,342892,0.9881007952826193,false,4585,342892,0.9881007952826193
4585,94059,0.8046766039469633,false,4585,94059,0.8046766039469633
4585,26769,0.8705970677171516,false,4585,26769,0.8705970677171516
4585,4069,0.9558139839428694,false,4585,4069,0.9558139839428694
4585,79740,0.8092292943322082,false,4585,79740,0.8092292943322082
2125,163479,0.7577145045882107,false,2125,163479,0.7577145045882107
2125,84867,0.7703242132638844,false,2125,84867,0.7703242132638844
2125,128218,0.7816458442823773,false,2125,128218,0.7816458442823773
2125,5349,0.7640005026572922,false,2125,5349,0.7640005026572922
2125,21,0.7813568043902112,false,2125,21,0.7813568043902112
2125,100423031,0.8045237611710024,false,2125,100423031,0.8045237611710024
55930,22996,0.9531877021216886,false,55930,22996,0.9531877021216886
55930,7113,0.867432612390349,false,55930,7113,0.867432612390349
55930,54861,0.8320106260878005,false,55930,54861,0.8320106260878005
55930,222256,0.8238759028126871,false,55930,222256,0.8238759028126871
55930,105180391,0.7594806112363768,false,55930,105180391,0.7594806112363768
55930,100529240,0.9536466160520138,false,55930,100529240,0.9536466160520138
55930,113218482,0.9289794172787281,false,55930,113218482,0.9289794172787281
55930,647024,0.952434998761689,false,55930,647024,0.952434998761689
55930,255928,0.9197988833496223,false,55930,255928,0.9197988833496223
55930,8537,0.8674853131951891,false,55930,8537,0.8674853131951891
55930,10018,0.9400527139522481,false,55930,10018,0.9400527139522481
55930,115019,0.9193488982085363,false,55930,115019,0.9193488982085363
55930,105180390,0.7948196994367863,false,55930,105180390,0.7948196994367863
55930,1043,0.9323571621908179,false,55930,1043,0.9323571621908179
55930,276,0.8161564012300018,false,55930,276,0.8161564012300018
55930,168374,0.9035216640944492,false,55930,168374,0.9035216640944492
55930,143884,0.9124727827065835,false,55930,143884,0.9124727827065835
55930,80004,0.9000786867120036,false,55930,80004,0.9000786867120036
55930,3993,0.9393702962341219,false,55930,3993,0.9393702962341219
55930,389852,0.929947237745407,false,55930,389852,0.929947237745407
55930,164312,0.9183791803724941,false,55930,164312,0.9183791803724941
55930,84239,0.7925506911802693,false,55930,84239,0.7925506911802693
55930,2065,0.9222069921858105,false,55930,2065,0.9222069921858105
55930,135656,0.9465545666446856,false,55930,135656,0.9465545666446856
55930,94059,0.9656464386025961,false,55930,94059,0.9656464386025961
55930,26769,0.8717235781571838,false,55930,26769,0.8717235781571838
55930,3960,0.9130633363778159,false,55930,3960,0.9130633363778159
55930,23584,0.8614892251648865,false,55930,23584,0.8614892251648865
55930,692213,0.9059193590600743,false,55930,692213,0.9059193590600743
55930,153643,0.9180702970289046,false,55930,153643,0.9180702970289046
55930,112268422,0.9440693786132365,false,55930,112268422,0.9440693786132365
55930,259294,0.9493234139339367,false,55930,259294,0.9493234139339367
55930,2266,0.9298928938430433,false,55930,2266,0.9298928938430433
55930,745,0.8951148784543295,false,55930,745,0.8951148784543295
55930,440352,0.7851716044110838,false,55930,440352,0.7851716044110838
22996,54861,0.8399825760210576,false,22996,54861,0.8399825760210576
22996,222256,0.895658401600039,false,22996,222256,0.895658401600039
22996,100529240,0.9549869958029422,false,22996,100529240,0.9549869958029422
22996,113218482,0.9330408900263281,false,22996,113218482,0.9330408900263281
22996,647024,0.9782107101383172,false,22996,647024,0.9782107101383172
22996,255928,0.9122759678449737,false,22996,255928,0.9122759678449737
22996,8537,0.8637531036245925,false,22996,8537,0.8637531036245925
22996,10018,0.8038486505951343,false,22996,10018,0.8038486505951343
22996,115019,0.8185874693554733,false,22996,115019,0.8185874693554733
22996,1043,0.8117079803506098,false,22996,1043,0.8117079803506098
22996,276,0.8007908072959091,false,22996,276,0.8007908072959091
22996,168374,0.7842485681809976,false,22996,168374,0.7842485681809976
22996,143884,0.8002091184743865,false,22996,143884,0.8002091184743865
22996,80004,0.806188873396582,false,22996,80004,0.806188873396582
22996,3993,0.831291562206971,false,22996,3993,0.831291562206971
22996,389852,0.8206962030498103,false,22996,389852,0.8206962030498103
22996,164312,0.917954953743907,false,22996,164312,0.917954953743907
22996,2065,0.7761098520012725,false,22996,2065,0.7761098520012725
22996,135656,0.928910215571047,false,22996,135656,0.928910215571047
22996,3880,0.8058981499561598,false,22996,3880,0.8058981499561598
22996,94059,0.9008309675026706,false,22996,94059,0.9008309675026706
22996,26769,0.8762852955380868,false,22996,26769,0.8762852955380868
22996,3960,0.7699512796296702,false,22996,3960,0.7699512796296702
22996,23584,0.7651948741945497,false,22996,23584,0.7651948741945497
22996,153643,0.9368907017947737,false,22996,153643,0.9368907017947737
22996,112268422,0.9782193102436073,false,22996,112268422,0.9782193102436073
22996,259294,0.8437303510777641,false,22996,259294,0.8437303510777641
22996,2266,0.9298733480728996,false,22996,2266,0.9298733480728996
22996,745,0.9166384063710663,false,22996,745,0.9166384063710663
100505495,7620,0.837715131901643,false,100505495,7620,0.837715131901643
100505495,4179,0.7788332926545296,false,100505495,4179,0.7788332926545296
100505495,9476,0.9298261313369497,false,100505495,9476,0.9298261313369497
100505495,151531,0.9233323728142714,false,100505495,151531,0.9233323728142714
100505495,195814,0.7636306751184576,false,100505495,195814,0.7636306751184576
100505495,692058,0.7975956441930196,false,100505495,692058,0.7975956441930196
100505495,2122,0.9634056018464787,false,100505495,2122,0.9634056018464787
100505495,84059,0.8443711930500085,false,100505495,84059,0.8443711930500085
100505495,121512,0.8391301675581809,false,100505495,121512,0.8391301675581809
100505495,6097,0.9464719758812032,false,100505495,6097,0.9464719758812032
100505495,120892,0.9053763679627868,false,100505495,120892,0.9053763679627868
100505495,123624,0.9770585262383604,false,100505495,123624,0.9770585262383604
100505495,391253,0.9877167920674961,false,100505495,391253,0.9877167920674961
100505495,220136,0.8183211508216169,false,100505495,220136,0.8183211508216169
100505495,693188,0.9906279856080412,false,100505495,693188,0.9906279856080412
100505495,6799,0.7891852652676764,false,100505495,6799,0.7891852652676764
100505495,389376,0.873278930849245,false,100505495,389376,0.873278930849245
100505495,353189,0.9755484954612584,false,100505495,353189,0.9755484954612584
100505495,776,0.9033555770094069,false,100505495,776,0.9033555770094069
100505495,84851,0.9392424582736587,false,100505495,84851,0.9392424582736587
100505495,84525,0.8501535967330819,false,100505495,84525,0.8501535967330819
100505495,4861,0.9865905760480523,false,100505495,4861,0.9865905760480523
100505495,10203,0.9434415091603823,false,100505495,10203,0.9434415091603823
100505495,1080,0.7889634601759881,false,100505495,1080,0.7889634601759881
100505495,65217,0.8038947032041076,false,100505495,65217,0.8038947032041076
100505495,105372793,0.9256353384861254,false,100505495,105372793,0.9256353384861254
100505495,56955,0.8796178761068009,false,100505495,56955,0.8796178761068009
100505495,84765,0.9334655704740764,false,100505495,84765,0.9334655704740764
100505495,653509,0.7710494685479378,false,100505495,653509,0.7710494685479378
100505495,55282,0.8927513629586625,false,100505495,55282,0.8927513629586625
100505495,79098,0.9487648274338505,false,100505495,79098,0.9487648274338505
100505495,144535,0.8038019781429203,false,100505495,144535,0.8038019781429203
100505495,649946,0.8622003036976893,false,100505495,649946,0.8622003036976893
100505495,144571,0.9530708165105185,false,100505495,144571,0.9530708165105185
100505495,26298,0.8798957729873546,false,100505495,26298,0.8798957729873546
100505495,165186,0.9786230087715432,false,100505495,165186,0.9786230087715432
100505495,102465485,0.9230352176626747,false,100505495,102465485,0.9230352176626747
100505495,100033436,0.9618493488630012,false,100505495,100033436,0.9618493488630012
1767,1604,0.8519766232395782,false,1767,1604,0.8519766232395782
1767,276,0.7805339719754655,false,1767,276,0.7805339719754655
1767,112577518,0.8239422189486814,false,1767,112577518,0.8239422189486814
1767,563,0.7650472327179886,false,1767,563,0.7650472327179886
1767,4069,0.8306783517775873,false,1767,4069,0.8306783517775873
1767,284434,0.769707352567146,false,1767,284434,0.769707352567146
1767,79740,0.8604927710781549,false,1767,79740,0.8604927710781549
3780,64137,0.8627693059758342,false,3780,64137,0.8627693059758342
3780,23562,0.7609320541820433,false,3780,23562,0.7609320541820433
3780,163479,0.8341813623742325,false,3780,163479,0.8341813623742325
3780,2619,0.9687556639687572,false,3780,2619,0.9687556639687572
3780,84867,0.7942458994260401,false,3780,84867,0.7942458994260401
3780,113219467,0.8274221401596487,false,3780,113219467,0.8274221401596487
3780,100423031,0.9750372679541819,false,3780,100423031,0.9750372679541819
7620,105180391,0.8433368944853078,false,7620,105180391,0.8433368944853078
7620,151531,0.9255340137297972,false,7620,151531,0.9255340137297972
7620,105180390,0.8262605224069008,false,7620,105180390,0.8262605224069008
7620,692058,0.940454718540649,false,7620,692058,0.940454718540649
7620,645843,0.8511918025267484,false,7620,645843,0.8511918025267484
7620,2122,0.8349936985222124,false,7620,2122,0.8349936985222124
7620,121512,0.925416155554624,false,7620,121512,0.925416155554624
7620,6097,0.756138712656296,false,7620,6097,0.756138712656296
7620,120892,0.8101583498862986,false,7620,120892,0.8101583498862986
7620,123624,0.8378426879978713,false,7620,123624,0.8378426879978713
7620,391253,0.8484727270360177,false,7620,391253,0.8484727270360177
7620,693188,0.8456737052329906,false,7620,693188,0.8456737052329906
7620,353189,0.8881770384772387,false,7620,353189,0.8881770384772387
7620,776,0.9505712714300789,false,7620,776,0.9505712714300789
7620,84851,0.8513790896531039,false,7620,84851,0.8513790896531039
7620,4861,0.8172894178035361,false,7620,4861,0.8172894178035361
7620,10203,0.8095458011877839,false,7620,10203,0.8095458011877839
7620,284323,0.9295339679833049,false,7620,284323,0.9295339679833049
7620,65217,0.91171813612395,false,7620,65217,0.91171813612395
7620,105372793,0.7950907465873583,false,7620,105372793,0.7950907465873583
7620,84765,0.8577715452948164,false,7620,84765,0.8577715452948164
7620,79098,0.802470601836666,false,7620,79098,0.802470601836666
7620,649946,0.8380924275122066,false,7620,649946,0.8380924275122066
7620,26298,0.7923398706040002,false,7620,26298,0.7923398706040002
7620,165186,0.7712709496358273,false,7620,165186,0.7712709496358273
7620,102465485,0.7537929660702101,false,7620,102465485,0.7537929660702101
7620,100033436,0.8161998022604793,false,7620,100033436,0.8161998022604793
4179,201625,0.7527557162328052,false,4179,201625,0.7527557162328052
4179,2122,0.7635704864838955,false,4179,2122,0.7635704864838955
4179,120892,0.785992601797232,false,4179,120892,0.785992601797232
4179,693188,0.8527039052532119,false,4179,693188,0.8527039052532119
4179,84851,0.9071625115060273,false,4179,84851,0.9071625115060273
4179,10203,0.7851695409421916,false,4179,10203,0.7851695409421916
4179,1080,0.7869972310014944,false,4179,1080,0.7869972310014944
4179,105372793,0.9371647600628326,false,4179,105372793,0.9371647600628326
4179,144535,0.7851936732811643,false,4179,144535,0.7851936732811643
4179,649946,0.7917431641876724,false,4179,649946,0.7917431641876724
4179,144571,0.7940549351302597,false,4179,144571,0.7940549351302597
4179,26298,0.8939177283165697,false,4179,26298,0.8939177283165697
4179,102465485,0.8521053976434197,false,4179,102465485,0.8521053976434197
4179,100033436,0.8844489585198172,false,4179,100033436,0.8844489585198172
7113,54861,0.7900210176899138,false,7113,54861,0.7900210176899138
7113,105180391,0.8990311670274937,false,7113,105180391,0.8990311670274937
7113,100529240,0.7783270083881857,false,7113,100529240,0.7783270083881857
7113,113218482,0.8728347357007774,false,7113,113218482,0.8728347357007774
7113,647024,0.8222127504482133,false,7113,647024,0.8222127504482133
7113,255928,0.8159851387479422,false,7113,255928,0.8159851387479422
7113,8537,0.7565297687128524,false,7113,8537,0.7565297687128524
7113,10018,0.9150790526893633,false,7113,10018,0.9150790526893633
7113,115019,0.9883957742377041,false,7113,115019,0.9883957742377041
7113,105180390,0.9028181861336088,false,7113,105180390,0.9028181861336088
7113,1043,0.9485444201570099,false,7113,1043,0.9485444201570099
7113,168374,0.9772580623455035,false,7113,168374,0.9772580623455035
7113,645843,0.8762196006767211,false,7113,645843,0.8762196006767211
7113,143884,0.8928741850483154,false,7113,143884,0.8928741850483154
7113,80004,0.9781718164723405,false,7113,80004,0.9781718164723405
7113,3993,0.9584491067583327,false,7113,3993,0.9584491067583327
7113,389852,0.9249103437360159,false,7113,389852,0.9249103437360159
7113,164312,0.8040870229014531,false,7113,164312,0.8040870229014531
7113,84239,0.9613225945998785,false,7113,84239,0.9613225945998785
7113,2065,0.9505930596710497,false,7113,2065,0.9505930596710497
7113,135656,0.8456022727725652,false,7113,135656,0.8456022727725652
7113,94059,0.8121481729244805,false,7113,94059,0.8121481729244805
7113,3960,0.9391154210362069,false,7113,3960,0.9391154210362069
7113,284323,0.8005060215666749,false,7113,284323,0.8005060215666749
7113,23584,0.9831560220319903,false,7113,23584,0.9831560220319903
7113,692213,0.9064710380872522,false,7113,692213,0.9064710380872522
7113,153643,0.8628681482149793,false,7113,153643,0.8628681482149793
7113,259294,0.9298847633381293,false,7113,259294,0.9298847633381293
7113,2266,0.7894545873427505,false,7113,2266,0.7894545873427505
7113,745,0.8500667661723091,false,7113,745,0.8500667661723091
7113,440352,0.9326253717909786,false,7113,440352,0.9326253717909786
54861,222256,0.9371569389625986,false,54861,222256,0.9371569389625986
54861,100529240,0.7893921633523743,false,54861,100529240,0.7893921633523743
54861,113218482,0.8480664330490101,false,54861,113218482,0.8480664330490101
54861,647024,0.8512913318845328,false,54861,647024,0.8512913318845328
54861,10018,0.7592789728847349,false,54861,10018,0.7592789728847349
54861,115019,0.8300166898824187,false,54861,115019,0.8300166898824187
54861,1043,0.8641660390096139,false,54861,1043,0.8641660390096139
54861,276,0.8510542946043728,false,54861,276,0.8510542946043728
54861,168374,0.8310943158581182,false,54861,168374,0.8310943158581182
54861,83481,0.8432061265680129,false,54861,83481,0.8432061265680129
54861,143884,0.7896866670293248,false,54861,143884,0.7896866670293248
54861,80004,0.8009764728034785,false,54861,80004,0.8009764728034785
54861,3993,0.7767991935714279,false,54861,3993,0.7767991935714279
54861,84239,0.8534404850093532,false,54861,84239,0.8534404850093532
54861,135656,0.7715090573257087,false,54861,135656,0.7715090573257087
54861,3880,0.8739545780782539,false,54861,3880,0.8739545780782539
54861,94059,0.8212103369505636,false,54861,94059,0.8212103369505636
54861,26769,0.7725074987078974,false,54861,26769,0.7725074987078974
54861,100129460,0.8207395997082678,false,54861,100129460,0.8207395997082678
54861,23584,0.862394512040873,false,54861,23584,0.862394512040873
54861,153643,0.8913194417522361,false,54861,153643,0.8913194417522361
54861,112268422,0.8655904889326702,false,54861,112268422,0.8655904889326702
54861,259294,0.7714629198191877,false,54861,259294,0.7714629198191877
54861,79740,0.8193912665727919,false,54861,79740,0.8193912665727919
54861,2266,0.7696250097574984,false,54861,2266,0.7696250097574984
54861,745,0.849509383707465,false,54861,745,0.849509383707465
64137,23562,0.9228110384694251,false,64137,23562,0.9228110384694251
64137,2619,0.8299047468616093,false,64137,2619,0.8299047468616093
64137,100130701,0.770004823427711,false,64137,100130701,0.770004823427711
64137,441151,0.7582767977045117,false,64137,441151,0.7582767977045117
64137,222183,0.8277181104107322,false,64137,222183,0.8277181104107322
64137,113219467,0.7891488831203652,false,64137,113219467,0.7891488831203652
64137,1028,0.8178845005850252,false,64137,1028,0.8178845005850252
222256,100529240,0.8086266832343811,false,222256,100529240,0.8086266832343811
222256,113218482,0.9015167461319422,false,222256,113218482,0.9015167461319422
222256,647024,0.9119558096641759,false,222256,647024,0.9119558096641759
222256,255928,0.7784876306757396,false,222256,255928,0.7784876306757396
222256,8537,0.7510696508984166,false,222256,8537,0.7510696508984166
222256,115019,0.8026280355438343,false,222256,115019,0.8026280355438343
222256,1043,0.7562274287165301,false,222256,1043,0.7562274287165301
222256,276,0.7959866842583821,false,222256,276,0.7959866842583821
222256,168374,0.7667691554953551,false,222256,168374,0.7667691554953551
222256,83481,0.9110105299445391,false,222256,83481,0.9110105299445391
222256,1579,0.7679581263597502,false,222256,1579,0.7679581263597502
222256,80004,0.7751430560720941,false,222256,80004,0.7751430560720941
222256,164312,0.7806524363012326,false,222256,164312,0.7806524363012326
222256,84239,0.7519771530968157,false,222256,84239,0.7519771530968157
222256,135656,0.8095994958849968,false,222256,135656,0.8095994958849968
222256,3880,0.9444416576041031,false,222256,3880,0.9444416576041031
222256,94059,0.7619733163859698,false,222256,94059,0.7619733163859698
222256,26769,0.7504721952913282,false,222256,26769,0.7504721952913282
222256,100129460,0.8404755028943791,false,222256,100129460,0.8404755028943791
222256,23584,0.8149761885575962,false,222256,23584,0.8149761885575962
222256,153643,0.9466491140252755,false,222256,153643,0.9466491140252755
222256,112268422,0.8970573887539877,false,222256,112268422,0.8970573887539877
222256,2266,0.7872576368569197,false,222256,2266,0.7872576368569197
222256,745,0.910319293525431,false,222256,745,0.910319293525431
1604,886,0.9316919494235374,false,1604,886,0.9316919494235374
1604,4057,0.9242236003969526,false,1604,4057,0.9242236003969526
1604,26797,0.863906314749912,false,1604,26797,0.863906314749912
1604,112577518,0.9497384372945256,false,1604,112577518,0.9497384372945256
1604,342892,0.8060243073464542,false,1604,342892,0.8060243073464542
1604,692209,0.899351390177154,false,1604,692209,0.899351390177154
1604,563,0.9337474540839391,false,1604,563,0.9337474540839391
1604,4069,0.9112428754472799,false,1604,4069,0.9112428754472799
1604,83643,0.8308729826634896,false,1604,83643,0.8308729826634896
1604,284434,0.9171145105022911,false,1604,284434,0.9171145105022911
100126311,84867,0.7818674096124594,false,100126311,84867,0.7818674096124594
100126311,140766,0.7774596534668575,false,100126311,140766,0.7774596534668575
100126311,284680,0.7669445179276347,false,100126311,284680,0.7669445179276347
100126311,57710,0.8027568083719236,false,100126311,57710,0.8027568083719236
100126311,105373265,0.7729762597367501,false,100126311,105373265,0.7729762597367501
100126311,1515,0.7634850146505693,false,100126311,1515,0.7634850146505693
105180391,151531,0.8043516098740753,false,105180391,151531,0.8043516098740753
105180391,10018,0.912428482264114,false,105180391,10018,0.912428482264114
105180391,115019,0.8625834424219548,false,105180391,115019,0.8625834424219548
105180391,105180390,0.9976604912043369,false,105180391,105180390,0.9976604912043369
105180391,1043,0.8964933461108259,false,105180391,1043,0.8964933461108259
105180391,692058,0.8340954874587008,false,105180391,692058,0.8340954874587008
105180391,168374,0.8999338274991031,false,105180391,168374,0.8999338274991031
105180391,645843,0.9430231784225303,false,105180391,645843,0.9430231784225303
105180391,143884,0.8796925032192308,false,105180391,143884,0.8796925032192308
105180391,80004,0.8351581051241905,false,105180391,80004,0.8351581051241905
105180391,121512,0.9020122929227201,false,105180391,121512,0.9020122929227201
105180391,3993,0.8530695689574597,false,105180391,3993,0.8530695689574597
105180391,389852,0.8802019145568186,false,105180391,389852,0.8802019145568186
105180391,84239,0.8419976930170894,false,105180391,84239,0.8419976930170894
105180391,2065,0.9404314429496932,false,105180391,2065,0.9404314429496932
105180391,776,0.8278638539690002,false,105180391,776,0.8278638539690002
105180391,94059,0.777276644485183,false,105180391,94059,0.777276644485183
105180391,3960,0.9296689106521887,false,105180391,3960,0.9296689106521887
105180391,284323,0.9706199228615738,false,105180391,284323,0.9706199228615738
105180391,65217,0.8773257824178261,false,105180391,65217,0.8773257824178261
105180391,23584,0.8254069887433304,false,105180391,23584,0.8254069887433304
105180391,692213,0.939920426304865,false,105180391,692213,0.939920426304865
105180391,259294,0.8819335415715794,false,105180391,259294,0.8819335415715794
105180391,440352,0.837698679226484,false,105180391,440352,0.837698679226484
26084,117156,0.9066294900410063,false,26084,117156,0.9066294900410063
26084,195814,0.9040178558283294,false,26084,195814,0.9040178558283294
26084,84059,0.8635578272067181,false,26084,84059,0.8635578272067181
26084,120892,0.7861098839230741,false,26084,120892,0.7861098839230741
26084,220136,0.7734812263257516,false,26084,220136,0.7734812263257516
26084,6799,0.8703950153056954,false,26084,6799,0.8703950153056954
26084,57402,0.9611590200660809,false,26084,57402,0.9611590200660809
26084,780,0.8840361099770776,false,26084,780,0.8840361099770776
26084,84525,0.8331000625564613,false,26084,84525,0.8331000625564613
26084,21,0.7512785535829437,false,26084,21,0.7512785535829437
26084,7433,0.892246551041911,false,26084,7433,0.892246551041911
26084,1080,0.8230918866595576,false,26084,1080,0.8230918866595576
26084,1286,0.9077328676562046,false,26084,1286,0.9077328676562046
26084,653509,0.8280740973981794,false,26084,653509,0.8280740973981794
26084,729238,0.8031938139364222,false,26084,729238,0.8031938139364222
26084,144535,0.8043069774843106,false,26084,144535,0.8043069774843106
26084,649946,0.7837367710414088,false,26084,649946,0.7837367710414088
26084,3855,0.8136354668055812,false,26084,3855,0.8136354668055812
100529240,113218482,0.9445271462606842,false,100529240,113218482,0.9445271462606842
100529240,647024,0.9589557715309149,false,100529240,647024,0.9589557715309149
100529240,255928,0.9709617636228467,false,100529240,255928,0.9709617636228467
100529240,8537,0.939340023834023,false,100529240,8537,0.939340023834023
100529240,10018,0.8536555048468306,false,100529240,10018,0.8536555048468306
100529240,115019,0.85817644964648,false,100529240,115019,0.85817644964648
100529240,1043,0.8354211086763431,false,100529240,1043,0.8354211086763431
100529240,168374,0.8552901522120016,false,100529240,168374,0.8552901522120016
100529240,143884,0.8925877641083458,false,100529240,143884,0.8925877641083458
100529240,80004,0.831756504637003,false,100529240,80004,0.831756504637003
100529240,3993,0.8421531042443179,false,100529240,3993,0.8421531042443179
100529240,389852,0.9179767350461856,false,100529240,389852,0.9179767350461856
100529240,164312,0.9592765287009712,false,100529240,164312,0.9592765287009712
100529240,2065,0.8600747805579175,false,100529240,2065,0.8600747805579175
100529240,1513,0.7692290037569163,false,100529240,1513,0.7692290037569163
100529240,135656,0.9831825465026268,false,100529240,135656,0.9831825465026268
100529240,94059,0.9108211922539934,false,100529240,94059,0.9108211922539934
100529240,26769,0.8291366180823421,false,100529240,26769,0.8291366180823421
100529240,3960,0.8685022211402484,false,100529240,3960,0.8685022211402484
100529240,23584,0.7817936418984298,false,100529240,23584,0.7817936418984298
100529240,692213,0.7992011696006412,false,100529240,692213,0.7992011696006412
100529240,153643,0.9157611029354087,false,100529240,153643,0.9157611029354087
100529240,112268422,0.9341773064682177,false,100529240,112268422,0.9341773064682177
100529240,259294,0.9272316582491024,false,100529240,259294,0.9272316582491024
100529240,2266,0.991080684118029,false,100529240,2266,0.991080684118029
100529240,745,0.9160020560028049,false,100529240,745,0.9160020560028049
886,4057,0.9989834924424921,false,886,4057,0.9989834924424921
886,26797,0.9766999936185811,false,886,26797,0.9766999936185811
886,112577518,0.9806146071173463,false,886,112577518,0.9806146071173463
886,692209,0.993975795722688,false,886,692209,0.993975795722688
886,563,0.9980801096562634,false,886,563,0.9980801096562634
886,4069,0.8644872876536157,false,886,4069,0.8644872876536157
886,83643,0.9616885162171182,false,886,83643,0.9616885162171182
886,284434,0.9930258261267856,false,886,284434,0.9930258261267856
113218482,647024,0.985959110757223,false,113218482,647024,0.985959110757223
113218482,255928,0.9659887766206406,false,113218482,255928,0.9659887766206406
113218482,8537,0.9228619647856493,false,113218482,8537,0.9228619647856493
113218482,10018,0.828424426917127,false,113218482,10018,0.828424426917127
113218482,115019,0.9323763875463211,false,113218482,115019,0.9323763875463211
113218482,1043,0.8531406750653546,false,113218482,1043,0.8531406750653546
113218482,168374,0.900530059787376,false,113218482,168374,0.900530059787376
113218482,143884,0.8587117608865781,false,113218482,143884,0.8587117608865781
113218482,80004,0.922922310184471,false,113218482,80004,0.922922310184471
113218482,3993,0.8921054276084165,false,113218482,3993,0.8921054276084165
113218482,389852,0.9082840766054897,false,113218482,389852,0.9082840766054897
113218482,164312,0.9570220978832829,false,113218482,164312,0.9570220978832829
113218482,84239,0.8058520004905612,false,113218482,84239,0.8058520004905612
113218482,2065,0.8549058270156037,false,113218482,2065,0.8549058270156037
113218482,135656,0.9753953742506469,false,113218482,135656,0.9753953742506469
113218482,3880,0.8533706241235255,false,113218482,3880,0.8533706241235255
113218482,94059,0.8423522923865535,false,113218482,94059,0.8423522923865535
113218482,3960,0.860426376560352,false,113218482,3960,0.860426376560352
113218482,23584,0.8985559542266248,false,113218482,23584,0.8985559542266248
113218482,692213,0.7709688386566376,false,113218482,692213,0.7709688386566376
113218482,153643,0.9916812044841042,false,113218482,153643,0.9916812044841042
113218482,112268422,0.9016327006586308,false,113218482,112268422,0.9016327006586308
113218482,259294,0.9128109877283866,false,113218482,259294,0.9128109877283866
113218482,2266,0.9523309304895727,false,113218482,2266,0.9523309304895727
113218482,745,0.9917361581899075,false,113218482,745,0.9917361581899075
9476,151531,0.8836255115112027,false,9476,151531,0.8836255115112027
9476,195814,0.8336517995950917,false,9476,195814,0.8336517995950917
9476,2122,0.9318144560979323,false,9476,2122,0.9318144560979323
9476,84059,0.8747607731332675,false,9476,84059,0.8747607731332675
9476,121512,0.809345923252709,false,9476,121512,0.809345923252709
9476,6097,0.9626169936790457,false,9476,6097,0.9626169936790457
9476,120892,0.9026256066026259,false,9476,120892,0.9026256066026259
9476,123624,0.9628959036237738,false,9476,123624,0.9628959036237738
9476,391253,0.9285364700298143,false,9476,391253,0.9285364700298143
9476,220136,0.827199847427508,false,9476,220136,0.827199847427508
9476,693188,0.8938460907588615,false,9476,693188,0.8938460907588615
9476,6799,0.8602818457155691,false,9476,6799,0.8602818457155691
9476,389376,0.9750393907606849,false,9476,389376,0.9750393907606849
9476,353189,0.9434810419836495,false,9476,353189,0.9434810419836495
9476,776,0.8621690653434894,false,9476,776,0.8621690653434894
9476,84851,0.8482043398166862,false,9476,84851,0.8482043398166862
9476,84525,0.8986635439576942,false,9476,84525,0.8986635439576942
9476,4861,0.9632933980686507,false,9476,4861,0.9632933980686507
9476,10203,0.8904266393255214,false,9476,10203,0.8904266393255214
9476,1080,0.7961082298439933,false,9476,1080,0.7961082298439933
9476,105372793,0.8157688544892976,false,9476,105372793,0.8157688544892976
9476,56955,0.9319539213593503,false,9476,56955,0.9319539213593503
9476,84765,0.8989593327608876,false,9476,84765,0.8989593327608876
9476,653509,0.9241124916336834,false,9476,653509,0.9241124916336834
9476,55282,0.9266848410454204,false,9476,55282,0.9266848410454204
9476,729238,0.8321089687588195,false,9476,729238,0.8321089687588195
9476,79098,0.9918412806623703,false,9476,79098,0.9918412806623703
9476,144535,0.8122325608969583,false,9476,144535,0.8122325608969583
9476,649946,0.8180117690626656,false,9476,649946,0.8180117690626656
9476,144571,0.9121790730980193,false,9476,144571,0.9121790730980193
9476,26298,0.8421196712119066,false,9476,26298,0.8421196712119066
9476,165186,0.9753721958867906,false,9476,165186,0.9753721958867906
9476,102465485,0.8870918625702344,false,9476,102465485,0.8870918625702344
9476,100033436,0.8885948427229742,false,9476,100033436,0.8885948427229742
647024,255928,0.9562237324397583,false,647024,255928,0.9562237324397583
647024,8537,0.905847640289417,false,647024,8537,0.905847640289417
647024,10018,0.8210890901399762,false,647024,10018,0.8210890901399762
647024,115019,0.8933934413724176,false,647024,115019,0.8933934413724176
647024,1043,0.8437061671877447,false,647024,1043,0.8437061671877447
647024,168374,0.8549642207025423,false,647024,168374,0.8549642207025423
647024,143884,0.8308001103708204,false,647024,143884,0.8308001103708204
647024,80004,0.8888364081720951,false,647024,80004,0.8888364081720951
647024,3993,0.8837288658169564,false,647024,3993,0.8837288658169564
647024,389852,0.8785401050610204,false,647024,389852,0.8785401050610204
647024,164312,0.9593454211311316,false,647024,164312,0.9593454211311316
647024,84239,0.7561108999022331,false,647024,84239,0.7561108999022331
647024,2065,0.8291348659684846,false,647024,2065,0.8291348659684846
647024,135656,0.9676052137431125,false,647024,135656,0.9676052137431125
647024,3880,0.856067572799988,false,647024,3880,0.856067572799988
647024,94059,0.8714757113667052,false,647024,94059,0.8714757113667052
647024,26769,0.7899888547155425,false,647024,26769,0.7899888547155425
647024,3960,0.8277019888344421,false,647024,3960,0.8277019888344421
647024,23584,0.8537176166242795,false,647024,23584,0.8537176166242795
647024,692213,0.7612497388271066,false,647024,692213,0.7612497388271066
647024,153643,0.9836968386215696,false,647024,153643,0.9836968386215696
647024,112268422,0.9435823187132252,false,647024,112268422,0.9435823187132252
647024,259294,0.8887548551607921,false,647024,259294,0.8887548551607921
647024,2266,0.9534813855084525,false,647024,2266,0.9534813855084525
647024,745,0.9773770553372181,false,647024,745,0.9773770553372181
117156,195814,0.8720863907645522,false,117156,195814,0.8720863907645522
117156,105,0.7511126403099659,false,117156,105,0.7511126403099659
117156,100820829,0.8161867984665488,false,117156,100820829,0.8161867984665488
117156,220136,0.7529657182834316,false,117156,220136,0.7529657182834316
117156,6799,0.8549374864663996,false,117156,6799,0.8549374864663996
117156,57402,0.9117462563597882,false,117156,57402,0.9117462563597882
117156,84525,0.7826274214074593,false,117156,84525,0.7826274214074593
117156,21,0.9424265362244517,false,117156,21,0.9424265362244517
117156,7433,0.8240953650233973,false,117156,7433,0.8240953650233973
117156,1286,0.8309476989451449,false,117156,1286,0.8309476989451449
117156,653509,0.8476506042199354,false,117156,653509,0.8476506042199354
117156,729238,0.8937676951263167,false,117156,729238,0.8937676951263167
117156,3855,0.9199193532241073,false,117156,3855,0.9199193532241073
255928,8537,0.9629522400560487,false,255928,8537,0.9629522400560487
255928,10018,0.8269859374294098,false,255928,10018,0.8269859374294098
255928,115019,0.8855139528315231,false,255928,115019,0.8855139528315231
255928,1043,0.8028002280845942,false,255928,1043,0.8028002280845942
255928,168374,0.8610797054195355,false,255928,168374,0.8610797054195355
255928,143884,0.8599245686724917,false,255928,143884,0.8599245686724917
255928,80004,0.8768943981630825,false,255928,80004,0.8768943981630825
255928,3993,0.8606548725947185,false,255928,3993,0.8606548725947185
255928,389852,0.9388622747609571,false,255928,389852,0.9388622747609571
255928,164312,0.9794250253769108,false,255928,164312,0.9794250253769108
255928,2065,0.8643056668481348,false,255928,2065,0.8643056668481348
255928,1513,0.7554441457018249,false,255928,1513,0.7554441457018249
255928,135656,0.9946583153017036,false,255928,135656,0.9946583153017036
255928,94059,0.8400029789931632,false,255928,94059,0.8400029789931632
255928,3960,0.8878118198641386,false,255928,3960,0.8878118198641386
255928,23584,0.8097089315920877,false,255928,23584,0.8097089315920877
255928,692213,0.779075221483997,false,255928,692213,0.779075221483997
255928,153643,0.9273992893282033,false,255928,153643,0.9273992893282033
255928,112268422,0.8716560234984996,false,255928,112268422,0.8716560234984996
255928,259294,0.9245919148121323,false,255928,259294,0.9245919148121323
255928,2266,0.9844558323254546,false,255928,2266,0.9844558323254546
255928,745,0.9426756563749928,false,255928,745,0.9426756563749928
23562,2619,0.8162844981759809,false,23562,2619,0.8162844981759809
23562,100130701,0.8945037885607615,false,23562,100130701,0.8945037885607615
23562,441151,0.9292560072690705,false,23562,441151,0.9292560072690705
23562,222183,0.9798342071980596,false,23562,222183,0.9798342071980596
23562,113219467,0.8047100034208712,false,23562,113219467,0.8047100034208712
23562,57710,0.7561623989234602,false,23562,57710,0.7561623989234602
23562,1028,0.7657710926063923,false,23562,1028,0.7657710926063923
1746,399726,0.9171967700019752,false,1746,399726,0.9171967700019752
1746,57710,0.8014442956565039,false,1746,57710,0.8014442956565039
1746,9699,0.9805886279268028,false,1746,9699,0.9805886279268028
1746,80381,0.8155949036898239,false,1746,80381,0.8155949036898239
1746,100874002,0.9966912692119794,false,1746,100874002,0.9966912692119794
1746,219793,0.9907091743636324,false,1746,219793,0.9907091743636324
1746,1515,0.7979425735863329,false,1746,1515,0.7979425735863329
57524,256076,0.7588060658070368,false,57524,256076,0.7588060658070368
57524,140766,0.8114671498576969,false,57524,140766,0.8114671498576969
57524,284680,0.9731979055178329,false,57524,284680,0.9731979055178329
57524,128218,0.9169492191095088,false,57524,128218,0.9169492191095088
57524,105373265,0.936501747772983,false,57524,105373265,0.936501747772983
57524,9211,0.752313651257829,false,57524,9211,0.752313651257829
57524,440590,0.9963977760939859,false,57524,440590,0.9963977760939859
151531,105180390,0.7737077974171732,false,151531,105180390,0.7737077974171732
151531,692058,0.8921406592019513,false,151531,692058,0.8921406592019513
151531,645843,0.789086430550604,false,151531,645843,0.789086430550604
151531,2122,0.9297602221879442,false,151531,2122,0.9297602221879442
151531,84059,0.823375755587578,false,151531,84059,0.823375755587578
151531,121512,0.9606532509131688,false,151531,121512,0.9606532509131688
151531,6097,0.8749658092625071,false,151531,6097,0.8749658092625071
151531,120892,0.8731082605450514,false,151531,120892,0.8731082605450514
151531,123624,0.9405246544612892,false,151531,123624,0.9405246544612892
151531,391253,0.9364466073371622,false,151531,391253,0.9364466073371622
151531,693188,0.9004494354756709,false,151531,693188,0.9004494354756709
151531,389376,0.776827617215178,false,151531,389376,0.776827617215178
151531,353189,0.9797256959040006,false,151531,353189,0.9797256959040006
151531,776,0.9618883973105767,false,151531,776,0.9618883973105767
151531,84851,0.8738416737597576,false,151531,84851,0.8738416737597576
151531,84525,0.7834607815728003,false,151531,84525,0.7834607815728003
151531,4861,0.9295037686896713,false,151531,4861,0.9295037686896713
151531,10203,0.8660102323826696,false,151531,10203,0.8660102323826696
151531,284323,0.9093154563730236,false,151531,284323,0.9093154563730236
151531,1080,0.7555671852166654,false,151531,1080,0.7555671852166654
151531,65217,0.8840956328924848,false,151531,65217,0.8840956328924848
151531,105372793,0.8249837636932569,false,151531,105372793,0.8249837636932569
151531,56955,0.8097632669718795,false,151531,56955,0.8097632669718795
151531,84765,0.9270515324318729,false,151531,84765,0.9270515324318729
151531,55282,0.7884496774855752,false,151531,55282,0.7884496774855752
151531,79098,0.9212001290263615,false,151531,79098,0.9212001290263615
151531,144535,0.7793695745367581,false,151531,144535,0.7793695745367581
151531,649946,0.8489476551429731,false,151531,649946,0.8489476551429731
151531,144571,0.8338420223299323,false,151531,144571,0.8338420223299323
151531,26298,0.8176879996554861,false,151531,26298,0.8176879996554861
151531,165186,0.9088583810609906,false,151531,165186,0.9088583810609906
151531,102465485,0.8267881635135966,false,151531,102465485,0.8267881635135966
151531,100033436,0.8777043597065172,false,151531,100033436,0.8777043597065172
163479,2619,0.9010725879467066,false,163479,2619,0.9010725879467066
163479,84867,0.9297333116004701,false,163479,84867,0.9297333116004701
163479,441151,0.7996585811911043,false,163479,441151,0.7996585811911043
163479,113219467,0.8101157579637214,false,163479,113219467,0.8101157579637214
163479,80381,0.7970204942439596,false,163479,80381,0.7970204942439596
163479,100874002,0.7597314270710346,false,163479,100874002,0.7597314270710346
163479,100423031,0.878448219434565,false,163479,100423031,0.878448219434565
163479,1515,0.9557811351427878,false,163479,1515,0.9557811351427878
8537,10018,0.7842048688456217,false,8537,10018,0.7842048688456217
8537,115019,0.8339528513787092,false,8537,115019,0.8339528513787092
8537,168374,0.8287551559764122,false,8537,168374,0.8287551559764122
8537,143884,0.8572939758614723,false,8537,143884,0.8572939758614723
8537,80004,0.7867772028260621,false,8537,80004,0.7867772028260621
8537,3993,0.7798357939510725,false,8537,3993,0.7798357939510725
8537,389852,0.8987989770134038,false,8537,389852,0.8987989770134038
8537,164312,0.9327084259229368,false,8537,164312,0.9327084259229368
8537,2065,0.8076411940823846,false,8537,2065,0.8076411940823846
8537,1513,0.8224311803070588,false,8537,1513,0.8224311803070588
8537,135656,0.961925293543769,false,8537,135656,0.961925293543769
8537,94059,0.786500264610803,false,8537,94059,0.786500264610803
8537,3960,0.8468363712994957,false,8537,3960,0.8468363712994957
8537,153643,0.8807461743886517,false,8537,153643,0.8807461743886517
8537,112268422,0.8317863600319978,false,8537,112268422,0.8317863600319978
8537,259294,0.897858633316586,false,8537,259294,0.897858633316586
8537,2266,0.9346443538194676,false,8537,2266,0.9346443538194676
8537,745,0.894434883800814,false,8537,745,0.894434883800814
10018,115019,0.9318872215941292,false,10018,115019,0.9318872215941292
10018,105180390,0.9324900817673285,false,10018,105180390,0.9324900817673285
10018,1043,0.9580676793731646,false,10018,1043,0.9580676793731646
10018,276,0.7936205078114789,false,10018,276,0.7936205078114789
10018,168374,0.9423910730383134,false,10018,168374,0.9423910730383134
10018,645843,0.8895282001665897,false,10018,645843,0.8895282001665897
10018,143884,0.9621896439941211,false,10018,143884,0.9621896439941211
10018,80004,0.8886518519727276,false,10018,80004,0.8886518519727276
10018,3993,0.9267575002760193,false,10018,3993,0.9267575002760193
10018,389852,0.9413903793564063,false,10018,389852,0.9413903793564063
10018,164312,0.790830998501422,false,10018,164312,0.790830998501422
10018,84239,0.8319656518738661,false,10018,84239,0.8319656518738661
10018,2065,0.9652787711165307,false,10018,2065,0.9652787711165307
10018,135656,0.8623216592200388,false,10018,135656,0.8623216592200388
10018,94059,0.9561557696722354,false,10018,94059,0.9561557696722354
10018,26769,0.8199055702132739,false,10018,26769,0.8199055702132739
10018,3960,0.9639446817611725,false,10018,3960,0.9639446817611725
10018,284323,0.8296295200324105,false,10018,284323,0.8296295200324105
10018,23584,0.8647420009746505,false,10018,23584,0.8647420009746505
10018,692213,0.9924389963607052,false,10018,692213,0.9924389963607052
10018,153643,0.8067628404797363,false,10018,153643,0.8067628404797363
10018,112268422,0.8377228831503555,false,10018,112268422,0.8377228831503555
10018,259294,0.9634372885438641,false,10018,259294,0.9634372885438641
10018,2266,0.8311299665823415,false,10018,2266,0.8311299665823415
10018,745,0.7679380583021375,false,10018,745,0.7679380583021375
10018,440352,0.8348078352808151,false,10018,440352,0.8348078352808151
10331,128674,0.8079325202709651,false,10331,128674,0.8079325202709651
10331,7546,0.8624284882137763,false,10331,7546,0.8624284882137763
10331,101928580,0.882724415499986,false,10331,101928580,0.882724415499986
10331,57110,0.8033772123027442,false,10331,57110,0.8033772123027442
10331,4606,0.8065725945704175,false,10331,4606,0.8065725945704175
115019,105180390,0.8757958833421707,false,115019,105180390,0.8757958833421707
115019,1043,0.9524260494595227,false,115019,1043,0.9524260494595227
115019,168374,0.9863433304319444,false,115019,168374,0.9863433304319444
115019,645843,0.8283328175726864,false,115019,645843,0.8283328175726864
115019,143884,0.9249493778770691,false,115019,143884,0.9249493778770691
115019,80004,0.9825708577244645,false,115019,80004,0.9825708577244645
115019,3993,0.9637147569024285,false,115019,3993,0.9637147569024285
115019,389852,0.9524196868401349,false,115019,389852,0.9524196868401349
115019,164312,0.8676443493189379,false,115019,164312,0.8676443493189379
115019,84239,0.9343886171306961,false,115019,84239,0.9343886171306961
115019,2065,0.9551425209023285,false,115019,2065,0.9551425209023285
115019,135656,0.9112530480121388,false,115019,135656,0.9112530480121388
115019,3880,0.7691614990603927,false,115019,3880,0.7691614990603927
115019,94059,0.8640783797892683,false,115019,94059,0.8640783797892683
115019,3960,0.9509936891442201,false,115019,3960,0.9509936891442201
115019,23584,0.9782160710840958,false,115019,23584,0.9782160710840958
115019,692213,0.9086022136902988,false,115019,692213,0.9086022136902988
115019,153643,0.9213859984611631,false,115019,153643,0.9213859984611631
115019,112268422,0.8142155128461126,false,115019,112268422,0.8142155128461126
115019,259294,0.9605133620749673,false,115019,259294,0.9605133620749673
115019,2266,0.8645218067266015,false,115019,2266,0.8645218067266015
115019,745,0.9072639687076919,false,115019,745,0.9072639687076919
115019,440352,0.8916217821601187,false,115019,440352,0.8916217821601187
201625,692058,0.8630947863841391,false,201625,692058,0.8630947863841391
201625,645843,0.8544931011957252,false,201625,645843,0.8544931011957252
201625,84059,0.7562740969056252,false,201625,84059,0.7562740969056252
201625,121512,0.8079150671843599,false,201625,121512,0.8079150671843599
201625,120892,0.8286077423469157,false,201625,120892,0.8286077423469157
201625,342892,0.8060461620791474,false,201625,342892,0.8060461620791474
201625,84851,0.824012213526936,false,201625,84851,0.824012213526936
201625,4069,0.7665987407125513,false,201625,4069,0.7665987407125513
201625,1080,0.9079467303014555,false,201625,1080,0.9079467303014555
201625,65217,0.8517688610061704,false,201625,65217,0.8517688610061704
201625,105372793,0.7799616037378316,false,201625,105372793,0.7799616037378316
201625,144535,0.897431324039919,false,201625,144535,0.897431324039919
201625,649946,0.855569754127422,false,201625,649946,0.855569754127422
201625,79740,0.7727420640498717,false,201625,79740,0.7727420640498717
201625,26298,0.8742721316553947,false,201625,26298,0.8742721316553947
201625,100033436,0.7568103757998726,false,201625,100033436,0.7568103757998726
195814,2122,0.8558722295172273,false,195814,2122,0.8558722295172273
195814,84059,0.9554461679012033,false,195814,84059,0.9554461679012033
195814,6097,0.9203893851929806,false,195814,6097,0.9203893851929806
195814,120892,0.9048056514999554,false,195814,120892,0.9048056514999554
195814,100820829,0.7825836354952683,false,195814,100820829,0.7825836354952683
195814,123624,0.8496429973922031,false,195814,123624,0.8496429973922031
195814,391253,0.7952598285718151,false,195814,391253,0.7952598285718151
195814,220136,0.9423303157241365,false,195814,220136,0.9423303157241365
195814,6799,0.9913941492778118,false,195814,6799,0.9913941492778118
195814,389376,0.7873995451855298,false,195814,389376,0.7873995451855298
195814,353189,0.76724294607883,false,195814,353189,0.76724294607883
195814,57402,0.8482139194373965,false,195814,57402,0.8482139194373965
195814,84851,0.7535856906238272,false,195814,84851,0.7535856906238272
195814,84525,0.9789839546898774,false,195814,84525,0.9789839546898774
195814,4861,0.7707897740554368,false,195814,4861,0.7707897740554368
195814,10203,0.8498103672699994,false,195814,10203,0.8498103672699994
195814,1080,0.8636009657448875,false,195814,1080,0.8636009657448875
195814,1286,0.8477962212177131,false,195814,1286,0.8477962212177131
195814,653509,0.9307562970808031,false,195814,653509,0.9307562970808031
195814,55282,0.9407469018500106,false,195814,55282,0.9407469018500106
195814,729238,0.8590429379799345,false,195814,729238,0.8590429379799345
195814,79098,0.780371298493054,false,195814,79098,0.780371298493054
195814,144535,0.8604381221202002,false,195814,144535,0.8604381221202002
195814,649946,0.8737689899782665,false,195814,649946,0.8737689899782665
195814,144571,0.8983422710075688,false,195814,144571,0.8983422710075688
195814,26298,0.7537809964615889,false,195814,26298,0.7537809964615889
195814,165186,0.8237504034570577,false,195814,165186,0.8237504034570577
195814,102465485,0.9130951850131731,false,195814,102465485,0.9130951850131731
195814,100033436,0.8124268942131295,false,195814,100033436,0.8124268942131295
2619,84867,0.8883522256885967,false,2619,84867,0.8883522256885967
2619,441151,0.7865478049650876,false,2619,441151,0.7865478049650876
2619,222183,0.7721939938722273,false,2619,222183,0.7721939938722273
2619,113219467,0.8483262940273916,false,2619,113219467,0.8483262940273916
2619,100423031,0.9420522130028395,false,2619,100423031,0.9420522130028395
2619,1515,0.8375453334729791,false,2619,1515,0.8375453334729791
256076,128218,0.7874979626633108,false,256076,128218,0.7874979626633108
256076,9211,0.8300266339601142,false,256076,9211,0.8300266339601142
105180390,1043,0.9097846348417198,false,105180390,1043,0.9097846348417198
105180390,692058,0.8257033374426815,false,105180390,692058,0.8257033374426815
105180390,168374,0.911632059160755,false,105180390,168374,0.911632059160755
105180390,645843,0.9324187121987584,false,105180390,645843,0.9324187121987584
105180390,143884,0.901719443486381,false,105180390,143884,0.901719443486381
105180390,80004,0.8469854975743121,false,105180390,80004,0.8469854975743121
105180390,121512,0.878223878762453,false,105180390,121512,0.878223878762453
105180390,3993,0.869998385484587,false,105180390,3993,0.869998385484587
105180390,389852,0.9044684831880793,false,105180390,389852,0.9044684831880793
105180390,84239,0.8364547634269061,false,105180390,84239,0.8364547634269061
105180390,2065,0.956846585369182,false,105180390,2065,0.956846585369182
105180390,776,0.7957237033818604,false,105180390,776,0.7957237033818604
105180390,94059,0.8110333362440599,false,105180390,94059,0.8110333362440599
105180390,3960,0.9482965064025156,false,105180390,3960,0.9482965064025156
105180390,284323,0.9612870324660148,false,105180390,284323,0.9612870324660148
105180390,65217,0.858488429379146,false,105180390,65217,0.858488429379146
105180390,23584,0.8298233005958902,false,105180390,23584,0.8298233005958902
105180390,692213,0.9556915239890718,false,105180390,692213,0.9556915239890718
105180390,259294,0.9065127184271142,false,105180390,259294,0.9065127184271142
105180390,440352,0.832591346135481,false,105180390,440352,0.832591346135481
84867,284680,0.78454874646622,false,84867,284680,0.78454874646622
84867,128218,0.753739115075287,false,84867,128218,0.753739115075287
84867,57710,0.8162914851227808,false,84867,57710,0.8162914851227808
84867,80381,0.7698180308739154,false,84867,80381,0.7698180308739154
84867,100423031,0.8304991224790809,false,84867,100423031,0.8304991224790809
84867,1515,0.9737632244871248,false,84867,1515,0.9737632244871248
1043,276,0.7921596086411209,false,1043,276,0.7921596086411209
1043,168374,0.957742061144622,false,1043,168374,0.957742061144622
1043,645843,0.8898777898006054,false,1043,645843,0.8898777898006054
1043,143884,0.9214017629569643,false,1043,143884,0.9214017629569643
1043,80004,0.9381127019303082,false,1043,80004,0.9381127019303082
1043,3993,0.9580710214894851,false,1043,3993,0.9580710214894851
1043,389852,0.9133865376305504,false,1043,389852,0.9133865376305504
1043,164312,0.8067249018655235,false,1043,164312,0.8067249018655235
1043,84239,0.9333161518094107,false,1043,84239,0.9333161518094107
1043,2065,0.9601389299827922,false,1043,2065,0.9601389299827922
1043,135656,0.8479511029823161,false,1043,135656,0.8479511029823161
1043,94059,0.921654294451336,false,1043,94059,0.921654294451336
1043,26769,0.7630327325467192,false,1043,26769,0.7630327325467192
1043,3960,0.9276075882008946,false,1043,3960,0.9276075882008946
1043,284323,0.7766927514660242,false,1043,284323,0.7766927514660242
1043,23584,0.9406570596301734,false,1043,23584,0.9406570596301734
1043,692213,0.9443818813362843,false,1043,692213,0.9443818813362843
1043,153643,0.8506871385582532,false,1043,153643,0.8506871385582532
1043,112268422,0.8223862259364263,false,1043,112268422,0.8223862259364263
1043,259294,0.9377308605604155,false,1043,259294,0.9377308605604155
1043,79740,0.7600831746372967,false,1043,79740,0.7600831746372967
1043,2266,0.8241958500445214,false,1043,2266,0.8241958500445214
1043,745,0.8230642039710262,false,1043,745,0.8230642039710262
1043,440352,0.9057649251705069,false,1043,440352,0.9057649251705069
276,143884,0.7504149848914363,false,276,143884,0.7504149848914363
276,342892,0.8542674493193174,false,276,342892,0.8542674493193174
276,94059,0.887444551985722,false,276,94059,0.887444551985722
276,26769,0.9428855089884047,false,276,26769,0.9428855089884047
276,4069,0.7931877394433262,false,276,4069,0.7931877394433262
276,112268422,0.8828713248226071,false,276,112268422,0.8828713248226071
276,79740,0.9444387821741661,false,276,79740,0.9444387821741661
692058,645843,0.861769124539973,false,692058,645843,0.861769124539973
692058,2122,0.8209036134088027,false,692058,2122,0.8209036134088027
692058,121512,0.9346833434335136,false,692058,121512,0.9346833434335136
692058,120892,0.8103333282573608,false,692058,120892,0.8103333282573608
692058,123624,0.7837305589390403,false,692058,123624,0.7837305589390403
692058,391253,0.7875399812234848,false,692058,391253,0.7875399812234848
692058,693188,0.831658837491244,false,692058,693188,0.831658837491244
692058,353189,0.8434270394227811,false,692058,353189,0.8434270394227811
692058,776,0.870966303177216,false,692058,776,0.870966303177216
692058,84851,0.8905823242363854,false,692058,84851,0.8905823242363854
692058,4861,0.7677745571030097,false,692058,4861,0.7677745571030097
692058,10203,0.7662368109289692,false,692058,10203,0.7662368109289692
692058,284323,0.8968561547130764,false,692058,284323,0.8968561547130764
692058,1080,0.7759255515234434,false,692058,1080,0.7759255515234434
692058,65217,0.9261594624974158,false,692058,65217,0.9261594624974158
692058,105372793,0.8532748499822568,false,692058,105372793,0.8532748499822568
692058,692213,0.8006303225319248,false,692058,692213,0.8006303225319248
692058,84765,0.7867102916634683,false,692058,84765,0.7867102916634683
692058,144535,0.7868758247221593,false,692058,144535,0.7868758247221593
692058,649946,0.8235487343845982,false,692058,649946,0.8235487343845982
692058,26298,0.8723956395678653,false,692058,26298,0.8723956395678653
692058,100033436,0.83358750956471,false,692058,100033436,0.83358750956471
100130701,140766,0.7627602640232065,false,100130701,140766,0.7627602640232065
100130701,441151,0.7643573973739587,false,100130701,441151,0.7643573973739587
100130701,222183,0.9005450081935907,false,100130701,222183,0.9005450081935907
100130701,57710,0.7672003371006677,false,100130701,57710,0.7672003371006677
100130701,101928580,0.8200947692820484,false,100130701,101928580,0.8200947692820484
168374,645843,0.8593224316931781,false,168374,645843,0.8593224316931781
168374,143884,0.9618337980251819,false,168374,143884,0.9618337980251819
168374,80004,0.9495587767708777,false,168374,80004,0.9495587767708777
168374,3993,0.9343667133152074,false,168374,3993,0.9343667133152074
168374,389852,0.9558149750086263,false,168374,389852,0.9558149750086263
168374,164312,0.8400481539283282,false,168374,164312,0.8400481539283282
168374,84239,0.9324918546391215,false,168374,84239,0.9324918546391215
168374,2065,0.9646240175364057,false,168374,2065,0.9646240175364057
168374,135656,0.8960972033445551,false,168374,135656,0.8960972033445551
168374,94059,0.8707959248667967,false,168374,94059,0.8707959248667967
168374,3960,0.9586842748957426,false,168374,3960,0.9586842748957426
168374,284323,0.7893218587292234,false,168374,284323,0.7893218587292234
168374,23584,0.9610655273593601,false,168374,23584,0.9610655273593601
168374,692213,0.9207651835214881,false,168374,692213,0.9207651835214881
168374,153643,0.8836462183469421,false,168374,153643,0.8836462183469421
168374,112268422,0.7933638070413053,false,168374,112268422,0.7933638070413053
168374,259294,0.9728207737319436,false,168374,259294,0.9728207737319436
168374,2266,0.8562825081178583,false,168374,2266,0.8562825081178583
168374,745,0.8695696533342212,false,168374,745,0.8695696533342212
168374,440352,0.8716070915075121,false,168374,440352,0.8716070915075121
399726,441151,0.8055929365111346,false,399726,441151,0.8055929365111346
399726,57710,0.8130533408722265,false,399726,57710,0.8130533408722265
399726,9699,0.8950575283988708,false,399726,9699,0.8950575283988708
399726,80381,0.8200486001674697,false,399726,80381,0.8200486001674697
399726,100874002,0.910597304235903,false,399726,100874002,0.910597304235903
399726,219793,0.9267280940259486,false,399726,219793,0.9267280940259486
83481,1579,0.9247027975120249,false,83481,1579,0.9247027975120249
83481,57477,0.7703836385917536,false,83481,57477,0.7703836385917536
83481,780,0.7696933803901302,false,83481,780,0.7696933803901302
83481,3880,0.9528172863151712,false,83481,3880,0.9528172863151712
83481,7433,0.8156321301331666,false,83481,7433,0.8156321301331666
83481,100129460,0.9327292293814132,false,83481,100129460,0.9327292293814132
83481,23584,0.7698444788185685,false,83481,23584,0.7698444788185685
83481,153643,0.8121364426370145,false,83481,153643,0.8121364426370145
83481,745,0.7735121820081886,false,83481,745,0.7735121820081886
140766,284680,0.7670552363842688,false,140766,284680,0.7670552363842688
140766,105373265,0.8914817274778701,false,140766,105373265,0.8914817274778701
140766,440590,0.8225457341554686,false,140766,440590,0.8225457341554686
645843,143884,0.8281371651043012,false,645843,143884,0.8281371651043012
645843,80004,0.7840515430531242,false,645843,80004,0.7840515430531242
645843,121512,0.9131964514275865,false,645843,121512,0.9131964514275865
645843,120892,0.763564383640379,false,645843,120892,0.763564383640379
645843,3993,0.8113657638439625,false,645843,3993,0.8113657638439625
645843,389852,0.7635846937066637,false,645843,389852,0.7635846937066637
645843,84239,0.8675948196250535,false,645843,84239,0.8675948196250535
645843,2065,0.8583566932395144,false,645843,2065,0.8583566932395144
645843,776,0.8297586866896077,false,645843,776,0.8297586866896077
645843,780,0.7835684500420869,false,645843,780,0.7835684500420869
645843,94059,0.7646414813826196,false,645843,94059,0.7646414813826196
645843,3960,0.8334560820792142,false,645843,3960,0.8334560820792142
645843,284323,0.9123585288036647,false,645843,284323,0.9123585288036647
645843,1080,0.7817478565470659,false,645843,1080,0.7817478565470659
645843,65217,0.8930538910042531,false,645843,65217,0.8930538910042531
645843,23584,0.8193580070797756,false,645843,23584,0.8193580070797756
645843,692213,0.9144903896514744,false,645843,692213,0.9144903896514744
645843,144535,0.7672949581079915,false,645843,144535,0.7672949581079915
645843,649946,0.8128622262666976,false,645843,649946,0.8128622262666976
645843,259294,0.7967903426074708,false,645843,259294,0.7967903426074708
645843,440352,0.8849358996021436,false,645843,440352,0.8849358996021436
2122,84059,0.94707695468312,false,2122,84059,0.94707695468312
2122,121512,0.9061903514596146,false,2122,121512,0.9061903514596146
2122,6097,0.965720180872301,false,2122,6097,0.965720180872301
2122,120892,0.9777962675442009,false,2122,120892,0.9777962675442009
2122,123624,0.9801353007378817,false,2122,123624,0.9801353007378817
2122,391253,0.9594347682482317,false,2122,391253,0.9594347682482317
2122,220136,0.8359229659738708,false,2122,220136,0.8359229659738708
2122,693188,0.9553541810966264,false,2122,693188,0.9553541810966264
2122,6799,0.8651162404792911,false,2122,6799,0.8651162404792911
2122,389376,0.843268479250868,false,2122,389376,0.843268479250868
2122,353189,0.9704652914201093,false,2122,353189,0.9704652914201093
2122,776,0.9268509999236998,false,2122,776,0.9268509999236998
2122,84851,0.9439439915728906,false,2122,84851,0.9439439915728906
2122,84525,0.9133650864954173,false,2122,84525,0.9133650864954173
2122,4861,0.9466743013813025,false,2122,4861,0.9466743013813025
2122,10203,0.9765574121752634,false,2122,10203,0.9765574121752634
2122,284323,0.7500580108132641,false,2122,284323,0.7500580108132641
2122,1080,0.9050663522830437,false,2122,1080,0.9050663522830437
2122,65217,0.8708388096882196,false,2122,65217,0.8708388096882196
2122,105372793,0.9077799682941159,false,2122,105372793,0.9077799682941159
2122,56955,0.837827836982583,false,2122,56955,0.837827836982583
2122,84765,0.928049362173724,false,2122,84765,0.928049362173724
2122,653509,0.8318957695587287,false,2122,653509,0.8318957695587287
2122,55282,0.9245845883123215,false,2122,55282,0.9245845883123215
2122,79098,0.9328385501344397,false,2122,79098,0.9328385501344397
2122,144535,0.9195269432943505,false,2122,144535,0.9195269432943505
2122,649946,0.9473213907810709,false,2122,649946,0.9473213907810709
2122,144571,0.9452617405462814,false,2122,144571,0.9452617405462814
2122,26298,0.9065375120529474,false,2122,26298,0.9065375120529474
2122,165186,0.9562915198792007,false,2122,165186,0.9562915198792007
2122,102465485,0.9540815811586115,false,2122,102465485,0.9540815811586115
2122,100033436,0.9600939004870858,false,2122,100033436,0.9600939004870858
105,1579,0.8012615285154064,false,105,1579,0.8012615285154064
105,57477,0.8127970080979979,false,105,57477,0.8127970080979979
105,57402,0.7794881157053885,false,105,57402,0.7794881157053885
105,21,0.7628439202750229,false,105,21,0.7628439202750229
105,7433,0.8362200743346297,false,105,7433,0.8362200743346297
105,100129460,0.7510517309431971,false,105,100129460,0.7510517309431971
105,3855,0.914185899646231,false,105,3855,0.914185899646231
284680,128218,0.9576984436409869,false,284680,128218,0.9576984436409869
284680,105373265,0.8634606460119311,false,284680,105373265,0.8634606460119311
284680,440590,0.9844188598948326,false,284680,440590,0.9844188598948326
441151,222183,0.9658934829454581,false,441151,222183,0.9658934829454581
441151,113219467,0.8146475826687154,false,441151,113219467,0.8146475826687154
441151,57710,0.8603554513393227,false,441151,57710,0.8603554513393227
441151,80381,0.8841258801212423,false,441151,80381,0.8841258801212423
441151,1515,0.7700677663565755,false,441151,1515,0.7700677663565755
84059,121512,0.8384794304442845,false,84059,121512,0.8384794304442845
84059,6097,0.9448944536288139,false,84059,6097,0.9448944536288139
84059,120892,0.9778535209869839,false,84059,120892,0.9778535209869839
84059,123624,0.9175114036145261,false,84059,123624,0.9175114036145261
84059,391253,0.8665410297146581,false,84059,391253,0.8665410297146581
84059,220136,0.8854604842686766,false,84059,220136,0.8854604842686766
84059,693188,0.8327503422718673,false,84059,693188,0.8327503422718673
84059,6799,0.9506866327088719,false,84059,6799,0.9506866327088719
84059,389376,0.7795532598183684,false,84059,389376,0.7795532598183684
84059,353189,0.8755670826881724,false,84059,353189,0.8755670826881724
84059,57402,0.7841495587099031,false,84059,57402,0.7841495587099031
84059,776,0.8463900507664849,false,84059,776,0.8463900507664849
84059,84851,0.8545806858431181,false,84059,84851,0.8545806858431181
84059,84525,0.9657533519404327,false,84059,84525,0.9657533519404327
84059,4861,0.836924962835471,false,84059,4861,0.836924962835471
84059,10203,0.9276370382878286,false,84059,10203,0.9276370382878286
84059,1080,0.941314052018732,false,84059,1080,0.941314052018732
84059,65217,0.7898118872199059,false,84059,65217,0.7898118872199059
84059,1286,0.8669205694019063,false,84059,1286,0.8669205694019063
84059,105372793,0.799288230407905,false,84059,105372793,0.799288230407905
84059,84765,0.81055546184873,false,84059,84765,0.81055546184873
84059,653509,0.8892058346621289,false,84059,653509,0.8892058346621289
84059,55282,0.9321872757020561,false,84059,55282,0.9321872757020561
84059,729238,0.7736287864523372,false,84059,729238,0.7736287864523372
84059,79098,0.846429348818198,false,84059,79098,0.846429348818198
84059,144535,0.9443023131863051,false,84059,144535,0.9443023131863051
84059,649946,0.962571309639342,false,84059,649946,0.962571309639342
84059,144571,0.9080612058715126,false,84059,144571,0.9080612058715126
84059,26298,0.8419906065982284,false,84059,26298,0.8419906065982284
84059,165186,0.8713547814430826,false,84059,165186,0.8713547814430826
84059,102465485,0.9418367809735108,false,84059,102465485,0.9418367809735108
84059,100033436,0.8831203317323765,false,84059,100033436,0.8831203317323765
9411,100820829,0.8456950028131133,false,9411,100820829,0.8456950028131133
143884,80004,0.8555489194361906,false,143884,80004,0.8555489194361906
143884,3993,0.8645896951679346,false,143884,3993,0.8645896951679346
143884,389852,0.9487763313666564,false,143884,389852,0.9487763313666564
143884,164312,0.8139347489346559,false,143884,164312,0.8139347489346559
143884,84239,0.8163281170326253,false,143884,84239,0.8163281170326253
143884,2065,0.9422992840768301,false,143884,2065,0.9422992840768301
143884,135656,0.8964957871679823,false,143884,135656,0.8964957871679823
143884,94059,0.9279622209852524,false,143884,94059,0.9279622209852524
143884,26769,0.7975465964569404,false,143884,26769,0.7975465964569404
143884,3960,0.9509100542918995,false,143884,3960,0.9509100542918995
143884,284323,0.7805166855883472,false,143884,284323,0.7805166855883472
143884,23584,0.8555848228160439,false,143884,23584,0.8555848228160439
143884,692213,0.9357681161247345,false,143884,692213,0.9357681161247345
143884,153643,0.830163548496765,false,143884,153643,0.830163548496765
143884,112268422,0.8383924613380515,false,143884,112268422,0.8383924613380515
143884,259294,0.977465294791567,false,143884,259294,0.977465294791567
143884,2266,0.8748271597303736,false,143884,2266,0.8748271597303736
143884,745,0.8032727461792055,false,143884,745,0.8032727461792055
143884,440352,0.7531543251493732,false,143884,440352,0.7531543251493732
1579,57477,0.9260864591334386,false,1579,57477,0.9260864591334386
1579,3880,0.8703609696133163,false,1579,3880,0.8703609696133163
1579,7433,0.8403308749423598,false,1579,7433,0.8403308749423598
1579,100129460,0.8817935245164982,false,1579,100129460,0.8817935245164982
57477,7433,0.8719558183766346,false,57477,7433,0.8719558183766346
57477,100129460,0.7598258748973535,false,57477,100129460,0.7598258748973535
80004,3993,0.9772614046544197,false,80004,3993,0.9772614046544197
80004,389852,0.9318429069883881,false,80004,389852,0.9318429069883881
80004,164312,0.8794472321874516,false,80004,164312,0.8794472321874516
80004,84239,0.9318719245427166,false,80004,84239,0.9318719245427166
80004,2065,0.9402060579947235,false,80004,2065,0.9402060579947235
80004,135656,0.8943870381284744,false,80004,135656,0.8943870381284744
80004,3880,0.7915093493340579,false,80004,3880,0.7915093493340579
80004,94059,0.8199148116488106,false,80004,94059,0.8199148116488106
80004,3960,0.9263870745808046,false,80004,3960,0.9263870745808046
80004,23584,0.9770539289884833,false,80004,23584,0.9770539289884833
80004,692213,0.8707828461840015,false,80004,692213,0.8707828461840015
80004,153643,0.911997168751256,false,80004,153643,0.911997168751256
80004,112268422,0.7751335285240806,false,80004,112268422,0.7751335285240806
80004,259294,0.9236245062798923,false,80004,259294,0.9236245062798923
80004,2266,0.8526241901803906,false,80004,2266,0.8526241901803906
80004,745,0.9113629153515933,false,80004,745,0.9113629153515933
80004,440352,0.8986034900959089,false,80004,440352,0.8986034900959089
128674,101928580,0.956361762815184,false,128674,101928580,0.956361762815184
128674,57110,0.9992057413484104,false,128674,57110,0.9992057413484104
128674,646480,0.9057354303279069,false,128674,646480,0.9057354303279069
128674,4606,0.9997654546675058,false,128674,4606,0.9997654546675058
9771,9211,0.8110411238275498,false,9771,9211,0.8110411238275498
121512,6097,0.8058156301744444,false,121512,6097,0.8058156301744444
121512,120892,0.8851894422833113,false,121512,120892,0.8851894422833113
121512,123624,0.8712562196107774,false,121512,123624,0.8712562196107774
121512,391253,0.8442045583274197,false,121512,391253,0.8442045583274197
121512,693188,0.832743186234501,false,121512,693188,0.832743186234501
121512,353189,0.9166305026666873,false,121512,353189,0.9166305026666873
121512,776,0.9536102952855239,false,121512,776,0.9536102952855239
121512,84851,0.8567722439982204,false,121512,84851,0.8567722439982204
121512,4861,0.827010560208584,false,121512,4861,0.827010560208584
121512,10203,0.8525926090690296,false,121512,10203,0.8525926090690296
121512,284323,0.9476309277569424,false,121512,284323,0.9476309277569424
121512,1080,0.8335108907979896,false,121512,1080,0.8335108907979896
121512,65217,0.9592670158788464,false,121512,65217,0.9592670158788464
121512,105372793,0.7908260623680883,false,121512,105372793,0.7908260623680883
121512,692213,0.7832470647030555,false,121512,692213,0.7832470647030555
121512,84765,0.8886134240245182,false,121512,84765,0.8886134240245182
121512,79098,0.8391804770944099,false,121512,79098,0.8391804770944099
121512,144535,0.848249959983526,false,121512,144535,0.848249959983526
121512,649946,0.8844913419543087,false,121512,649946,0.8844913419543087
121512,26298,0.8253011291780243,false,121512,26298,0.8253011291780243
121512,165186,0.8113254182469443,false,121512,165186,0.8113254182469443
121512,102465485,0.78897830714542,false,121512,102465485,0.78897830714542
121512,100033436,0.8314439774403531,false,121512,100033436,0.8314439774403531
6097,120892,0.9496134956092436,false,6097,120892,0.9496134956092436
6097,123624,0.9851275682519861,false,6097,123624,0.9851275682519861
6097,391253,0.9616973745409857,false,6097,391253,0.9616973745409857
6097,220136,0.9292712355301193,false,6097,220136,0.9292712355301193
6097,693188,0.9204880422501732,false,6097,693188,0.9204880422501732
6097,6799,0.9415613911049352,false,6097,6799,0.9415613911049352
6097,389376,0.913839418440918,false,6097,389376,0.913839418440918
6097,353189,0.9478843559344232,false,6097,353189,0.9478843559344232
6097,776,0.8720878480720565,false,6097,776,0.8720878480720565
6097,84851,0.8828528728875168,false,6097,84851,0.8828528728875168
6097,84525,0.9703835473520906,false,6097,84525,0.9703835473520906
6097,4861,0.9561905830059578,false,6097,4861,0.9561905830059578
6097,10203,0.942596341591124,false,6097,10203,0.942596341591124
6097,1080,0.8467794098451876,false,6097,1080,0.8467794098451876
6097,105372793,0.8489755483806948,false,6097,105372793,0.8489755483806948
6097,56955,0.8836179799527053,false,6097,56955,0.8836179799527053
6097,84765,0.8817570446278222,false,6097,84765,0.8817570446278222
6097,653509,0.9136498155049378,false,6097,653509,0.9136498155049378
6097,55282,0.9778897526200611,false,6097,55282,0.9778897526200611
6097,729238,0.7961147599784885,false,6097,729238,0.7961147599784885
6097,79098,0.9508770661325063,false,6097,79098,0.9508770661325063
6097,144535,0.8543983183465557,false,6097,144535,0.8543983183465557
6097,649946,0.9021888717854266,false,6097,649946,0.9021888717854266
6097,144571,0.9796136288798462,false,6097,144571,0.9796136288798462
6097,26298,0.847989617755812,false,6097,26298,0.847989617755812
6097,165186,0.9756258328976911,false,6097,165186,0.9756258328976911
6097,102465485,0.9580382227567082,false,6097,102465485,0.9580382227567082
6097,100033436,0.9306923746742625,false,6097,100033436,0.9306923746742625
120892,123624,0.9463793627243199,false,120892,123624,0.9463793627243199
120892,391253,0.9097229523120747,false,120892,391253,0.9097229523120747
120892,220136,0.8602347655652445,false,120892,220136,0.8602347655652445
120892,693188,0.9102918124298074,false,120892,693188,0.9102918124298074
120892,6799,0.8951446244744664,false,120892,6799,0.8951446244744664
120892,389376,0.8041839405601758,false,120892,389376,0.8041839405601758
120892,353189,0.9203279980723261,false,120892,353189,0.9203279980723261
120892,776,0.8894575467620635,false,120892,776,0.8894575467620635
120892,84851,0.9389394073797014,false,120892,84851,0.9389394073797014
120892,84525,0.9283692258079654,false,120892,84525,0.9283692258079654
120892,4861,0.8887586801577456,false,120892,4861,0.8887586801577456
120892,10203,0.9578495537543525,false,120892,10203,0.9578495537543525
120892,1080,0.9643321193714407,false,120892,1080,0.9643321193714407
120892,65217,0.8585744359651417,false,120892,65217,0.8585744359651417
120892,1286,0.7728456220526849,false,120892,1286,0.7728456220526849
120892,105372793,0.895789475055341,false,120892,105372793,0.895789475055341
120892,56955,0.7588550613949953,false,120892,56955,0.7588550613949953
120892,84765,0.8583302897551344,false,120892,84765,0.8583302897551344
120892,653509,0.8651293956079114,false,120892,653509,0.8651293956079114
120892,55282,0.9078657675603709,false,120892,55282,0.9078657675603709
120892,79098,0.8862309081740717,false,120892,79098,0.8862309081740717
120892,144535,0.9668880307505784,false,120892,144535,0.9668880307505784
120892,649946,0.9811643020336818,false,120892,649946,0.9811643020336818
120892,144571,0.9280471471281281,false,120892,144571,0.9280471471281281
120892,26298,0.930105508112357,false,120892,26298,0.930105508112357
120892,165186,0.9066205883594889,false,120892,165186,0.9066205883594889
120892,102465485,0.969135709826448,false,120892,102465485,0.969135709826448
120892,100033436,0.948063441963596,false,120892,100033436,0.948063441963596
128218,105373265,0.7617600434693665,false,128218,105373265,0.7617600434693665
128218,440590,0.927833313696579,false,128218,440590,0.927833313696579
100820829,6799,0.7866915058230062,false,100820829,6799,0.7866915058230062
100820829,21,0.767258301447156,false,100820829,21,0.767258301447156
100820829,1286,0.8022062675121929,false,100820829,1286,0.8022062675121929
100820829,55282,0.7951294890696731,false,100820829,55282,0.7951294890696731
5349,123872,0.7811156925280303,false,5349,123872,0.7811156925280303
5349,3855,0.792941206277288,false,5349,3855,0.792941206277288
222183,113219467,0.7724610253877698,false,222183,113219467,0.7724610253877698
222183,57710,0.8518173904004225,false,222183,57710,0.8518173904004225
222183,80381,0.8276283140056944,false,222183,80381,0.8276283140056944
113219467,100423031,0.7888869265145879,false,113219467,100423031,0.7888869265145879
123624,391253,0.9889929115021465,false,123624,391253,0.9889929115021465
123624,220136,0.8780878378049773,false,123624,220136,0.8780878378049773
123624,693188,0.9552695029372539,false,123624,693188,0.9552695029372539
123624,6799,0.8769197152096251,false,123624,6799,0.8769197152096251
123624,389376,0.897040811557701,false,123624,389376,0.897040811557701
123624,353189,0.9879314168019646,false,123624,353189,0.9879314168019646
123624,776,0.921392282862767,false,123624,776,0.921392282862767
123624,84851,0.9183827435742442,false,123624,84851,0.9183827435742442
123624,84525,0.9261541448275162,false,123624,84525,0.9261541448275162
123624,4861,0.9837198845743155,false,123624,4861,0.9837198845743155
123624,10203,0.9433021449952371,false,123624,10203,0.9433021449952371
123624,1080,0.8315736177875613,false,123624,1080,0.8315736177875613
123624,65217,0.8030581221306579,false,123624,65217,0.8030581221306579
123624,105372793,0.8848860147990311,false,123624,105372793,0.8848860147990311
123624,56955,0.8897467557557298,false,123624,56955,0.8897467557557298
123624,84765,0.920534591034359,false,123624,84765,0.920534591034359
123624,653509,0.8528881609797401,false,123624,653509,0.8528881609797401
123624,55282,0.9359283435669069,false,123624,55282,0.9359283435669069
123624,79098,0.9693047914522264,false,123624,79098,0.9693047914522264
123624,144535,0.8456028210843055,false,123624,144535,0.8456028210843055
123624,649946,0.9040736983158152,false,123624,649946,0.9040736983158152
123624,144571,0.9662161471457515,false,123624,144571,0.9662161471457515
123624,26298,0.8736321119801079,false,123624,26298,0.8736321119801079
123624,165186,0.9871749899603516,false,123624,165186,0.9871749899603516
123624,102465485,0.9467190813694029,false,123624,102465485,0.9467190813694029
123624,100033436,0.9519276195650765,false,123624,100033436,0.9519276195650765
7546,105373265,0.7881266742491643,false,7546,105373265,0.7881266742491643
3993,389852,0.9347399762683322,false,3993,389852,0.9347399762683322
3993,164312,0.8785207969877934,false,3993,164312,0.8785207969877934
3993,84239,0.9038163009729575,false,3993,84239,0.9038163009729575
3993,2065,0.9611852096522054,false,3993,2065,0.9611852096522054
3993,135656,0.8859609444757511,false,3993,135656,0.8859609444757511
3993,3880,0.7504598049610769,false,3993,3880,0.7504598049610769
3993,94059,0.8673617125072177,false,3993,94059,0.8673617125072177
3993,3960,0.9400305659982401,false,3993,3960,0.9400305659982401
3993,23584,0.9452115168943807,false,3993,23584,0.9452115168943807
3993,692213,0.9200261534679421,false,3993,692213,0.9200261534679421
3993,153643,0.8801404540325827,false,3993,153643,0.8801404540325827
3993,112268422,0.7975608117098726,false,3993,112268422,0.7975608117098726
3993,259294,0.9338411716709774,false,3993,259294,0.9338411716709774
3993,2266,0.8416493619805588,false,3993,2266,0.8416493619805588
3993,745,0.8730401199115649,false,3993,745,0.8730401199115649
3993,440352,0.9244808790935889,false,3993,440352,0.9244808790935889
4057,26797,0.9790091610116175,false,4057,26797,0.9790091610116175
4057,112577518,0.9791915194047233,false,4057,112577518,0.9791915194047233
4057,692209,0.994705324432345,false,4057,692209,0.994705324432345
4057,563,0.9973038383799212,false,4057,563,0.9973038383799212
4057,4069,0.8570242856126218,false,4057,4069,0.8570242856126218
4057,83643,0.9603454158898905,false,4057,83643,0.9603454158898905
4057,284434,0.995821877857799,false,4057,284434,0.995821877857799
26797,112577518,0.9464438216502937,false,26797,112577518,0.9464438216502937
26797,692209,0.9939036382485459,false,26797,692209,0.9939036382485459
26797,563,0.9756399947977041,false,26797,563,0.9756399947977041
26797,4069,0.7871642314120689,false,26797,4069,0.7871642314120689
26797,83643,0.9720414627717654,false,26797,83643,0.9720414627717654
26797,498,0.7652728295966734,false,26797,498,0.7652728295966734
26797,284434,0.9844733926742755,false,26797,284434,0.9844733926742755
391253,220136,0.8665981226187999,false,391253,220136,0.8665981226187999
391253,693188,0.9718317392954948,false,391253,693188,0.9718317392954948
391253,6799,0.8277998621775845,false,391253,6799,0.8277998621775845
391253,389376,0.8640520189528191,false,391253,389376,0.8640520189528191
391253,353189,0.983473764361601,false,391253,353189,0.983473764361601
391253,776,0.9063627412314965,false,391253,776,0.9063627412314965
391253,84851,0.9238668063168647,false,391253,84851,0.9238668063168647
391253,84525,0.8869704200947263,false,391253,84525,0.8869704200947263
391253,4861,0.9871318514625597,false,391253,4861,0.9871318514625597
391253,10203,0.923301597419902,false,391253,10203,0.923301597419902
391253,1080,0.775781269879032,false,391253,1080,0.775781269879032
391253,65217,0.7752997096712119,false,391253,65217,0.7752997096712119
391253,105372793,0.9021688973743963,false,391253,105372793,0.9021688973743963
391253,56955,0.8777906665200934,false,391253,56955,0.8777906665200934
391253,84765,0.9055435186845577,false,391253,84765,0.9055435186845577
391253,653509,0.7827168043947453,false,391253,653509,0.7827168043947453
391253,55282,0.9012898887585574,false,391253,55282,0.9012898887585574
391253,79098,0.9466447861444395,false,391253,79098,0.9466447861444395
391253,144535,0.791465237984361,false,391253,144535,0.791465237984361
391253,649946,0.8755792422659691,false,391253,649946,0.8755792422659691
391253,144571,0.9665724143573137,false,391253,144571,0.9665724143573137
391253,26298,0.8596698697645411,false,391253,26298,0.8596698697645411
391253,165186,0.9801897588093548,false,391253,165186,0.9801897588093548
391253,102465485,0.9349022222552122,false,391253,102465485,0.9349022222552122
391253,100033436,0.9568961356514587,false,391253,100033436,0.9568961356514587
389852,164312,0.9156382833418311,false,389852,164312,0.9156382833418311
389852,84239,0.8174144580969681,false,389852,84239,0.8174144580969681
389852,2065,0.9795389693332255,false,389852,2065,0.9795389693332255
389852,135656,0.9526925145507228,false,389852,135656,0.9526925145507228
389852,94059,0.8840936250841758,false,389852,94059,0.8840936250841758
389852,3960,0.9907768623688045,false,389852,3960,0.9907768623688045
389852,284323,0.7832955039875755,false,389852,284323,0.7832955039875755
389852,23584,0.884365257136487,false,389852,23584,0.884365257136487
389852,692213,0.9253890533059812,false,389852,692213,0.9253890533059812
389852,153643,0.8628865476209572,false,389852,153643,0.8628865476209572
389852,112268422,0.803841689736255,false,389852,112268422,0.803841689736255
389852,259294,0.9917364624059734,false,389852,259294,0.9917364624059734
389852,2266,0.926602350300015,false,389852,2266,0.926602350300015
389852,745,0.8682626056156663,false,389852,745,0.8682626056156663
389852,440352,0.7819606566780647,false,389852,440352,0.7819606566780647
220136,693188,0.8033611474437466,false,220136,693188,0.8033611474437466
220136,6799,0.9549021490144447,false,220136,6799,0.9549021490144447
220136,389376,0.7940321681970965,false,220136,389376,0.7940321681970965
220136,353189,0.80154220946354,false,220136,353189,0.80154220946354
220136,84851,0.7804807637492156,false,220136,84851,0.7804807637492156
220136,84525,0.9567419453364508,false,220136,84525,0.9567419453364508
220136,4861,0.830181577031895,false,220136,4861,0.830181577031895
220136,10203,0.8252603547424459,false,220136,10203,0.8252603547424459
220136,1080,0.7584226212752834,false,220136,1080,0.7584226212752834
220136,105372793,0.7565542190985474,false,220136,105372793,0.7565542190985474
220136,653509,0.8643150708262464,false,220136,653509,0.8643150708262464
220136,55282,0.9197950970228022,false,220136,55282,0.9197950970228022
220136,729238,0.766022341851092,false,220136,729238,0.766022341851092
220136,79098,0.797388287273711,false,220136,79098,0.797388287273711
220136,649946,0.8407594154197803,false,220136,649946,0.8407594154197803
220136,144571,0.9498738518502168,false,220136,144571,0.9498738518502168
220136,165186,0.8590218156951487,false,220136,165186,0.8590218156951487
220136,102465485,0.9272261519087285,false,220136,102465485,0.9272261519087285
220136,100033436,0.8487826154399809,false,220136,100033436,0.8487826154399809
112577518,692209,0.9681260606717175,false,112577518,692209,0.9681260606717175
112577518,563,0.9898876662109907,false,112577518,563,0.9898876662109907
112577518,4069,0.8374322876732747,false,112577518,4069,0.8374322876732747
112577518,83643,0.9344827364477584,false,112577518,83643,0.9344827364477584
112577518,284434,0.9826994761184339,false,112577518,284434,0.9826994761184339
57710,9699,0.815170006144958,false,57710,9699,0.815170006144958
57710,80381,0.875242514332051,false,57710,80381,0.875242514332051
57710,100874002,0.8213451096623452,false,57710,100874002,0.8213451096623452
57710,219793,0.8263423279784332,false,57710,219793,0.8263423279784332
57710,1515,0.8632084206538776,false,57710,1515,0.8632084206538776
693188,6799,0.7571128350215213,false,693188,6799,0.7571128350215213
693188,389376,0.8267985622755263,false,693188,389376,0.8267985622755263
693188,353189,0.9537676018522178,false,693188,353189,0.9537676018522178
693188,776,0.8839905350755843,false,693188,776,0.8839905350755843
693188,84851,0.9714362841168284,false,693188,84851,0.9714362841168284
693188,84525,0.8216524779114661,false,693188,84525,0.8216524779114661
693188,4861,0.9631511495379882,false,693188,4861,0.9631511495379882
693188,10203,0.9407236385975858,false,693188,10203,0.9407236385975858
693188,1080,0.8141862457938062,false,693188,1080,0.8141862457938062
693188,65217,0.8168938158825554,false,693188,65217,0.8168938158825554
693188,105372793,0.9654228626903973,false,693188,105372793,0.9654228626903973
693188,56955,0.828300001764652,false,693188,56955,0.828300001764652
693188,84765,0.9034993914053402,false,693188,84765,0.9034993914053402
693188,55282,0.8554241104449719,false,693188,55282,0.8554241104449719
693188,79098,0.9114632250484468,false,693188,79098,0.9114632250484468
693188,144535,0.8261579865873949,false,693188,144535,0.8261579865873949
693188,649946,0.8783398262392317,false,693188,649946,0.8783398262392317
693188,144571,0.9448914232180701,false,693188,144571,0.9448914232180701
693188,26298,0.9188351518570546,false,693188,26298,0.9188351518570546
693188,165186,0.9516867648676758,false,693188,165186,0.9516867648676758
693188,102465485,0.9345997394400809,false,693188,102465485,0.9345997394400809
693188,100033436,0.9805337767294422,false,693188,100033436,0.9805337767294422
6799,389376,0.819092286960464,false,6799,389376,0.819092286960464
6799,353189,0.8011700929202936,false,6799,353189,0.8011700929202936
6799,57402,0.832077030593904,false,6799,57402,0.832077030593904
6799,84525,0.9898733155473424,false,6799,84525,0.9898733155473424
6799,4861,0.8052883423823517,false,6799,4861,0.8052883423823517
6799,10203,0.855568268048664,false,6799,10203,0.855568268048664
6799,1080,0.8260461573332446,false,6799,1080,0.8260461573332446
6799,1286,0.8505089369790328,false,6799,1286,0.8505089369790328
6799,56955,0.7609251491467188,false,6799,56955,0.7609251491467188
6799,653509,0.9345485021861943,false,6799,653509,0.9345485021861943
6799,55282,0.962718521871248,false,6799,55282,0.962718521871248
6799,729238,0.8644284253328967,false,6799,729238,0.8644284253328967
6799,79098,0.8173557790373231,false,6799,79098,0.8173557790373231
6799,144535,0.8224408056877073,false,6799,144535,0.8224408056877073
6799,649946,0.8614806052305481,false,6799,649946,0.8614806052305481
6799,144571,0.9124506294026496,false,6799,144571,0.9124506294026496
6799,165186,0.8531081821630151,false,6799,165186,0.8531081821630151
6799,102465485,0.9038393845408863,false,6799,102465485,0.9038393845408863
6799,100033436,0.807236375712473,false,6799,100033436,0.807236375712473
389376,353189,0.8633017789057951,false,389376,353189,0.8633017789057951
389376,84851,0.7525205557920213,false,389376,84851,0.7525205557920213
389376,84525,0.8464242877247734,false,389376,84525,0.8464242877247734
389376,4861,0.92200913360843,false,389376,4861,0.92200913360843
389376,10203,0.8095223531178372,false,389376,10203,0.8095223531178372
389376,56955,0.9445215308919429,false,389376,56955,0.9445215308919429
389376,84765,0.8297735051501692,false,389376,84765,0.8297735051501692
389376,653509,0.9215095220043302,false,389376,653509,0.9215095220043302
389376,55282,0.8977888734105225,false,389376,55282,0.8977888734105225
389376,729238,0.866093740275428,false,389376,729238,0.866093740275428
389376,79098,0.9586595559714801,false,389376,79098,0.9586595559714801
389376,144571,0.8657381209412335,false,389376,144571,0.8657381209412335
389376,26298,0.7555742307102394,false,389376,26298,0.7555742307102394
389376,165186,0.9394792272189451,false,389376,165186,0.9394792272189451
389376,102465485,0.813282893276945,false,389376,102465485,0.813282893276945
389376,100033436,0.8104383308904739,false,389376,100033436,0.8104383308904739
342892,94059,0.7890476341748814,false,342892,94059,0.7890476341748814
342892,26769,0.8690353256144607,false,342892,26769,0.8690353256144607
342892,4069,0.9545837535141383,false,342892,4069,0.9545837535141383
342892,79740,0.7835560106358128,false,342892,79740,0.7835560106358128
164312,2065,0.8572858133927035,false,164312,2065,0.8572858133927035
164312,1513,0.770799520424327,false,164312,1513,0.770799520424327
164312,135656,0.9799018116616426,false,164312,135656,0.9799018116616426
164312,3880,0.7524640457826118,false,164312,3880,0.7524640457826118
164312,94059,0.8088512215381111,false,164312,94059,0.8088512215381111
164312,3960,0.8600476848594669,false,164312,3960,0.8600476848594669
164312,23584,0.8172604976711424,false,164312,23584,0.8172604976711424
164312,153643,0.9240583942601674,false,164312,153643,0.9240583942601674
164312,112268422,0.8460584725576487,false,164312,112268422,0.8460584725576487
164312,259294,0.9003279645792026,false,164312,259294,0.9003279645792026
164312,2266,0.9705905334980742,false,164312,2266,0.9705905334980742
164312,745,0.9535542845360464,false,164312,745,0.9535542845360464
9699,80381,0.7822772374096513,false,9699,80381,0.7822772374096513
9699,100874002,0.9671649628471651,false,9699,100874002,0.9671649628471651
9699,219793,0.9805230082157261,false,9699,219793,0.9805230082157261
9699,1515,0.7642130690951121,false,9699,1515,0.7642130690951121
84239,2065,0.8751721121812607,false,84239,2065,0.8751721121812607
84239,780,0.8098673383580492,false,84239,780,0.8098673383580492
84239,3880,0.7820247686986299,false,84239,3880,0.7820247686986299
84239,3960,0.8336398282112694,false,84239,3960,0.8336398282112694
84239,1286,0.7631492261818332,false,84239,1286,0.7631492261818332
84239,23584,0.9812520423111459,false,84239,23584,0.9812520423111459
84239,692213,0.819329979062074,false,84239,692213,0.819329979062074
84239,153643,0.8211504914348801,false,84239,153643,0.8211504914348801
84239,259294,0.839072480655105,false,84239,259294,0.839072480655105
84239,745,0.8050451809548022,false,84239,745,0.8050451809548022
84239,440352,0.946180458862349,false,84239,440352,0.946180458862349
353189,776,0.9505234166133519,false,353189,776,0.9505234166133519
353189,84851,0.9157538631652271,false,353189,84851,0.9157538631652271
353189,84525,0.865315988990468,false,353189,84525,0.865315988990468
353189,4861,0.980566334875316,false,353189,4861,0.980566334875316
353189,10203,0.9234539630741746,false,353189,10203,0.9234539630741746
353189,284323,0.8184502544769886,false,353189,284323,0.8184502544769886
353189,1080,0.7998230238437553,false,353189,1080,0.7998230238437553
353189,65217,0.8482264853919332,false,353189,65217,0.8482264853919332
353189,105372793,0.8790043030740833,false,353189,105372793,0.8790043030740833
353189,56955,0.8751091374706446,false,353189,56955,0.8751091374706446
353189,84765,0.942969910065113,false,353189,84765,0.942969910065113
353189,653509,0.7842943275975608,false,353189,653509,0.7842943275975608
353189,55282,0.8807931884031629,false,353189,55282,0.8807931884031629
353189,79098,0.965907122892154,false,353189,79098,0.965907122892154
353189,144535,0.8188982836891577,false,353189,144535,0.8188982836891577
353189,649946,0.8822531965794627,false,353189,649946,0.8822531965794627
353189,144571,0.9223265285869353,false,353189,144571,0.9223265285869353
353189,26298,0.8634441700806771,false,353189,26298,0.8634441700806771
353189,165186,0.9713376399700814,false,353189,165186,0.9713376399700814
353189,102465485,0.9039069725078404,false,353189,102465485,0.9039069725078404
353189,100033436,0.935995056135125,false,353189,100033436,0.935995056135125
692209,563,0.9922394622703711,false,692209,563,0.9922394622703711
692209,4069,0.8304236069570459,false,692209,4069,0.8304236069570459
692209,83643,0.9747038622364139,false,692209,83643,0.9747038622364139
692209,284434,0.9939038409221903,false,692209,284434,0.9939038409221903
563,4069,0.8493084707288641,false,563,4069,0.8493084707288641
563,83643,0.9622415691387547,false,563,83643,0.9622415691387547
563,284434,0.9952619544908066,false,563,284434,0.9952619544908066
2065,135656,0.8923944127604106,false,2065,135656,0.8923944127604106
2065,94059,0.8900227055109747,false,2065,94059,0.8900227055109747
2065,3960,0.9913291671755637,false,2065,3960,0.9913291671755637
2065,284323,0.8553853203427357,false,2065,284323,0.8553853203427357
2065,23584,0.9085782296538389,false,2065,23584,0.9085782296538389
2065,692213,0.9643357258662256,false,2065,692213,0.9643357258662256
2065,153643,0.8190476729768146,false,2065,153643,0.8190476729768146
2065,112268422,0.765796011582458,false,2065,112268422,0.765796011582458
2065,259294,0.9793744918337048,false,2065,259294,0.9793744918337048
2065,2266,0.8613222303107688,false,2065,2266,0.8613222303107688
2065,745,0.8156832620079881,false,2065,745,0.8156832620079881
2065,440352,0.8650145941167315,false,2065,440352,0.8650145941167315
57402,780,0.8420836721309776,false,57402,780,0.8420836721309776
57402,84525,0.7763147665220428,false,57402,84525,0.7763147665220428
57402,21,0.7772701266205992,false,57402,21,0.7772701266205992
57402,7433,0.9519373214376168,false,57402,7433,0.9519373214376168
57402,1286,0.9222614545583715,false,57402,1286,0.9222614545583715
57402,3855,0.8622443996496667,false,57402,3855,0.8622443996496667
776,84851,0.8560389568357197,false,776,84851,0.8560389568357197
776,84525,0.7804837525252147,false,776,84525,0.7804837525252147
776,4861,0.8886357143284528,false,776,4861,0.8886357143284528
776,10203,0.9155353589133916,false,776,10203,0.9155353589133916
776,284323,0.9096087710849848,false,776,284323,0.9096087710849848
776,1080,0.8100832104032218,false,776,1080,0.8100832104032218
776,65217,0.9357715407051105,false,776,65217,0.9357715407051105
776,105372793,0.7904337186253901,false,776,105372793,0.7904337186253901
776,84765,0.9602356381452801,false,776,84765,0.9602356381452801
776,55282,0.8145536632303919,false,776,55282,0.8145536632303919
776,79098,0.9001313395813902,false,776,79098,0.9001313395813902
776,144535,0.7960198898814199,false,776,144535,0.7960198898814199
776,649946,0.889821592947442,false,776,649946,0.889821592947442
776,144571,0.8257431556851021,false,776,144571,0.8257431556851021
776,26298,0.7937389717599428,false,776,26298,0.7937389717599428
776,165186,0.8689356130460787,false,776,165186,0.8689356130460787
776,102465485,0.8171180609031697,false,776,102465485,0.8171180609031697
776,100033436,0.8480066446129872,false,776,100033436,0.8480066446129872
1513,135656,0.7603570528021437,false,1513,135656,0.7603570528021437
1513,2266,0.7794764010488818,false,1513,2266,0.7794764010488818
84851,84525,0.805895891008298,false,84851,84525,0.805895891008298
84851,4861,0.904937956624241,false,84851,4861,0.904937956624241
84851,10203,0.9177082978814238,false,84851,10203,0.9177082978814238
84851,1080,0.8857547054096057,false,84851,1080,0.8857547054096057
84851,65217,0.8479453054194548,false,84851,65217,0.8479453054194548
84851,105372793,0.9908133361719897,false,84851,105372793,0.9908133361719897
84851,84765,0.835434064059377,false,84851,84765,0.835434064059377
84851,55282,0.7975390759673802,false,84851,55282,0.7975390759673802
84851,79098,0.8538622746909518,false,84851,79098,0.8538622746909518
84851,144535,0.8983128822596128,false,84851,144535,0.8983128822596128
84851,649946,0.9222054326038276,false,84851,649946,0.9222054326038276
84851,144571,0.9097157813935983,false,84851,144571,0.9097157813935983
84851,26298,0.9783238301584819,false,84851,26298,0.9783238301584819
84851,165186,0.8961233810040161,false,84851,165186,0.8961233810040161
84851,102465485,0.9495496566384252,false,84851,102465485,0.9495496566384252
84851,100033436,0.9889727590561433,false,84851,100033436,0.9889727590561433
780,7433,0.8687972370206563,false,780,7433,0.8687972370206563
780,1286,0.8067210920140938,false,780,1286,0.8067210920140938
780,23584,0.7610919156747913,false,780,23584,0.7610919156747913
780,79740,0.7547770358143314,false,780,79740,0.7547770358143314
780,440352,0.8601520233202196,false,780,440352,0.8601520233202196
135656,94059,0.8757096041473318,false,135656,94059,0.8757096041473318
135656,26769,0.7503337202020964,false,135656,26769,0.7503337202020964
135656,3960,0.9071684329037598,false,135656,3960,0.9071684329037598
135656,23584,0.8434272921747301,false,135656,23584,0.8434272921747301
135656,692213,0.8146483315441976,false,135656,692213,0.8146483315441976
135656,153643,0.9430700983446845,false,135656,153643,0.9430700983446845
135656,112268422,0.8959551280235424,false,135656,112268422,0.8959551280235424
135656,259294,0.949353339413418,false,135656,259294,0.949353339413418
135656,2266,0.9882057148287149,false,135656,2266,0.9882057148287149
135656,745,0.9517937288992,false,135656,745,0.9517937288992
84525,4861,0.8662490753573518,false,84525,4861,0.8662490753573518
84525,10203,0.8844451078294562,false,84525,10203,0.8844451078294562
84525,1080,0.8428989812928455,false,84525,1080,0.8428989812928455
84525,1286,0.8098994186271631,false,84525,1286,0.8098994186271631
84525,105372793,0.7652894701268543,false,84525,105372793,0.7652894701268543
84525,56955,0.8189958855722517,false,84525,56955,0.8189958855722517
84525,84765,0.7680937086538129,false,84525,84765,0.7680937086538129
84525,653509,0.9257199244612078,false,84525,653509,0.9257199244612078
84525,55282,0.9683872674097452,false,84525,55282,0.9683872674097452
84525,729238,0.8320726071410549,false,84525,729238,0.8320726071410549
84525,79098,0.8648901902314211,false,84525,79098,0.8648901902314211
84525,144535,0.8530411461516002,false,84525,144535,0.8530411461516002
84525,649946,0.8905026195417012,false,84525,649946,0.8905026195417012
84525,144571,0.9461339513656809,false,84525,144571,0.9461339513656809
84525,26298,0.7837055223673167,false,84525,26298,0.7837055223673167
84525,165186,0.9057921356098578,false,84525,165186,0.9057921356098578
84525,102465485,0.9407750469165703,false,84525,102465485,0.9407750469165703
84525,100033436,0.8682150024632436,false,84525,100033436,0.8682150024632436
3880,100129460,0.824719197121316,false,3880,100129460,0.824719197121316
3880,23584,0.831048477224034,false,3880,23584,0.831048477224034
3880,153643,0.9061163332078007,false,3880,153643,0.9061163332078007
3880,112268422,0.7571874079874299,false,3880,112268422,0.7571874079874299
3880,745,0.8951499152385858,false,3880,745,0.8951499152385858
4861,10203,0.9039009075624034,false,4861,10203,0.9039009075624034
4861,1080,0.7513797448501847,false,4861,1080,0.7513797448501847
4861,65217,0.7571234646996996,false,4861,65217,0.7571234646996996
4861,105372793,0.8879043739372988,false,4861,105372793,0.8879043739372988
4861,56955,0.9276840148268052,false,4861,56955,0.9276840148268052
4861,84765,0.9161452545759103,false,4861,84765,0.9161452545759103
4861,653509,0.8136631974704853,false,4861,653509,0.8136631974704853
4861,55282,0.8968543589379664,false,4861,55282,0.8968543589379664
4861,79098,0.978196546432739,false,4861,79098,0.978196546432739
4861,144535,0.7732486767019535,false,4861,144535,0.7732486767019535
4861,649946,0.8268000101618898,false,4861,649946,0.8268000101618898
4861,144571,0.9460818808354166,false,4861,144571,0.9460818808354166
4861,26298,0.858175482999351,false,4861,26298,0.858175482999351
4861,165186,0.9939573504009775,false,4861,165186,0.9939573504009775
4861,102465485,0.90773042122922,false,4861,102465485,0.90773042122922
4861,100033436,0.9402117870922774,false,4861,100033436,0.9402117870922774
94059,26769,0.941172969465671,false,94059,26769,0.941172969465671
94059,3960,0.8831318365585866,false,94059,3960,0.8831318365585866
94059,23584,0.7894843630804903,false,94059,23584,0.7894843630804903
94059,692213,0.9237663646676957,false,94059,692213,0.9237663646676957
94059,153643,0.8332798460197574,false,94059,153643,0.8332798460197574
94059,112268422,0.9403067240647569,false,94059,112268422,0.9403067240647569
94059,259294,0.9193163255980039,false,94059,259294,0.9193163255980039
94059,79740,0.7825854770252765,false,94059,79740,0.7825854770252765
94059,2266,0.8757221728532828,false,94059,2266,0.8757221728532828
94059,745,0.7850512807109844,false,94059,745,0.7850512807109844
101928580,57110,0.9525960365416547,false,101928580,57110,0.9525960365416547
101928580,646480,0.8575393451973672,false,101928580,646480,0.8575393451973672
101928580,4606,0.9606126585649476,false,101928580,4606,0.9606126585649476
26769,4069,0.7746550347234714,false,26769,4069,0.7746550347234714
26769,692213,0.7689305085172875,false,26769,692213,0.7689305085172875
26769,112268422,0.9425206102491785,false,26769,112268422,0.9425206102491785
26769,259294,0.7562164919420272,false,26769,259294,0.7562164919420272
26769,79740,0.8241301053216734,false,26769,79740,0.8241301053216734
26769,2266,0.7652211915832321,false,26769,2266,0.7652211915832321
21,729238,0.8593897210004237,false,21,729238,0.8593897210004237
21,3855,0.9245390723531886,false,21,3855,0.9245390723531886
80381,100874002,0.8415322781233457,false,80381,100874002,0.8415322781233457
80381,219793,0.7838823442539945,false,80381,219793,0.7838823442539945
80381,1515,0.8452590788864022,false,80381,1515,0.8452590788864022
7433,100129460,0.796109126630113,false,7433,100129460,0.796109126630113
7433,1286,0.8825396791120079,false,7433,1286,0.8825396791120079
7433,3855,0.8451448296775942,false,7433,3855,0.8451448296775942
3960,284323,0.8543765893561023,false,3960,284323,0.8543765893561023
3960,23584,0.8838498840658054,false,3960,23584,0.8838498840658054
3960,692213,0.9610664095484099,false,3960,692213,0.9610664095484099
3960,153643,0.8159539333916642,false,3960,153643,0.8159539333916642
3960,112268422,0.7658735548023609,false,3960,112268422,0.7658735548023609
3960,259294,0.9854879611013533,false,3960,259294,0.9854879611013533
3960,2266,0.872403139327096,false,3960,2266,0.872403139327096
3960,745,0.8122301737347335,false,3960,745,0.8122301737347335
3960,440352,0.8212450198343941,false,3960,440352,0.8212450198343941
10203,1080,0.9104189762133987,false,10203,1080,0.9104189762133987
10203,65217,0.869817033622901,false,10203,65217,0.869817033622901
10203,105372793,0.8810054764778736,false,10203,105372793,0.8810054764778736
10203,56955,0.7640253121449679,false,10203,56955,0.7640253121449679
10203,84765,0.9343221649086956,false,10203,84765,0.9343221649086956
10203,653509,0.8129225345466556,false,10203,653509,0.8129225345466556
10203,55282,0.9302301833454616,false,10203,55282,0.9302301833454616
10203,79098,0.8920305151081577,false,10203,79098,0.8920305151081577
10203,144535,0.9002296766128608,false,10203,144535,0.9002296766128608
10203,649946,0.9419360004328928,false,10203,649946,0.9419360004328928
10203,144571,0.9318246754293974,false,10203,144571,0.9318246754293974
10203,26298,0.8687182575214527,false,10203,26298,0.8687182575214527
10203,165186,0.9148926529582193,false,10203,165186,0.9148926529582193
10203,102465485,0.9307605106494439,false,10203,102465485,0.9307605106494439
10203,100033436,0.928008098875371,false,10203,100033436,0.928008098875371
284323,65217,0.901291052792735,false,284323,65217,0.901291052792735
284323,692213,0.8814911575130727,false,284323,692213,0.8814911575130727
284323,84765,0.8121920778431154,false,284323,84765,0.8121920778431154
284323,259294,0.7779397447759557,false,284323,259294,0.7779397447759557
284323,440352,0.7659837728652438,false,284323,440352,0.7659837728652438
4069,284434,0.8388840955326927,false,4069,284434,0.8388840955326927
4069,79740,0.7783590640701178,false,4069,79740,0.7783590640701178
83643,498,0.7825357518868543,false,83643,498,0.7825357518868543
83643,284434,0.9546727993838909,false,83643,284434,0.9546727993838909
1080,65217,0.8592916922429916,false,1080,65217,0.8592916922429916
1080,1286,0.7923248027786808,false,1080,1286,0.7923248027786808
1080,105372793,0.8382814729769723,false,1080,105372793,0.8382814729769723
1080,84765,0.7715739313353042,false,1080,84765,0.7715739313353042
1080,653509,0.8113552330885321,false,1080,653509,0.8113552330885321
1080,55282,0.8186948128658098,false,1080,55282,0.8186948128658098
1080,79098,0.7656834404328972,false,1080,79098,0.7656834404328972
1080,144535,0.9888308288192983,false,1080,144535,0.9888308288192983
1080,649946,0.9610476259165649,false,1080,649946,0.9610476259165649
1080,144571,0.820507800214994,false,1080,144571,0.820507800214994
1080,26298,0.906659910252919,false,1080,26298,0.906659910252919
1080,165186,0.7771934939271854,false,1080,165186,0.7771934939271854
1080,102465485,0.9024215886866669,false,1080,102465485,0.9024215886866669
1080,100033436,0.8699681289334771,false,1080,100033436,0.8699681289334771
105373265,9211,0.8272058080764684,false,105373265,9211,0.8272058080764684
105373265,440590,0.9288614566147638,false,105373265,440590,0.9288614566147638
65217,105372793,0.7852399099943629,false,65217,105372793,0.7852399099943629
65217,692213,0.7617621382645788,false,65217,692213,0.7617621382645788
65217,84765,0.8916192072574023,false,65217,84765,0.8916192072574023
65217,79098,0.7738156149060121,false,65217,79098,0.7738156149060121
65217,144535,0.8479816368819482,false,65217,144535,0.8479816368819482
65217,649946,0.8738270553448598,false,65217,649946,0.8738270553448598
65217,26298,0.8182226006722885,false,65217,26298,0.8182226006722885
65217,100033436,0.7966100325220656,false,65217,100033436,0.7966100325220656
1286,653509,0.7871751727147859,false,1286,653509,0.7871751727147859
1286,55282,0.7764056756656856,false,1286,55282,0.7764056756656856
1286,729238,0.7587898279527016,false,1286,729238,0.7587898279527016
1286,144535,0.7591711973045446,false,1286,144535,0.7591711973045446
1286,649946,0.7850522592714466,false,1286,649946,0.7850522592714466
100874002,219793,0.9849357860893291,false,100874002,219793,0.9849357860893291
100874002,1515,0.8363077796042615,false,100874002,1515,0.8363077796042615
219793,1515,0.7784373189305214,false,219793,1515,0.7784373189305214
105372793,84765,0.7887649801672165,false,105372793,84765,0.7887649801672165
105372793,55282,0.7610774018948128,false,105372793,55282,0.7610774018948128
105372793,79098,0.819509866070099,false,105372793,79098,0.819509866070099
105372793,144535,0.8584455143306098,false,105372793,144535,0.8584455143306098
105372793,649946,0.870840746471445,false,105372793,649946,0.870840746471445
105372793,144571,0.8954957684821574,false,105372793,144571,0.8954957684821574
105372793,26298,0.9705312070153064,false,105372793,26298,0.9705312070153064
105372793,165186,0.8782435551521007,false,105372793,165186,0.8782435551521007
105372793,102465485,0.932004518043559,false,105372793,102465485,0.932004518043559
105372793,100033436,0.9819110125015428,false,105372793,100033436,0.9819110125015428
23584,692213,0.8415744892992975,false,23584,692213,0.8415744892992975
23584,153643,0.9046867021079642,false,23584,153643,0.9046867021079642
23584,259294,0.8963026547006845,false,23584,259294,0.8963026547006845
23584,2266,0.793771140607177,false,23584,2266,0.793771140607177
23584,745,0.894724990010081,false,23584,745,0.894724990010081
23584,440352,0.9274624937166296,false,23584,440352,0.9274624937166296
56955,84765,0.8025365827286552,false,56955,84765,0.8025365827286552
56955,653509,0.8140025300439068,false,56955,653509,0.8140025300439068
56955,55282,0.853369900921357,false,56955,55282,0.853369900921357
56955,79098,0.925731232750212,false,56955,79098,0.925731232750212
56955,144571,0.8485821795993098,false,56955,144571,0.8485821795993098
56955,165186,0.9443872034259707,false,56955,165186,0.9443872034259707
56955,102465485,0.7896340453048613,false,56955,102465485,0.7896340453048613
56955,100033436,0.8110530739370411,false,56955,100033436,0.8110530739370411
692213,112268422,0.7717909543435907,false,692213,112268422,0.7717909543435907
692213,259294,0.9419553965232379,false,692213,259294,0.9419553965232379
692213,2266,0.7773040237348751,false,692213,2266,0.7773040237348751
692213,440352,0.8487624481447468,false,692213,440352,0.8487624481447468
79784,440352,0.7564453817093688,false,79784,440352,0.7564453817093688
84765,55282,0.8551921276271497,false,84765,55282,0.8551921276271497
84765,79098,0.9319466794131476,false,84765,79098,0.9319466794131476
84765,144535,0.7679832380588133,false,84765,144535,0.7679832380588133
84765,649946,0.8217204981454421,false,84765,649946,0.8217204981454421
84765,144571,0.8342574679431053,false,84765,144571,0.8342574679431053
84765,26298,0.7714674153239528,false,84765,26298,0.7714674153239528
84765,165186,0.9052947938749466,false,84765,165186,0.9052947938749466
84765,102465485,0.796718811124335,false,84765,102465485,0.796718811124335
84765,100033436,0.8400965579110357,false,84765,100033436,0.8400965579110357
153643,112268422,0.9118715077609406,false,153643,112268422,0.9118715077609406
153643,259294,0.8779408303463665,false,153643,259294,0.8779408303463665
153643,2266,0.9171759095968106,false,153643,2266,0.9171759095968106
153643,745,0.9896250481393931,false,153643,745,0.9896250481393931
653509,55282,0.9247650388254982,false,653509,55282,0.9247650388254982
653509,729238,0.9697208512333088,false,653509,729238,0.9697208512333088
653509,79098,0.873740366631476,false,653509,79098,0.873740366631476
653509,144535,0.8091127993161141,false,653509,144535,0.8091127993161141
653509,649946,0.7814358477883377,false,653509,649946,0.7814358477883377
653509,144571,0.8516231056440854,false,653509,144571,0.8516231056440854
653509,26298,0.7539341994764859,false,653509,26298,0.7539341994764859
653509,165186,0.858259891702902,false,653509,165186,0.858259891702902
653509,102465485,0.848173603829171,false,653509,102465485,0.848173603829171
653509,100033436,0.7754758189008784,false,653509,100033436,0.7754758189008784
1028,646480,0.76758946322313,false,1028,646480,0.76758946322313
55282,729238,0.8347191684694292,false,55282,729238,0.8347191684694292
55282,79098,0.9042789009921834,false,55282,79098,0.9042789009921834
55282,144535,0.8180976414625595,false,55282,144535,0.8180976414625595
55282,649946,0.8576181362428977,false,55282,649946,0.8576181362428977
55282,144571,0.9499185224088724,false,55282,144571,0.9499185224088724
55282,26298,0.7572812487758677,false,55282,26298,0.7572812487758677
55282,165186,0.9317526009824646,false,55282,165186,0.9317526009824646
55282,102465485,0.9120839540336022,false,55282,102465485,0.9120839540336022
55282,100033436,0.8584610375848437,false,55282,100033436,0.8584610375848437
729238,79098,0.7670650554877604,false,729238,79098,0.7670650554877604
100423031,1515,0.7616895813052971,false,100423031,1515,0.7616895813052971
57110,646480,0.9012573196543203,false,57110,646480,0.9012573196543203
57110,4606,0.9988151041514084,false,57110,4606,0.9988151041514084
646480,4606,0.9065687336777222,false,646480,4606,0.9065687336777222
79098,144535,0.7795831013636814,false,79098,144535,0.7795831013636814
79098,649946,0.8099882606629146,false,79098,649946,0.8099882606629146
79098,144571,0.9028893076330539,false,79098,144571,0.9028893076330539
79098,26298,0.8299395770134262,false,79098,26298,0.8299395770134262
79098,165186,0.9780122316635367,false,79098,165186,0.9780122316635367
79098,102465485,0.8671696837140977,false,79098,102465485,0.8671696837140977
79098,100033436,0.8877434181205376,false,79098,100033436,0.8877434181205376
144535,649946,0.9493242907224076,false,144535,649946,0.9493242907224076
144535,144571,0.8267512617622402,false,144535,144571,0.8267512617622402
144535,26298,0.9223190142504607,false,144535,26298,0.9223190142504607
144535,165186,0.8023585516031077,false,144535,165186,0.8023585516031077
144535,102465485,0.9116778402761241,false,144535,102465485,0.9116778402761241
144535,100033436,0.8883969301422552,false,144535,100033436,0.8883969301422552
112268422,259294,0.8428649861865236,false,112268422,259294,0.8428649861865236
112268422,79740,0.775834978830398,false,112268422,79740,0.775834978830398
112268422,2266,0.8993573539325078,false,112268422,2266,0.8993573539325078
112268422,745,0.8665413155596401,false,112268422,745,0.8665413155596401
649946,144571,0.8941605567079958,false,649946,144571,0.8941605567079958
649946,26298,0.8961244983372927,false,649946,26298,0.8961244983372927
649946,165186,0.8383843601382494,false,649946,165186,0.8383843601382494
649946,102465485,0.9457835280991086,false,649946,102465485,0.9457835280991086
649946,100033436,0.9190323875944012,false,649946,100033436,0.9190323875944012
144571,26298,0.8611144144828446,false,144571,26298,0.8611144144828446
144571,165186,0.9602218750711299,false,144571,165186,0.9602218750711299
144571,102465485,0.977002541497677,false,144571,102465485,0.977002541497677
144571,100033436,0.9567019736593444,false,144571,100033436,0.9567019736593444
259294,2266,0.9223280311512432,false,259294,2266,0.9223280311512432
259294,745,0.8702898476734227,false,259294,745,0.8702898476734227
259294,440352,0.8000170830085944,false,259294,440352,0.8000170830085944
2266,745,0.9289476548901967,false,2266,745,0.9289476548901967
26298,165186,0.8569778614668926,false,26298,165186,0.8569778614668926
26298,102465485,0.9288060630428708,false,26298,102465485,0.9288060630428708
26298,100033436,0.9608540903888467,false,26298,100033436,0.9608540903888467
165186,102465485,0.9253350384965243,false,165186,102465485,0.9253350384965243
165186,100033436,0.939951073818301,false,165186,100033436,0.939951073818301
102465485,100033436,0.97709843671447,false,102465485,100033436,0.97709843671447
