56896
11081
5225
4583
27134
339983
1381
57530
160728
8153
4062
4861
57524
100419743
100302161
246
3780
