79098
6332
4057
11148
115019
284434
113218482
112268252
94025
112268422
