441581
255928
6751
155465
448831
105
1381
4222
1080
340596
57524
4892
7546
