1580
7080
1746
3229
114569
22941
22943
9228
284111
112268252
64073
4680
