388743
79098
6332
4057
6337
11148
105372793
120892
79838
201625
6523
3694
3856
113218482
112268252
4680
112268422
