57111
693188
886
1515
7080
1746
3229
114569
22941
22943
9228
100506380
284111
64073
50964
10071
