Interaction,name,Pearson,selected,shared interaction,shared name,Weight
886,4496,1.0,false,886,4496,1.0
886,388633,0.9999595319999685,false,886,388633,0.9999595319999685
886,58524,0.9976716759734686,false,886,58524,0.9976716759734686
886,100506380,0.8156604501383975,false,886,100506380,0.8156604501383975
886,83643,0.985362456976401,false,886,83643,0.985362456976401
886,632,0.9711428228672299,false,886,632,0.9711428228672299
886,284434,0.9989477611297353,false,886,284434,0.9989477611297353
886,3929,0.9906360704256062,false,886,3929,0.9906360704256062
886,22943,0.9921311421811233,false,886,22943,0.9921311421811233
886,6969,0.9988436365158156,false,886,6969,0.9988436365158156
886,160728,0.9802795006267496,false,886,160728,0.9802795006267496
886,5349,0.899636927794882,false,886,5349,0.899636927794882
110806280,9370,1.0,false,110806280,9370,1.0
110806280,105,0.9942882720819411,false,110806280,105,0.9942882720819411
110806280,100874095,1.0,false,110806280,100874095,1.0
110806280,158798,0.9682647315667503,false,110806280,158798,0.9682647315667503
110806280,400578,0.9981324195963995,false,110806280,400578,0.9981324195963995
110806280,4318,0.8365397135358972,false,110806280,4318,0.8365397135358972
110806280,8091,0.9047287617377673,false,110806280,8091,0.9047287617377673
110806280,399949,0.9994206680390919,false,110806280,399949,0.9994206680390919
110806280,6441,0.9497773822140293,false,110806280,6441,0.9497773822140293
110806280,728276,0.9974792564247731,false,110806280,728276,0.9974792564247731
110806280,5545,0.9969833985956891,false,110806280,5545,0.9969833985956891
110806280,103504738,0.7942445060033201,false,110806280,103504738,0.7942445060033201
110806280,7356,0.9854036756125232,false,110806280,7356,0.9854036756125232
110806280,10917,0.8409213918558732,false,110806280,10917,0.8409213918558732
110806280,92304,0.8586570885462874,false,110806280,92304,0.8586570885462874
105372793,57402,0.7824459915985652,false,105372793,57402,0.7824459915985652
105372793,105371242,0.7787780883681139,false,105372793,105371242,0.7787780883681139
105372793,107984406,0.9851824285678121,false,105372793,107984406,0.9851824285678121
105372793,2327,0.8288072349277847,false,105372793,2327,0.8288072349277847
105372793,66002,0.8346503399131983,false,105372793,66002,0.8346503399131983
105372793,151531,0.8084552317431143,false,105372793,151531,0.8084552317431143
105372793,55289,0.8190253047615897,false,105372793,55289,0.8190253047615897
105372793,102465485,0.9783873275702986,false,105372793,102465485,0.9783873275702986
8153,4604,0.9999991287057016,false,8153,4604,0.9999991287057016
8153,10331,0.7985517136822545,false,8153,10331,0.7985517136822545
8153,101928580,0.9750042445205943,false,8153,101928580,0.9750042445205943
8153,100996301,1.0,false,8153,100996301,1.0
8153,84518,0.9999999999999999,false,8153,84518,0.9999999999999999
8153,84700,0.855388739330191,false,8153,84700,0.855388739330191
8153,4606,0.9999986588248849,false,8153,4606,0.9999986588248849
8153,107984498,1.0,false,8153,107984498,1.0
8153,3229,0.9999999999999998,false,8153,3229,0.9999999999999998
8153,7780,1.0,false,8153,7780,1.0
8153,11081,1.0,false,8153,11081,1.0
8153,441151,1.0,false,8153,441151,1.0
8153,3780,0.9683235840254809,false,8153,3780,0.9683235840254809
8153,390083,1.0,false,8153,390083,1.0
8153,284111,0.9999999999999999,false,8153,284111,0.9999999999999999
8153,128674,1.0,false,8153,128674,1.0
8153,54112,1.0,false,8153,54112,1.0
8153,4892,0.9947345225002142,false,8153,4892,0.9947345225002142
8153,401089,0.9647922349218748,false,8153,401089,0.9647922349218748
8153,4062,0.9999999999999999,false,8153,4062,0.9999999999999999
8153,401492,1.0,false,8153,401492,1.0
8153,26609,1.0,false,8153,26609,1.0
8153,27022,1.0,false,8153,27022,1.0
8153,646480,0.9048842968309664,false,8153,646480,0.9048842968309664
8153,222183,0.9750042445205945,false,8153,222183,0.9750042445205945
8153,24150,1.0,false,8153,24150,1.0
8153,606,0.9022260193128495,false,8153,606,0.9022260193128495
8153,57110,1.0,false,8153,57110,1.0
8153,105369937,1.0,false,8153,105369937,1.0
8153,29895,0.9999752596347108,false,8153,29895,0.9999752596347108
8153,6496,1.0,false,8153,6496,1.0
8153,7125,0.9999629305782758,false,8153,7125,0.9999629305782758
8153,399726,0.9999999999999999,false,8153,399726,0.9999999999999999
503640,57402,0.9358660781962068,false,503640,57402,0.9358660781962068
503640,51208,0.9856350486215502,false,503640,51208,0.9856350486215502
503640,654412,0.9416885372467444,false,503640,654412,0.9416885372467444
503640,102725051,0.9710108708522887,false,503640,102725051,0.9710108708522887
503640,219790,0.896159118389534,false,503640,219790,0.896159118389534
503640,66002,0.9231316346597351,false,503640,66002,0.9231316346597351
503640,100302161,0.7632217432420528,false,503640,100302161,0.7632217432420528
503640,151531,0.9270072591907623,false,503640,151531,0.9270072591907623
503640,55289,0.9191102987415879,false,503640,55289,0.9191102987415879
503640,8395,0.7662697289800386,false,503640,8395,0.7662697289800386
503640,23584,0.7598740912438461,false,503640,23584,0.7598740912438461
503640,100033430,0.9676850845121808,false,503640,100033430,0.9676850845121808
503640,7113,0.776117367775613,false,503640,7113,0.776117367775613
503640,4582,0.8190222415073276,false,503640,4582,0.8190222415073276
503640,7433,0.9379744256623002,false,503640,7433,0.9379744256623002
503640,6751,0.9825938937077052,false,503640,6751,0.9825938937077052
503640,9356,0.8745282261261826,false,503640,9356,0.8745282261261826
503640,3960,0.7881029427584951,false,503640,3960,0.7881029427584951
503640,27283,0.9833725874528298,false,503640,27283,0.9833725874528298
9370,105,0.9942882720819411,false,9370,105,0.9942882720819411
9370,100874095,1.0,false,9370,100874095,1.0
9370,158798,0.9682647315667503,false,9370,158798,0.9682647315667503
9370,400578,0.9981324195963995,false,9370,400578,0.9981324195963995
9370,4318,0.8365397135358972,false,9370,4318,0.8365397135358972
9370,8091,0.9047287617377673,false,9370,8091,0.9047287617377673
9370,399949,0.9994206680390919,false,9370,399949,0.9994206680390919
9370,6441,0.9497773822140293,false,9370,6441,0.9497773822140293
9370,728276,0.9974792564247731,false,9370,728276,0.9974792564247731
9370,5545,0.9969833985956891,false,9370,5545,0.9969833985956891
9370,103504738,0.7942445060033201,false,9370,103504738,0.7942445060033201
9370,7356,0.9854036756125232,false,9370,7356,0.9854036756125232
9370,10917,0.8409213918558732,false,9370,10917,0.8409213918558732
9370,92304,0.8586570885462874,false,9370,92304,0.8586570885462874
57402,51208,0.9540225117836826,false,57402,51208,0.9540225117836826
57402,654412,0.7935298446476008,false,57402,654412,0.7935298446476008
57402,102725051,0.8257105396967108,false,57402,102725051,0.8257105396967108
57402,107984406,0.8008829723622137,false,57402,107984406,0.8008829723622137
57402,219790,0.9739326481600439,false,57402,219790,0.9739326481600439
57402,66002,0.991941465539284,false,57402,66002,0.991941465539284
57402,151531,0.992281052933781,false,57402,151531,0.992281052933781
57402,55289,0.9971015488327136,false,57402,55289,0.9971015488327136
57402,100033430,0.9574649580569576,false,57402,100033430,0.9574649580569576
57402,7433,0.840258126920269,false,57402,7433,0.840258126920269
57402,6751,0.9757994234274924,false,57402,6751,0.9757994234274924
57402,27283,0.8911842220060584,false,57402,27283,0.8911842220060584
57402,102465485,0.865153092504347,false,57402,102465485,0.865153092504347
51208,654412,0.9369173240598055,false,51208,654412,0.9369173240598055
51208,102725051,0.9303261036919196,false,51208,102725051,0.9303261036919196
51208,219790,0.9159615676074659,false,51208,219790,0.9159615676074659
51208,66002,0.9331551064281072,false,51208,66002,0.9331551064281072
51208,151531,0.9477911582614275,false,51208,151531,0.9477911582614275
51208,55289,0.9332150568836834,false,51208,55289,0.9332150568836834
51208,8395,0.7523004459237977,false,51208,8395,0.7523004459237977
51208,100033430,0.9929892812282827,false,51208,100033430,0.9929892812282827
51208,7113,0.7893179995460602,false,51208,7113,0.7893179995460602
51208,4582,0.8077666748883936,false,51208,4582,0.8077666748883936
51208,7433,0.9229423174439978,false,51208,7433,0.9229423174439978
51208,6751,0.985675341379484,false,51208,6751,0.985675341379484
51208,9356,0.8640056503318307,false,51208,9356,0.8640056503318307
51208,3960,0.7665400949042114,false,51208,3960,0.7665400949042114
51208,27283,0.944589657077257,false,51208,27283,0.944589657077257
105,100874095,0.994288272081941,false,105,100874095,0.994288272081941
105,158798,0.9893247443281291,false,105,158798,0.9893247443281291
105,400578,0.9903450671314263,false,105,400578,0.9903450671314263
105,4318,0.8768305653911601,false,105,4318,0.8768305653911601
105,8091,0.9373771917008502,false,105,8091,0.9373771917008502
105,399949,0.9941197013026281,false,105,399949,0.9941197013026281
105,6441,0.972655521785851,false,105,6441,0.972655521785851
105,728276,0.9976605064951758,false,105,728276,0.9976605064951758
105,5545,0.988558088862473,false,105,5545,0.988558088862473
105,103504738,0.8543522361464704,false,105,103504738,0.8543522361464704
105,2125,0.7592294335977879,false,105,2125,0.7592294335977879
105,7356,0.990006804464104,false,105,7356,0.990006804464104
105,10917,0.8936936566893283,false,105,10917,0.8936936566893283
105,92304,0.8867593040780198,false,105,92304,0.8867593040780198
654412,102725051,0.9648935005960609,false,654412,102725051,0.9648935005960609
654412,57528,0.889166660994141,false,654412,57528,0.889166660994141
654412,219790,0.7553779330702433,false,654412,219790,0.7553779330702433
654412,66002,0.7609200291508083,false,654412,66002,0.7609200291508083
654412,100302161,0.9251291310827472,false,654412,100302161,0.9251291310827472
654412,151531,0.7825920515494887,false,654412,151531,0.7825920515494887
654412,115019,0.9097393842408013,false,654412,115019,0.9097393842408013
654412,55289,0.756331346724927,false,654412,55289,0.756331346724927
654412,8395,0.9315142101727178,false,654412,8395,0.9315142101727178
654412,23584,0.9150505018000106,false,654412,23584,0.9150505018000106
654412,100033430,0.9085759156175676,false,654412,100033430,0.9085759156175676
654412,7113,0.9384051689011518,false,654412,7113,0.9384051689011518
654412,4582,0.9598535112530366,false,654412,4582,0.9598535112530366
654412,7433,0.9340684594382467,false,654412,7433,0.9340684594382467
654412,6751,0.8935395682366339,false,654412,6751,0.8935395682366339
654412,9356,0.9686086105600004,false,654412,9356,0.9686086105600004
654412,3960,0.9417594907614667,false,654412,3960,0.9417594907614667
654412,27283,0.9173313203270002,false,654412,27283,0.9173313203270002
654412,10071,0.9138745608080608,false,654412,10071,0.9138745608080608
102725051,57528,0.8130304185992555,false,102725051,57528,0.8130304185992555
102725051,219790,0.7822078092831838,false,102725051,219790,0.7822078092831838
102725051,66002,0.8123281914704705,false,102725051,66002,0.8123281914704705
102725051,100302161,0.868430186500299,false,102725051,100302161,0.868430186500299
102725051,151531,0.8149973082647168,false,102725051,151531,0.8149973082647168
102725051,115019,0.8342663242047491,false,102725051,115019,0.8342663242047491
102725051,55289,0.8026207835471738,false,102725051,55289,0.8026207835471738
102725051,8395,0.8582905364919433,false,102725051,8395,0.8582905364919433
102725051,23584,0.8535583389360025,false,102725051,23584,0.8535583389360025
102725051,100033430,0.897136226251943,false,102725051,100033430,0.897136226251943
102725051,7113,0.8400520883374666,false,102725051,7113,0.8400520883374666
102725051,4582,0.8968328448894894,false,102725051,4582,0.8968328448894894
102725051,7433,0.9366683886980145,false,102725051,7433,0.9366683886980145
102725051,6751,0.9154612557849747,false,102725051,6751,0.9154612557849747
102725051,9356,0.9205410591400747,false,102725051,9356,0.9205410591400747
102725051,3960,0.881991906985421,false,102725051,3960,0.881991906985421
102725051,27283,0.9780842750309353,false,102725051,27283,0.9780842750309353
102725051,10071,0.8487513584162426,false,102725051,10071,0.8487513584162426
4496,388633,0.9999595319999685,false,4496,388633,0.9999595319999685
4496,58524,0.9976716759734688,false,4496,58524,0.9976716759734688
4496,100506380,0.8156604501383975,false,4496,100506380,0.8156604501383975
4496,83643,0.9853624569764011,false,4496,83643,0.9853624569764011
4496,632,0.9711428228672301,false,4496,632,0.9711428228672301
4496,284434,0.9989477611297355,false,4496,284434,0.9989477611297355
4496,3929,0.9906360704256062,false,4496,3929,0.9906360704256062
4496,22943,0.9921311421811233,false,4496,22943,0.9921311421811233
4496,6969,0.9988436365158158,false,4496,6969,0.9988436365158158
4496,160728,0.9802795006267501,false,4496,160728,0.9802795006267501
4496,5349,0.8996369277948822,false,4496,5349,0.8996369277948822
4604,10331,0.7993456033302235,false,4604,10331,0.7993456033302235
4604,101928580,0.9752966966438179,false,4604,101928580,0.9752966966438179
4604,100996301,0.9999991287057018,false,4604,100996301,0.9999991287057018
4604,84518,0.9999991287057017,false,4604,84518,0.9999991287057017
4604,84700,0.8560717731841145,false,4604,84700,0.8560717731841145
4604,4606,0.9999999495279976,false,4604,4606,0.9999999495279976
4604,107984498,0.9999991287057017,false,4604,107984498,0.9999991287057017
4604,3229,0.9999991287057017,false,4604,3229,0.9999991287057017
4604,7780,0.9999991287057018,false,4604,7780,0.9999991287057018
4604,11081,0.9999991287057018,false,4604,11081,0.9999991287057018
4604,441151,0.9999991287057018,false,4604,441151,0.9999991287057018
4604,3780,0.9686523603693721,false,4604,3780,0.9686523603693721
4604,390083,0.9999991287057018,false,4604,390083,0.9999991287057018
4604,284111,0.9999991287057017,false,4604,284111,0.9999991287057017
4604,128674,0.9999991287057018,false,4604,128674,0.9999991287057018
4604,54112,0.9999991287057017,false,4604,54112,0.9999991287057017
4604,4892,0.9947084739651827,false,4604,4892,0.9947084739651827
4604,401089,0.9647045952696094,false,4604,401089,0.9647045952696094
4604,4062,0.9999991287057016,false,4604,4062,0.9999991287057016
4604,401492,0.9999991287057018,false,4604,401492,0.9999991287057018
4604,26609,0.9999991287057017,false,4604,26609,0.9999991287057017
4604,27022,0.9999991287057017,false,4604,27022,0.9999991287057017
4604,646480,0.9047430338246483,false,4604,646480,0.9047430338246483
4604,222183,0.975296696643818,false,4604,222183,0.975296696643818
4604,24150,0.9999991287057017,false,4604,24150,0.9999991287057017
4604,606,0.9027945317178266,false,4604,606,0.9027945317178266
4604,57110,0.9999991287057018,false,4604,57110,0.9999991287057018
4604,105369937,0.9999991287057018,false,4604,105369937,0.9999991287057018
4604,29895,0.9999836740204091,false,4604,29895,0.9999836740204091
4604,6496,0.9999991287057017,false,4604,6496,0.9999991287057017
4604,7125,0.9999734255404642,false,4604,7125,0.9999734255404642
4604,399726,0.9999991287057017,false,4604,399726,0.9999991287057017
10331,101928580,0.9123310285357159,false,10331,101928580,0.9123310285357159
10331,100996301,0.7985517136822545,false,10331,100996301,0.7985517136822545
10331,84518,0.7985517136822544,false,10331,84518,0.7985517136822544
10331,84700,0.9948618462478152,false,10331,84700,0.9948618462478152
10331,4606,0.79953647000349,false,10331,4606,0.79953647000349
10331,107984498,0.7985517136822546,false,10331,107984498,0.7985517136822546
10331,3229,0.7985517136822544,false,10331,3229,0.7985517136822544
10331,7780,0.7985517136822545,false,10331,7780,0.7985517136822545
10331,11081,0.7985517136822545,false,10331,11081,0.7985517136822545
10331,441151,0.7985517136822545,false,10331,441151,0.7985517136822545
10331,3780,0.9235566441847217,false,10331,3780,0.9235566441847217
10331,390083,0.7985517136822545,false,10331,390083,0.7985517136822545
10331,284111,0.7985517136822544,false,10331,284111,0.7985517136822544
10331,128674,0.7985517136822545,false,10331,128674,0.7985517136822545
10331,54112,0.7985517136822546,false,10331,54112,0.7985517136822546
10331,4892,0.7828645442643135,false,10331,4892,0.7828645442643135
10331,4062,0.7985517136822546,false,10331,4062,0.7985517136822546
10331,401492,0.7985517136822545,false,10331,401492,0.7985517136822545
10331,26609,0.7985517136822546,false,10331,26609,0.7985517136822546
10331,27022,0.7985517136822546,false,10331,27022,0.7985517136822546
10331,222183,0.9123310285357157,false,10331,222183,0.9123310285357157
10331,24150,0.7985517136822545,false,10331,24150,0.7985517136822545
10331,606,0.9800629398468729,false,10331,606,0.9800629398468729
10331,57110,0.7985517136822546,false,10331,57110,0.7985517136822546
10331,105369937,0.7985517136822545,false,10331,105369937,0.7985517136822545
10331,102466759,0.9916472728726791,false,10331,102466759,0.9916472728726791
10331,29895,0.8027660329263138,false,10331,29895,0.8027660329263138
10331,6496,0.7985517136822546,false,10331,6496,0.7985517136822546
10331,7125,0.8037048841689434,false,10331,7125,0.8037048841689434
10331,399726,0.7985517136822546,false,10331,399726,0.7985517136822546
57528,100302161,0.99429978663985,false,57528,100302161,0.99429978663985
57528,115019,0.9980232614309785,false,57528,115019,0.9980232614309785
57528,8395,0.9937046126597431,false,57528,8395,0.9937046126597431
57528,23584,0.9864956121809194,false,57528,23584,0.9864956121809194
57528,7113,0.9599590492861906,false,57528,7113,0.9599590492861906
57528,4582,0.9753765122373315,false,57528,4582,0.9753765122373315
57528,7433,0.7944331162610179,false,57528,7433,0.7944331162610179
57528,9356,0.9369340735092511,false,57528,9356,0.9369340735092511
57528,3960,0.9906939964879443,false,57528,3960,0.9906939964879443
57528,10071,0.992283335754974,false,57528,10071,0.992283335754974
100874095,158798,0.9682647315667503,false,100874095,158798,0.9682647315667503
100874095,400578,0.9981324195963995,false,100874095,400578,0.9981324195963995
100874095,4318,0.8365397135358972,false,100874095,4318,0.8365397135358972
100874095,8091,0.9047287617377673,false,100874095,8091,0.9047287617377673
100874095,399949,0.9994206680390919,false,100874095,399949,0.9994206680390919
100874095,6441,0.9497773822140293,false,100874095,6441,0.9497773822140293
100874095,728276,0.9974792564247731,false,100874095,728276,0.9974792564247731
100874095,5545,0.9969833985956891,false,100874095,5545,0.9969833985956891
100874095,103504738,0.7942445060033201,false,100874095,103504738,0.7942445060033201
100874095,7356,0.9854036756125232,false,100874095,7356,0.9854036756125232
100874095,10917,0.8409213918558732,false,100874095,10917,0.8409213918558732
100874095,92304,0.8586570885462874,false,100874095,92304,0.8586570885462874
158798,400578,0.9616674200227026,false,158798,400578,0.9616674200227026
158798,4318,0.9149889734708907,false,158798,4318,0.9149889734708907
158798,8091,0.9672109229592802,false,158798,8091,0.9672109229592802
158798,399949,0.9679870485424786,false,158798,399949,0.9679870485424786
158798,6441,0.9874859216979603,false,158798,6441,0.9874859216979603
158798,728276,0.9799181590972981,false,158798,728276,0.9799181590972981
158798,5545,0.9598109606646634,false,158798,5545,0.9598109606646634
158798,109729184,0.819307094244807,false,158798,109729184,0.819307094244807
158798,103504738,0.9208940413060646,false,158798,103504738,0.9208940413060646
158798,2125,0.8284317568243934,false,158798,2125,0.8284317568243934
158798,7356,0.9792024717594157,false,158798,7356,0.9792024717594157
158798,10917,0.9494842401829586,false,158798,10917,0.9494842401829586
158798,92304,0.9115868022326913,false,158798,92304,0.9115868022326913
105371242,107984406,0.8474516195450754,false,105371242,107984406,0.8474516195450754
105371242,2327,0.7869246963845803,false,105371242,2327,0.7869246963845803
105371242,219790,0.7914033035732084,false,105371242,219790,0.7914033035732084
105371242,55289,0.7507602819182393,false,105371242,55289,0.7507602819182393
105371242,102465485,0.8189886885981642,false,105371242,102465485,0.8189886885981642
101928580,100996301,0.9750042445205948,false,101928580,100996301,0.9750042445205948
101928580,84518,0.9750042445205943,false,101928580,84518,0.9750042445205943
101928580,84700,0.949097141342784,false,101928580,84700,0.949097141342784
101928580,4606,0.9753668307444394,false,101928580,4606,0.9753668307444394
101928580,107984498,0.9750042445205946,false,101928580,107984498,0.9750042445205946
101928580,3229,0.9750042445205944,false,101928580,3229,0.9750042445205944
101928580,7780,0.9750042445205945,false,101928580,7780,0.9750042445205945
101928580,11081,0.9750042445205945,false,101928580,11081,0.9750042445205945
101928580,441151,0.9750042445205948,false,101928580,441151,0.9750042445205948
101928580,3780,0.999599216760632,false,101928580,3780,0.999599216760632
101928580,390083,0.9750042445205948,false,101928580,390083,0.9750042445205948
101928580,284111,0.9750042445205945,false,101928580,284111,0.9750042445205945
101928580,128674,0.9750042445205948,false,101928580,128674,0.9750042445205948
101928580,54112,0.9750042445205946,false,101928580,54112,0.9750042445205946
101928580,4892,0.965631931520758,false,101928580,4892,0.965631931520758
101928580,401089,0.9260670459359435,false,101928580,401089,0.9260670459359435
101928580,4062,0.9750042445205945,false,101928580,4062,0.9750042445205945
101928580,401492,0.9750042445205945,false,101928580,401492,0.9750042445205945
101928580,26609,0.9750042445205946,false,101928580,26609,0.9750042445205946
101928580,27022,0.9750042445205946,false,101928580,27022,0.9750042445205946
101928580,646480,0.8586222141867083,false,101928580,646480,0.8586222141867083
101928580,222183,1.0,false,101928580,222183,1.0
101928580,24150,0.9750042445205945,false,101928580,24150,0.9750042445205945
101928580,606,0.9754950127823322,false,101928580,606,0.9754950127823322
101928580,57110,0.9750042445205948,false,101928580,57110,0.9750042445205948
101928580,105369937,0.9750042445205948,false,101928580,105369937,0.9750042445205948
101928580,102466759,0.8518995204273516,false,101928580,102466759,0.8518995204273516
101928580,29895,0.9765430273268063,false,101928580,29895,0.9765430273268063
101928580,6496,0.9750042445205946,false,101928580,6496,0.9750042445205946
101928580,7125,0.9768811944410404,false,101928580,7125,0.9768811944410404
101928580,399726,0.9750042445205945,false,101928580,399726,0.9750042445205945
100996301,84518,1.0,false,100996301,84518,1.0
100996301,84700,0.855388739330191,false,100996301,84700,0.855388739330191
100996301,4606,0.9999986588248848,false,100996301,4606,0.9999986588248848
100996301,107984498,1.0,false,100996301,107984498,1.0
100996301,3229,0.9999999999999998,false,100996301,3229,0.9999999999999998
100996301,7780,1.0,false,100996301,7780,1.0
100996301,11081,1.0,false,100996301,11081,1.0
100996301,441151,1.0,false,100996301,441151,1.0
100996301,3780,0.968323584025481,false,100996301,3780,0.968323584025481
100996301,390083,1.0,false,100996301,390083,1.0
100996301,284111,1.0,false,100996301,284111,1.0
100996301,128674,1.0,false,100996301,128674,1.0
100996301,54112,1.0,false,100996301,54112,1.0
100996301,4892,0.9947345225002144,false,100996301,4892,0.9947345225002144
100996301,401089,0.9647922349218748,false,100996301,401089,0.9647922349218748
100996301,4062,1.0,false,100996301,4062,1.0
100996301,401492,1.0,false,100996301,401492,1.0
100996301,26609,1.0,false,100996301,26609,1.0
100996301,27022,1.0,false,100996301,27022,1.0
100996301,646480,0.9048842968309664,false,100996301,646480,0.9048842968309664
100996301,222183,0.9750042445205949,false,100996301,222183,0.9750042445205949
100996301,24150,1.0,false,100996301,24150,1.0
100996301,606,0.9022260193128495,false,100996301,606,0.9022260193128495
100996301,57110,1.0,false,100996301,57110,1.0
100996301,105369937,1.0,false,100996301,105369937,1.0
100996301,29895,0.9999752596347108,false,100996301,29895,0.9999752596347108
100996301,6496,1.0,false,100996301,6496,1.0
100996301,7125,0.9999629305782758,false,100996301,7125,0.9999629305782758
100996301,399726,1.0,false,100996301,399726,1.0
107984406,2327,0.8474546907976255,false,107984406,2327,0.8474546907976255
107984406,219790,0.7534906599556851,false,107984406,219790,0.7534906599556851
107984406,66002,0.8354203617645524,false,107984406,66002,0.8354203617645524
107984406,151531,0.8158571320065333,false,107984406,151531,0.8158571320065333
107984406,55289,0.8298683597630713,false,107984406,55289,0.8298683597630713
107984406,102465485,0.9627441083521945,false,107984406,102465485,0.9627441083521945
2327,102465485,0.7673971681471998,false,2327,102465485,0.7673971681471998
84518,84700,0.855388739330191,false,84518,84700,0.855388739330191
84518,4606,0.9999986588248849,false,84518,4606,0.9999986588248849
84518,107984498,1.0,false,84518,107984498,1.0
84518,3229,0.9999999999999998,false,84518,3229,0.9999999999999998
84518,7780,1.0,false,84518,7780,1.0
84518,11081,1.0,false,84518,11081,1.0
84518,441151,1.0,false,84518,441151,1.0
84518,3780,0.9683235840254809,false,84518,3780,0.9683235840254809
84518,390083,1.0,false,84518,390083,1.0
84518,284111,0.9999999999999999,false,84518,284111,0.9999999999999999
84518,128674,1.0,false,84518,128674,1.0
84518,54112,1.0,false,84518,54112,1.0
84518,4892,0.9947345225002142,false,84518,4892,0.9947345225002142
84518,401089,0.9647922349218748,false,84518,401089,0.9647922349218748
84518,4062,0.9999999999999999,false,84518,4062,0.9999999999999999
84518,401492,1.0,false,84518,401492,1.0
84518,26609,1.0,false,84518,26609,1.0
84518,27022,1.0,false,84518,27022,1.0
84518,646480,0.9048842968309664,false,84518,646480,0.9048842968309664
84518,222183,0.9750042445205945,false,84518,222183,0.9750042445205945
84518,24150,1.0,false,84518,24150,1.0
84518,606,0.9022260193128495,false,84518,606,0.9022260193128495
84518,57110,1.0,false,84518,57110,1.0
84518,105369937,1.0,false,84518,105369937,1.0
84518,29895,0.9999752596347108,false,84518,29895,0.9999752596347108
84518,6496,1.0,false,84518,6496,1.0
84518,7125,0.9999629305782758,false,84518,7125,0.9999629305782758
84518,399726,0.9999999999999999,false,84518,399726,0.9999999999999999
219790,66002,0.9439445192186616,false,219790,66002,0.9439445192186616
219790,151531,0.93918246552996,false,219790,151531,0.93918246552996
219790,55289,0.9656662306623162,false,219790,55289,0.9656662306623162
219790,100033430,0.9023205028248785,false,219790,100033430,0.9023205028248785
219790,7433,0.8705752805417523,false,219790,7433,0.8705752805417523
219790,6751,0.9386646200382742,false,219790,6751,0.9386646200382742
219790,27283,0.8280638022471185,false,219790,27283,0.8280638022471185
219790,102465485,0.8097392280324948,false,219790,102465485,0.8097392280324948
84700,4606,0.8562359441467939,false,84700,4606,0.8562359441467939
84700,107984498,0.855388739330191,false,84700,107984498,0.855388739330191
84700,3229,0.8553887393301909,false,84700,3229,0.8553887393301909
84700,7780,0.855388739330191,false,84700,7780,0.855388739330191
84700,11081,0.855388739330191,false,84700,11081,0.855388739330191
84700,441151,0.8553887393301909,false,84700,441151,0.8553887393301909
84700,3780,0.9576336629540043,false,84700,3780,0.9576336629540043
84700,390083,0.8553887393301909,false,84700,390083,0.8553887393301909
84700,284111,0.8553887393301909,false,84700,284111,0.8553887393301909
84700,128674,0.8553887393301909,false,84700,128674,0.8553887393301909
84700,54112,0.8553887393301909,false,84700,54112,0.8553887393301909
84700,4892,0.8410035376676894,false,84700,4892,0.8410035376676894
84700,401089,0.7912130860595638,false,84700,401089,0.7912130860595638
84700,4062,0.8553887393301909,false,84700,4062,0.8553887393301909
84700,401492,0.855388739330191,false,84700,401492,0.855388739330191
84700,26609,0.8553887393301909,false,84700,26609,0.8553887393301909
84700,27022,0.8553887393301909,false,84700,27022,0.8553887393301909
84700,222183,0.9490971413427837,false,84700,222183,0.9490971413427837
84700,24150,0.8553887393301911,false,84700,24150,0.8553887393301911
84700,606,0.9951426880323732,false,84700,606,0.9951426880323732
84700,57110,0.8553887393301909,false,84700,57110,0.8553887393301909
84700,105369937,0.8553887393301909,false,84700,105369937,0.8553887393301909
84700,102466759,0.9734939268043286,false,84700,102466759,0.9734939268043286
84700,29895,0.8590112034333628,false,84700,29895,0.8590112034333628
84700,6496,0.855388739330191,false,84700,6496,0.855388739330191
84700,7125,0.8598170565895856,false,84700,7125,0.8598170565895856
84700,399726,0.8553887393301911,false,84700,399726,0.8553887393301911
400578,4318,0.8076883965852062,false,400578,4318,0.8076883965852062
400578,8091,0.8870046133055637,false,400578,8091,0.8870046133055637
400578,399949,0.9974513718443906,false,400578,399949,0.9974513718443906
400578,6441,0.9409820063662843,false,400578,6441,0.9409820063662843
400578,728276,0.9969609115028194,false,400578,728276,0.9969609115028194
400578,5545,0.9923528630823382,false,400578,5545,0.9923528630823382
400578,103504738,0.7811186310993024,false,400578,103504738,0.7811186310993024
400578,7356,0.9892736417042735,false,400578,7356,0.9892736417042735
400578,10917,0.828981460174524,false,400578,10917,0.828981460174524
400578,92304,0.8734143184983628,false,400578,92304,0.8734143184983628
66002,151531,0.9961049945897271,false,66002,151531,0.9961049945897271
66002,55289,0.9970689469391609,false,66002,55289,0.9970689469391609
66002,100033430,0.943328706219997,false,66002,100033430,0.943328706219997
66002,7433,0.7885051051885786,false,66002,7433,0.7885051051885786
66002,6751,0.9668721444588348,false,66002,6751,0.9668721444588348
66002,27283,0.8971295849165251,false,66002,27283,0.8971295849165251
66002,102465485,0.9071556511600455,false,66002,102465485,0.9071556511600455
4606,107984498,0.9999986588248848,false,4606,107984498,0.9999986588248848
4606,3229,0.9999986588248846,false,4606,3229,0.9999986588248846
4606,7780,0.9999986588248848,false,4606,7780,0.9999986588248848
4606,11081,0.9999986588248848,false,4606,11081,0.9999986588248848
4606,441151,0.9999986588248848,false,4606,441151,0.9999986588248848
4606,3780,0.9687312387708622,false,4606,3780,0.9687312387708622
4606,390083,0.9999986588248848,false,4606,390083,0.9999986588248848
4606,284111,0.9999986588248847,false,4606,284111,0.9999986588248847
4606,128674,0.9999986588248848,false,4606,128674,0.9999986588248848
4606,54112,0.9999986588248848,false,4606,54112,0.9999986588248848
4606,4892,0.9947019457618574,false,4606,4892,0.9947019457618574
4606,401089,0.964683251022898,false,4606,401089,0.964683251022898
4606,4062,0.9999986588248849,false,4606,4062,0.9999986588248849
4606,401492,0.9999986588248848,false,4606,401492,0.9999986588248848
4606,26609,0.9999986588248848,false,4606,26609,0.9999986588248848
4606,27022,0.9999986588248848,false,4606,27022,0.9999986588248848
4606,646480,0.9047087990229626,false,4606,646480,0.9047087990229626
4606,222183,0.9753668307444395,false,4606,222183,0.9753668307444395
4606,24150,0.9999986588248848,false,4606,24150,0.9999986588248848
4606,606,0.9029311273168227,false,4606,606,0.9029311273168227
4606,57110,0.9999986588248848,false,4606,57110,0.9999986588248848
4606,105369937,0.9999986588248848,false,4606,105369937,0.9999986588248848
4606,29895,0.9999854390360902,false,4606,29895,0.9999854390360902
4606,6496,0.9999986588248848,false,4606,6496,0.9999986588248848
4606,7125,0.9999756913153257,false,4606,7125,0.9999756913153257
4606,399726,0.9999986588248848,false,4606,399726,0.9999986588248848
107984498,3229,0.9999999999999998,false,107984498,3229,0.9999999999999998
107984498,7780,1.0,false,107984498,7780,1.0
107984498,11081,1.0,false,107984498,11081,1.0
107984498,441151,1.0,false,107984498,441151,1.0
107984498,3780,0.968323584025481,false,107984498,3780,0.968323584025481
107984498,390083,1.0,false,107984498,390083,1.0
107984498,284111,1.0,false,107984498,284111,1.0
107984498,128674,1.0,false,107984498,128674,1.0
107984498,54112,1.0,false,107984498,54112,1.0
107984498,4892,0.9947345225002144,false,107984498,4892,0.9947345225002144
107984498,401089,0.964792234921875,false,107984498,401089,0.964792234921875
107984498,4062,1.0,false,107984498,4062,1.0
107984498,401492,1.0,false,107984498,401492,1.0
107984498,26609,1.0,false,107984498,26609,1.0
107984498,27022,1.0,false,107984498,27022,1.0
107984498,646480,0.9048842968309665,false,107984498,646480,0.9048842968309665
107984498,222183,0.9750042445205949,false,107984498,222183,0.9750042445205949
107984498,24150,1.0,false,107984498,24150,1.0
107984498,606,0.9022260193128496,false,107984498,606,0.9022260193128496
107984498,57110,1.0,false,107984498,57110,1.0
107984498,105369937,1.0,false,107984498,105369937,1.0
107984498,29895,0.9999752596347108,false,107984498,29895,0.9999752596347108
107984498,6496,1.0,false,107984498,6496,1.0
107984498,7125,0.9999629305782758,false,107984498,7125,0.9999629305782758
107984498,399726,1.0,false,107984498,399726,1.0
3229,7780,0.9999999999999998,false,3229,7780,0.9999999999999998
3229,11081,0.9999999999999998,false,3229,11081,0.9999999999999998
3229,441151,0.9999999999999998,false,3229,441151,0.9999999999999998
3229,3780,0.9683235840254807,false,3229,3780,0.9683235840254807
3229,390083,0.9999999999999998,false,3229,390083,0.9999999999999998
3229,284111,0.9999999999999997,false,3229,284111,0.9999999999999997
3229,128674,0.9999999999999998,false,3229,128674,0.9999999999999998
3229,54112,1.0,false,3229,54112,1.0
3229,4892,0.9947345225002142,false,3229,4892,0.9947345225002142
3229,401089,0.9647922349218749,false,3229,401089,0.9647922349218749
3229,4062,0.9999999999999999,false,3229,4062,0.9999999999999999
3229,401492,0.9999999999999998,false,3229,401492,0.9999999999999998
3229,26609,1.0,false,3229,26609,1.0
3229,27022,1.0,false,3229,27022,1.0
3229,646480,0.9048842968309664,false,3229,646480,0.9048842968309664
3229,222183,0.9750042445205946,false,3229,222183,0.9750042445205946
3229,24150,1.0,false,3229,24150,1.0
3229,606,0.9022260193128495,false,3229,606,0.9022260193128495
3229,57110,1.0,false,3229,57110,1.0
3229,105369937,0.9999999999999998,false,3229,105369937,0.9999999999999998
3229,29895,0.9999752596347107,false,3229,29895,0.9999752596347107
3229,6496,1.0,false,3229,6496,1.0
3229,7125,0.9999629305782757,false,3229,7125,0.9999629305782757
3229,399726,1.0,false,3229,399726,1.0
7780,11081,1.0,false,7780,11081,1.0
7780,441151,1.0,false,7780,441151,1.0
7780,3780,0.968323584025481,false,7780,3780,0.968323584025481
7780,390083,1.0,false,7780,390083,1.0
7780,284111,1.0,false,7780,284111,1.0
7780,128674,1.0,false,7780,128674,1.0
7780,54112,1.0,false,7780,54112,1.0
7780,4892,0.9947345225002143,false,7780,4892,0.9947345225002143
7780,401089,0.9647922349218748,false,7780,401089,0.9647922349218748
7780,4062,1.0,false,7780,4062,1.0
7780,401492,1.0,false,7780,401492,1.0
7780,26609,1.0,false,7780,26609,1.0
7780,27022,1.0,false,7780,27022,1.0
7780,646480,0.9048842968309664,false,7780,646480,0.9048842968309664
7780,222183,0.9750042445205946,false,7780,222183,0.9750042445205946
7780,24150,1.0,false,7780,24150,1.0
7780,606,0.9022260193128495,false,7780,606,0.9022260193128495
7780,57110,1.0,false,7780,57110,1.0
7780,105369937,1.0,false,7780,105369937,1.0
7780,29895,0.9999752596347107,false,7780,29895,0.9999752596347107
7780,6496,1.0,false,7780,6496,1.0
7780,7125,0.9999629305782757,false,7780,7125,0.9999629305782757
7780,399726,0.9999999999999999,false,7780,399726,0.9999999999999999
4585,5284,0.7800222559958973,false,4585,5284,0.7800222559958973
100302161,115019,0.9962443403314696,false,100302161,115019,0.9962443403314696
100302161,8395,0.9955941918465178,false,100302161,8395,0.9955941918465178
100302161,23584,0.9865983128722995,false,100302161,23584,0.9865983128722995
100302161,7113,0.962722135561094,false,100302161,7113,0.962722135561094
100302161,4582,0.9873391410612118,false,100302161,4582,0.9873391410612118
100302161,7433,0.83221339819333,false,100302161,7433,0.83221339819333
100302161,9356,0.9544010093132409,false,100302161,9356,0.9544010093132409
100302161,3960,0.9986346428213245,false,100302161,3960,0.9986346428213245
100302161,27283,0.7567323509736549,false,100302161,27283,0.7567323509736549
100302161,10071,0.9947795348277304,false,100302161,10071,0.9947795348277304
11081,441151,1.0,false,11081,441151,1.0
11081,3780,0.968323584025481,false,11081,3780,0.968323584025481
11081,390083,1.0,false,11081,390083,1.0
11081,284111,1.0,false,11081,284111,1.0
11081,128674,1.0,false,11081,128674,1.0
11081,54112,1.0,false,11081,54112,1.0
11081,4892,0.9947345225002143,false,11081,4892,0.9947345225002143
11081,401089,0.9647922349218748,false,11081,401089,0.9647922349218748
11081,4062,1.0,false,11081,4062,1.0
11081,401492,1.0,false,11081,401492,1.0
11081,26609,1.0,false,11081,26609,1.0
11081,27022,1.0,false,11081,27022,1.0
11081,646480,0.9048842968309664,false,11081,646480,0.9048842968309664
11081,222183,0.9750042445205946,false,11081,222183,0.9750042445205946
11081,24150,1.0,false,11081,24150,1.0
11081,606,0.9022260193128495,false,11081,606,0.9022260193128495
11081,57110,1.0,false,11081,57110,1.0
11081,105369937,1.0,false,11081,105369937,1.0
11081,29895,0.9999752596347107,false,11081,29895,0.9999752596347107
11081,6496,1.0,false,11081,6496,1.0
11081,7125,0.9999629305782757,false,11081,7125,0.9999629305782757
11081,399726,0.9999999999999999,false,11081,399726,0.9999999999999999
151531,55289,0.9929117509910478,false,151531,55289,0.9929117509910478
151531,100033430,0.9630081757258915,false,151531,100033430,0.9630081757258915
151531,7433,0.7936320276576599,false,151531,7433,0.7936320276576599
151531,6751,0.9684663754930198,false,151531,6751,0.9684663754930198
151531,27283,0.892722990688007,false,151531,27283,0.892722990688007
151531,102465485,0.8805670797182051,false,151531,102465485,0.8805670797182051
115019,8395,0.9974613519004341,false,115019,8395,0.9974613519004341
115019,23584,0.985834102191138,false,115019,23584,0.985834102191138
115019,7113,0.9741066482086728,false,115019,7113,0.9741066482086728
115019,4582,0.9867159699306713,false,115019,4582,0.9867159699306713
115019,7433,0.8111836080435794,false,115019,7433,0.8111836080435794
115019,9356,0.9452755853894947,false,115019,9356,0.9452755853894947
115019,3960,0.9950579630184873,false,115019,3960,0.9950579630184873
115019,10071,0.9971618428280409,false,115019,10071,0.9971618428280409
441151,3780,0.968323584025481,false,441151,3780,0.968323584025481
441151,390083,1.0,false,441151,390083,1.0
441151,284111,1.0,false,441151,284111,1.0
441151,128674,1.0,false,441151,128674,1.0
441151,54112,1.0,false,441151,54112,1.0
441151,4892,0.9947345225002144,false,441151,4892,0.9947345225002144
441151,401089,0.9647922349218748,false,441151,401089,0.9647922349218748
441151,4062,1.0,false,441151,4062,1.0
441151,401492,1.0,false,441151,401492,1.0
441151,26609,1.0,false,441151,26609,1.0
441151,27022,1.0,false,441151,27022,1.0
441151,646480,0.9048842968309664,false,441151,646480,0.9048842968309664
441151,222183,0.9750042445205949,false,441151,222183,0.9750042445205949
441151,24150,1.0,false,441151,24150,1.0
441151,606,0.9022260193128495,false,441151,606,0.9022260193128495
441151,57110,1.0,false,441151,57110,1.0
441151,105369937,1.0,false,441151,105369937,1.0
441151,29895,0.9999752596347108,false,441151,29895,0.9999752596347108
441151,6496,1.0,false,441151,6496,1.0
441151,7125,0.9999629305782758,false,441151,7125,0.9999629305782758
441151,399726,1.0,false,441151,399726,1.0
3780,390083,0.9683235840254811,false,3780,390083,0.9683235840254811
3780,284111,0.9683235840254808,false,3780,284111,0.9683235840254808
3780,128674,0.9683235840254811,false,3780,128674,0.9683235840254811
3780,54112,0.9683235840254809,false,3780,54112,0.9683235840254809
3780,4892,0.9584616171229482,false,3780,4892,0.9584616171229482
3780,401089,0.9178125617695917,false,3780,401089,0.9178125617695917
3780,4062,0.968323584025481,false,3780,4062,0.968323584025481
3780,401492,0.968323584025481,false,3780,401492,0.968323584025481
3780,26609,0.9683235840254809,false,3780,26609,0.9683235840254809
3780,27022,0.9683235840254809,false,3780,27022,0.9683235840254809
3780,646480,0.8496492677412086,false,3780,646480,0.8496492677412086
3780,222183,0.999599216760632,false,3780,222183,0.999599216760632
3780,24150,0.9683235840254809,false,3780,24150,0.9683235840254809
3780,606,0.9813326653901827,false,3780,606,0.9813326653901827
3780,57110,0.968323584025481,false,3780,57110,0.968323584025481
3780,105369937,0.9683235840254811,false,3780,105369937,0.9683235840254811
3780,102466759,0.8663837247186114,false,3780,102466759,0.8663837247186114
3780,29895,0.9700560605251884,false,3780,29895,0.9700560605251884
3780,6496,0.9683235840254809,false,3780,6496,0.9683235840254809
3780,7125,0.9704376724216757,false,3780,7125,0.9704376724216757
3780,399726,0.9683235840254809,false,3780,399726,0.9683235840254809
390083,284111,1.0,false,390083,284111,1.0
390083,128674,1.0,false,390083,128674,1.0
390083,54112,1.0,false,390083,54112,1.0
390083,4892,0.9947345225002144,false,390083,4892,0.9947345225002144
390083,401089,0.9647922349218748,false,390083,401089,0.9647922349218748
390083,4062,1.0,false,390083,4062,1.0
390083,401492,1.0,false,390083,401492,1.0
390083,26609,1.0,false,390083,26609,1.0
390083,27022,1.0,false,390083,27022,1.0
390083,646480,0.9048842968309664,false,390083,646480,0.9048842968309664
390083,222183,0.9750042445205949,false,390083,222183,0.9750042445205949
390083,24150,1.0,false,390083,24150,1.0
390083,606,0.9022260193128495,false,390083,606,0.9022260193128495
390083,57110,1.0,false,390083,57110,1.0
390083,105369937,1.0,false,390083,105369937,1.0
390083,29895,0.9999752596347108,false,390083,29895,0.9999752596347108
390083,6496,1.0,false,390083,6496,1.0
390083,7125,0.9999629305782758,false,390083,7125,0.9999629305782758
390083,399726,1.0,false,390083,399726,1.0
55289,100033430,0.9395091824164145,false,55289,100033430,0.9395091824164145
55289,7433,0.8057964815187861,false,55289,7433,0.8057964815187861
55289,6751,0.965762611684232,false,55289,6751,0.965762611684232
55289,27283,0.8821149335044381,false,55289,27283,0.8821149335044381
55289,102465485,0.8982994339788347,false,55289,102465485,0.8982994339788347
388633,58524,0.9975589784083638,false,388633,58524,0.9975589784083638
388633,100506380,0.8143262749270972,false,388633,100506380,0.8143262749270972
388633,83643,0.9856200732202953,false,388633,83643,0.9856200732202953
388633,632,0.9728749934670579,false,388633,632,0.9728749934670579
388633,284434,0.9993044409826882,false,388633,284434,0.9993044409826882
388633,3929,0.9903446882204855,false,388633,3929,0.9903446882204855
388633,22943,0.9932173631664091,false,388633,22943,0.9932173631664091
388633,6969,0.9992357322002721,false,388633,6969,0.9992357322002721
388633,160728,0.9802328098945816,false,388633,160728,0.9802328098945816
388633,5349,0.900852103422529,false,388633,5349,0.900852103422529
58524,100506380,0.8022785566128239,false,58524,100506380,0.8022785566128239
58524,83643,0.978200398964624,false,58524,83643,0.978200398964624
58524,632,0.9642608725039069,false,58524,632,0.9642608725039069
58524,284434,0.9970143775904772,false,58524,284434,0.9970143775904772
58524,3929,0.9855371852963596,false,58524,3929,0.9855371852963596
58524,22943,0.9888146029728083,false,58524,22943,0.9888146029728083
58524,6969,0.9961315032896386,false,58524,6969,0.9961315032896386
58524,160728,0.9913866946114516,false,58524,160728,0.9913866946114516
58524,5349,0.9147768667038776,false,58524,5349,0.9147768667038776
100506380,83643,0.8913408357610234,false,100506380,83643,0.8913408357610234
100506380,632,0.8390219081758499,false,100506380,632,0.8390219081758499
100506380,646480,0.7547395627033141,false,100506380,646480,0.7547395627033141
100506380,284434,0.8094003194863338,false,100506380,284434,0.8094003194863338
100506380,3929,0.8869230607313102,false,100506380,3929,0.8869230607313102
100506380,22943,0.7911336790270088,false,100506380,22943,0.7911336790270088
100506380,6969,0.8077637546092143,false,100506380,6969,0.8077637546092143
100506380,160728,0.7627895002099097,false,100506380,160728,0.7627895002099097
100506380,5349,0.8280649339598948,false,100506380,5349,0.8280649339598948
284111,128674,1.0,false,284111,128674,1.0
284111,54112,1.0,false,284111,54112,1.0
284111,4892,0.9947345225002143,false,284111,4892,0.9947345225002143
284111,401089,0.9647922349218749,false,284111,401089,0.9647922349218749
284111,4062,1.0,false,284111,4062,1.0
284111,401492,1.0,false,284111,401492,1.0
284111,26609,1.0,false,284111,26609,1.0
284111,27022,1.0,false,284111,27022,1.0
284111,646480,0.9048842968309664,false,284111,646480,0.9048842968309664
284111,222183,0.9750042445205946,false,284111,222183,0.9750042445205946
284111,24150,1.0,false,284111,24150,1.0
284111,606,0.9022260193128495,false,284111,606,0.9022260193128495
284111,57110,1.0,false,284111,57110,1.0
284111,105369937,1.0,false,284111,105369937,1.0
284111,29895,0.9999752596347107,false,284111,29895,0.9999752596347107
284111,6496,0.9999999999999998,false,284111,6496,0.9999999999999998
284111,7125,0.9999629305782758,false,284111,7125,0.9999629305782758
284111,399726,1.0,false,284111,399726,1.0
128674,54112,1.0,false,128674,54112,1.0
128674,4892,0.9947345225002144,false,128674,4892,0.9947345225002144
128674,401089,0.9647922349218748,false,128674,401089,0.9647922349218748
128674,4062,1.0,false,128674,4062,1.0
128674,401492,1.0,false,128674,401492,1.0
128674,26609,1.0,false,128674,26609,1.0
128674,27022,1.0,false,128674,27022,1.0
128674,646480,0.9048842968309664,false,128674,646480,0.9048842968309664
128674,222183,0.9750042445205949,false,128674,222183,0.9750042445205949
128674,24150,1.0,false,128674,24150,1.0
128674,606,0.9022260193128495,false,128674,606,0.9022260193128495
128674,57110,1.0,false,128674,57110,1.0
128674,105369937,1.0,false,128674,105369937,1.0
128674,29895,0.9999752596347108,false,128674,29895,0.9999752596347108
128674,6496,1.0,false,128674,6496,1.0
128674,7125,0.9999629305782758,false,128674,7125,0.9999629305782758
128674,399726,1.0,false,128674,399726,1.0
4318,8091,0.9513324087626069,false,4318,8091,0.9513324087626069
4318,100129940,0.7651904393125012,false,4318,100129940,0.7651904393125012
4318,399949,0.8373977521700017,false,4318,399949,0.8373977521700017
4318,6441,0.9024922838896698,false,4318,6441,0.9024922838896698
4318,728276,0.844132509290673,false,4318,728276,0.844132509290673
4318,5545,0.8423218602587582,false,4318,5545,0.8423218602587582
4318,109729184,0.9236577179827979,false,4318,109729184,0.9236577179827979
4318,103504738,0.9196759630075348,false,4318,103504738,0.9196759630075348
4318,2125,0.858284038477602,false,4318,2125,0.858284038477602
4318,7356,0.8216874105058269,false,4318,7356,0.8216874105058269
4318,10917,0.930810424007496,false,4318,10917,0.930810424007496
54112,4892,0.9947345225002144,false,54112,4892,0.9947345225002144
54112,401089,0.9647922349218749,false,54112,401089,0.9647922349218749
54112,4062,1.0,false,54112,4062,1.0
54112,401492,1.0,false,54112,401492,1.0
54112,26609,1.0,false,54112,26609,1.0
54112,27022,1.0,false,54112,27022,1.0
54112,646480,0.9048842968309665,false,54112,646480,0.9048842968309665
54112,222183,0.9750042445205949,false,54112,222183,0.9750042445205949
54112,24150,0.9999999999999999,false,54112,24150,0.9999999999999999
54112,606,0.9022260193128496,false,54112,606,0.9022260193128496
54112,57110,1.0,false,54112,57110,1.0
54112,105369937,1.0,false,54112,105369937,1.0
54112,29895,0.9999752596347107,false,54112,29895,0.9999752596347107
54112,6496,1.0,false,54112,6496,1.0
54112,7125,0.9999629305782757,false,54112,7125,0.9999629305782757
54112,399726,1.0,false,54112,399726,1.0
83643,632,0.9856367815916185,false,83643,632,0.9856367815916185
83643,284434,0.9859050549106981,false,83643,284434,0.9859050549106981
83643,3929,0.9972569479002938,false,83643,3929,0.9972569479002938
83643,22943,0.981749000389588,false,83643,22943,0.981749000389588
83643,6969,0.9858128299211587,false,83643,6969,0.9858128299211587
83643,160728,0.9524766181681021,false,83643,160728,0.9524766181681021
83643,5349,0.9194217364825471,false,83643,5349,0.9194217364825471
4892,401089,0.9866094024155927,false,4892,401089,0.9866094024155927
4892,4062,0.9947345225002143,false,4892,4062,0.9947345225002143
4892,401492,0.9947345225002142,false,4892,401492,0.9947345225002142
4892,26609,0.9947345225002144,false,4892,26609,0.9947345225002144
4892,27022,0.9947345225002144,false,4892,27022,0.9947345225002144
4892,646480,0.9436498723862337,false,4892,646480,0.9436498723862337
4892,222183,0.965631931520758,false,4892,222183,0.965631931520758
4892,24150,0.9947345225002143,false,4892,24150,0.9947345225002143
4892,606,0.8892485364779864,false,4892,606,0.8892485364779864
4892,57110,0.9947345225002144,false,4892,57110,0.9947345225002144
4892,105369937,0.9947345225002143,false,4892,105369937,0.9947345225002143
4892,29895,0.9945757269975872,false,4892,29895,0.9945757269975872
4892,6496,0.9947345225002142,false,4892,6496,0.9947345225002142
4892,7125,0.9945333969720211,false,4892,7125,0.9945333969720211
4892,399726,0.9947345225002144,false,4892,399726,0.9947345225002144
401089,4062,0.9647922349218749,false,401089,4062,0.9647922349218749
401089,401492,0.9647922349218747,false,401089,401492,0.9647922349218747
401089,26609,0.9647922349218749,false,401089,26609,0.9647922349218749
401089,27022,0.9647922349218749,false,401089,27022,0.9647922349218749
401089,646480,0.9849789158389329,false,401089,646480,0.9849789158389329
401089,222183,0.9260670459359438,false,401089,222183,0.9260670459359438
401089,24150,0.9647922349218749,false,401089,24150,0.9647922349218749
401089,606,0.8421036589929286,false,401089,606,0.8421036589929286
401089,57110,0.964792234921875,false,401089,57110,0.964792234921875
401089,105369937,0.9647922349218748,false,401089,105369937,0.9647922349218748
401089,29895,0.9643058430507812,false,401089,29895,0.9643058430507812
401089,6496,0.9647922349218748,false,401089,6496,0.9647922349218748
401089,7125,0.9641903142164658,false,401089,7125,0.9641903142164658
401089,399726,0.9647922349218749,false,401089,399726,0.9647922349218749
8091,399949,0.9002556492927822,false,8091,399949,0.9002556492927822
8091,6441,0.9832387651803709,false,8091,6441,0.9832387651803709
8091,728276,0.9179007937513882,false,8091,728276,0.9179007937513882
8091,5545,0.9092848749255242,false,8091,5545,0.9092848749255242
8091,109729184,0.8613697311337274,false,8091,109729184,0.8613697311337274
8091,103504738,0.9402779542408876,false,8091,103504738,0.9402779542408876
8091,2125,0.9203815419009564,false,8091,2125,0.9203815419009564
8091,7356,0.9133919239736298,false,8091,7356,0.9133919239736298
8091,10917,0.9582647084750898,false,8091,10917,0.9582647084750898
8091,92304,0.8463505344273736,false,8091,92304,0.8463505344273736
8395,23584,0.9916970045477174,false,8395,23584,0.9916970045477174
8395,7113,0.9789149996671754,false,8395,7113,0.9789149996671754
8395,4582,0.9919323821114175,false,8395,4582,0.9919323821114175
8395,7433,0.8480213117531467,false,8395,7433,0.8480213117531467
8395,9356,0.9656874753322477,false,8395,9356,0.9656874753322477
8395,3960,0.9974784419531315,false,8395,3960,0.9974784419531315
8395,10071,0.9932704156072691,false,8395,10071,0.9932704156072691
23584,7113,0.9527929088509653,false,23584,7113,0.9527929088509653
23584,4582,0.9747198009987136,false,23584,4582,0.9747198009987136
23584,7433,0.8736410432903948,false,23584,7433,0.8736410432903948
23584,9356,0.9742806871029914,false,23584,9356,0.9742806871029914
23584,3960,0.9872911993761867,false,23584,3960,0.9872911993761867
23584,10071,0.9772963114688435,false,23584,10071,0.9772963114688435
100033430,7113,0.76107566205288,false,100033430,7113,0.76107566205288
100033430,4582,0.7693618958513717,false,100033430,4582,0.7693618958513717
100033430,7433,0.8761419534167444,false,100033430,7433,0.8761419534167444
100033430,6751,0.9755411822558484,false,100033430,6751,0.9755411822558484
100033430,9356,0.8119956772046053,false,100033430,9356,0.8119956772046053
100033430,27283,0.9252083785397357,false,100033430,27283,0.9252083785397357
4062,401492,1.0,false,4062,401492,1.0
4062,26609,1.0,false,4062,26609,1.0
4062,27022,1.0,false,4062,27022,1.0
4062,646480,0.9048842968309664,false,4062,646480,0.9048842968309664
4062,222183,0.9750042445205946,false,4062,222183,0.9750042445205946
4062,24150,1.0,false,4062,24150,1.0
4062,606,0.9022260193128495,false,4062,606,0.9022260193128495
4062,57110,1.0,false,4062,57110,1.0
4062,105369937,1.0,false,4062,105369937,1.0
4062,29895,0.9999752596347108,false,4062,29895,0.9999752596347108
4062,6496,1.0,false,4062,6496,1.0
4062,7125,0.9999629305782758,false,4062,7125,0.9999629305782758
4062,399726,1.0,false,4062,399726,1.0
401492,26609,1.0,false,401492,26609,1.0
401492,27022,1.0,false,401492,27022,1.0
401492,646480,0.9048842968309664,false,401492,646480,0.9048842968309664
401492,222183,0.9750042445205946,false,401492,222183,0.9750042445205946
401492,24150,1.0,false,401492,24150,1.0
401492,606,0.9022260193128495,false,401492,606,0.9022260193128495
401492,57110,1.0,false,401492,57110,1.0
401492,105369937,1.0,false,401492,105369937,1.0
401492,29895,0.9999752596347107,false,401492,29895,0.9999752596347107
401492,6496,1.0,false,401492,6496,1.0
401492,7125,0.9999629305782757,false,401492,7125,0.9999629305782757
401492,399726,0.9999999999999999,false,401492,399726,0.9999999999999999
100129940,109729184,0.9211558975103019,false,100129940,109729184,0.9211558975103019
100129940,103504738,0.8674365099553943,false,100129940,103504738,0.8674365099553943
100129940,2125,0.79632322363738,false,100129940,2125,0.79632322363738
100129940,10917,0.8276023923102511,false,100129940,10917,0.8276023923102511
26609,27022,1.0,false,26609,27022,1.0
26609,646480,0.9048842968309665,false,26609,646480,0.9048842968309665
26609,222183,0.9750042445205949,false,26609,222183,0.9750042445205949
26609,24150,0.9999999999999999,false,26609,24150,0.9999999999999999
26609,606,0.9022260193128496,false,26609,606,0.9022260193128496
26609,57110,1.0,false,26609,57110,1.0
26609,105369937,1.0,false,26609,105369937,1.0
26609,29895,0.9999752596347107,false,26609,29895,0.9999752596347107
26609,6496,1.0,false,26609,6496,1.0
26609,7125,0.9999629305782757,false,26609,7125,0.9999629305782757
26609,399726,1.0,false,26609,399726,1.0
27022,646480,0.9048842968309665,false,27022,646480,0.9048842968309665
27022,222183,0.9750042445205949,false,27022,222183,0.9750042445205949
27022,24150,0.9999999999999999,false,27022,24150,0.9999999999999999
27022,606,0.9022260193128496,false,27022,606,0.9022260193128496
27022,57110,1.0,false,27022,57110,1.0
27022,105369937,1.0,false,27022,105369937,1.0
27022,29895,0.9999752596347107,false,27022,29895,0.9999752596347107
27022,6496,1.0,false,27022,6496,1.0
27022,7125,0.9999629305782757,false,27022,7125,0.9999629305782757
27022,399726,1.0,false,27022,399726,1.0
399949,6441,0.9471276855500247,false,399949,6441,0.9471276855500247
399949,728276,0.996555404597803,false,399949,728276,0.996555404597803
399949,5545,0.9947570020306404,false,399949,5545,0.9947570020306404
399949,103504738,0.794473018485159,false,399949,103504738,0.794473018485159
399949,7356,0.9834161472196995,false,399949,7356,0.9834161472196995
399949,10917,0.8410475596070042,false,399949,10917,0.8410475596070042
399949,92304,0.8547188961174224,false,399949,92304,0.8547188961174224
7113,4582,0.987863072026163,false,7113,4582,0.987863072026163
7113,7433,0.8303434966082237,false,7113,7433,0.8303434966082237
7113,9356,0.9428402960567963,false,7113,9356,0.9428402960567963
7113,3960,0.9717592744221631,false,7113,3960,0.9717592744221631
7113,10071,0.9747079482568163,false,7113,10071,0.9747079482568163
6441,728276,0.9621270241968191,false,6441,728276,0.9621270241968191
6441,5545,0.9463043243571728,false,6441,5545,0.9463043243571728
6441,109729184,0.8066118741157038,false,6441,109729184,0.8066118741157038
6441,103504738,0.9193058822294677,false,6441,103504738,0.9193058822294677
6441,2125,0.8851952853528929,false,6441,2125,0.8851952853528929
6441,7356,0.9626499161677612,false,6441,7356,0.9626499161677612
6441,10917,0.9456011738839176,false,6441,10917,0.9456011738839176
6441,92304,0.8973754249321055,false,6441,92304,0.8973754249321055
728276,5545,0.9914379326398243,false,728276,5545,0.9914379326398243
728276,103504738,0.8265068355415904,false,728276,103504738,0.8265068355415904
728276,7356,0.9944877600041363,false,728276,7356,0.9944877600041363
728276,10917,0.8693192405797227,false,728276,10917,0.8693192405797227
728276,92304,0.8918004102978205,false,728276,92304,0.8918004102978205
632,284434,0.9790486713460417,false,632,284434,0.9790486713460417
632,3929,0.9745324657990307,false,632,3929,0.9745324657990307
632,22943,0.9881547511026618,false,632,22943,0.9881547511026618
632,6969,0.9794866487882432,false,632,6969,0.9794866487882432
632,160728,0.9429736422082384,false,632,160728,0.9429736422082384
632,5349,0.9285495384558491,false,632,5349,0.9285495384558491
219793,92304,0.8483193883347475,false,219793,92304,0.8483193883347475
646480,222183,0.8586222141867084,false,646480,222183,0.8586222141867084
646480,24150,0.9048842968309666,false,646480,24150,0.9048842968309666
646480,606,0.7705175078829882,false,646480,606,0.7705175078829882
646480,57110,0.9048842968309664,false,646480,57110,0.9048842968309664
646480,105369937,0.9048842968309664,false,646480,105369937,0.9048842968309664
646480,29895,0.9041133683295727,false,646480,29895,0.9041133683295727
646480,6496,0.9048842968309665,false,646480,6496,0.9048842968309665
646480,7125,0.9039344920865029,false,646480,7125,0.9039344920865029
646480,399726,0.9048842968309666,false,646480,399726,0.9048842968309666
284434,3929,0.9885950727858818,false,284434,3929,0.9885950727858818
284434,22943,0.99661373176224,false,284434,22943,0.99661373176224
284434,6969,0.9999147629228905,false,284434,6969,0.9999147629228905
284434,160728,0.9813942669285026,false,284434,160728,0.9813942669285026
284434,5349,0.9096215983690087,false,284434,5349,0.9096215983690087
5545,103504738,0.7783975216639845,false,5545,103504738,0.7783975216639845
5545,7356,0.9749526861654176,false,5545,7356,0.9749526861654176
5545,10917,0.8264044784679675,false,5545,10917,0.8264044784679675
5545,92304,0.8324079651243126,false,5545,92304,0.8324079651243126
222183,24150,0.9750042445205948,false,222183,24150,0.9750042445205948
222183,606,0.975495012782332,false,222183,606,0.975495012782332
222183,57110,0.9750042445205948,false,222183,57110,0.9750042445205948
222183,105369937,0.9750042445205949,false,222183,105369937,0.9750042445205949
222183,102466759,0.8518995204273514,false,222183,102466759,0.8518995204273514
222183,29895,0.9765430273268063,false,222183,29895,0.9765430273268063
222183,6496,0.9750042445205949,false,222183,6496,0.9750042445205949
222183,7125,0.9768811944410404,false,222183,7125,0.9768811944410404
222183,399726,0.9750042445205948,false,222183,399726,0.9750042445205948
109729184,103504738,0.95683625122032,false,109729184,103504738,0.95683625122032
109729184,2125,0.8801474463611142,false,109729184,2125,0.8801474463611142
109729184,10917,0.9408117873750805,false,109729184,10917,0.9408117873750805
4582,7433,0.8675425184860359,false,4582,7433,0.8675425184860359
4582,9356,0.9661173851045389,false,4582,9356,0.9661173851045389
4582,3960,0.9930329762352044,false,4582,3960,0.9930329762352044
4582,27283,0.7981463427864373,false,4582,27283,0.7981463427864373
4582,10071,0.9898700802227335,false,4582,10071,0.9898700802227335
3929,22943,0.9793436275263822,false,3929,22943,0.9793436275263822
3929,6969,0.9881476131311807,false,3929,6969,0.9881476131311807
3929,160728,0.962318893350395,false,3929,160728,0.962318893350395
3929,5349,0.9146170771655995,false,3929,5349,0.9146170771655995
22943,6969,0.9970032530493409,false,22943,6969,0.9970032530493409
22943,160728,0.9724681117905724,false,22943,160728,0.9724681117905724
22943,5349,0.9099761899560138,false,22943,5349,0.9099761899560138
7433,6751,0.8974797280013661,false,7433,6751,0.8974797280013661
7433,9356,0.9517224811766924,false,7433,9356,0.9517224811766924
7433,3960,0.8516373586186253,false,7433,3960,0.8516373586186253
7433,27283,0.8898204237391255,false,7433,27283,0.8898204237391255
7433,10071,0.8086917542050712,false,7433,10071,0.8086917542050712
24150,606,0.9022260193128496,false,24150,606,0.9022260193128496
24150,57110,1.0,false,24150,57110,1.0
24150,105369937,1.0,false,24150,105369937,1.0
24150,29895,0.999975259634711,false,24150,29895,0.999975259634711
24150,6496,1.0,false,24150,6496,1.0
24150,7125,0.9999629305782758,false,24150,7125,0.9999629305782758
24150,399726,1.0,false,24150,399726,1.0
606,57110,0.9022260193128496,false,606,57110,0.9022260193128496
606,105369937,0.9022260193128495,false,606,105369937,0.9022260193128495
606,102466759,0.9462501753544663,false,606,102466759,0.9462501753544663
606,29895,0.9052372962160107,false,606,29895,0.9052372962160107
606,6496,0.9022260193128495,false,606,6496,0.9022260193128495
606,7125,0.9059058875557073,false,606,7125,0.9059058875557073
606,399726,0.9022260193128496,false,606,399726,0.9022260193128496
6751,9356,0.8139489584313062,false,6751,9356,0.8139489584313062
6751,27283,0.9548576523732808,false,6751,27283,0.9548576523732808
6751,102465485,0.7842269788525535,false,6751,102465485,0.7842269788525535
9356,3960,0.9654684357246971,false,9356,3960,0.9654684357246971
9356,27283,0.8348928910066472,false,9356,27283,0.8348928910066472
9356,10071,0.9372308946700948,false,9356,10071,0.9372308946700948
103504738,2125,0.922461733231867,false,103504738,2125,0.922461733231867
103504738,7356,0.8436013115491313,false,103504738,7356,0.8436013115491313
103504738,10917,0.9967034318826488,false,103504738,10917,0.9967034318826488
103504738,92304,0.8769082685142993,false,103504738,92304,0.8769082685142993
6969,160728,0.9791084218354787,false,6969,160728,0.9791084218354787
6969,5349,0.9052851319695563,false,6969,5349,0.9052851319695563
3960,27283,0.7756187247577548,false,3960,27283,0.7756187247577548
3960,10071,0.993359384140273,false,3960,10071,0.993359384140273
57110,105369937,1.0,false,57110,105369937,1.0
57110,29895,0.9999752596347108,false,57110,29895,0.9999752596347108
57110,6496,1.0,false,57110,6496,1.0
57110,7125,0.9999629305782758,false,57110,7125,0.9999629305782758
57110,399726,1.0,false,57110,399726,1.0
105369937,29895,0.9999752596347108,false,105369937,29895,0.9999752596347108
105369937,6496,1.0,false,105369937,6496,1.0
105369937,7125,0.9999629305782758,false,105369937,7125,0.9999629305782758
105369937,399726,1.0,false,105369937,399726,1.0
29895,6496,0.9999752596347109,false,29895,6496,0.9999752596347109
29895,7125,0.9999987578764691,false,29895,7125,0.9999987578764691
29895,399726,0.9999752596347108,false,29895,399726,0.9999752596347108
2125,10917,0.9150380564816698,false,2125,10917,0.9150380564816698
6496,7125,0.9999629305782758,false,6496,7125,0.9999629305782758
6496,399726,1.0,false,6496,399726,1.0
7125,399726,0.9999629305782758,false,7125,399726,0.9999629305782758
7356,10917,0.8829320082347808,false,7356,10917,0.8829320082347808
7356,92304,0.9331676094462923,false,7356,92304,0.9331676094462923
10917,92304,0.8956726665288713,false,10917,92304,0.8956726665288713
160728,5349,0.9353397020844595,false,160728,5349,0.9353397020844595
