131873
79098
4057
112268422
33
11148
306
105372793
10529
3856
113218482
388555
65217
112268252
388743
406969
