Interaction,name,Pearson,selected,shared interaction,shared name,Weight
1029,79733,0.8314397121373966,false,1029,79733,0.8314397121373966
1029,51203,0.8302023763889157,false,1029,51203,0.8302023763889157
1029,56992,0.8300157290659943,false,1029,56992,0.8300157290659943
1029,105371275,0.8366639111926427,false,1029,105371275,0.8366639111926427
101928152,105370960,0.9004027920152026,false,101928152,105370960,0.9004027920152026
101928152,9378,0.8063754082988506,false,101928152,9378,0.8063754082988506
101928152,9493,0.8780774855374487,false,101928152,9493,0.8780774855374487
101928152,9133,0.9061792563048489,false,101928152,9133,0.9061792563048489
101928152,2290,0.9276183185484245,false,101928152,2290,0.9276183185484245
101928152,5101,0.8150506953724551,false,101928152,5101,0.8150506953724551
101928152,339256,0.8943510723105518,false,101928152,339256,0.8943510723105518
101928152,107984763,0.9121367829138529,false,101928152,107984763,0.9121367829138529
101928152,58,0.9057114962183269,false,101928152,58,0.9057114962183269
101928152,105375622,0.8599575384337427,false,101928152,105375622,0.8599575384337427
101928152,347252,0.8043046092595888,false,101928152,347252,0.8043046092595888
101928152,55723,0.8127864894303779,false,101928152,55723,0.8127864894303779
101928152,6690,0.9331756558232797,false,101928152,6690,0.9331756558232797
101928152,107984129,0.901544690079515,false,101928152,107984129,0.901544690079515
101928152,389336,0.9454272915514677,false,101928152,389336,0.9454272915514677
101928152,4004,0.8794988226416727,false,101928152,4004,0.8794988226416727
101928152,81624,0.8748374064235702,false,101928152,81624,0.8748374064235702
101928152,100996301,0.9191350638346768,false,101928152,100996301,0.9191350638346768
101928152,3670,0.9206833034333252,false,101928152,3670,0.9206833034333252
105370960,9378,0.9400377444973377,false,105370960,9378,0.9400377444973377
105370960,9493,0.8059320682098596,false,105370960,9493,0.8059320682098596
105370960,9133,0.874426854248597,false,105370960,9133,0.874426854248597
105370960,2290,0.9431543704698758,false,105370960,2290,0.9431543704698758
105370960,5101,0.900200557869532,false,105370960,5101,0.900200557869532
105370960,339256,0.9695895216060044,false,105370960,339256,0.9695895216060044
105370960,107984763,0.9698978980232071,false,105370960,107984763,0.9698978980232071
105370960,58,0.9794854240362255,false,105370960,58,0.9794854240362255
105370960,105375622,0.9110776209919895,false,105370960,105375622,0.9110776209919895
105370960,347252,0.9263607185699161,false,105370960,347252,0.9263607185699161
105370960,55723,0.884736078850398,false,105370960,55723,0.884736078850398
105370960,6690,0.959723555214901,false,105370960,6690,0.959723555214901
105370960,107984129,0.9387994763000748,false,105370960,107984129,0.9387994763000748
105370960,389336,0.9520624113120421,false,105370960,389336,0.9520624113120421
105370960,4004,0.9135149667404019,false,105370960,4004,0.9135149667404019
105370960,81624,0.902425450163479,false,105370960,81624,0.902425450163479
105370960,100996301,0.9708881259712784,false,105370960,100996301,0.9708881259712784
105370960,3670,0.9832237252743277,false,105370960,3670,0.9832237252743277
79733,284403,0.8885827280347596,false,79733,284403,0.8885827280347596
79733,51203,0.8959795230860784,false,79733,51203,0.8959795230860784
79733,57082,0.8144981690486158,false,79733,57082,0.8144981690486158
79733,56992,0.8693977466930203,false,79733,56992,0.8693977466930203
79733,6790,0.8343341115983522,false,79733,6790,0.8343341115983522
79733,105371275,0.8036286029365185,false,79733,105371275,0.8036286029365185
79733,100288637,0.8140383003090799,false,79733,100288637,0.8140383003090799
9824,9378,0.8048570248321466,false,9824,9378,0.8048570248321466
9824,55355,0.8651437504192864,false,9824,55355,0.8651437504192864
9824,157313,0.9151510926575134,false,9824,157313,0.9151510926575134
9824,284403,0.8840720418729958,false,9824,284403,0.8840720418729958
9824,55165,0.8845005954154552,false,9824,55165,0.8845005954154552
9824,9493,0.8863388109750683,false,9824,9493,0.8863388109750683
9824,9133,0.8586668388450207,false,9824,9133,0.8586668388450207
9824,10721,0.8713999052006886,false,9824,10721,0.8713999052006886
9824,5101,0.8256301004062157,false,9824,5101,0.8256301004062157
9824,1870,0.8752935799652499,false,9824,1870,0.8752935799652499
9824,51203,0.8733694013095699,false,9824,51203,0.8733694013095699
9824,9055,0.8894630728950657,false,9824,9055,0.8894630728950657
9824,57082,0.9341041662540405,false,9824,57082,0.9341041662540405
9824,105375622,0.85006985764466,false,9824,105375622,0.85006985764466
9824,151648,0.8524856113908035,false,9824,151648,0.8524856113908035
9824,55723,0.8929227529250042,false,9824,55723,0.8929227529250042
9824,6790,0.8909924539337478,false,9824,6790,0.8909924539337478
9824,1058,0.8990726446968241,false,9824,1058,0.8990726446968241
9824,81624,0.9169209599836209,false,9824,81624,0.9169209599836209
9824,64151,0.8898768925526761,false,9824,64151,0.8898768925526761
9824,221150,0.9144929825705932,false,9824,221150,0.9144929825705932
9824,100288637,0.9646627490119513,false,9824,100288637,0.9646627490119513
9824,100507118,0.8949811821744098,false,9824,100507118,0.8949811821744098
9378,9133,0.8001411833467783,false,9378,9133,0.8001411833467783
9378,2290,0.8759024099950605,false,9378,2290,0.8759024099950605
9378,5101,0.8737883669148824,false,9378,5101,0.8737883669148824
9378,339256,0.9504979229678592,false,9378,339256,0.9504979229678592
9378,107984763,0.9119336611592411,false,9378,107984763,0.9119336611592411
9378,58,0.9541649710378822,false,9378,58,0.9541649710378822
9378,105375622,0.8994096682404306,false,9378,105375622,0.8994096682404306
9378,347252,0.9759941263300675,false,9378,347252,0.9759941263300675
9378,55723,0.9056011024933794,false,9378,55723,0.9056011024933794
9378,6690,0.9333137251241338,false,9378,6690,0.9333137251241338
9378,107984129,0.8863234049653244,false,9378,107984129,0.8863234049653244
9378,389336,0.9097924245682674,false,9378,389336,0.9097924245682674
9378,4004,0.896088007678867,false,9378,4004,0.896088007678867
9378,81624,0.8830479330034368,false,9378,81624,0.8830479330034368
9378,100288637,0.8393922439602063,false,9378,100288637,0.8393922439602063
9378,100996301,0.9330717899872276,false,9378,100996301,0.9330717899872276
9378,3670,0.9410065775596739,false,9378,3670,0.9410065775596739
54854,8529,0.9907683151544778,false,54854,8529,0.9907683151544778
54854,10942,0.97528162559048,false,54854,10942,0.97528162559048
54854,5650,0.9659186348455916,false,54854,5650,0.9659186348455916
54854,6273,0.9326191718756062,false,54854,6273,0.9326191718756062
54854,8549,0.992804953056314,false,54854,8549,0.992804953056314
54854,2348,0.9594686853847914,false,54854,2348,0.9594686853847914
54854,81607,0.8917231128757253,false,54854,81607,0.8917231128757253
54854,55765,0.8718915268075439,false,54854,55765,0.8718915268075439
54854,54101,0.9686594577384421,false,54854,54101,0.9686594577384421
54854,64699,0.9845467319461706,false,54854,64699,0.9845467319461706
54854,345079,0.9213188692305132,false,54854,345079,0.9213188692305132
54854,8538,0.9253124246366281,false,54854,8538,0.9253124246366281
54854,25818,0.9842478297971609,false,54854,25818,0.9842478297971609
54854,112802,0.9902840611807914,false,54854,112802,0.9902840611807914
54854,168002,0.9786307104898928,false,54854,168002,0.9786307104898928
54854,5653,0.9895247020371459,false,54854,5653,0.9895247020371459
55355,157313,0.9490990218552505,false,55355,157313,0.9490990218552505
55355,284403,0.90023020125272,false,55355,284403,0.90023020125272
55355,55165,0.8255119731672529,false,55355,55165,0.8255119731672529
55355,10721,0.9124633655899179,false,55355,10721,0.9124633655899179
55355,1870,0.8836242015695072,false,55355,1870,0.8836242015695072
55355,9055,0.858265950332247,false,55355,9055,0.858265950332247
55355,6790,0.9273272156250671,false,55355,6790,0.9273272156250671
55355,1058,0.8939082545265966,false,55355,1058,0.8939082545265966
55355,64151,0.8951874685870997,false,55355,64151,0.8951874685870997
55355,221150,0.8880625928665014,false,55355,221150,0.8880625928665014
55355,100288637,0.8036155670098358,false,55355,100288637,0.8036155670098358
115362,941,0.9817771039325823,false,115362,941,0.9817771039325823
115362,57451,0.9445502774805263,false,115362,57451,0.9445502774805263
115362,10537,0.9678431066487547,false,115362,10537,0.9678431066487547
115362,27063,0.9160072681258009,false,115362,27063,0.9160072681258009
115362,26279,0.9728018035379168,false,115362,26279,0.9728018035379168
115362,63898,0.8992659434659804,false,115362,63898,0.8992659434659804
115362,4283,0.9985828136564494,false,115362,4283,0.9985828136564494
115362,105371152,0.9345611271412059,false,115362,105371152,0.9345611271412059
115362,5008,0.938025701926076,false,115362,5008,0.938025701926076
115362,85479,0.9811775064374367,false,115362,85479,0.9811775064374367
115362,79413,0.9786898783020033,false,115362,79413,0.9786898783020033
115362,3620,0.8976559630956467,false,115362,3620,0.8976559630956467
115362,387895,0.9492541086382703,false,115362,387895,0.9492541086382703
115362,3352,0.926210584858723,false,115362,3352,0.926210584858723
115362,27299,0.9819105116338869,false,115362,27299,0.9819105116338869
115362,50852,0.9882338051632484,false,115362,50852,0.9882338051632484
115362,3502,0.973519567728779,false,115362,3502,0.973519567728779
115362,28946,0.9690563952210894,false,115362,28946,0.9690563952210894
115362,6362,0.9725621868507767,false,115362,6362,0.9725621868507767
115362,3512,0.9734585537062609,false,115362,3512,0.9734585537062609
115362,1404,0.9585467147905441,false,115362,1404,0.9585467147905441
115362,3627,0.9387095556867988,false,115362,3627,0.9387095556867988
115362,28809,0.9674270201878052,false,115362,28809,0.9674270201878052
115362,109729169,0.9565054291710062,false,115362,109729169,0.9565054291710062
157313,284403,0.8859673922439305,false,157313,284403,0.8859673922439305
157313,55165,0.838927078069375,false,157313,55165,0.838927078069375
157313,10721,0.8919168073688332,false,157313,10721,0.8919168073688332
157313,1870,0.8486304431823419,false,157313,1870,0.8486304431823419
157313,9055,0.8482274786353269,false,157313,9055,0.8482274786353269
157313,57082,0.8412392459701975,false,157313,57082,0.8412392459701975
157313,6790,0.941474218175843,false,157313,6790,0.941474218175843
157313,1058,0.917362643580308,false,157313,1058,0.917362643580308
157313,64151,0.9460157076004984,false,157313,64151,0.9460157076004984
157313,221150,0.9391324997109711,false,157313,221150,0.9391324997109711
157313,100288637,0.8517881288415602,false,157313,100288637,0.8517881288415602
157313,100507118,0.817916358210833,false,157313,100507118,0.817916358210833
284403,55165,0.8483396312382722,false,284403,55165,0.8483396312382722
284403,10721,0.8942265807234744,false,284403,10721,0.8942265807234744
284403,1870,0.9174342119842414,false,284403,1870,0.9174342119842414
284403,51203,0.8668677843116331,false,284403,51203,0.8668677843116331
284403,9055,0.9106504148390713,false,284403,9055,0.9106504148390713
284403,57082,0.8859548399463479,false,284403,57082,0.8859548399463479
284403,56992,0.8794622455227717,false,284403,56992,0.8794622455227717
284403,151648,0.8304451547309941,false,284403,151648,0.8304451547309941
284403,6790,0.9495516234671062,false,284403,6790,0.9495516234671062
284403,1058,0.8223193509909054,false,284403,1058,0.8223193509909054
284403,64151,0.9277848617333524,false,284403,64151,0.9277848617333524
284403,221150,0.8716400399790383,false,284403,221150,0.8716400399790383
284403,100288637,0.898173611132939,false,284403,100288637,0.898173611132939
284403,100507118,0.8932471088163906,false,284403,100507118,0.8932471088163906
55165,9493,0.9372776413609835,false,55165,9493,0.9372776413609835
55165,9133,0.8993192752940139,false,55165,9133,0.8993192752940139
55165,10721,0.8843436225326843,false,55165,10721,0.8843436225326843
55165,1870,0.8830872276029551,false,55165,1870,0.8830872276029551
55165,9055,0.8798076808709437,false,55165,9055,0.8798076808709437
55165,57082,0.898673692359528,false,55165,57082,0.898673692359528
55165,151648,0.9635328891725988,false,55165,151648,0.9635328891725988
55165,55723,0.8100925984232997,false,55165,55723,0.8100925984232997
55165,6790,0.8808846264014848,false,55165,6790,0.8808846264014848
55165,1058,0.9563646342168524,false,55165,1058,0.9563646342168524
55165,81624,0.8820918615319204,false,55165,81624,0.8820918615319204
55165,64151,0.8866710638858915,false,55165,64151,0.8866710638858915
55165,221150,0.907515338012667,false,55165,221150,0.907515338012667
55165,100288637,0.8407261107610707,false,55165,100288637,0.8407261107610707
55165,100507118,0.9109261243947991,false,55165,100507118,0.9109261243947991
9493,9133,0.9492420601962971,false,9493,9133,0.9492420601962971
9493,10721,0.8078972915471342,false,9493,10721,0.8078972915471342
9493,2290,0.8313568923160715,false,9493,2290,0.8313568923160715
9493,5101,0.8063378631963616,false,9493,5101,0.8063378631963616
9493,1870,0.8075844735384942,false,9493,1870,0.8075844735384942
9493,51203,0.8091881839179468,false,9493,51203,0.8091881839179468
9493,9055,0.8284498857023986,false,9493,9055,0.8284498857023986
9493,57082,0.9007121658830007,false,9493,57082,0.9007121658830007
9493,339256,0.8213494781153029,false,9493,339256,0.8213494781153029
9493,107984763,0.8011467926706586,false,9493,107984763,0.8011467926706586
9493,105375622,0.8638928366471498,false,9493,105375622,0.8638928366471498
9493,151648,0.9339005522999915,false,9493,151648,0.9339005522999915
9493,55723,0.8808901568299181,false,9493,55723,0.8808901568299181
9493,6690,0.8292162813789493,false,9493,6690,0.8292162813789493
9493,107984129,0.8191111267861106,false,9493,107984129,0.8191111267861106
9493,389336,0.8162267578707986,false,9493,389336,0.8162267578707986
9493,4004,0.8601906653662367,false,9493,4004,0.8601906653662367
9493,1058,0.9062069125226462,false,9493,1058,0.9062069125226462
9493,81624,0.9391379514362963,false,9493,81624,0.9391379514362963
9493,64151,0.8027519353560416,false,9493,64151,0.8027519353560416
9493,221150,0.8119349083670078,false,9493,221150,0.8119349083670078
9493,100288637,0.859268835722867,false,9493,100288637,0.859268835722867
9493,100507118,0.8741944555607526,false,9493,100507118,0.8741944555607526
9493,100996301,0.8072161195085955,false,9493,100996301,0.8072161195085955
941,57451,0.9228043915184572,false,941,57451,0.9228043915184572
941,10537,0.9695912093206147,false,941,10537,0.9695912093206147
941,27063,0.8972586565640003,false,941,27063,0.8972586565640003
941,26279,0.9405947020718967,false,941,26279,0.9405947020718967
941,63898,0.8846966150242132,false,941,63898,0.8846966150242132
941,4283,0.9777511833997449,false,941,4283,0.9777511833997449
941,105371152,0.9586478339603675,false,941,105371152,0.9586478339603675
941,5008,0.9216815706372796,false,941,5008,0.9216815706372796
941,85479,0.9440536592356533,false,941,85479,0.9440536592356533
941,79413,0.9496470079978948,false,941,79413,0.9496470079978948
941,3620,0.8654673106156899,false,941,3620,0.8654673106156899
941,387895,0.9251514583169583,false,941,387895,0.9251514583169583
941,3352,0.892426047018851,false,941,3352,0.892426047018851
941,27299,0.9497777623050587,false,941,27299,0.9497777623050587
941,50852,0.9641784115633973,false,941,50852,0.9641784115633973
941,3502,0.9547790565852136,false,941,3502,0.9547790565852136
941,28946,0.9578809922692474,false,941,28946,0.9578809922692474
941,6362,0.9453584197225496,false,941,6362,0.9453584197225496
941,3512,0.9563498383654183,false,941,3512,0.9563498383654183
941,1404,0.9153077958374417,false,941,1404,0.9153077958374417
941,3627,0.9450754798960557,false,941,3627,0.9450754798960557
941,28809,0.929566129967459,false,941,28809,0.929566129967459
941,109729169,0.9110969056132641,false,941,109729169,0.9110969056132641
9133,2290,0.892869126113124,false,9133,2290,0.892869126113124
9133,5101,0.8645850091090559,false,9133,5101,0.8645850091090559
9133,51203,0.8272109844243141,false,9133,51203,0.8272109844243141
9133,57082,0.9114848164561369,false,9133,57082,0.9114848164561369
9133,339256,0.8473083134089334,false,9133,339256,0.8473083134089334
9133,107984763,0.9008621138458138,false,9133,107984763,0.9008621138458138
9133,58,0.8506618562981082,false,9133,58,0.8506618562981082
9133,105375622,0.8611961835778469,false,9133,105375622,0.8611961835778469
9133,347252,0.8201962868316804,false,9133,347252,0.8201962868316804
9133,151648,0.9273702154595765,false,9133,151648,0.9273702154595765
9133,55723,0.9158075214553365,false,9133,55723,0.9158075214553365
9133,6690,0.8491071946684646,false,9133,6690,0.8491071946684646
9133,107984129,0.9224307851678532,false,9133,107984129,0.9224307851678532
9133,389336,0.8376423210531897,false,9133,389336,0.8376423210531897
9133,4004,0.8661216242711384,false,9133,4004,0.8661216242711384
9133,1058,0.8799918000305565,false,9133,1058,0.8799918000305565
9133,81624,0.9144444071758406,false,9133,81624,0.9144444071758406
9133,100288637,0.8440544104715799,false,9133,100288637,0.8440544104715799
9133,100996301,0.8740344307980039,false,9133,100996301,0.8740344307980039
9133,3670,0.8611640839850774,false,9133,3670,0.8611640839850774
57451,10537,0.9357937907048497,false,57451,10537,0.9357937907048497
57451,27063,0.918686370128563,false,57451,27063,0.918686370128563
57451,26279,0.9696864328183915,false,57451,26279,0.9696864328183915
57451,63898,0.8732582679338278,false,57451,63898,0.8732582679338278
57451,4283,0.9412800379427954,false,57451,4283,0.9412800379427954
57451,105371152,0.8778733179295154,false,57451,105371152,0.8778733179295154
57451,5008,0.9425593400929712,false,57451,5008,0.9425593400929712
57451,85479,0.9526354331960447,false,57451,85479,0.9526354331960447
57451,79413,0.9712597812404571,false,57451,79413,0.9712597812404571
57451,3620,0.8591093176289016,false,57451,3620,0.8591093176289016
57451,387895,0.9460918826714912,false,57451,387895,0.9460918826714912
57451,3352,0.9421100198348441,false,57451,3352,0.9421100198348441
57451,27299,0.9624598649243642,false,57451,27299,0.9624598649243642
57451,50852,0.9656812582165724,false,57451,50852,0.9656812582165724
57451,3502,0.9660658901496811,false,57451,3502,0.9660658901496811
57451,28946,0.9586173692163283,false,57451,28946,0.9586173692163283
57451,6362,0.9663569267093354,false,57451,6362,0.9663569267093354
57451,3512,0.9644552836160392,false,57451,3512,0.9644552836160392
57451,1404,0.9640337866663846,false,57451,1404,0.9640337866663846
57451,3627,0.8168774616255358,false,57451,3627,0.8168774616255358
57451,28809,0.9675949786722405,false,57451,28809,0.9675949786722405
57451,109729169,0.9647474187930482,false,57451,109729169,0.9647474187930482
10721,1870,0.8590094730831284,false,10721,1870,0.8590094730831284
10721,9055,0.9715563790164204,false,10721,9055,0.9715563790164204
10721,6790,0.8564239672058799,false,10721,6790,0.8564239672058799
10721,1058,0.8742823179730784,false,10721,1058,0.8742823179730784
10721,64151,0.8947959451988722,false,10721,64151,0.8947959451988722
10721,221150,0.8889828578509102,false,10721,221150,0.8889828578509102
10721,100288637,0.8189650865527675,false,10721,100288637,0.8189650865527675
10721,100507118,0.933069584159793,false,10721,100507118,0.933069584159793
10537,27063,0.9534285423369149,false,10537,27063,0.9534285423369149
10537,26279,0.9636587056271314,false,10537,26279,0.9636587056271314
10537,63898,0.8626039872753345,false,10537,63898,0.8626039872753345
10537,4283,0.9680980331571005,false,10537,4283,0.9680980331571005
10537,105371152,0.9844194110722593,false,10537,105371152,0.9844194110722593
10537,5008,0.9236768658376893,false,10537,5008,0.9236768658376893
10537,85479,0.9494350204295469,false,10537,85479,0.9494350204295469
10537,79413,0.9689241131297558,false,10537,79413,0.9689241131297558
10537,3620,0.8940837275185587,false,10537,3620,0.8940837275185587
10537,387895,0.9395148019084162,false,10537,387895,0.9395148019084162
10537,3352,0.9053204116108113,false,10537,3352,0.9053204116108113
10537,27299,0.959609200054426,false,10537,27299,0.959609200054426
10537,50852,0.968645764871204,false,10537,50852,0.968645764871204
10537,3502,0.9849689024956788,false,10537,3502,0.9849689024956788
10537,28946,0.9917530604226713,false,10537,28946,0.9917530604226713
10537,6362,0.9692166518181163,false,10537,6362,0.9692166518181163
10537,3512,0.9871418192412487,false,10537,3512,0.9871418192412487
10537,1404,0.9352009560087827,false,10537,1404,0.9352009560087827
10537,3627,0.9079886089316122,false,10537,3627,0.9079886089316122
10537,28809,0.9498776476068516,false,10537,28809,0.9498776476068516
10537,109729169,0.9320589833200924,false,10537,109729169,0.9320589833200924
109729184,111216286,0.9915055271773889,false,109729184,111216286,0.9915055271773889
109729184,100292680,0.9879853144532924,false,109729184,100292680,0.9879853144532924
109729184,4318,0.9997616562290107,false,109729184,4318,0.9997616562290107
109729184,284266,0.9651190254509551,false,109729184,284266,0.9651190254509551
109729184,26289,0.893025583179638,false,109729184,26289,0.893025583179638
109729184,245972,0.9920442003322454,false,109729184,245972,0.9920442003322454
109729184,56203,0.8511511923624187,false,109729184,56203,0.8511511923624187
109729184,29991,0.9497306363754501,false,109729184,29991,0.9497306363754501
109729184,105371664,0.919008055654125,false,109729184,105371664,0.919008055654125
109729184,80329,0.9436729966192708,false,109729184,80329,0.9436729966192708
27063,26279,0.9474845086660146,false,27063,26279,0.9474845086660146
27063,63898,0.884356744463654,false,27063,63898,0.884356744463654
27063,4283,0.9172715583724516,false,27063,4283,0.9172715583724516
27063,105371152,0.915438194122783,false,27063,105371152,0.915438194122783
27063,5008,0.9587164728432009,false,27063,5008,0.9587164728432009
27063,85479,0.9322536403187934,false,27063,85479,0.9322536403187934
27063,79413,0.947443910022701,false,27063,79413,0.947443910022701
27063,3620,0.9472913286891771,false,27063,3620,0.9472913286891771
27063,387895,0.9248089894341034,false,27063,387895,0.9248089894341034
27063,3352,0.9212231832583205,false,27063,3352,0.9212231832583205
27063,27299,0.9394783360372869,false,27063,27299,0.9394783360372869
27063,50852,0.9377107110710388,false,27063,50852,0.9377107110710388
27063,3502,0.9588589893444088,false,27063,3502,0.9588589893444088
27063,28946,0.9592811782347531,false,27063,28946,0.9592811782347531
27063,6362,0.9521062035671833,false,27063,6362,0.9521062035671833
27063,3512,0.9606754481498707,false,27063,3512,0.9606754481498707
27063,1404,0.9369497526256872,false,27063,1404,0.9369497526256872
27063,3627,0.8031860666947762,false,27063,3627,0.8031860666947762
27063,28809,0.9390569911701776,false,27063,28809,0.9390569911701776
27063,109729169,0.9243510626771864,false,27063,109729169,0.9243510626771864
8529,10942,0.9713158179847959,false,8529,10942,0.9713158179847959
8529,5650,0.9830453487963365,false,8529,5650,0.9830453487963365
8529,6273,0.9352057278748187,false,8529,6273,0.9352057278748187
8529,8549,0.998643661768389,false,8529,8549,0.998643661768389
8529,2348,0.97740857196329,false,8529,2348,0.97740857196329
8529,81607,0.9130333517767886,false,8529,81607,0.9130333517767886
8529,55765,0.8812186467112202,false,8529,55765,0.8812186467112202
8529,54101,0.9560748322162629,false,8529,54101,0.9560748322162629
8529,64699,0.9868055665588589,false,8529,64699,0.9868055665588589
8529,345079,0.9444930179838829,false,8529,345079,0.9444930179838829
8529,8538,0.9253007304858594,false,8529,8538,0.9253007304858594
8529,25818,0.9962608691645414,false,8529,25818,0.9962608691645414
8529,112802,0.9995105268093433,false,8529,112802,0.9995105268093433
8529,168002,0.9888771493185063,false,8529,168002,0.9888771493185063
8529,5653,0.9993283696619828,false,8529,5653,0.9993283696619828
2290,5101,0.8525678594086005,false,2290,5101,0.8525678594086005
2290,339256,0.9067363188448301,false,2290,339256,0.9067363188448301
2290,107984763,0.9332717441138514,false,2290,107984763,0.9332717441138514
2290,58,0.9472812830088272,false,2290,58,0.9472812830088272
2290,105375622,0.8353162016641789,false,2290,105375622,0.8353162016641789
2290,347252,0.8720105449059777,false,2290,347252,0.8720105449059777
2290,55723,0.837058313340037,false,2290,55723,0.837058313340037
2290,6690,0.9330517024322099,false,2290,6690,0.9330517024322099
2290,107984129,0.8984786767267161,false,2290,107984129,0.8984786767267161
2290,389336,0.9380350807109704,false,2290,389336,0.9380350807109704
2290,4004,0.8674221707316929,false,2290,4004,0.8674221707316929
2290,81624,0.863464624550149,false,2290,81624,0.863464624550149
2290,100996301,0.9426362029477998,false,2290,100996301,0.9426362029477998
2290,3670,0.9579711018087494,false,2290,3670,0.9579711018087494
26279,63898,0.8829341673035266,false,26279,63898,0.8829341673035266
26279,4283,0.9716850291792043,false,26279,4283,0.9716850291792043
26279,105371152,0.9049391250201445,false,26279,105371152,0.9049391250201445
26279,5008,0.9633583873570266,false,26279,5008,0.9633583873570266
26279,85479,0.9918863450714261,false,26279,85479,0.9918863450714261
26279,79413,0.9991027824304451,false,26279,79413,0.9991027824304451
26279,3620,0.906442256790231,false,26279,3620,0.906442256790231
26279,387895,0.984474206124022,false,26279,387895,0.984474206124022
26279,3352,0.9689536042973149,false,26279,3352,0.9689536042973149
26279,27299,0.9973010554395509,false,26279,27299,0.9973010554395509
26279,50852,0.9926302629872467,false,26279,50852,0.9926302629872467
26279,3502,0.9938358931307621,false,26279,3502,0.9938358931307621
26279,28946,0.9849367200762449,false,26279,28946,0.9849367200762449
26279,6362,0.9983884469204184,false,26279,6362,0.9983884469204184
26279,3512,0.992122891098284,false,26279,3512,0.992122891098284
26279,1404,0.9937485878462717,false,26279,1404,0.9937485878462717
26279,3627,0.8598434602797451,false,26279,3627,0.8598434602797451
26279,28809,0.9987763527578724,false,26279,28809,0.9987763527578724
26279,109729169,0.9931982239652802,false,26279,109729169,0.9931982239652802
5101,51203,0.8478417025352097,false,5101,51203,0.8478417025352097
5101,57082,0.84477761674683,false,5101,57082,0.84477761674683
5101,339256,0.9094333296804605,false,5101,339256,0.9094333296804605
5101,107984763,0.9408706393490085,false,5101,107984763,0.9408706393490085
5101,58,0.9268647836675851,false,5101,58,0.9268647836675851
5101,105375622,0.8892377404528019,false,5101,105375622,0.8892377404528019
5101,347252,0.9183942626061001,false,5101,347252,0.9183942626061001
5101,55723,0.9417624792457508,false,5101,55723,0.9417624792457508
5101,6690,0.9003357104382679,false,5101,6690,0.9003357104382679
5101,107984129,0.9268366049989615,false,5101,107984129,0.9268366049989615
5101,389336,0.8868821873079588,false,5101,389336,0.8868821873079588
5101,4004,0.9271975128454962,false,5101,4004,0.9271975128454962
5101,81624,0.8882439802731732,false,5101,81624,0.8882439802731732
5101,100288637,0.8991809095588206,false,5101,100288637,0.8991809095588206
5101,100996301,0.9441576072321154,false,5101,100996301,0.9441576072321154
5101,3670,0.9119226277543634,false,5101,3670,0.9119226277543634
111216286,100292680,0.9861717732498789,false,111216286,100292680,0.9861717732498789
111216286,4318,0.9901257360525673,false,111216286,4318,0.9901257360525673
111216286,284266,0.9511330103409568,false,111216286,284266,0.9511330103409568
111216286,26289,0.8791351651720549,false,111216286,26289,0.8791351651720549
111216286,245972,0.9797019717840846,false,111216286,245972,0.9797019717840846
111216286,56203,0.834560435209216,false,111216286,56203,0.834560435209216
111216286,29991,0.9425305761954375,false,111216286,29991,0.9425305761954375
111216286,105371664,0.9078847672923859,false,111216286,105371664,0.9078847672923859
111216286,80329,0.9258710989529525,false,111216286,80329,0.9258710989529525
10942,5650,0.9442299273833759,false,10942,5650,0.9442299273833759
10942,6273,0.9189799937688152,false,10942,6273,0.9189799937688152
10942,8549,0.9755847762046822,false,10942,8549,0.9755847762046822
10942,2348,0.9392194946033903,false,10942,2348,0.9392194946033903
10942,81607,0.8988874641195685,false,10942,81607,0.8988874641195685
10942,55765,0.8577500604294079,false,10942,55765,0.8577500604294079
10942,54101,0.9219675095723389,false,10942,54101,0.9219675095723389
10942,64699,0.9823942967531709,false,10942,64699,0.9823942967531709
10942,345079,0.8992818738675409,false,10942,345079,0.8992818738675409
10942,8538,0.9378155175779935,false,10942,8538,0.9378155175779935
10942,25818,0.9613190955008775,false,10942,25818,0.9613190955008775
10942,112802,0.9680381824076053,false,10942,112802,0.9680381824076053
10942,168002,0.9468751906551638,false,10942,168002,0.9468751906551638
10942,5653,0.9666464986902683,false,10942,5653,0.9666464986902683
1870,9055,0.8884454775573414,false,1870,9055,0.8884454775573414
1870,57082,0.842091269093274,false,1870,57082,0.842091269093274
1870,105375622,0.8209868806867976,false,1870,105375622,0.8209868806867976
1870,151648,0.8909442327891658,false,1870,151648,0.8909442327891658
1870,55723,0.8229479712418953,false,1870,55723,0.8229479712418953
1870,6790,0.8795848583476115,false,1870,6790,0.8795848583476115
1870,1058,0.8424534377958323,false,1870,1058,0.8424534377958323
1870,81624,0.8474573255740765,false,1870,81624,0.8474573255740765
1870,64151,0.8489848214792285,false,1870,64151,0.8489848214792285
1870,221150,0.9152629328836837,false,1870,221150,0.9152629328836837
1870,100288637,0.865168777205415,false,1870,100288637,0.865168777205415
1870,100507118,0.9010261175298342,false,1870,100507118,0.9010261175298342
51203,57082,0.9667629745339524,false,51203,57082,0.9667629745339524
51203,56992,0.8122579560496944,false,51203,56992,0.8122579560496944
51203,151648,0.8301959335866318,false,51203,151648,0.8301959335866318
51203,55723,0.9043345703751446,false,51203,55723,0.9043345703751446
51203,6790,0.8585930307007903,false,51203,6790,0.8585930307007903
51203,64151,0.8427755607830743,false,51203,64151,0.8427755607830743
51203,100288637,0.9315197321966151,false,51203,100288637,0.9315197321966151
51203,100507118,0.8064075852316406,false,51203,100507118,0.8064075852316406
63898,4283,0.8900643114691619,false,63898,4283,0.8900643114691619
63898,105371152,0.8106442337687236,false,63898,105371152,0.8106442337687236
63898,5008,0.9007830370998396,false,63898,5008,0.9007830370998396
63898,85479,0.8847722989814977,false,63898,85479,0.8847722989814977
63898,79413,0.8902011794869216,false,63898,79413,0.8902011794869216
63898,3620,0.9029858123346267,false,63898,3620,0.9029858123346267
63898,387895,0.8665684640863751,false,63898,387895,0.8665684640863751
63898,3352,0.8596615582525708,false,63898,3352,0.8596615582525708
63898,27299,0.8921582206555243,false,63898,27299,0.8921582206555243
63898,50852,0.8923767934964573,false,63898,50852,0.8923767934964573
63898,3502,0.870033124713211,false,63898,3502,0.870033124713211
63898,28946,0.8572602348537286,false,63898,28946,0.8572602348537286
63898,6362,0.8769915911152693,false,63898,6362,0.8769915911152693
63898,3512,0.8689151791420134,false,63898,3512,0.8689151791420134
63898,1404,0.903321995002476,false,63898,1404,0.903321995002476
63898,3627,0.864094349234843,false,63898,3627,0.864094349234843
63898,28809,0.8844895079211994,false,63898,28809,0.8844895079211994
63898,109729169,0.8719522163068669,false,63898,109729169,0.8719522163068669
5650,6273,0.9136381754118599,false,5650,6273,0.9136381754118599
5650,8549,0.9803507159133352,false,5650,8549,0.9803507159133352
5650,2348,0.9595075706640869,false,5650,2348,0.9595075706640869
5650,81607,0.8765089102113729,false,5650,81607,0.8765089102113729
5650,55765,0.8488393299976356,false,5650,55765,0.8488393299976356
5650,54101,0.9362039993692028,false,5650,54101,0.9362039993692028
5650,64699,0.9634425983404454,false,5650,64699,0.9634425983404454
5650,345079,0.9184874533581981,false,5650,345079,0.9184874533581981
5650,8538,0.8924142088491335,false,5650,8538,0.8924142088491335
5650,25818,0.9859555606826895,false,5650,25818,0.9859555606826895
5650,112802,0.9842638003386793,false,5650,112802,0.9842638003386793
5650,168002,0.9935740854648784,false,5650,168002,0.9935740854648784
5650,5653,0.9854650313270144,false,5650,5653,0.9854650313270144
100292680,4318,0.9870835664246176,false,100292680,4318,0.9870835664246176
100292680,284266,0.9547833710326256,false,100292680,284266,0.9547833710326256
100292680,26289,0.896217765931914,false,100292680,26289,0.896217765931914
100292680,245972,0.977833072337867,false,100292680,245972,0.977833072337867
100292680,56203,0.8274822514894922,false,100292680,56203,0.8274822514894922
100292680,29991,0.9524207961397884,false,100292680,29991,0.9524207961397884
100292680,105371664,0.8950607436972667,false,100292680,105371664,0.8950607436972667
100292680,80329,0.933657705190364,false,100292680,80329,0.933657705190364
6273,8549,0.9322977294854199,false,6273,8549,0.9322977294854199
6273,2348,0.9099024218904188,false,6273,2348,0.9099024218904188
6273,81607,0.8587838656824233,false,6273,81607,0.8587838656824233
6273,55765,0.8493220568474767,false,6273,55765,0.8493220568474767
6273,54101,0.9403933664284332,false,6273,54101,0.9403933664284332
6273,64699,0.9208468965350873,false,6273,64699,0.9208468965350873
6273,345079,0.9073836105958801,false,6273,345079,0.9073836105958801
6273,8538,0.8305691441995052,false,6273,8538,0.8305691441995052
6273,25818,0.9366483593404594,false,6273,25818,0.9366483593404594
6273,112802,0.9379925788704808,false,6273,112802,0.9379925788704808
6273,168002,0.91823120475945,false,6273,168002,0.91823120475945
6273,5653,0.9348313209313268,false,6273,5653,0.9348313209313268
9055,57082,0.8267911344797132,false,9055,57082,0.8267911344797132
9055,151648,0.8371732325208179,false,9055,151648,0.8371732325208179
9055,6790,0.8275026923183151,false,9055,6790,0.8275026923183151
9055,1058,0.8234209259538237,false,9055,1058,0.8234209259538237
9055,81624,0.802181639718555,false,9055,81624,0.802181639718555
9055,64151,0.8819079486333803,false,9055,64151,0.8819079486333803
9055,221150,0.8891551247169582,false,9055,221150,0.8891551247169582
9055,100288637,0.8649127728251108,false,9055,100288637,0.8649127728251108
9055,100507118,0.9811134426325204,false,9055,100507118,0.9811134426325204
57082,56992,0.8012695682755419,false,57082,56992,0.8012695682755419
57082,151648,0.923199337731525,false,57082,151648,0.923199337731525
57082,55723,0.9129816633183977,false,57082,55723,0.9129816633183977
57082,6790,0.9010723461548268,false,57082,6790,0.9010723461548268
57082,1058,0.869527402710231,false,57082,1058,0.869527402710231
57082,81624,0.863408305564963,false,57082,81624,0.863408305564963
57082,64151,0.8970636143207309,false,57082,64151,0.8970636143207309
57082,221150,0.8642376114311455,false,57082,221150,0.8642376114311455
57082,100288637,0.9439789777767833,false,57082,100288637,0.9439789777767833
57082,100507118,0.8753342162813744,false,57082,100507118,0.8753342162813744
4283,105371152,0.9372316142592615,false,4283,105371152,0.9372316142592615
4283,5008,0.9319258661947915,false,4283,5008,0.9319258661947915
4283,85479,0.9822796976527167,false,4283,85479,0.9822796976527167
4283,79413,0.9776302308018272,false,4283,79413,0.9776302308018272
4283,3620,0.8949525683714391,false,4283,3620,0.8949525683714391
4283,387895,0.948336703471632,false,4283,387895,0.948336703471632
4283,3352,0.9272713752097692,false,4283,3352,0.9272713752097692
4283,27299,0.98172907762903,false,4283,27299,0.98172907762903
4283,50852,0.9846325303234992,false,4283,50852,0.9846325303234992
4283,3502,0.973413913642639,false,4283,3502,0.973413913642639
4283,28946,0.9695488737358323,false,4283,28946,0.9695488737358323
4283,6362,0.9709879279568505,false,4283,6362,0.9709879279568505
4283,3512,0.9734751386465481,false,4283,3512,0.9734751386465481
4283,1404,0.957100975751334,false,4283,1404,0.957100975751334
4283,3627,0.9352727308843871,false,4283,3627,0.9352727308843871
4283,28809,0.9657514519424732,false,4283,28809,0.9657514519424732
4283,109729169,0.9545251402012338,false,4283,109729169,0.9545251402012338
105371152,5008,0.8638041596471883,false,105371152,5008,0.8638041596471883
105371152,85479,0.8937137424045545,false,105371152,85479,0.8937137424045545
105371152,79413,0.9137241592761968,false,105371152,79413,0.9137241592761968
105371152,3620,0.8417682581976186,false,105371152,3620,0.8417682581976186
105371152,387895,0.8807064558430305,false,105371152,387895,0.8807064558430305
105371152,3352,0.8335839514629995,false,105371152,3352,0.8335839514629995
105371152,27299,0.9032514370603961,false,105371152,27299,0.9032514370603961
105371152,50852,0.9200357306125506,false,105371152,50852,0.9200357306125506
105371152,3502,0.9429640421145016,false,105371152,3502,0.9429640421145016
105371152,28946,0.9595628907905422,false,105371152,28946,0.9595628907905422
105371152,6362,0.9155799739000703,false,105371152,6362,0.9155799739000703
105371152,3512,0.9475566790039737,false,105371152,3512,0.9475566790039737
105371152,1404,0.862553527353073,false,105371152,1404,0.862553527353073
105371152,3627,0.9062869246467842,false,105371152,3627,0.9062869246467842
105371152,28809,0.883596495875071,false,105371152,28809,0.883596495875071
105371152,109729169,0.8582292011722489,false,105371152,109729169,0.8582292011722489
339256,107984763,0.9481198367814475,false,339256,107984763,0.9481198367814475
339256,58,0.9804237348091338,false,339256,58,0.9804237348091338
339256,105375622,0.950846744860855,false,339256,105375622,0.950846744860855
339256,347252,0.9440224907281554,false,339256,347252,0.9440224907281554
339256,55723,0.8896768438306258,false,339256,55723,0.8896768438306258
339256,6690,0.9773607234893744,false,339256,6690,0.9773607234893744
339256,107984129,0.926500059382567,false,339256,107984129,0.926500059382567
339256,389336,0.961743916652914,false,339256,389336,0.961743916652914
339256,4004,0.9561511403666498,false,339256,4004,0.9561511403666498
339256,81624,0.9227597820524372,false,339256,81624,0.9227597820524372
339256,100288637,0.8016642038224653,false,339256,100288637,0.8016642038224653
339256,100996301,0.9684382812165662,false,339256,100996301,0.9684382812165662
339256,3670,0.9764093991524875,false,339256,3670,0.9764093991524875
107984763,58,0.9768891452488584,false,107984763,58,0.9768891452488584
107984763,105375622,0.892066414236271,false,107984763,105375622,0.892066414236271
107984763,347252,0.9297254344850726,false,107984763,347252,0.9297254344850726
107984763,55723,0.9185065990307241,false,107984763,55723,0.9185065990307241
107984763,6690,0.9485218170693781,false,107984763,6690,0.9485218170693781
107984763,107984129,0.9858342172714695,false,107984763,107984129,0.9858342172714695
107984763,389336,0.9444889672849897,false,107984763,389336,0.9444889672849897
107984763,4004,0.9140053156120372,false,107984763,4004,0.9140053156120372
107984763,81624,0.8757762552743794,false,107984763,81624,0.8757762552743794
107984763,100288637,0.8094980949934624,false,107984763,100288637,0.8094980949934624
107984763,100996301,0.9883134714772747,false,107984763,100996301,0.9883134714772747
107984763,3670,0.979207963796693,false,107984763,3670,0.979207963796693
58,105375622,0.9098354139203211,false,58,105375622,0.9098354139203211
58,347252,0.9545123854516286,false,58,347252,0.9545123854516286
58,55723,0.8929387456499148,false,58,55723,0.8929387456499148
58,6690,0.9836889618358323,false,58,6690,0.9836889618358323
58,107984129,0.9446861038031794,false,58,107984129,0.9446861038031794
58,389336,0.9765778444297643,false,58,389336,0.9765778444297643
58,4004,0.9349093231204155,false,58,4004,0.9349093231204155
58,81624,0.8889578338218083,false,58,81624,0.8889578338218083
58,100996301,0.9931814809271121,false,58,100996301,0.9931814809271121
58,3670,0.9970889877610346,false,58,3670,0.9970889877610346
5008,85479,0.9599406871701506,false,5008,85479,0.9599406871701506
5008,79413,0.9626204727146221,false,5008,79413,0.9626204727146221
5008,3620,0.9391592300074643,false,5008,3620,0.9391592300074643
5008,387895,0.9551006678812479,false,5008,387895,0.9551006678812479
5008,3352,0.9609898198294894,false,5008,3352,0.9609898198294894
5008,27299,0.9633277437096164,false,5008,27299,0.9633277437096164
5008,50852,0.9631024722097522,false,5008,50852,0.9631024722097522
5008,3502,0.9549710742498447,false,5008,3502,0.9549710742498447
5008,28946,0.9444032032799595,false,5008,28946,0.9444032032799595
5008,6362,0.9657199348199078,false,5008,6362,0.9657199348199078
5008,3512,0.954186620197192,false,5008,3512,0.954186620197192
5008,1404,0.961965834731918,false,5008,1404,0.961965834731918
5008,3627,0.8096927171118464,false,5008,3627,0.8096927171118464
5008,28809,0.9637981012554966,false,5008,28809,0.9637981012554966
5008,109729169,0.9558512840332705,false,5008,109729169,0.9558512840332705
56992,6790,0.8365512850454845,false,56992,6790,0.8365512850454845
56992,64151,0.8826051639346155,false,56992,64151,0.8826051639346155
105375622,347252,0.8698532603815157,false,105375622,347252,0.8698532603815157
105375622,151648,0.8104610652169582,false,105375622,151648,0.8104610652169582
105375622,55723,0.8738095919325432,false,105375622,55723,0.8738095919325432
105375622,6690,0.9014535516974918,false,105375622,6690,0.9014535516974918
105375622,107984129,0.8793158213076978,false,105375622,107984129,0.8793158213076978
105375622,389336,0.8777912817883282,false,105375622,389336,0.8777912817883282
105375622,4004,0.977922752624569,false,105375622,4004,0.977922752624569
105375622,81624,0.9762387135495109,false,105375622,81624,0.9762387135495109
105375622,100288637,0.8425929334554799,false,105375622,100288637,0.8425929334554799
105375622,100996301,0.900956267465905,false,105375622,100996301,0.900956267465905
105375622,3670,0.9058565764028419,false,105375622,3670,0.9058565764028419
8549,2348,0.974157798025277,false,8549,2348,0.974157798025277
8549,81607,0.9162400768248297,false,8549,81607,0.9162400768248297
8549,55765,0.8828288830726824,false,8549,55765,0.8828288830726824
8549,54101,0.9584552507670302,false,8549,54101,0.9584552507670302
8549,64699,0.9916733632419148,false,8549,64699,0.9916733632419148
8549,345079,0.941044339702208,false,8549,345079,0.941044339702208
8549,8538,0.9400084349007676,false,8549,8538,0.9400084349007676
8549,25818,0.993587301540929,false,8549,25818,0.993587301540929
8549,112802,0.9975301368310042,false,8549,112802,0.9975301368310042
8549,168002,0.9860167420729717,false,8549,168002,0.9860167420729717
8549,5653,0.996957940737853,false,8549,5653,0.996957940737853
85479,79413,0.9916525786712416,false,85479,79413,0.9916525786712416
85479,3620,0.9028070874521072,false,85479,3620,0.9028070874521072
85479,387895,0.9836507511566684,false,85479,387895,0.9836507511566684
85479,3352,0.9644208121930908,false,85479,3352,0.9644208121930908
85479,27299,0.9972062337204367,false,85479,27299,0.9972062337204367
85479,50852,0.9914164804983631,false,85479,50852,0.9914164804983631
85479,3502,0.9818235837571517,false,85479,3502,0.9818235837571517
85479,28946,0.9709901277137624,false,85479,28946,0.9709901277137624
85479,6362,0.9907615037807157,false,85479,6362,0.9907615037807157
85479,3512,0.9801007193593809,false,85479,3512,0.9801007193593809
85479,1404,0.9886414328215016,false,85479,1404,0.9886414328215016
85479,3627,0.8719401332446195,false,85479,3627,0.8719401332446195
85479,28809,0.9919733498532288,false,85479,28809,0.9919733498532288
85479,109729169,0.9866343513400369,false,85479,109729169,0.9866343513400369
4318,284266,0.9647691653515317,false,4318,284266,0.9647691653515317
4318,26289,0.8936290732875416,false,4318,26289,0.8936290732875416
4318,245972,0.9930595712506878,false,4318,245972,0.9930595712506878
4318,56203,0.8479248496848215,false,4318,56203,0.8479248496848215
4318,29991,0.9500239176369276,false,4318,29991,0.9500239176369276
4318,105371664,0.9168633047036662,false,4318,105371664,0.9168633047036662
4318,80329,0.9439156136802636,false,4318,80329,0.9439156136802636
284266,26289,0.95794509908937,false,284266,26289,0.95794509908937
284266,245972,0.9689507798810182,false,284266,245972,0.9689507798810182
284266,56203,0.8471527912992175,false,284266,56203,0.8471527912992175
284266,29991,0.9729028410427941,false,284266,29991,0.9729028410427941
284266,105371664,0.9249328287145854,false,284266,105371664,0.9249328287145854
284266,80329,0.9699302538543779,false,284266,80329,0.9699302538543779
79413,3620,0.9127787701378426,false,79413,3620,0.9127787701378426
79413,387895,0.9817594636450124,false,79413,387895,0.9817594636450124
79413,3352,0.96821763621798,false,79413,3352,0.96821763621798
79413,27299,0.9975052499556678,false,79413,27299,0.9975052499556678
79413,50852,0.9939829533229468,false,79413,50852,0.9939829533229468
79413,3502,0.9941028356102738,false,79413,3502,0.9941028356102738
79413,28946,0.9859189882095236,false,79413,28946,0.9859189882095236
79413,6362,0.9972712529472613,false,79413,6362,0.9972712529472613
79413,3512,0.9926432759883829,false,79413,3512,0.9926432759883829
79413,1404,0.9919319203985625,false,79413,1404,0.9919319203985625
79413,3627,0.8767945946026068,false,79413,3627,0.8767945946026068
79413,28809,0.9971680874720192,false,79413,28809,0.9971680874720192
79413,109729169,0.9902078997401627,false,79413,109729169,0.9902078997401627
3620,387895,0.8732758214742666,false,3620,387895,0.8732758214742666
3620,3352,0.9064641077033587,false,3620,3352,0.9064641077033587
3620,27299,0.90900848833064,false,3620,27299,0.90900848833064
3620,50852,0.90156977621276,false,3620,50852,0.90156977621276
3620,3502,0.8980641475463269,false,3620,3502,0.8980641475463269
3620,28946,0.887982577826812,false,3620,28946,0.887982577826812
3620,6362,0.9035052828303344,false,3620,6362,0.9035052828303344
3620,3512,0.8985190679117574,false,3620,3512,0.8985190679117574
3620,1404,0.9095483919156742,false,3620,1404,0.9095483919156742
3620,3627,0.843228128765215,false,3620,3627,0.843228128765215
3620,28809,0.9056537369803783,false,3620,28809,0.9056537369803783
3620,109729169,0.8953508726967863,false,3620,109729169,0.8953508726967863
2348,81607,0.9535738255812609,false,2348,81607,0.9535738255812609
2348,55765,0.8398879866668615,false,2348,55765,0.8398879866668615
2348,54101,0.9301376034468238,false,2348,54101,0.9301376034468238
2348,64699,0.9554394563022783,false,2348,64699,0.9554394563022783
2348,345079,0.9559011537783451,false,2348,345079,0.9559011537783451
2348,8538,0.8861766838382925,false,2348,8538,0.8861766838382925
2348,25818,0.9739143657190997,false,2348,25818,0.9739143657190997
2348,112802,0.9787666412874456,false,2348,112802,0.9787666412874456
2348,168002,0.9648580385233257,false,2348,168002,0.9648580385233257
2348,5653,0.9775945896290834,false,2348,5653,0.9775945896290834
387895,3352,0.9582702906010703,false,387895,3352,0.9582702906010703
387895,27299,0.9832521639524323,false,387895,27299,0.9832521639524323
387895,50852,0.9777078616981016,false,387895,50852,0.9777078616981016
387895,3502,0.9763265093782132,false,387895,3502,0.9763265093782132
387895,28946,0.9664530961783077,false,387895,28946,0.9664530961783077
387895,6362,0.9874859344124837,false,387895,6362,0.9874859344124837
387895,3512,0.9743240348153388,false,387895,3512,0.9743240348153388
387895,1404,0.9826268690313346,false,387895,1404,0.9826268690313346
387895,3627,0.8282889871131744,false,387895,3627,0.8282889871131744
387895,28809,0.984590919078461,false,387895,28809,0.984590919078461
387895,109729169,0.9784223716719633,false,387895,109729169,0.9784223716719633
3352,27299,0.9692281454633442,false,3352,27299,0.9692281454633442
3352,50852,0.9505399236254365,false,3352,50852,0.9505399236254365
3352,3502,0.9507064763485804,false,3352,3502,0.9507064763485804
3352,28946,0.9347729318158559,false,3352,28946,0.9347729318158559
3352,6362,0.962856566529159,false,3352,6362,0.962856566529159
3352,3512,0.947682662582246,false,3352,3512,0.947682662582246
3352,1404,0.9734845940252911,false,3352,1404,0.9734845940252911
3352,3627,0.8010625665387585,false,3352,3627,0.8010625665387585
3352,28809,0.9732913239404912,false,3352,28809,0.9732913239404912
3352,109729169,0.9706743212590649,false,3352,109729169,0.9706743212590649
27299,50852,0.9932887198958406,false,27299,50852,0.9932887198958406
27299,3502,0.9889822870252034,false,27299,3502,0.9889822870252034
27299,28946,0.9789660138145259,false,27299,28946,0.9789660138145259
27299,6362,0.9947414278327188,false,27299,6362,0.9947414278327188
27299,3512,0.9871864109708921,false,27299,3512,0.9871864109708921
27299,1404,0.992658628747141,false,27299,1404,0.992658628747141
27299,3627,0.8775277817329886,false,27299,3627,0.8775277817329886
27299,28809,0.9967072226814685,false,27299,28809,0.9967072226814685
27299,109729169,0.9910169623639725,false,27299,109729169,0.9910169623639725
81607,55765,0.8218193220164579,false,81607,55765,0.8218193220164579
81607,54101,0.8518779873257109,false,81607,54101,0.8518779873257109
81607,64699,0.9213740663984128,false,81607,64699,0.9213740663984128
81607,345079,0.9506015793431125,false,81607,345079,0.9506015793431125
81607,8538,0.8862862728493226,false,81607,8538,0.8862862728493226
81607,25818,0.9028222378228878,false,81607,25818,0.9028222378228878
81607,112802,0.9086264711139337,false,81607,112802,0.9086264711139337
81607,168002,0.8815848498940027,false,81607,168002,0.8815848498940027
81607,5653,0.9045473101651877,false,81607,5653,0.9045473101651877
347252,55723,0.9484602235151045,false,347252,55723,0.9484602235151045
347252,6690,0.9377602805368916,false,347252,6690,0.9377602805368916
347252,107984129,0.9210885943223391,false,347252,107984129,0.9210885943223391
347252,389336,0.9139901563966475,false,347252,389336,0.9139901563966475
347252,4004,0.8865582409456055,false,347252,4004,0.8865582409456055
347252,81624,0.8565793851741983,false,347252,81624,0.8565793851741983
347252,100288637,0.856922265429684,false,347252,100288637,0.856922265429684
347252,100996301,0.9487544239783259,false,347252,100996301,0.9487544239783259
347252,3670,0.9373393198046973,false,347252,3670,0.9373393198046973
151648,55723,0.8610642550796391,false,151648,55723,0.8610642550796391
151648,6790,0.8430310902486703,false,151648,6790,0.8430310902486703
151648,4004,0.8050973132476278,false,151648,4004,0.8050973132476278
151648,1058,0.8934833214874138,false,151648,1058,0.8934833214874138
151648,81624,0.8750494048881567,false,151648,81624,0.8750494048881567
151648,64151,0.8619070384867428,false,151648,64151,0.8619070384867428
151648,221150,0.8874194278448683,false,151648,221150,0.8874194278448683
151648,100288637,0.8344219246116678,false,151648,100288637,0.8344219246116678
151648,100507118,0.8977758269269465,false,151648,100507118,0.8977758269269465
26289,245972,0.8952363274675786,false,26289,245972,0.8952363274675786
26289,56203,0.8026009159111466,false,26289,56203,0.8026009159111466
26289,29991,0.9833958435746329,false,26289,29991,0.9833958435746329
26289,105371664,0.8475838091587569,false,26289,105371664,0.8475838091587569
26289,80329,0.9048352467209584,false,26289,80329,0.9048352467209584
55765,54101,0.8135329484201914,false,55765,54101,0.8135329484201914
55765,64699,0.9076148121864666,false,55765,64699,0.9076148121864666
55765,345079,0.8382226433687624,false,55765,345079,0.8382226433687624
55765,8538,0.8786392999828555,false,55765,8538,0.8786392999828555
55765,25818,0.8967826230400681,false,55765,25818,0.8967826230400681
55765,112802,0.8795515923554637,false,55765,112802,0.8795515923554637
55765,168002,0.8546078699122617,false,55765,168002,0.8546078699122617
55765,5653,0.8747208801839372,false,55765,5653,0.8747208801839372
50852,3502,0.989969716555541,false,50852,3502,0.989969716555541
50852,28946,0.9832902479998841,false,50852,28946,0.9832902479998841
50852,6362,0.9944812885932814,false,50852,6362,0.9944812885932814
50852,3512,0.9891491210292401,false,50852,3512,0.9891491210292401
50852,1404,0.9817625542579576,false,50852,1404,0.9817625542579576
50852,3627,0.8902359998064683,false,50852,3627,0.8902359998064683
50852,28809,0.9896517385483313,false,50852,28809,0.9896517385483313
50852,109729169,0.9806077301596028,false,50852,109729169,0.9806077301596028
54101,64699,0.9405267319169447,false,54101,64699,0.9405267319169447
54101,345079,0.8948981700290584,false,54101,345079,0.8948981700290584
54101,8538,0.8586628431661546,false,54101,8538,0.8586628431661546
54101,25818,0.9512578919562076,false,54101,25818,0.9512578919562076
54101,112802,0.9579237353633832,false,54101,112802,0.9579237353633832
54101,168002,0.9398012760713336,false,54101,168002,0.9398012760713336
54101,5653,0.9557845431963514,false,54101,5653,0.9557845431963514
55723,6690,0.879094065340125,false,55723,6690,0.879094065340125
55723,107984129,0.9370225809223601,false,55723,107984129,0.9370225809223601
55723,389336,0.8567749387817963,false,55723,389336,0.8567749387817963
55723,4004,0.8817987973459939,false,55723,4004,0.8817987973459939
55723,81624,0.8973076110825874,false,55723,81624,0.8973076110825874
55723,100288637,0.9429511725252685,false,55723,100288637,0.9429511725252685
55723,100507118,0.8439043188810609,false,55723,100507118,0.8439043188810609
55723,100996301,0.911881079695797,false,55723,100996301,0.911881079695797
55723,3670,0.8780428261028963,false,55723,3670,0.8780428261028963
6690,107984129,0.9248851031154732,false,6690,107984129,0.9248851031154732
6690,389336,0.99284700246068,false,6690,389336,0.99284700246068
6690,4004,0.9289859507543868,false,6690,4004,0.9289859507543868
6690,81624,0.8898297999295414,false,6690,81624,0.8898297999295414
6690,100996301,0.9792605894989115,false,6690,100996301,0.9792605894989115
6690,3670,0.9817660822128992,false,6690,3670,0.9817660822128992
3502,28946,0.9980290189641199,false,3502,28946,0.9980290189641199
3502,6362,0.9960229483778297,false,3502,6362,0.9960229483778297
3502,3512,0.9998707639894523,false,3502,3512,0.9998707639894523
3502,1404,0.97737963363855,false,3502,1404,0.97737963363855
3502,3627,0.8689240400329138,false,3502,3627,0.8689240400329138
3502,28809,0.9872085132603988,false,3502,28809,0.9872085132603988
3502,109729169,0.9765371940120171,false,3502,109729169,0.9765371940120171
64699,345079,0.9254962918272309,false,64699,345079,0.9254962918272309
64699,8538,0.9630920225349439,false,64699,8538,0.9630920225349439
64699,25818,0.9826553644291032,false,64699,25818,0.9826553644291032
64699,112802,0.9831073889770976,false,64699,112802,0.9831073889770976
64699,168002,0.9672305859277168,false,64699,168002,0.9672305859277168
64699,5653,0.9815534747872426,false,64699,5653,0.9815534747872426
345079,8538,0.8574026955415277,false,345079,8538,0.8574026955415277
345079,25818,0.9448010034909342,false,345079,25818,0.9448010034909342
345079,112802,0.9452360322842899,false,345079,112802,0.9452360322842899
345079,168002,0.9302091491401911,false,345079,168002,0.9302091491401911
345079,5653,0.943396834678378,false,345079,5653,0.943396834678378
245972,56203,0.8319678443982652,false,245972,56203,0.8319678443982652
245972,29991,0.9429060652730064,false,245972,29991,0.9429060652730064
245972,105371664,0.9205012074631306,false,245972,105371664,0.9205012074631306
245972,80329,0.9676899704599112,false,245972,80329,0.9676899704599112
107984129,389336,0.9133832700512804,false,107984129,389336,0.9133832700512804
107984129,4004,0.8909399210428066,false,107984129,4004,0.8909399210428066
107984129,81624,0.8631714920941365,false,107984129,81624,0.8631714920941365
107984129,100288637,0.8097471394586077,false,107984129,100288637,0.8097471394586077
107984129,100996301,0.9670639114538294,false,107984129,100996301,0.9670639114538294
107984129,3670,0.9492386590000732,false,107984129,3670,0.9492386590000732
6790,1058,0.9152134960712563,false,6790,1058,0.9152134960712563
6790,64151,0.9589393840776198,false,6790,64151,0.9589393840776198
6790,221150,0.897971629306464,false,6790,221150,0.897971629306464
6790,100288637,0.868148647865053,false,6790,100288637,0.868148647865053
6790,100507118,0.8135841228082684,false,6790,100507118,0.8135841228082684
56203,29991,0.8325243628888623,false,56203,29991,0.8325243628888623
56203,105371664,0.8470899236382065,false,56203,105371664,0.8470899236382065
56203,80329,0.8159621416467868,false,56203,80329,0.8159621416467868
8538,25818,0.9139345725097674,false,8538,25818,0.9139345725097674
8538,112802,0.9175684572173705,false,8538,112802,0.9175684572173705
8538,168002,0.898927195646443,false,8538,168002,0.898927195646443
8538,5653,0.9157009949874381,false,8538,5653,0.9157009949874381
389336,4004,0.9054319253505185,false,389336,4004,0.9054319253505185
389336,81624,0.8723706878445664,false,389336,81624,0.8723706878445664
389336,100996301,0.9770772286647795,false,389336,100996301,0.9770772286647795
389336,3670,0.975914127874636,false,389336,3670,0.975914127874636
25818,112802,0.9972411696282835,false,25818,112802,0.9972411696282835
25818,168002,0.9901406014481752,false,25818,168002,0.9901406014481752
25818,5653,0.9970396281502018,false,25818,5653,0.9970396281502018
29991,105371664,0.8857372575179543,false,29991,105371664,0.8857372575179543
29991,80329,0.9246667841161322,false,29991,80329,0.9246667841161322
4004,81624,0.9586359556693839,false,4004,81624,0.9586359556693839
4004,100288637,0.8289874232867519,false,4004,100288637,0.8289874232867519
4004,100996301,0.9256877022844501,false,4004,100996301,0.9256877022844501
4004,3670,0.9276541122583614,false,4004,3670,0.9276541122583614
105371664,80329,0.9164892369668086,false,105371664,80329,0.9164892369668086
112802,168002,0.9903365953047761,false,112802,168002,0.9903365953047761
112802,5653,0.9998268391926571,false,112802,5653,0.9998268391926571
28946,6362,0.9892881589619007,false,28946,6362,0.9892881589619007
28946,3512,0.998797104417989,false,28946,3512,0.998797104417989
28946,1404,0.9626676252670212,false,28946,1404,0.9626676252670212
28946,3627,0.8702594485250911,false,28946,3627,0.8702594485250911
28946,28809,0.9752767318930705,false,28946,28809,0.9752767318930705
28946,109729169,0.9618160936830881,false,28946,109729169,0.9618160936830881
1058,81624,0.8453910668629641,false,1058,81624,0.8453910668629641
1058,64151,0.9104013980609658,false,1058,64151,0.9104013980609658
1058,221150,0.9179592787990591,false,1058,221150,0.9179592787990591
1058,100288637,0.8179843911775901,false,1058,100288637,0.8179843911775901
1058,100507118,0.8263205385336814,false,1058,100507118,0.8263205385336814
6362,3512,0.9949255191669405,false,6362,3512,0.9949255191669405
6362,1404,0.9887463038122667,false,6362,1404,0.9887463038122667
6362,3627,0.858040332859192,false,6362,3627,0.858040332859192
6362,28809,0.9956418400132573,false,6362,28809,0.9956418400132573
6362,109729169,0.9878535471777011,false,6362,109729169,0.9878535471777011
81624,221150,0.8035290963406935,false,81624,221150,0.8035290963406935
81624,100288637,0.8952099077335335,false,81624,100288637,0.8952099077335335
81624,100507118,0.8468977227413297,false,81624,100507118,0.8468977227413297
81624,100996301,0.8849205483074738,false,81624,100996301,0.8849205483074738
81624,3670,0.8852686006939794,false,81624,3670,0.8852686006939794
64151,221150,0.9408219200942014,false,64151,221150,0.9408219200942014
64151,100288637,0.8337437945769107,false,64151,100288637,0.8337437945769107
64151,100507118,0.8610342969133358,false,64151,100507118,0.8610342969133358
3512,1404,0.9744044612210958,false,3512,1404,0.9744044612210958
3512,3627,0.8704793513500075,false,3512,3627,0.8704793513500075
3512,28809,0.9847847798005223,false,3512,28809,0.9847847798005223
3512,109729169,0.9733766239101426,false,3512,109729169,0.9733766239101426
1404,3627,0.8392786250066367,false,1404,3627,0.8392786250066367
1404,28809,0.9971371488047075,false,1404,28809,0.9971371488047075
1404,109729169,0.9946681026895157,false,1404,109729169,0.9946681026895157
221150,100288637,0.8315774122469413,false,221150,100288637,0.8315774122469413
221150,100507118,0.8869371939166298,false,221150,100507118,0.8869371939166298
168002,5653,0.9918180709653714,false,168002,5653,0.9918180709653714
100288637,100507118,0.8935966855939211,false,100288637,100507118,0.8935966855939211
100288637,100996301,0.8109785026218355,false,100288637,100996301,0.8109785026218355
100996301,3670,0.9915929256213503,false,100996301,3670,0.9915929256213503
3627,28809,0.849486041913865,false,3627,28809,0.849486041913865
3627,109729169,0.8321465629671977,false,3627,109729169,0.8321465629671977
28809,109729169,0.9965019360328269,false,28809,109729169,0.9965019360328269
