Interaction,name,Pearson,selected,shared interaction,shared name,Weight
51361,970,0.915263536107079,false,51361,970,0.915263536107079
51361,105374166,0.9011386805649118,false,51361,105374166,0.9011386805649118
51361,100289137,0.9569691491902118,false,51361,100289137,0.9569691491902118
51361,158228,0.9993470036334421,false,51361,158228,0.9993470036334421
51361,100506411,0.9901442371445618,false,51361,100506411,0.9901442371445618
51361,2277,0.9556151289443343,false,51361,2277,0.9556151289443343
51361,653149,0.7961564441955471,false,51361,653149,0.7961564441955471
51361,81849,0.8854149736086762,false,51361,81849,0.8854149736086762
51361,107985492,0.9082499196078694,false,51361,107985492,0.9082499196078694
51361,3135,0.7980194153672472,false,51361,3135,0.7980194153672472
51361,112268037,0.9397226515405943,false,51361,112268037,0.9397226515405943
51361,6495,0.9732816600355864,false,51361,6495,0.9732816600355864
51361,3352,0.8635795745561267,false,51361,3352,0.8635795745561267
51361,79056,0.9253517005414423,false,51361,79056,0.9253517005414423
51361,54101,0.9984585717327754,false,51361,54101,0.9984585717327754
51361,143662,0.9955513373434624,false,51361,143662,0.9955513373434624
51361,23286,0.9803114977971062,false,51361,23286,0.9803114977971062
51361,245972,0.866676776340591,false,51361,245972,0.866676776340591
51361,340273,0.9993179652748938,false,51361,340273,0.9993179652748938
51361,101927355,0.9543483844192616,false,51361,101927355,0.9543483844192616
51361,253650,0.9357193474059384,false,51361,253650,0.9357193474059384
51361,654499,0.9993243621817895,false,51361,654499,0.9993243621817895
51361,100996301,0.9249541515279728,false,51361,100996301,0.9249541515279728
51361,9355,0.9993470036334424,false,51361,9355,0.9993470036334424
100652791,100505994,0.857232403887364,false,100652791,100505994,0.857232403887364
100652791,4496,1.0,false,100652791,4496,1.0
100652791,646024,1.0,false,100652791,646024,1.0
100652791,860,0.8839528006171038,false,100652791,860,0.8839528006171038
100652791,55655,0.9179039316138861,false,100652791,55655,0.9179039316138861
100652791,5101,0.8067068114148276,false,100652791,5101,0.8067068114148276
100652791,56300,1.0,false,100652791,56300,1.0
100652791,374946,0.7708313543181917,false,100652791,374946,0.7708313543181917
100652791,731220,0.8549820624616572,false,100652791,731220,0.8549820624616572
100652791,3053,0.9007100461140054,false,100652791,3053,0.9007100461140054
100652791,3229,0.9834109734318259,false,100652791,3229,0.9834109734318259
100652791,387895,0.9714635662802659,false,100652791,387895,0.9714635662802659
100652791,115701,0.8767474209925981,false,100652791,115701,0.8767474209925981
100652791,11075,0.8376997561332109,false,100652791,11075,0.8376997561332109
100652791,105377508,0.9180571963797459,false,100652791,105377508,0.9180571963797459
100652791,5798,0.7503205065353249,false,100652791,5798,0.7503205065353249
100652791,1301,0.7576286134164982,false,100652791,1301,0.7576286134164982
100652791,2250,0.8106986710368108,false,100652791,2250,0.8106986710368108
100652791,84561,0.8289969768969078,false,100652791,84561,0.8289969768969078
100652791,122042,0.8486981433857994,false,100652791,122042,0.8486981433857994
100652791,284958,0.8617836187884773,false,100652791,284958,0.8617836187884773
100652791,105376041,1.0,false,100652791,105376041,1.0
100652791,9956,0.799786888666837,false,100652791,9956,0.799786888666837
100652791,647309,0.7506327876303198,false,100652791,647309,0.7506327876303198
100652791,554202,0.9420985896215013,false,100652791,554202,0.9420985896215013
100652791,105372950,0.8568249007135635,false,100652791,105372950,0.8568249007135635
100652791,80329,0.8047996920971664,false,100652791,80329,0.8047996920971664
100652791,109729169,0.8493027699317703,false,100652791,109729169,0.8493027699317703
79801,55355,0.8425495169920763,false,79801,55355,0.8425495169920763
79801,259266,0.929628036260982,false,79801,259266,0.929628036260982
79801,9133,0.8475638776065507,false,79801,9133,0.8475638776065507
79801,113130,0.7705172134677966,false,79801,113130,0.7705172134677966
79801,4288,0.8187815911009633,false,79801,4288,0.8187815911009633
79801,57082,0.7764603161405852,false,79801,57082,0.7764603161405852
79801,6241,0.8607094438413543,false,79801,6241,0.8607094438413543
79801,9787,0.905915694524063,false,79801,9787,0.905915694524063
79801,9212,0.7756492080338477,false,79801,9212,0.7756492080338477
79801,1063,0.8781755754140433,false,79801,1063,0.8781755754140433
79801,128239,0.8084477040666407,false,79801,128239,0.8084477040666407
79801,146909,0.858137622821867,false,79801,146909,0.858137622821867
79801,11004,0.776044839507036,false,79801,11004,0.776044839507036
79801,64151,0.7995805178107738,false,79801,64151,0.7995805178107738
79801,9232,0.8315313785221029,false,79801,9232,0.8315313785221029
79801,100507118,0.8602980155679023,false,79801,100507118,0.8602980155679023
79801,991,0.8209470157184021,false,79801,991,0.8209470157184021
1995,10265,0.8304456509962721,false,1995,10265,0.8304456509962721
1995,109729184,0.9190446848200333,false,1995,109729184,0.9190446848200333
1995,89886,0.9656369216395208,false,1995,89886,0.9656369216395208
1995,7477,0.8016212184667362,false,1995,7477,0.8016212184667362
1995,344,0.7823761559157374,false,1995,344,0.7823761559157374
1995,4318,0.8960791331212852,false,1995,4318,0.8960791331212852
1995,79191,0.8963911779626129,false,1995,79191,0.8963911779626129
1995,574029,0.8517050955242425,false,1995,574029,0.8517050955242425
1995,100379220,0.8159737267638747,false,1995,100379220,0.8159737267638747
1995,105378305,0.8985561599589084,false,1995,105378305,0.8985561599589084
1995,107984129,0.9170360507284794,false,1995,107984129,0.9170360507284794
1995,107986951,0.8631333949343113,false,1995,107986951,0.8631333949343113
1995,168002,0.9444972646642668,false,1995,168002,0.9444972646642668
144455,2625,0.7660235120417621,false,144455,2625,0.7660235120417621
144455,4001,0.9147431028376006,false,144455,4001,0.9147431028376006
144455,3604,0.7873762665451703,false,144455,3604,0.7873762665451703
144455,55247,0.8283054369449622,false,144455,55247,0.8283054369449622
144455,387978,0.8116129505056611,false,144455,387978,0.8116129505056611
144455,27299,0.8238161104933089,false,144455,27299,0.8238161104933089
144455,6664,0.8080225604860855,false,144455,6664,0.8080225604860855
144455,101060400,0.8165254409780112,false,144455,101060400,0.8165254409780112
144455,9928,0.8033172041807181,false,144455,9928,0.8033172041807181
144455,4547,0.7888669040380331,false,144455,4547,0.7888669040380331
79733,5354,0.7728644338230871,false,79733,5354,0.7728644338230871
79733,9955,0.7775772910000672,false,79733,9955,0.7775772910000672
79733,186,0.7945917352838892,false,79733,186,0.7945917352838892
79733,27178,0.8698442226023838,false,79733,27178,0.8698442226023838
79733,285643,0.8698442226023838,false,79733,285643,0.8698442226023838
2625,105372115,0.9424746119083341,false,2625,105372115,0.9424746119083341
2625,4001,0.7749802627345488,false,2625,4001,0.7749802627345488
2625,3604,0.9129402786527594,false,2625,3604,0.9129402786527594
2625,56992,0.7593296489690072,false,2625,56992,0.7593296489690072
2625,387978,0.966915623115085,false,2625,387978,0.966915623115085
2625,27299,0.9369517517759065,false,2625,27299,0.9369517517759065
2625,5083,0.8663480322800355,false,2625,5083,0.8663480322800355
2625,6664,0.9800683533172232,false,2625,6664,0.9800683533172232
2625,101060400,0.9807313738722043,false,2625,101060400,0.9807313738722043
2625,4547,0.8805187205864827,false,2625,4547,0.8805187205864827
10265,109729184,0.7996248205112204,false,10265,109729184,0.7996248205112204
10265,89886,0.8077185310666853,false,10265,89886,0.8077185310666853
10265,4318,0.7695327528475251,false,10265,4318,0.7695327528475251
10265,79191,0.8219545427117934,false,10265,79191,0.8219545427117934
10265,574029,0.8127477192792433,false,10265,574029,0.8127477192792433
10265,107984129,0.812252171708457,false,10265,107984129,0.812252171708457
10265,168002,0.789366542856453,false,10265,168002,0.789366542856453
55355,259266,0.9093802368549934,false,55355,259266,0.9093802368549934
55355,9133,0.8632429086898435,false,55355,9133,0.8632429086898435
55355,113130,0.8765330941818488,false,55355,113130,0.8765330941818488
55355,4288,0.8532318040987686,false,55355,4288,0.8532318040987686
55355,57082,0.7784706508912222,false,55355,57082,0.7784706508912222
55355,56992,0.7954773026818045,false,55355,56992,0.7954773026818045
55355,55247,0.8159594118547769,false,55355,55247,0.8159594118547769
55355,6241,0.921828497976492,false,55355,6241,0.921828497976492
55355,9787,0.9386467882613624,false,55355,9787,0.9386467882613624
55355,9212,0.9050186879876122,false,55355,9212,0.9050186879876122
55355,1063,0.903691318480464,false,55355,1063,0.903691318480464
55355,128239,0.8812590195879182,false,55355,128239,0.8812590195879182
55355,146909,0.883958044356831,false,55355,146909,0.883958044356831
55355,11004,0.8463932645484155,false,55355,11004,0.8463932645484155
55355,64151,0.8691384626105638,false,55355,64151,0.8691384626105638
55355,9232,0.8092288186945332,false,55355,9232,0.8092288186945332
55355,100507118,0.9024092450529657,false,55355,100507118,0.9024092450529657
55355,991,0.8737483640681957,false,55355,991,0.8737483640681957
259266,9133,0.9227786857180209,false,259266,9133,0.9227786857180209
259266,113130,0.9058026217215601,false,259266,113130,0.9058026217215601
259266,4288,0.917025967760423,false,259266,4288,0.917025967760423
259266,57082,0.7707863962878466,false,259266,57082,0.7707863962878466
259266,6241,0.8845727429208711,false,259266,6241,0.8845727429208711
259266,9787,0.9445744625567362,false,259266,9787,0.9445744625567362
259266,9212,0.8862580457114664,false,259266,9212,0.8862580457114664
259266,1063,0.9379540435213087,false,259266,1063,0.9379540435213087
259266,128239,0.8640164009060094,false,259266,128239,0.8640164009060094
259266,146909,0.9082786918810912,false,259266,146909,0.9082786918810912
259266,11004,0.8506052762003634,false,259266,11004,0.8506052762003634
259266,64151,0.8303835282314306,false,259266,64151,0.8303835282314306
259266,9232,0.9237777826767904,false,259266,9232,0.9237777826767904
259266,100507118,0.8498973776444267,false,259266,100507118,0.8498973776444267
259266,991,0.920060570622593,false,259266,991,0.920060570622593
100505994,4496,0.8572324038873641,false,100505994,4496,0.8572324038873641
100505994,646024,0.8572324038873641,false,100505994,646024,0.8572324038873641
100505994,860,0.8253703777283152,false,100505994,860,0.8253703777283152
100505994,55655,0.7720576541983548,false,100505994,55655,0.7720576541983548
100505994,5101,0.9189176352241565,false,100505994,5101,0.9189176352241565
100505994,56300,0.8572324038873641,false,100505994,56300,0.8572324038873641
100505994,107985492,0.7739136348975938,false,100505994,107985492,0.7739136348975938
100505994,731220,0.8590054695039543,false,100505994,731220,0.8590054695039543
100505994,3229,0.8258522771719117,false,100505994,3229,0.8258522771719117
100505994,105375690,0.8703149622619001,false,100505994,105375690,0.8703149622619001
100505994,387895,0.8401430678634629,false,100505994,387895,0.8401430678634629
100505994,105377508,0.7549047451541933,false,100505994,105377508,0.7549047451541933
100505994,1301,0.8828846694729287,false,100505994,1301,0.8828846694729287
100505994,105376041,0.8572324038873641,false,100505994,105376041,0.8572324038873641
100505994,9956,0.8016471502597498,false,100505994,9956,0.8016471502597498
100505994,554202,0.9649174988641077,false,100505994,554202,0.9649174988641077
100505994,80329,0.9288444251964744,false,100505994,80329,0.9288444251964744
729442,941,0.7506131668160338,false,729442,941,0.7506131668160338
729442,1295,0.8111337933909879,false,729442,1295,0.8111337933909879
729442,354,0.8781900563483316,false,729442,354,0.8781900563483316
729442,101927750,1.0,false,729442,101927750,1.0
729442,5650,0.987138804483301,false,729442,5650,0.987138804483301
729442,2019,0.9231125966066962,false,729442,2019,0.9231125966066962
729442,145873,0.8856067852953233,false,729442,145873,0.8856067852953233
729442,285987,1.0,false,729442,285987,1.0
729442,55765,0.7617467714789395,false,729442,55765,0.7617467714789395
729442,3502,0.9270280777631041,false,729442,3502,0.9270280777631041
729442,389336,0.910714999543313,false,729442,389336,0.910714999543313
729442,4004,0.9974571473664375,false,729442,4004,0.9974571473664375
729442,4973,0.9149124542025606,false,729442,4973,0.9149124542025606
729442,5653,0.9833590082248831,false,729442,5653,0.9833590082248831
100048912,347252,0.757778173870821,false,100048912,347252,0.757778173870821
100048912,1301,0.7844934102110229,false,100048912,1301,0.7844934102110229
970,105374166,0.8895170686056502,false,970,105374166,0.8895170686056502
970,100289137,0.8709865701717026,false,970,100289137,0.8709865701717026
970,158228,0.9091142916229257,false,970,158228,0.9091142916229257
970,100506411,0.8826714043844587,false,970,100506411,0.8826714043844587
970,2277,0.8567714085418783,false,970,2277,0.8567714085418783
970,81849,0.8023984132669114,false,970,81849,0.8023984132669114
970,107985492,0.7832522242230682,false,970,107985492,0.7832522242230682
970,3135,0.7769128536943496,false,970,3135,0.7769128536943496
970,112268037,0.8121798584912592,false,970,112268037,0.8121798584912592
970,6495,0.9121213636202008,false,970,6495,0.9121213636202008
970,3352,0.7849546119990267,false,970,3352,0.7849546119990267
970,79056,0.8528921720892249,false,970,79056,0.8528921720892249
970,54101,0.9083868326784043,false,970,54101,0.9083868326784043
970,143662,0.9092712874626864,false,970,143662,0.9092712874626864
970,23286,0.8911147042944577,false,970,23286,0.8911147042944577
970,245972,0.8453664911843249,false,970,245972,0.8453664911843249
970,340273,0.9078710738417113,false,970,340273,0.9078710738417113
970,101927355,0.8292503971087096,false,970,101927355,0.8292503971087096
970,253650,0.8174732092551549,false,970,253650,0.8174732092551549
970,654499,0.908230947296017,false,970,654499,0.908230947296017
970,100996301,0.8235965461947787,false,970,100996301,0.8235965461947787
970,9355,0.9091142916229261,false,970,9355,0.9091142916229261
6534,860,0.7717623516586574,false,6534,860,0.7717623516586574
6534,109729184,0.779730293084782,false,6534,109729184,0.779730293084782
6534,63898,0.8883713454533302,false,6534,63898,0.8883713454533302
6534,374946,0.8699221420118012,false,6534,374946,0.8699221420118012
6534,344,0.7874017955984237,false,6534,344,0.7874017955984237
6534,4318,0.7763240331566633,false,6534,4318,0.7763240331566633
6534,100533990,0.7971977900540785,false,6534,100533990,0.7971977900540785
6534,5798,0.8670808056982259,false,6534,5798,0.8670808056982259
6534,105378305,0.8277052562469996,false,6534,105378305,0.8277052562469996
6534,109729169,0.8816358378884751,false,6534,109729169,0.8816358378884751
105374166,100289137,0.8508719171160481,false,105374166,100289137,0.8508719171160481
105374166,158228,0.9010031806208445,false,105374166,158228,0.9010031806208445
105374166,100506411,0.9008551511117168,false,105374166,100506411,0.9008551511117168
105374166,2277,0.8253330899569653,false,105374166,2277,0.8253330899569653
105374166,653149,0.7906994119771904,false,105374166,653149,0.7906994119771904
105374166,81849,0.8303330300016926,false,105374166,81849,0.8303330300016926
105374166,107985492,0.8405194985284886,false,105374166,107985492,0.8405194985284886
105374166,3135,0.8737259827225086,false,105374166,3135,0.8737259827225086
105374166,112268037,0.9065946869959136,false,105374166,112268037,0.9065946869959136
105374166,6495,0.8630996662236655,false,105374166,6495,0.8630996662236655
105374166,79056,0.9366932361213635,false,105374166,79056,0.9366932361213635
105374166,54101,0.8927861937699217,false,105374166,54101,0.8927861937699217
105374166,143662,0.9154684625973871,false,105374166,143662,0.9154684625973871
105374166,23286,0.8690931636475762,false,105374166,23286,0.8690931636475762
105374166,340273,0.9009609036519075,false,105374166,340273,0.9009609036519075
105374166,101927355,0.8414075330251473,false,105374166,101927355,0.8414075330251473
105374166,253650,0.8788403113709253,false,105374166,253650,0.8788403113709253
105374166,654499,0.9005656018429472,false,105374166,654499,0.9005656018429472
105374166,100996301,0.8398205175212392,false,105374166,100996301,0.8398205175212392
105374166,9355,0.9010031806208438,false,105374166,9355,0.9010031806208438
4496,646024,0.9999999999999999,false,4496,646024,0.9999999999999999
4496,860,0.8839528006171038,false,4496,860,0.8839528006171038
4496,55655,0.9179039316138858,false,4496,55655,0.9179039316138858
4496,5101,0.8067068114148276,false,4496,5101,0.8067068114148276
4496,56300,1.0,false,4496,56300,1.0
4496,374946,0.7708313543181916,false,4496,374946,0.7708313543181916
4496,731220,0.8549820624616571,false,4496,731220,0.8549820624616571
4496,3053,0.9007100461140053,false,4496,3053,0.9007100461140053
4496,3229,0.9834109734318259,false,4496,3229,0.9834109734318259
4496,387895,0.9714635662802656,false,4496,387895,0.9714635662802656
4496,115701,0.8767474209925981,false,4496,115701,0.8767474209925981
4496,11075,0.8376997561332109,false,4496,11075,0.8376997561332109
4496,105377508,0.918057196379746,false,4496,105377508,0.918057196379746
4496,5798,0.7503205065353248,false,4496,5798,0.7503205065353248
4496,1301,0.7576286134164982,false,4496,1301,0.7576286134164982
4496,2250,0.8106986710368109,false,4496,2250,0.8106986710368109
4496,84561,0.8289969768969078,false,4496,84561,0.8289969768969078
4496,122042,0.8486981433857994,false,4496,122042,0.8486981433857994
4496,284958,0.8617836187884772,false,4496,284958,0.8617836187884772
4496,105376041,1.0,false,4496,105376041,1.0
4496,9956,0.7997868886668369,false,4496,9956,0.7997868886668369
4496,647309,0.7506327876303198,false,4496,647309,0.7506327876303198
4496,554202,0.9420985896215013,false,4496,554202,0.9420985896215013
4496,105372950,0.8568249007135635,false,4496,105372950,0.8568249007135635
4496,80329,0.8047996920971664,false,4496,80329,0.8047996920971664
4496,109729169,0.8493027699317706,false,4496,109729169,0.8493027699317706
646024,860,0.8839528006171038,false,646024,860,0.8839528006171038
646024,55655,0.9179039316138858,false,646024,55655,0.9179039316138858
646024,5101,0.8067068114148276,false,646024,5101,0.8067068114148276
646024,56300,1.0,false,646024,56300,1.0
646024,374946,0.7708313543181916,false,646024,374946,0.7708313543181916
646024,731220,0.8549820624616571,false,646024,731220,0.8549820624616571
646024,3053,0.9007100461140053,false,646024,3053,0.9007100461140053
646024,3229,0.9834109734318259,false,646024,3229,0.9834109734318259
646024,387895,0.9714635662802656,false,646024,387895,0.9714635662802656
646024,115701,0.8767474209925981,false,646024,115701,0.8767474209925981
646024,11075,0.8376997561332109,false,646024,11075,0.8376997561332109
646024,105377508,0.918057196379746,false,646024,105377508,0.918057196379746
646024,5798,0.7503205065353248,false,646024,5798,0.7503205065353248
646024,1301,0.7576286134164982,false,646024,1301,0.7576286134164982
646024,2250,0.8106986710368109,false,646024,2250,0.8106986710368109
646024,84561,0.8289969768969078,false,646024,84561,0.8289969768969078
646024,122042,0.8486981433857994,false,646024,122042,0.8486981433857994
646024,284958,0.8617836187884772,false,646024,284958,0.8617836187884772
646024,105376041,1.0,false,646024,105376041,1.0
646024,9956,0.7997868886668369,false,646024,9956,0.7997868886668369
646024,647309,0.7506327876303198,false,646024,647309,0.7506327876303198
646024,554202,0.9420985896215013,false,646024,554202,0.9420985896215013
646024,105372950,0.8568249007135635,false,646024,105372950,0.8568249007135635
646024,80329,0.8047996920971664,false,646024,80329,0.8047996920971664
646024,109729169,0.8493027699317706,false,646024,109729169,0.8493027699317706
100289137,158228,0.9602201821357056,false,100289137,158228,0.9602201821357056
100289137,100506411,0.9630099449807001,false,100289137,100506411,0.9630099449807001
100289137,2277,0.9673844561480166,false,100289137,2277,0.9673844561480166
100289137,81849,0.8771734562156308,false,100289137,81849,0.8771734562156308
100289137,107985492,0.8568251465238659,false,100289137,107985492,0.8568251465238659
100289137,112268037,0.8921352151558074,false,100289137,112268037,0.8921352151558074
100289137,6495,0.9183331801574449,false,100289137,6495,0.9183331801574449
100289137,3352,0.8079150178919656,false,100289137,3352,0.8079150178919656
100289137,79056,0.850851813940849,false,100289137,79056,0.850851813940849
100289137,54101,0.9577558523257603,false,100289137,54101,0.9577558523257603
100289137,143662,0.9607245293033463,false,100289137,143662,0.9607245293033463
100289137,23286,0.9475544578699816,false,100289137,23286,0.9475544578699816
100289137,245972,0.7996721357354946,false,100289137,245972,0.7996721357354946
100289137,340273,0.9603495966479796,false,100289137,340273,0.9603495966479796
100289137,101927355,0.8878552681717902,false,100289137,101927355,0.8878552681717902
100289137,253650,0.8930504580111557,false,100289137,253650,0.8930504580111557
100289137,654499,0.9606763062528988,false,100289137,654499,0.9606763062528988
100289137,100996301,0.8731121129350604,false,100289137,100996301,0.8731121129350604
100289137,9355,0.9602201821357057,false,100289137,9355,0.9602201821357057
941,1295,0.8584709865430366,false,941,1295,0.8584709865430366
941,101927750,0.750613166816034,false,941,101927750,0.750613166816034
941,115019,0.750980784949754,false,941,115019,0.750980784949754
941,2019,0.8143396983327676,false,941,2019,0.8143396983327676
941,80328,0.8368292693740013,false,941,80328,0.8368292693740013
941,145873,0.7823685684807552,false,941,145873,0.7823685684807552
941,285987,0.750613166816034,false,941,285987,0.750613166816034
941,55057,0.879701700600894,false,941,55057,0.879701700600894
941,55765,0.7707775279448287,false,941,55765,0.7707775279448287
941,4004,0.7643802318804633,false,941,4004,0.7643802318804633
941,4973,0.8509514640753987,false,941,4973,0.8509514640753987
941,5653,0.754715992032821,false,941,5653,0.754715992032821
9133,113130,0.8975812958688626,false,9133,113130,0.8975812958688626
9133,4288,0.892599989959591,false,9133,4288,0.892599989959591
9133,6241,0.8134870476173176,false,9133,6241,0.8134870476173176
9133,9787,0.8997489809573712,false,9133,9787,0.8997489809573712
9133,9212,0.9350690701964958,false,9133,9212,0.9350690701964958
9133,1063,0.836308496513197,false,9133,1063,0.836308496513197
9133,128239,0.9144763217349877,false,9133,128239,0.9144763217349877
9133,146909,0.8819566573863755,false,9133,146909,0.8819566573863755
9133,11004,0.8809511346854167,false,9133,11004,0.8809511346854167
9133,9232,0.9348705439521063,false,9133,9232,0.9348705439521063
9133,100507118,0.7820722894948856,false,9133,100507118,0.7820722894948856
9133,991,0.9529511908133652,false,9133,991,0.9529511908133652
105372115,57082,0.7623184072649163,false,105372115,57082,0.7623184072649163
105372115,4001,0.7764227762623601,false,105372115,4001,0.7764227762623601
105372115,3604,0.8691448593068135,false,105372115,3604,0.8691448593068135
105372115,56992,0.8662609477363291,false,105372115,56992,0.8662609477363291
105372115,55247,0.7566228415848616,false,105372115,55247,0.7566228415848616
105372115,387978,0.9126305966357867,false,105372115,387978,0.9126305966357867
105372115,27299,0.8728356451476608,false,105372115,27299,0.8728356451476608
105372115,5083,0.7811173633779763,false,105372115,5083,0.7811173633779763
105372115,6664,0.9300980680774465,false,105372115,6664,0.9300980680774465
105372115,101060400,0.9283118468595691,false,105372115,101060400,0.9283118468595691
105372115,4547,0.8415077397284929,false,105372115,4547,0.8415077397284929
105372115,64151,0.7900211123952903,false,105372115,64151,0.7900211123952903
1295,101927750,0.8111337933909879,false,1295,101927750,0.8111337933909879
1295,5650,0.8212281089839015,false,1295,5650,0.8212281089839015
1295,2019,0.8625487226269657,false,1295,2019,0.8625487226269657
1295,145873,0.8753193024237899,false,1295,145873,0.8753193024237899
1295,285987,0.8111337933909879,false,1295,285987,0.8111337933909879
1295,55057,0.7985533755347813,false,1295,55057,0.7985533755347813
1295,55765,0.7975038638611317,false,1295,55765,0.7975038638611317
1295,389336,0.8113155053594316,false,1295,389336,0.8113155053594316
1295,4004,0.8178420855618614,false,1295,4004,0.8178420855618614
1295,4973,0.7780004401228596,false,1295,4973,0.7780004401228596
1295,5653,0.778378753892095,false,1295,5653,0.778378753892095
860,55655,0.8474652879450634,false,860,55655,0.8474652879450634
860,5101,0.8396807516730846,false,860,5101,0.8396807516730846
860,56300,0.8839528006171037,false,860,56300,0.8839528006171037
860,374946,0.8799856835973955,false,860,374946,0.8799856835973955
860,344,0.759010620840228,false,860,344,0.759010620840228
860,731220,0.8317287541109583,false,860,731220,0.8317287541109583
860,3053,0.7899160847500164,false,860,3053,0.7899160847500164
860,3229,0.8635902208851258,false,860,3229,0.8635902208851258
860,100533990,0.8160955927043517,false,860,100533990,0.8160955927043517
860,387895,0.8902299392739381,false,860,387895,0.8902299392739381
860,11075,0.8622490825386789,false,860,11075,0.8622490825386789
860,105377508,0.7837233107646635,false,860,105377508,0.7837233107646635
860,5798,0.8897208991232209,false,860,5798,0.8897208991232209
860,2250,0.8355093868363848,false,860,2250,0.8355093868363848
860,122042,0.7913825624204953,false,860,122042,0.7913825624204953
860,105376041,0.8839528006171037,false,860,105376041,0.8839528006171037
860,9956,0.786201358316526,false,860,9956,0.786201358316526
860,647309,0.8203487473239152,false,860,647309,0.8203487473239152
860,554202,0.8564688718517924,false,860,554202,0.8564688718517924
860,109729169,0.9227748699875526,false,860,109729169,0.9227748699875526
354,101927750,0.8781900563483316,false,354,101927750,0.8781900563483316
354,5650,0.8947138891150473,false,354,5650,0.8947138891150473
354,2019,0.7975047159375096,false,354,2019,0.7975047159375096
354,145873,0.8347297768947765,false,354,145873,0.8347297768947765
354,285987,0.8781900563483316,false,354,285987,0.8781900563483316
354,3502,0.9282187065810446,false,354,3502,0.9282187065810446
354,345079,0.8137476105035417,false,354,345079,0.8137476105035417
354,389336,0.8906002086632049,false,354,389336,0.8906002086632049
354,4004,0.8667516421946205,false,354,4004,0.8667516421946205
354,4973,0.7853860032256471,false,354,4973,0.7853860032256471
354,5653,0.8669988206867173,false,354,5653,0.8669988206867173
109729184,89886,0.9122256799031291,false,109729184,89886,0.9122256799031291
109729184,63898,0.8769536638486652,false,109729184,63898,0.8769536638486652
109729184,374946,0.8088115165863347,false,109729184,374946,0.8088115165863347
109729184,7477,0.9096590119085487,false,109729184,7477,0.9096590119085487
109729184,344,0.8964952530847594,false,109729184,344,0.8964952530847594
109729184,4318,0.992886620787176,false,109729184,4318,0.992886620787176
109729184,79191,0.9208053320220982,false,109729184,79191,0.9208053320220982
109729184,574029,0.8330392829119657,false,109729184,574029,0.8330392829119657
109729184,100533990,0.8564472767652774,false,109729184,100533990,0.8564472767652774
109729184,101928658,0.8749239558649718,false,109729184,101928658,0.8749239558649718
109729184,5798,0.8690429321566029,false,109729184,5798,0.8690429321566029
109729184,105378305,0.9071242699969233,false,109729184,105378305,0.9071242699969233
109729184,107984129,0.875402697315498,false,109729184,107984129,0.875402697315498
109729184,107986951,0.8986711529137741,false,109729184,107986951,0.8986711529137741
109729184,168002,0.9767235795552526,false,109729184,168002,0.9767235795552526
109729184,9076,0.7855251043996432,false,109729184,9076,0.7855251043996432
109729184,109729169,0.7764424327782592,false,109729184,109729169,0.7764424327782592
55655,56300,0.9179039316138861,false,55655,56300,0.9179039316138861
55655,731220,0.8267365777818853,false,55655,731220,0.8267365777818853
55655,3053,0.8228901561769454,false,55655,3053,0.8228901561769454
55655,84419,0.7901520432876116,false,55655,84419,0.7901520432876116
55655,3229,0.9372908955964041,false,55655,3229,0.9372908955964041
55655,387895,0.8598418435381006,false,55655,387895,0.8598418435381006
55655,115701,0.8942719571603587,false,55655,115701,0.8942719571603587
55655,11075,0.8127352507219456,false,55655,11075,0.8127352507219456
55655,105377508,0.833927190206172,false,55655,105377508,0.833927190206172
55655,1301,0.7704609933433603,false,55655,1301,0.7704609933433603
55655,2250,0.7952692879417399,false,55655,2250,0.7952692879417399
55655,84561,0.7893023337555378,false,55655,84561,0.7893023337555378
55655,122042,0.8247647700344106,false,55655,122042,0.8247647700344106
55655,284958,0.8250876574927777,false,55655,284958,0.8250876574927777
55655,105376041,0.9179039316138861,false,55655,105376041,0.9179039316138861
55655,554202,0.8663449972181146,false,55655,554202,0.8663449972181146
55655,105372950,0.7856702663463284,false,55655,105372950,0.7856702663463284
55655,109729169,0.8113194396576056,false,55655,109729169,0.8113194396576056
158228,100506411,0.9916020188789941,false,158228,100506411,0.9916020188789941
158228,2277,0.9572263475390964,false,158228,2277,0.9572263475390964
158228,653149,0.8007109227047009,false,158228,653149,0.8007109227047009
158228,81849,0.8885557782302331,false,158228,81849,0.8885557782302331
158228,107985492,0.9126515600934099,false,158228,107985492,0.9126515600934099
158228,3135,0.7974453493494996,false,158228,3135,0.7974453493494996
158228,112268037,0.9448622856640642,false,158228,112268037,0.9448622856640642
158228,6495,0.9750208097983459,false,158228,6495,0.9750208097983459
158228,3352,0.8604095983492241,false,158228,3352,0.8604095983492241
158228,79056,0.9260626007252756,false,158228,79056,0.9260626007252756
158228,54101,0.9984314912119835,false,158228,54101,0.9984314912119835
158228,143662,0.9957866466097212,false,158228,143662,0.9957866466097212
158228,23286,0.9804267246658644,false,158228,23286,0.9804267246658644
158228,245972,0.856894314892355,false,158228,245972,0.856894314892355
158228,340273,0.9999863715142799,false,158228,340273,0.9999863715142799
158228,101927355,0.9530642355805069,false,158228,101927355,0.9530642355805069
158228,253650,0.9357249819127168,false,158228,253650,0.9357249819127168
158228,654499,0.9999715365578362,false,158228,654499,0.9999715365578362
158228,100996301,0.9273856605122776,false,158228,100996301,0.9273856605122776
158228,9355,0.9999999999999991,false,158228,9355,0.9999999999999991
5101,56300,0.8067068114148277,false,5101,56300,0.8067068114148277
5101,374946,0.8126819500295436,false,5101,374946,0.8126819500295436
5101,731220,0.7881099992126271,false,5101,731220,0.7881099992126271
5101,3229,0.795368997606004,false,5101,3229,0.795368997606004
5101,105375690,0.7887783706276735,false,5101,105375690,0.7887783706276735
5101,387895,0.8058328807955477,false,5101,387895,0.8058328807955477
5101,1301,0.8286282458469769,false,5101,1301,0.8286282458469769
5101,2250,0.8222400521893166,false,5101,2250,0.8222400521893166
5101,105376041,0.8067068114148277,false,5101,105376041,0.8067068114148277
5101,554202,0.8904754672597259,false,5101,554202,0.8904754672597259
5101,80329,0.8259773043363297,false,5101,80329,0.8259773043363297
5101,109729169,0.789649623923562,false,5101,109729169,0.789649623923562
89886,63898,0.8113460677504469,false,89886,63898,0.8113460677504469
89886,7477,0.8155744633562473,false,89886,7477,0.8155744633562473
89886,344,0.8266342828377191,false,89886,344,0.8266342828377191
89886,4318,0.8877411111895165,false,89886,4318,0.8877411111895165
89886,79191,0.8695313475878832,false,89886,79191,0.8695313475878832
89886,100533990,0.7685445849126104,false,89886,100533990,0.7685445849126104
89886,105378305,0.9511432280699641,false,89886,105378305,0.9511432280699641
89886,107984129,0.8544428457275729,false,89886,107984129,0.8544428457275729
89886,107986951,0.8017880539346879,false,89886,107986951,0.8017880539346879
89886,168002,0.9176545820119716,false,89886,168002,0.9176545820119716
101927750,5650,0.987138804483301,false,101927750,5650,0.987138804483301
101927750,2019,0.9231125966066962,false,101927750,2019,0.9231125966066962
101927750,145873,0.8856067852953233,false,101927750,145873,0.8856067852953233
101927750,285987,1.0,false,101927750,285987,1.0
101927750,55765,0.7617467714789395,false,101927750,55765,0.7617467714789395
101927750,3502,0.9270280777631041,false,101927750,3502,0.9270280777631041
101927750,389336,0.910714999543313,false,101927750,389336,0.910714999543313
101927750,4004,0.9974571473664375,false,101927750,4004,0.9974571473664375
101927750,4973,0.9149124542025606,false,101927750,4973,0.9149124542025606
101927750,5653,0.9833590082248831,false,101927750,5653,0.9833590082248831
100506411,2277,0.9517093880199158,false,100506411,2277,0.9517093880199158
100506411,653149,0.7708642360205408,false,100506411,653149,0.7708642360205408
100506411,81849,0.8990409312446159,false,100506411,81849,0.8990409312446159
100506411,107985492,0.9236653446752788,false,100506411,107985492,0.9236653446752788
100506411,3135,0.7673208299995304,false,100506411,3135,0.7673208299995304
100506411,112268037,0.96073226926652,false,100506411,112268037,0.96073226926652
100506411,6495,0.9596766610096898,false,100506411,6495,0.9596766610096898
100506411,3352,0.826937458886072,false,100506411,3352,0.826937458886072
100506411,79056,0.9001430840343001,false,100506411,79056,0.9001430840343001
100506411,54101,0.9911209232226976,false,100506411,54101,0.9911209232226976
100506411,143662,0.9948518783294696,false,100506411,143662,0.9948518783294696
100506411,23286,0.9665879516047865,false,100506411,23286,0.9665879516047865
100506411,245972,0.8474522913971478,false,100506411,245972,0.8474522913971478
100506411,340273,0.9920691726094198,false,100506411,340273,0.9920691726094198
100506411,101927355,0.9408471121238281,false,100506411,101927355,0.9408471121238281
100506411,253650,0.9572553342758261,false,100506411,253650,0.9572553342758261
100506411,654499,0.9922822248871069,false,100506411,654499,0.9922822248871069
100506411,100996301,0.9282000110072092,false,100506411,100996301,0.9282000110072092
100506411,9355,0.9916020188789936,false,100506411,9355,0.9916020188789936
729447,3783,0.8823318053915957,false,729447,3783,0.8823318053915957
729447,110806280,0.9606325182383758,false,729447,110806280,0.9606325182383758
729447,101929215,0.8170471836758094,false,729447,101929215,0.8170471836758094
729447,112937,0.9252033553793362,false,729447,112937,0.9252033553793362
729447,3664,0.9735808271036256,false,729447,3664,0.9735808271036256
729447,105371664,0.7826791685329783,false,729447,105371664,0.7826791685329783
729447,102723547,0.9606325182383758,false,729447,102723547,0.9606325182383758
63898,374946,0.8560021626622225,false,63898,374946,0.8560021626622225
63898,7477,0.9281568671143946,false,63898,7477,0.9281568671143946
63898,344,0.9045238338741876,false,63898,344,0.9045238338741876
63898,4318,0.8684404432257624,false,63898,4318,0.8684404432257624
63898,79191,0.8128914403534668,false,63898,79191,0.8128914403534668
63898,100533990,0.885836052184627,false,63898,100533990,0.885836052184627
63898,5798,0.8571804826858314,false,63898,5798,0.8571804826858314
63898,105378305,0.8584386265537526,false,63898,105378305,0.8584386265537526
63898,168002,0.8303981733738934,false,63898,168002,0.8303981733738934
63898,109729169,0.8105689376325953,false,63898,109729169,0.8105689376325953
2277,653149,0.7536743211296049,false,2277,653149,0.7536743211296049
2277,81849,0.8505460484944904,false,2277,81849,0.8505460484944904
2277,107985492,0.8650909701700439,false,2277,107985492,0.8650909701700439
2277,112268037,0.9011274568974348,false,2277,112268037,0.9011274568974348
2277,6495,0.9343469120262583,false,2277,6495,0.9343469120262583
2277,3352,0.8605094516987268,false,2277,3352,0.8605094516987268
2277,79056,0.848728961713303,false,2277,79056,0.848728961713303
2277,54101,0.9502924619443809,false,2277,54101,0.9502924619443809
2277,143662,0.9492604585825174,false,2277,143662,0.9492604585825174
2277,23286,0.9494355748763714,false,2277,23286,0.9494355748763714
2277,245972,0.7804576185766783,false,2277,245972,0.7804576185766783
2277,340273,0.9576765974155593,false,2277,340273,0.9576765974155593
2277,101927355,0.9252875908718488,false,2277,101927355,0.9252875908718488
2277,253650,0.8944062314967494,false,2277,253650,0.8944062314967494
2277,654499,0.9572114885840991,false,2277,654499,0.9572114885840991
2277,100996301,0.8676867270222229,false,2277,100996301,0.8676867270222229
2277,9355,0.9572263475390964,false,2277,9355,0.9572263475390964
3783,110806280,0.862184531669013,false,3783,110806280,0.862184531669013
3783,101929215,0.8624390453351836,false,3783,101929215,0.8624390453351836
3783,112937,0.7964775892039908,false,3783,112937,0.7964775892039908
3783,3664,0.8508001320649599,false,3783,3664,0.8508001320649599
3783,105371664,0.7615255553413429,false,3783,105371664,0.7615255553413429
3783,102723547,0.862184531669013,false,3783,102723547,0.862184531669013
5650,2019,0.9226797189701051,false,5650,2019,0.9226797189701051
5650,145873,0.8783695335603726,false,5650,145873,0.8783695335603726
5650,285987,0.987138804483301,false,5650,285987,0.987138804483301
5650,55765,0.8003564090641975,false,5650,55765,0.8003564090641975
5650,3502,0.9039581037326153,false,5650,3502,0.9039581037326153
5650,345079,0.7545914245424712,false,5650,345079,0.7545914245424712
5650,389336,0.9467149312693802,false,5650,389336,0.9467149312693802
5650,4004,0.9883189563824228,false,5650,4004,0.9883189563824228
5650,4973,0.9116769723011491,false,5650,4973,0.9116769723011491
5650,5653,0.9853320199848581,false,5650,5653,0.9853320199848581
5354,9955,0.7620112051712902,false,5354,9955,0.7620112051712902
5354,186,0.9326375763203885,false,5354,186,0.9326375763203885
5354,27178,0.8242652602745241,false,5354,27178,0.8242652602745241
5354,285643,0.8242652602745241,false,5354,285643,0.8242652602745241
653149,105370924,0.8313967663897236,false,653149,105370924,0.8313967663897236
653149,3135,0.8354436538582561,false,653149,3135,0.8354436538582561
653149,112268037,0.7896932068079734,false,653149,112268037,0.7896932068079734
653149,79056,0.925356477708979,false,653149,79056,0.925356477708979
653149,54101,0.7959602132832031,false,653149,54101,0.7959602132832031
653149,143662,0.794411164535483,false,653149,143662,0.794411164535483
653149,23286,0.7645626702815584,false,653149,23286,0.7645626702815584
653149,340273,0.8004826778914118,false,653149,340273,0.8004826778914118
653149,654499,0.7997391862995632,false,653149,654499,0.7997391862995632
653149,9355,0.8007109227047008,false,653149,9355,0.8007109227047008
89958,574029,0.7567392936026589,false,89958,574029,0.7567392936026589
89958,101928658,0.7858234251604891,false,89958,101928658,0.7858234251604891
89958,107986951,0.7967183982236871,false,89958,107986951,0.7967183982236871
105370924,79056,0.7552830809493806,false,105370924,79056,0.7552830809493806
56300,374946,0.7708313543181917,false,56300,374946,0.7708313543181917
56300,731220,0.8549820624616572,false,56300,731220,0.8549820624616572
56300,3053,0.9007100461140054,false,56300,3053,0.9007100461140054
56300,3229,0.9834109734318259,false,56300,3229,0.9834109734318259
56300,387895,0.9714635662802659,false,56300,387895,0.9714635662802659
56300,115701,0.8767474209925981,false,56300,115701,0.8767474209925981
56300,11075,0.8376997561332109,false,56300,11075,0.8376997561332109
56300,105377508,0.9180571963797459,false,56300,105377508,0.9180571963797459
56300,5798,0.7503205065353249,false,56300,5798,0.7503205065353249
56300,1301,0.7576286134164982,false,56300,1301,0.7576286134164982
56300,2250,0.8106986710368108,false,56300,2250,0.8106986710368108
56300,84561,0.8289969768969078,false,56300,84561,0.8289969768969078
56300,122042,0.8486981433857994,false,56300,122042,0.8486981433857994
56300,284958,0.8617836187884773,false,56300,284958,0.8617836187884773
56300,105376041,1.0,false,56300,105376041,1.0
56300,9956,0.799786888666837,false,56300,9956,0.799786888666837
56300,647309,0.7506327876303198,false,56300,647309,0.7506327876303198
56300,554202,0.9420985896215013,false,56300,554202,0.9420985896215013
56300,105372950,0.8568249007135635,false,56300,105372950,0.8568249007135635
56300,80329,0.8047996920971664,false,56300,80329,0.8047996920971664
56300,109729169,0.8493027699317703,false,56300,109729169,0.8493027699317703
115019,80328,0.7824486405745216,false,115019,80328,0.7824486405745216
115019,55057,0.7505956731499702,false,115019,55057,0.7505956731499702
115019,55765,0.7934131494404738,false,115019,55765,0.7934131494404738
115019,389336,0.8033631858439586,false,115019,389336,0.8033631858439586
115019,4973,0.7683173049079047,false,115019,4973,0.7683173049079047
115019,5653,0.782032974758998,false,115019,5653,0.782032974758998
113130,4288,0.9461197688949166,false,113130,4288,0.9461197688949166
113130,6241,0.8416534966183923,false,113130,6241,0.8416534966183923
113130,9787,0.8986958614633991,false,113130,9787,0.8986958614633991
113130,9212,0.9173680410610627,false,113130,9212,0.9173680410610627
113130,1063,0.8769780461067391,false,113130,1063,0.8769780461067391
113130,128239,0.8831491002245894,false,113130,128239,0.8831491002245894
113130,146909,0.9121557728373377,false,113130,146909,0.9121557728373377
113130,11004,0.8991200292542203,false,113130,11004,0.8991200292542203
113130,9232,0.9271570257564585,false,113130,9232,0.9271570257564585
113130,100507118,0.8204720479638458,false,113130,100507118,0.8204720479638458
113130,991,0.963865641604202,false,113130,991,0.963865641604202
374946,7477,0.8305119392903914,false,374946,7477,0.8305119392903914
374946,344,0.889337875816637,false,374946,344,0.889337875816637
374946,4318,0.849383706468922,false,374946,4318,0.849383706468922
374946,3229,0.755215668464943,false,374946,3229,0.755215668464943
374946,100533990,0.9103065987339632,false,374946,100533990,0.9103065987339632
374946,387895,0.7572302664203645,false,374946,387895,0.7572302664203645
374946,101928658,0.8130556220401444,false,374946,101928658,0.8130556220401444
374946,11075,0.8499781016611624,false,374946,11075,0.8499781016611624
374946,5798,0.9752770701142814,false,374946,5798,0.9752770701142814
374946,2250,0.7829485005407323,false,374946,2250,0.7829485005407323
374946,105376041,0.7708313543181918,false,374946,105376041,0.7708313543181918
374946,168002,0.7687978802161003,false,374946,168002,0.7687978802161003
374946,109729169,0.9696147952610272,false,374946,109729169,0.9696147952610272
4288,6241,0.8224945088900918,false,4288,6241,0.8224945088900918
4288,112937,0.7577839715322059,false,4288,112937,0.7577839715322059
4288,9787,0.8978298502636458,false,4288,9787,0.8978298502636458
4288,9212,0.9407649831596658,false,4288,9212,0.9407649831596658
4288,1063,0.8597186053432543,false,4288,1063,0.8597186053432543
4288,128239,0.9337369082436071,false,4288,128239,0.9337369082436071
4288,146909,0.9432190905100764,false,4288,146909,0.9432190905100764
4288,11004,0.827835601911859,false,4288,11004,0.827835601911859
4288,9232,0.9522947707477204,false,4288,9232,0.9522947707477204
4288,100507118,0.7587128602239798,false,4288,100507118,0.7587128602239798
4288,991,0.9707655770761645,false,4288,991,0.9707655770761645
81849,107985492,0.9403060987313188,false,81849,107985492,0.9403060987313188
81849,112268037,0.8980591748540838,false,81849,112268037,0.8980591748540838
81849,6495,0.8323393758107475,false,81849,6495,0.8323393758107475
81849,105375690,0.7995174788579685,false,81849,105375690,0.7995174788579685
81849,3352,0.7827689126576225,false,81849,3352,0.7827689126576225
81849,79056,0.7805112321531,false,81849,79056,0.7805112321531
81849,54101,0.8928961455913976,false,81849,54101,0.8928961455913976
81849,143662,0.8830623048548665,false,81849,143662,0.8830623048548665
81849,23286,0.8942808339488965,false,81849,23286,0.8942808339488965
81849,245972,0.814717709246543,false,81849,245972,0.814717709246543
81849,340273,0.8893193782984242,false,81849,340273,0.8893193782984242
81849,101927355,0.9035981888276107,false,81849,101927355,0.9035981888276107
81849,253650,0.9208356886836851,false,81849,253650,0.9208356886836851
81849,654499,0.8882960610295059,false,81849,654499,0.8882960610295059
81849,100996301,0.9777115832965839,false,81849,100996301,0.9777115832965839
81849,9355,0.8885557782302334,false,81849,9355,0.8885557782302334
57082,4001,0.8143895917502033,false,57082,4001,0.8143895917502033
57082,56992,0.8930347586483596,false,57082,56992,0.8930347586483596
57082,55247,0.8988513269582056,false,57082,55247,0.8988513269582056
57082,387978,0.7655824857438652,false,57082,387978,0.7655824857438652
57082,6664,0.7645552515584323,false,57082,6664,0.7645552515584323
57082,1063,0.7660978004622966,false,57082,1063,0.7660978004622966
57082,101060400,0.7576386878119156,false,57082,101060400,0.7576386878119156
57082,9928,0.8951744161407743,false,57082,9928,0.8951744161407743
57082,64151,0.9252776967039481,false,57082,64151,0.9252776967039481
57082,100507118,0.7927457024991295,false,57082,100507118,0.7927457024991295
4001,3604,0.8337357219866651,false,4001,3604,0.8337357219866651
4001,55247,0.8377815542432878,false,4001,55247,0.8377815542432878
4001,387978,0.8439237167760738,false,4001,387978,0.8439237167760738
4001,27299,0.8401707694688223,false,4001,27299,0.8401707694688223
4001,5083,0.7810065004935224,false,4001,5083,0.7810065004935224
4001,6664,0.8446636842645029,false,4001,6664,0.8446636842645029
4001,101060400,0.845373356687978,false,4001,101060400,0.845373356687978
4001,9928,0.817372546154508,false,4001,9928,0.817372546154508
4001,4547,0.8099024877076113,false,4001,4547,0.8099024877076113
4001,64151,0.8542171047149041,false,4001,64151,0.8542171047149041
7477,344,0.9089165983760022,false,7477,344,0.9089165983760022
7477,4318,0.9150083257047902,false,7477,4318,0.9150083257047902
7477,79191,0.9158773982743567,false,7477,79191,0.9158773982743567
7477,574029,0.7545610988266398,false,7477,574029,0.7545610988266398
7477,100533990,0.8762709674909269,false,7477,100533990,0.8762709674909269
7477,101928658,0.755001449734804,false,7477,101928658,0.755001449734804
7477,5798,0.8379217706818108,false,7477,5798,0.8379217706818108
7477,105378305,0.7991536309666978,false,7477,105378305,0.7991536309666978
7477,107984129,0.7829978145087457,false,7477,107984129,0.7829978145087457
7477,107986951,0.7871278902981058,false,7477,107986951,0.7871278902981058
7477,168002,0.8810249494983703,false,7477,168002,0.8810249494983703
7477,109729169,0.7582557805238199,false,7477,109729169,0.7582557805238199
107985492,112268037,0.9420848796340745,false,107985492,112268037,0.9420848796340745
107985492,6495,0.8785683910002472,false,107985492,6495,0.8785683910002472
107985492,105375690,0.8824674513020762,false,107985492,105375690,0.8824674513020762
107985492,3352,0.7523563305209967,false,107985492,3352,0.7523563305209967
107985492,79056,0.8310236579063737,false,107985492,79056,0.8310236579063737
107985492,54101,0.9069754084075456,false,107985492,54101,0.9069754084075456
107985492,143662,0.9042632869524732,false,107985492,143662,0.9042632869524732
107985492,23286,0.935561662260612,false,107985492,23286,0.935561662260612
107985492,245972,0.75656657204332,false,107985492,245972,0.75656657204332
107985492,340273,0.9136499655895215,false,107985492,340273,0.9136499655895215
107985492,101927355,0.9326476800819009,false,107985492,101927355,0.9326476800819009
107985492,253650,0.9543231079497834,false,107985492,253650,0.9543231079497834
107985492,654499,0.9123685907271605,false,107985492,654499,0.9123685907271605
107985492,100996301,0.9767811368993282,false,107985492,100996301,0.9767811368993282
107985492,9355,0.9126515600934109,false,107985492,9355,0.9126515600934109
344,4318,0.9009717407916387,false,344,4318,0.9009717407916387
344,79191,0.8380750926943268,false,344,79191,0.8380750926943268
344,100533990,0.9810880069677405,false,344,100533990,0.9810880069677405
344,101928658,0.805809805801722,false,344,101928658,0.805809805801722
344,5798,0.9165490138574378,false,344,5798,0.9165490138574378
344,105378305,0.8147124347160656,false,344,105378305,0.8147124347160656
344,107986951,0.7615160442770367,false,344,107986951,0.7615160442770367
344,168002,0.8571139351596702,false,344,168002,0.8571139351596702
344,109729169,0.8547818960076591,false,344,109729169,0.8547818960076591
731220,3229,0.8529421390841824,false,731220,3229,0.8529421390841824
731220,387895,0.785048789290717,false,731220,387895,0.785048789290717
731220,115701,0.7624014178180779,false,731220,115701,0.7624014178180779
731220,11075,0.8490496630664409,false,731220,11075,0.8490496630664409
731220,1301,0.9269178664697063,false,731220,1301,0.9269178664697063
731220,122042,0.7659012607271772,false,731220,122042,0.7659012607271772
731220,105376041,0.8549820624616571,false,731220,105376041,0.8549820624616571
731220,554202,0.9052918852374343,false,731220,554202,0.9052918852374343
731220,80329,0.8124599738658448,false,731220,80329,0.8124599738658448
219970,3053,0.7814652690913714,false,219970,3053,0.7814652690913714
219970,84561,0.8061366022906866,false,219970,84561,0.8061366022906866
219970,105372950,0.7792267873233776,false,219970,105372950,0.7792267873233776
3053,3229,0.8599151806154166,false,3053,3229,0.8599151806154166
3053,387895,0.8675065033938409,false,3053,387895,0.8675065033938409
3053,11075,0.7659903042165862,false,3053,11075,0.7659903042165862
3053,105377508,0.7731013125654924,false,3053,105377508,0.7731013125654924
3053,5798,0.7629837702463936,false,3053,5798,0.7629837702463936
3053,84561,0.8951430252845085,false,3053,84561,0.8951430252845085
3053,105376041,0.9007100461140055,false,3053,105376041,0.9007100461140055
3053,554202,0.8557562339320458,false,3053,554202,0.8557562339320458
3053,105372950,0.8505057965624709,false,3053,105372950,0.8505057965624709
3053,109729169,0.857992583587969,false,3053,109729169,0.857992583587969
9955,186,0.7596549090564038,false,9955,186,0.7596549090564038
9955,27178,0.8017733611781375,false,9955,27178,0.8017733611781375
9955,285643,0.8017733611781375,false,9955,285643,0.8017733611781375
110806280,101929215,0.8414669060305037,false,110806280,101929215,0.8414669060305037
110806280,112937,0.9440576028724817,false,110806280,112937,0.9440576028724817
110806280,3664,0.924733948809559,false,110806280,3664,0.924733948809559
110806280,105371664,0.788754055689597,false,110806280,105371664,0.788754055689597
110806280,102723547,1.0,false,110806280,102723547,1.0
3604,387978,0.9534649071285242,false,3604,387978,0.9534649071285242
3604,27299,0.9247666785962236,false,3604,27299,0.9247666785962236
3604,5083,0.8717158259709559,false,3604,5083,0.8717158259709559
3604,6664,0.9500391793351433,false,3604,6664,0.9500391793351433
3604,101060400,0.941763592767659,false,3604,101060400,0.941763592767659
3604,4547,0.8264457330268395,false,3604,4547,0.8264457330268395
56992,55247,0.9087240368785922,false,56992,55247,0.9087240368785922
56992,6664,0.7519216186814863,false,56992,6664,0.7519216186814863
56992,101060400,0.7562958773564916,false,56992,101060400,0.7562958773564916
56992,9928,0.7961956431176144,false,56992,9928,0.7961956431176144
56992,64151,0.8682065525094104,false,56992,64151,0.8682065525094104
56992,100507118,0.7976056225049103,false,56992,100507118,0.7976056225049103
2019,145873,0.838156018632803,false,2019,145873,0.838156018632803
2019,285987,0.9231125966066962,false,2019,285987,0.9231125966066962
2019,55765,0.7713198222991673,false,2019,55765,0.7713198222991673
2019,3502,0.8165906250584147,false,2019,3502,0.8165906250584147
2019,389336,0.8738801741918937,false,2019,389336,0.8738801741918937
2019,4004,0.9271511315170916,false,2019,4004,0.9271511315170916
2019,4973,0.8775375665017634,false,2019,4973,0.8775375665017634
2019,5653,0.9050744006389493,false,2019,5653,0.9050744006389493
3135,112268037,0.8107058028067221,false,3135,112268037,0.8107058028067221
3135,6495,0.7729130156519807,false,3135,6495,0.7729130156519807
3135,3352,0.7749348521439677,false,3135,3352,0.7749348521439677
3135,79056,0.8848678452876192,false,3135,79056,0.8848678452876192
3135,54101,0.799475713460151,false,3135,54101,0.799475713460151
3135,143662,0.8032735138355974,false,3135,143662,0.8032735138355974
3135,340273,0.7972060327071667,false,3135,340273,0.7972060327071667
3135,101927355,0.787464517772992,false,3135,101927355,0.787464517772992
3135,253650,0.75463535157144,false,3135,253650,0.75463535157144
3135,654499,0.7965710507065835,false,3135,654499,0.7965710507065835
3135,100996301,0.7597052125008742,false,3135,100996301,0.7597052125008742
3135,9355,0.7974453493494995,false,3135,9355,0.7974453493494995
55247,387978,0.7726137920145116,false,55247,387978,0.7726137920145116
55247,6241,0.7716783785657322,false,55247,6241,0.7716783785657322
55247,27299,0.794313011126288,false,55247,27299,0.794313011126288
55247,6664,0.769010962660694,false,55247,6664,0.769010962660694
55247,1063,0.7591284063380038,false,55247,1063,0.7591284063380038
55247,101060400,0.7858946192783681,false,55247,101060400,0.7858946192783681
55247,9928,0.8968396111274666,false,55247,9928,0.8968396111274666
55247,64151,0.9257235171940962,false,55247,64151,0.9257235171940962
55247,100507118,0.8102923965017145,false,55247,100507118,0.8102923965017145
80328,55057,0.7948747019490148,false,80328,55057,0.7948747019490148
80328,345079,0.7862381828486653,false,80328,345079,0.7862381828486653
80328,4973,0.8151435044060155,false,80328,4973,0.8151435044060155
112268037,6495,0.9230596592553053,false,112268037,6495,0.9230596592553053
112268037,3352,0.765043544417145,false,112268037,3352,0.765043544417145
112268037,79056,0.8905293220456079,false,112268037,79056,0.8905293220456079
112268037,54101,0.9395182240325065,false,112268037,54101,0.9395182240325065
112268037,143662,0.950356533185174,false,112268037,143662,0.950356533185174
112268037,23286,0.9292760278306096,false,112268037,23286,0.9292760278306096
112268037,340273,0.9461198985754568,false,112268037,340273,0.9461198985754568
112268037,101927355,0.9192544402657967,false,112268037,101927355,0.9192544402657967
112268037,253650,0.9608639342432912,false,112268037,253650,0.9608639342432912
112268037,654499,0.9455629118023565,false,112268037,654499,0.9455629118023565
112268037,100996301,0.9284799435275538,false,112268037,100996301,0.9284799435275538
112268037,9355,0.944862285664064,false,112268037,9355,0.944862285664064
145873,285987,0.8856067852953233,false,145873,285987,0.8856067852953233
145873,55765,0.8128034479637323,false,145873,55765,0.8128034479637323
145873,3502,0.8198301161124636,false,145873,3502,0.8198301161124636
145873,389336,0.7987593221068647,false,145873,389336,0.7987593221068647
145873,4004,0.8820843712112667,false,145873,4004,0.8820843712112667
145873,4973,0.80867877750906,false,145873,4973,0.80867877750906
145873,5653,0.8517484956241266,false,145873,5653,0.8517484956241266
387978,27299,0.9593576005543566,false,387978,27299,0.9593576005543566
387978,5083,0.8799623059371806,false,387978,5083,0.8799623059371806
387978,6664,0.9932106042739346,false,387978,6664,0.9932106042739346
387978,101060400,0.990039628465638,false,387978,101060400,0.990039628465638
387978,4547,0.8638557052677258,false,387978,4547,0.8638557052677258
387978,64151,0.8159238280274457,false,387978,64151,0.8159238280274457
4318,79191,0.920116931946863,false,4318,79191,0.920116931946863
4318,574029,0.8189814912100649,false,4318,574029,0.8189814912100649
4318,100533990,0.8717448760190298,false,4318,100533990,0.8717448760190298
4318,101928658,0.8790658427076934,false,4318,101928658,0.8790658427076934
4318,11075,0.7561101102336151,false,4318,11075,0.7561101102336151
4318,5798,0.8991627351881747,false,4318,5798,0.8991627351881747
4318,105378305,0.8863757216325653,false,4318,105378305,0.8863757216325653
4318,107984129,0.8677401153005571,false,4318,107984129,0.8677401153005571
4318,107986951,0.9101588775871148,false,4318,107986951,0.9101588775871148
4318,168002,0.9783094914410362,false,4318,168002,0.9783094914410362
4318,9076,0.7962034863904903,false,4318,9076,0.7962034863904903
4318,109729169,0.8109033022370821,false,4318,109729169,0.8109033022370821
84419,115701,0.7558608765789001,false,84419,115701,0.7558608765789001
84419,122042,0.8195448601854889,false,84419,122042,0.8195448601854889
186,27178,0.860028906655703,false,186,27178,0.860028906655703
186,285643,0.860028906655703,false,186,285643,0.860028906655703
3229,387895,0.9552050768643682,false,3229,387895,0.9552050768643682
3229,115701,0.914322661527242,false,3229,115701,0.914322661527242
3229,11075,0.8243317265074802,false,3229,11075,0.8243317265074802
3229,105377508,0.8927747404924204,false,3229,105377508,0.8927747404924204
3229,1301,0.7740819341653705,false,3229,1301,0.7740819341653705
3229,2250,0.8666600432577408,false,3229,2250,0.8666600432577408
3229,84561,0.7917750726087163,false,3229,84561,0.7917750726087163
3229,122042,0.8444132254083628,false,3229,122042,0.8444132254083628
3229,284958,0.8647062946712646,false,3229,284958,0.8647062946712646
3229,105376041,0.9834109734318259,false,3229,105376041,0.9834109734318259
3229,9956,0.7844202506780784,false,3229,9956,0.7844202506780784
3229,554202,0.9164928026840298,false,3229,554202,0.9164928026840298
3229,105372950,0.8254289475904837,false,3229,105372950,0.8254289475904837
3229,80329,0.7655947438164786,false,3229,80329,0.7655947438164786
3229,109729169,0.8289440453691891,false,3229,109729169,0.8289440453691891
101929215,112937,0.8008428464882069,false,101929215,112937,0.8008428464882069
101929215,3664,0.8088705338316955,false,101929215,3664,0.8088705338316955
101929215,105371664,0.7759173128714256,false,101929215,105371664,0.7759173128714256
101929215,102723547,0.8414669060305037,false,101929215,102723547,0.8414669060305037
6241,9787,0.9506029347844176,false,6241,9787,0.9506029347844176
6241,9212,0.8558746955242899,false,6241,9212,0.8558746955242899
6241,1063,0.9356649631044769,false,6241,1063,0.9356649631044769
6241,128239,0.8412051855420078,false,6241,128239,0.8412051855420078
6241,146909,0.881668344376651,false,6241,146909,0.881668344376651
6241,11004,0.791784504330937,false,6241,11004,0.791784504330937
6241,64151,0.8116045125774308,false,6241,64151,0.8116045125774308
6241,9232,0.8440634517529755,false,6241,9232,0.8440634517529755
6241,100507118,0.9031109555970137,false,6241,100507118,0.9031109555970137
6241,991,0.82679424467764,false,6241,991,0.82679424467764
79191,574029,0.8354838768206199,false,79191,574029,0.8354838768206199
79191,100533990,0.7616853369981691,false,79191,100533990,0.7616853369981691
79191,100379220,0.7588410391917435,false,79191,100379220,0.7588410391917435
79191,105378305,0.8515778482185961,false,79191,105378305,0.8515778482185961
79191,107984129,0.8877478406158987,false,79191,107984129,0.8877478406158987
79191,107986951,0.8186640172141276,false,79191,107986951,0.8186640172141276
79191,168002,0.9415129554475895,false,79191,168002,0.9415129554475895
285987,55765,0.7617467714789395,false,285987,55765,0.7617467714789395
285987,3502,0.9270280777631041,false,285987,3502,0.9270280777631041
285987,389336,0.910714999543313,false,285987,389336,0.910714999543313
285987,4004,0.9974571473664375,false,285987,4004,0.9974571473664375
285987,4973,0.9149124542025606,false,285987,4973,0.9149124542025606
285987,5653,0.9833590082248831,false,285987,5653,0.9833590082248831
574029,101928658,0.7836887180629845,false,574029,101928658,0.7836887180629845
574029,100379220,0.7600370857436751,false,574029,100379220,0.7600370857436751
574029,107984129,0.8441022810409116,false,574029,107984129,0.8441022810409116
574029,107986951,0.8488718609908402,false,574029,107986951,0.8488718609908402
574029,168002,0.8378586413658357,false,574029,168002,0.8378586413658357
100533990,101928658,0.8050212972965485,false,100533990,101928658,0.8050212972965485
100533990,11075,0.7856161895017229,false,100533990,11075,0.7856161895017229
100533990,5798,0.9428343766273626,false,100533990,5798,0.9428343766273626
100533990,105378305,0.7616509070422917,false,100533990,105378305,0.7616509070422917
100533990,107986951,0.7564931312560677,false,100533990,107986951,0.7564931312560677
100533990,168002,0.806152119908225,false,100533990,168002,0.806152119908225
100533990,109729169,0.9039746707836006,false,100533990,109729169,0.9039746707836006
6495,3352,0.8129383826539914,false,6495,3352,0.8129383826539914
6495,79056,0.8827700161805265,false,6495,79056,0.8827700161805265
6495,54101,0.969608054202677,false,6495,54101,0.969608054202677
6495,143662,0.966672928536722,false,6495,143662,0.966672928536722
6495,23286,0.9519647491909013,false,6495,23286,0.9519647491909013
6495,245972,0.8146683025719297,false,6495,245972,0.8146683025719297
6495,340273,0.9747430374710077,false,6495,340273,0.9747430374710077
6495,101927355,0.9295509012520102,false,6495,101927355,0.9295509012520102
6495,253650,0.890012808936897,false,6495,253650,0.890012808936897
6495,654499,0.9747695810581218,false,6495,654499,0.9747695810581218
6495,100996301,0.8875655639909771,false,6495,100996301,0.8875655639909771
6495,9355,0.9750208097983458,false,6495,9355,0.9750208097983458
55057,55765,0.78390293184268,false,55057,55765,0.78390293184268
55057,345079,0.8067237292898856,false,55057,345079,0.8067237292898856
105375690,1301,0.8275103477730754,false,105375690,1301,0.8275103477730754
105375690,554202,0.7594688684218459,false,105375690,554202,0.7594688684218459
105375690,253650,0.7784728148026244,false,105375690,253650,0.7784728148026244
105375690,100996301,0.8294792496426519,false,105375690,100996301,0.8294792496426519
105375690,80329,0.7855241683801125,false,105375690,80329,0.7855241683801125
387895,115701,0.8219605764153881,false,387895,115701,0.8219605764153881
387895,11075,0.8080507306364221,false,387895,11075,0.8080507306364221
387895,105377508,0.9465398640436055,false,387895,105377508,0.9465398640436055
387895,2250,0.8360060827361314,false,387895,2250,0.8360060827361314
387895,84561,0.7959819843940718,false,387895,84561,0.7959819843940718
387895,122042,0.7801850490464466,false,387895,122042,0.7801850490464466
387895,284958,0.8569652097834817,false,387895,284958,0.8569652097834817
387895,105376041,0.9714635662802659,false,387895,105376041,0.9714635662802659
387895,9956,0.786478408022516,false,387895,9956,0.786478408022516
387895,647309,0.8688991529472718,false,387895,647309,0.8688991529472718
387895,554202,0.9131079166281082,false,387895,554202,0.9131079166281082
387895,105372950,0.824302750878806,false,387895,105372950,0.824302750878806
387895,80329,0.7753153328243739,false,387895,80329,0.7753153328243739
387895,109729169,0.8374608385060079,false,387895,109729169,0.8374608385060079
3352,79056,0.7906732742810213,false,3352,79056,0.7906732742810213
3352,54101,0.8635618585689381,false,3352,54101,0.8635618585689381
3352,143662,0.8460495523127854,false,3352,143662,0.8460495523127854
3352,23286,0.8311680888437368,false,3352,23286,0.8311680888437368
3352,245972,0.7825515007599614,false,3352,245972,0.7825515007599614
3352,340273,0.8602705186337943,false,3352,340273,0.8602705186337943
3352,101927355,0.8794046787962443,false,3352,101927355,0.8794046787962443
3352,253650,0.7972527217795771,false,3352,253650,0.7972527217795771
3352,654499,0.8597778443397578,false,3352,654499,0.8597778443397578
3352,100996301,0.8221666623147739,false,3352,100996301,0.8221666623147739
3352,9355,0.8604095983492244,false,3352,9355,0.8604095983492244
27299,5083,0.8928828839560518,false,27299,5083,0.8928828839560518
27299,6664,0.9681140103818549,false,27299,6664,0.9681140103818549
27299,101060400,0.9781287239216543,false,27299,101060400,0.9781287239216543
27299,4547,0.8834535511004287,false,27299,4547,0.8834535511004287
27299,64151,0.7705965077259403,false,27299,64151,0.7705965077259403
79056,54101,0.9197362374447748,false,79056,54101,0.9197362374447748
79056,143662,0.9255726709179275,false,79056,143662,0.9255726709179275
79056,23286,0.9080492078388267,false,79056,23286,0.9080492078388267
79056,340273,0.9256101368419829,false,79056,340273,0.9256101368419829
79056,101927355,0.8726498483549378,false,79056,101927355,0.8726498483549378
79056,253650,0.8549760447616663,false,79056,253650,0.8549760447616663
79056,654499,0.9251166735553492,false,79056,654499,0.9251166735553492
79056,100996301,0.8333142654774648,false,79056,100996301,0.8333142654774648
79056,9355,0.9260626007252755,false,79056,9355,0.9260626007252755
101928658,11075,0.9457125671071213,false,101928658,11075,0.9457125671071213
101928658,5798,0.8552762008586243,false,101928658,5798,0.8552762008586243
101928658,107986951,0.8587428886626238,false,101928658,107986951,0.8587428886626238
101928658,168002,0.8113101341667147,false,101928658,168002,0.8113101341667147
101928658,9076,0.8623071170493212,false,101928658,9076,0.8623071170493212
101928658,109729169,0.8347331491791581,false,101928658,109729169,0.8347331491791581
27178,285643,1.0,false,27178,285643,1.0
347252,11075,0.7813314819381676,false,347252,11075,0.7813314819381676
347252,1301,0.7580064507014,false,347252,1301,0.7580064507014
115701,105377508,0.8215562656981158,false,115701,105377508,0.8215562656981158
115701,2250,0.7759383081331774,false,115701,2250,0.7759383081331774
115701,122042,0.7523524087803344,false,115701,122042,0.7523524087803344
115701,284958,0.8991773656834215,false,115701,284958,0.8991773656834215
115701,105376041,0.8767474209925981,false,115701,105376041,0.8767474209925981
115701,554202,0.8099797714654028,false,115701,554202,0.8099797714654028
115701,109729169,0.7501483686932344,false,115701,109729169,0.7501483686932344
55765,389336,0.8402185212296617,false,55765,389336,0.8402185212296617
55765,4004,0.7586932305026269,false,55765,4004,0.7586932305026269
55765,4973,0.7893401929816452,false,55765,4973,0.7893401929816452
55765,5653,0.7956082929190827,false,55765,5653,0.7956082929190827
112937,3664,0.9105013592269424,false,112937,3664,0.9105013592269424
112937,9212,0.8099617261671112,false,112937,9212,0.8099617261671112
112937,128239,0.8123662714254832,false,112937,128239,0.8123662714254832
112937,105371664,0.8104946362706708,false,112937,105371664,0.8104946362706708
112937,9232,0.7529792664516262,false,112937,9232,0.7529792664516262
112937,991,0.763921698438895,false,112937,991,0.763921698438895
112937,102723547,0.9440576028724816,false,112937,102723547,0.9440576028724816
11075,5798,0.86865130446993,false,11075,5798,0.86865130446993
11075,1301,0.7598317348307635,false,11075,1301,0.7598317348307635
11075,105376041,0.8376997561332109,false,11075,105376041,0.8376997561332109
11075,554202,0.7973467477772711,false,11075,554202,0.7973467477772711
11075,9076,0.7954496708545236,false,11075,9076,0.7954496708545236
11075,109729169,0.9018606977203972,false,11075,109729169,0.9018606977203972
5083,6664,0.8693240716700152,false,5083,6664,0.8693240716700152
5083,101060400,0.8787152957510889,false,5083,101060400,0.8787152957510889
5083,4547,0.9035392464696833,false,5083,4547,0.9035392464696833
105377508,284958,0.9297326747689857,false,105377508,284958,0.9297326747689857
105377508,105376041,0.918057196379746,false,105377508,105376041,0.918057196379746
105377508,647309,0.7977174593190699,false,105377508,647309,0.7977174593190699
105377508,554202,0.8322620366587457,false,105377508,554202,0.8322620366587457
105377508,105372950,0.7544884032371761,false,105377508,105372950,0.7544884032371761
5798,105378305,0.7825653474696647,false,5798,105378305,0.7825653474696647
5798,105376041,0.7503205065353248,false,5798,105376041,0.7503205065353248
5798,647309,0.7515276226670434,false,5798,647309,0.7515276226670434
5798,107986951,0.7748346897576088,false,5798,107986951,0.7748346897576088
5798,168002,0.8159657676423873,false,5798,168002,0.8159657676423873
5798,9076,0.7539640498902916,false,5798,9076,0.7539640498902916
5798,109729169,0.9771757601134832,false,5798,109729169,0.9771757601134832
54101,143662,0.9952877636733736,false,54101,143662,0.9952877636733736
54101,23286,0.9751520905206477,false,54101,23286,0.9751520905206477
54101,245972,0.8764071892256674,false,54101,245972,0.8764071892256674
54101,340273,0.9984076331829748,false,54101,340273,0.9984076331829748
54101,101927355,0.9498366891245871,false,54101,101927355,0.9498366891245871
54101,253650,0.9358606450874818,false,54101,253650,0.9358606450874818
54101,654499,0.9985628916136571,false,54101,654499,0.9985628916136571
54101,100996301,0.9294433591757645,false,54101,100996301,0.9294433591757645
54101,9355,0.9984314912119835,false,54101,9355,0.9984314912119835
9787,9212,0.9016717132348743,false,9787,9212,0.9016717132348743
9787,1063,0.9512907587189695,false,9787,1063,0.9512907587189695
9787,128239,0.9037613890631209,false,9787,128239,0.9037613890631209
9787,146909,0.90242019418172,false,9787,146909,0.90242019418172
9787,11004,0.8242218479341719,false,9787,11004,0.8242218479341719
9787,64151,0.8177030808394311,false,9787,64151,0.8177030808394311
9787,9232,0.897892889614782,false,9787,9232,0.897892889614782
9787,100507118,0.9019690662856442,false,9787,100507118,0.9019690662856442
9787,991,0.9083600519772704,false,9787,991,0.9083600519772704
3664,105371664,0.7709094167807118,false,3664,105371664,0.7709094167807118
3664,102723547,0.924733948809559,false,3664,102723547,0.924733948809559
100379220,107984129,0.8500833933521956,false,100379220,107984129,0.8500833933521956
100379220,168002,0.8218123882181475,false,100379220,168002,0.8218123882181475
3502,345079,0.7761834778136697,false,3502,345079,0.7761834778136697
3502,389336,0.8396905556108258,false,3502,389336,0.8396905556108258
3502,4004,0.923047561986571,false,3502,4004,0.923047561986571
3502,4973,0.8423609802168066,false,3502,4973,0.8423609802168066
3502,5653,0.8997514945942029,false,3502,5653,0.8997514945942029
143662,23286,0.9693945644126691,false,143662,23286,0.9693945644126691
143662,245972,0.8449697886482634,false,143662,245972,0.8449697886482634
143662,340273,0.9959608684660431,false,143662,340273,0.9959608684660431
143662,101927355,0.9416234817163169,false,143662,101927355,0.9416234817163169
143662,253650,0.9490068633215596,false,143662,253650,0.9490068633215596
143662,654499,0.9963083278247754,false,143662,654499,0.9963083278247754
143662,100996301,0.9175715949088,false,143662,100996301,0.9175715949088
143662,9355,0.9957866466097206,false,143662,9355,0.9957866466097206
9212,1063,0.8516830884912534,false,9212,1063,0.8516830884912534
9212,128239,0.9624218865681922,false,9212,128239,0.9624218865681922
9212,146909,0.914005682823881,false,9212,146909,0.914005682823881
9212,11004,0.8562725223239477,false,9212,11004,0.8562725223239477
9212,9232,0.9269390087116026,false,9212,9232,0.9269390087116026
9212,100507118,0.7805327673661356,false,9212,100507118,0.7805327673661356
9212,991,0.9644395439618926,false,9212,991,0.9644395439618926
6664,101060400,0.9962646221149191,false,6664,101060400,0.9962646221149191
6664,4547,0.880919687945627,false,6664,4547,0.880919687945627
6664,64151,0.7974745281001883,false,6664,64151,0.7974745281001883
23286,245972,0.8158153767541448,false,23286,245972,0.8158153767541448
23286,340273,0.9805363160817024,false,23286,340273,0.9805363160817024
23286,101927355,0.9516280178654278,false,23286,101927355,0.9516280178654278
23286,253650,0.9312385829638135,false,23286,253650,0.9312385829638135
23286,654499,0.979953184275684,false,23286,654499,0.979953184275684
23286,100996301,0.9375357559675171,false,23286,100996301,0.9375357559675171
23286,9355,0.9804267246658649,false,23286,9355,0.9804267246658649
105378305,107984129,0.8117460384144116,false,105378305,107984129,0.8117460384144116
105378305,107986951,0.7661049916474548,false,105378305,107986951,0.7661049916474548
105378305,168002,0.9108227139229267,false,105378305,168002,0.9108227139229267
105378305,9076,0.7749757015373169,false,105378305,9076,0.7749757015373169
345079,389336,0.8110933741528285,false,345079,389336,0.8110933741528285
345079,4973,0.7912567504547889,false,345079,4973,0.7912567504547889
245972,340273,0.8560362988954718,false,245972,340273,0.8560362988954718
245972,101927355,0.8128108339126,false,245972,101927355,0.8128108339126
245972,253650,0.7709944887535141,false,245972,253650,0.7709944887535141
245972,654499,0.8563995990982188,false,245972,654499,0.8563995990982188
245972,100996301,0.8270957185279015,false,245972,100996301,0.8270957185279015
245972,9355,0.856894314892355,false,245972,9355,0.856894314892355
107984129,107986951,0.8935540766917821,false,107984129,107986951,0.8935540766917821
107984129,168002,0.9239190958304935,false,107984129,168002,0.9239190958304935
340273,101927355,0.9536577867987743,false,340273,101927355,0.9536577867987743
340273,253650,0.9371668275196893,false,340273,253650,0.9371668275196893
340273,654499,0.999981613785353,false,340273,654499,0.999981613785353
340273,100996301,0.9280068087444986,false,340273,100996301,0.9280068087444986
340273,9355,0.9999863715142799,false,340273,9355,0.9999863715142799
1301,105376041,0.7576286134164982,false,1301,105376041,0.7576286134164982
1301,554202,0.8893416707588656,false,1301,554202,0.8893416707588656
1301,80329,0.7846151355088965,false,1301,80329,0.7846151355088965
2250,105376041,0.8106986710368109,false,2250,105376041,0.8106986710368109
2250,554202,0.7545998345060296,false,2250,554202,0.7545998345060296
2250,109729169,0.7773386723619198,false,2250,109729169,0.7773386723619198
389336,4004,0.9061693989890306,false,389336,4004,0.9061693989890306
389336,4973,0.8367277277621777,false,389336,4973,0.8367277277621777
389336,5653,0.9316315764423593,false,389336,5653,0.9316315764423593
84561,105376041,0.8289969768969079,false,84561,105376041,0.8289969768969079
84561,554202,0.786684346173788,false,84561,554202,0.786684346173788
84561,105372950,0.9645869652905692,false,84561,105372950,0.9645869652905692
84561,80329,0.822330778149458,false,84561,80329,0.822330778149458
122042,284958,0.8221254296661781,false,122042,284958,0.8221254296661781
122042,105376041,0.8486981433857994,false,122042,105376041,0.8486981433857994
122042,554202,0.7504683453323907,false,122042,554202,0.7504683453323907
1063,128239,0.795424014810608,false,1063,128239,0.795424014810608
1063,146909,0.9061581185859355,false,1063,146909,0.9061581185859355
1063,11004,0.7660398798401818,false,1063,11004,0.7660398798401818
1063,64151,0.8374098271265815,false,1063,64151,0.8374098271265815
1063,9232,0.8649279104929705,false,1063,9232,0.8649279104929705
1063,100507118,0.9137636005231261,false,1063,100507118,0.9137636005231261
1063,991,0.8709936765119571,false,1063,991,0.8709936765119571
284958,105376041,0.8617836187884772,false,284958,105376041,0.8617836187884772
284958,554202,0.7548133274361886,false,284958,554202,0.7548133274361886
101927355,253650,0.9411484053359905,false,101927355,253650,0.9411484053359905
101927355,654499,0.9526170710172703,false,101927355,654499,0.9526170710172703
101927355,100996301,0.9484979017040778,false,101927355,100996301,0.9484979017040778
101927355,9355,0.9530642355805069,false,101927355,9355,0.9530642355805069
101060400,9928,0.7562735298993163,false,101060400,9928,0.7562735298993163
101060400,4547,0.8818051160175528,false,101060400,4547,0.8818051160175528
101060400,64151,0.8023133873849839,false,101060400,64151,0.8023133873849839
105376041,9956,0.799786888666837,false,105376041,9956,0.799786888666837
105376041,647309,0.7506327876303198,false,105376041,647309,0.7506327876303198
105376041,554202,0.9420985896215013,false,105376041,554202,0.9420985896215013
105376041,105372950,0.8568249007135635,false,105376041,105372950,0.8568249007135635
105376041,80329,0.8047996920971664,false,105376041,80329,0.8047996920971664
105376041,109729169,0.8493027699317703,false,105376041,109729169,0.8493027699317703
9956,554202,0.8151124278066499,false,9956,554202,0.8151124278066499
647309,109729169,0.7857874337630198,false,647309,109729169,0.7857874337630198
4004,4973,0.9263853525430148,false,4004,4973,0.9263853525430148
4004,5653,0.9827442008903313,false,4004,5653,0.9827442008903313
128239,146909,0.8718071208824026,false,128239,146909,0.8718071208824026
128239,11004,0.8513977737404463,false,128239,11004,0.8513977737404463
128239,9232,0.9152149534521742,false,128239,9232,0.9152149534521742
128239,100507118,0.7714492157830135,false,128239,100507118,0.7714492157830135
128239,991,0.9339164763209522,false,128239,991,0.9339164763209522
146909,11004,0.7852577736333106,false,146909,11004,0.7852577736333106
146909,9232,0.9158942628453891,false,146909,9232,0.9158942628453891
146909,100507118,0.8295122495948779,false,146909,100507118,0.8295122495948779
146909,991,0.9445839727872016,false,146909,991,0.9445839727872016
105371664,102723547,0.7887540556895971,false,105371664,102723547,0.7887540556895971
4973,5653,0.9269341535183311,false,4973,5653,0.9269341535183311
9928,64151,0.8349873855679403,false,9928,64151,0.8349873855679403
107986951,168002,0.895227387201883,false,107986951,168002,0.895227387201883
107986951,9076,0.8401180034293374,false,107986951,9076,0.8401180034293374
11004,9232,0.8207711289334056,false,11004,9232,0.8207711289334056
11004,100507118,0.8094069993331513,false,11004,100507118,0.8094069993331513
11004,991,0.8763202447217524,false,11004,991,0.8763202447217524
554202,105372950,0.7847058555290606,false,554202,105372950,0.7847058555290606
554202,80329,0.8904281064606743,false,554202,80329,0.8904281064606743
554202,109729169,0.7795801830830376,false,554202,109729169,0.7795801830830376
64151,100507118,0.8174679255243673,false,64151,100507118,0.8174679255243673
9232,100507118,0.7527642745961457,false,9232,100507118,0.7527642745961457
9232,991,0.9575825621867526,false,9232,991,0.9575825621867526
253650,654499,0.9370829977841697,false,253650,654499,0.9370829977841697
253650,100996301,0.9490187436394757,false,253650,100996301,0.9490187436394757
253650,9355,0.9357249819127169,false,253650,9355,0.9357249819127169
654499,100996301,0.9270251272968633,false,654499,100996301,0.9270251272968633
654499,9355,0.9999715365578371,false,654499,9355,0.9999715365578371
168002,9076,0.7614055045683521,false,168002,9076,0.7614055045683521
105372950,80329,0.8346174830598847,false,105372950,80329,0.8346174830598847
100507118,991,0.8107978639878074,false,100507118,991,0.8107978639878074
100996301,9355,0.9273856605122777,false,100996301,9355,0.9273856605122777
