654499
729447
64699
51361
111216286
105373150
54854
80714
729442
8318
8538
6495
