253650
79733
100288637
51203
4751
9212
51198
112268037
10024
374946
27178
100048912
100289137
347252
53820
2301
158228
105374986
