83648
9378
219970
105377043
1058
64094
1047
105369315
150468
574414
6690
9787
