79100
3229
731220
646024
105376041
338376
100505994
554202
107985492
5101
