728833
3670
641
55355
6241
1870
6790
3783
131578
64151
