1063
284958
1630
80329
6241
23397
103689845
259266
100289137
79801
8352
