55388
100422978
105378305
728833
1047
699
283078
10481
144455
100874530
7153
360205
1063
63967
4751
54821
107985017
55355
23397
57405
259266
157313
54443
10460
729533
146909
9582
55165
112268460
57082
221150
554282
701
101927813
105372115
991
9355
653820
1062
157570
10615
105377508
150468
