Interaction,name,Pearson,selected,shared interaction,shared name,Weight
100126311,4321,0.9107988819008878,false,100126311,4321,0.9107988819008878
100126311,653149,0.8341916530415316,false,100126311,653149,0.8341916530415316
100126311,57624,0.8190674348555049,false,100126311,57624,0.8190674348555049
100126311,107986951,0.9497984131694364,false,100126311,107986951,0.9497984131694364
728833,79801,0.8239895110095488,false,728833,79801,0.8239895110095488
728833,7272,0.8152212211699288,false,728833,7272,0.8152212211699288
728833,144455,0.8440061683070939,false,728833,144455,0.8440061683070939
728833,9824,0.8201121279132428,false,728833,9824,0.8201121279132428
728833,63967,0.8987001387872543,false,728833,63967,0.8987001387872543
728833,55165,0.9014298501150478,false,728833,55165,0.9014298501150478
728833,1033,0.8761219171041127,false,728833,1033,0.8761219171041127
728833,105369315,0.8063183808098969,false,728833,105369315,0.8063183808098969
728833,9493,0.8810538621129804,false,728833,9493,0.8810538621129804
728833,554282,0.9398904621903093,false,728833,554282,0.9398904621903093
728833,55143,0.8949636375585436,false,728833,55143,0.8949636375585436
728833,10721,0.8441243179941149,false,728833,10721,0.8441243179941149
728833,51203,0.8680618080765233,false,728833,51203,0.8680618080765233
728833,729533,0.9187743444886948,false,728833,729533,0.9187743444886948
728833,3832,0.8530977812901966,false,728833,3832,0.8530977812901966
728833,57082,0.9048563930820132,false,728833,57082,0.9048563930820132
728833,9055,0.8552158859308366,false,728833,9055,0.8552158859308366
728833,157570,0.8712879274777562,false,728833,157570,0.8712879274777562
728833,891,0.8551346353535095,false,728833,891,0.8551346353535095
728833,4751,0.8354748636220525,false,728833,4751,0.8354748636220525
728833,151648,0.8047231310460089,false,728833,151648,0.8047231310460089
728833,899,0.829880619308542,false,728833,899,0.829880619308542
728833,55723,0.8336251628644534,false,728833,55723,0.8336251628644534
728833,201299,0.8043274867889078,false,728833,201299,0.8043274867889078
728833,22974,0.8747585934506572,false,728833,22974,0.8747585934506572
728833,64151,0.9599511867538353,false,728833,64151,0.9599511867538353
728833,701,0.9641025578551727,false,728833,701,0.9641025578551727
102606463,2625,0.8473112991827406,false,102606463,2625,0.8473112991827406
102606463,107985436,0.8306134963972576,false,102606463,107985436,0.8306134963972576
102606463,374946,0.8357561103598704,false,102606463,374946,0.8357561103598704
102606463,7546,0.8971758161512199,false,102606463,7546,0.8971758161512199
102606463,2301,0.8437874960244617,false,102606463,2301,0.8437874960244617
102606463,4166,0.8723718191265452,false,102606463,4166,0.8723718191265452
102606463,9212,0.8492213932263036,false,102606463,9212,0.8492213932263036
102606463,11001,0.8680807339802077,false,102606463,11001,0.8680807339802077
102606463,253650,0.8088924233318052,false,102606463,253650,0.8088924233318052
79801,63967,0.8606883441060666,false,79801,63967,0.8606883441060666
79801,55143,0.9233321815686968,false,79801,55143,0.9233321815686968
79801,3161,0.9366506570996479,false,79801,3161,0.9366506570996479
79801,3832,0.8339930456821403,false,79801,3832,0.8339930456821403
79801,157570,0.9576486347203778,false,79801,157570,0.9576486347203778
79801,11130,0.8261929406224426,false,79801,11130,0.8261929406224426
79801,891,0.8681527443538111,false,79801,891,0.8681527443538111
79801,4751,0.8327095966106263,false,79801,4751,0.8327095966106263
79801,22974,0.9436323261462536,false,79801,22974,0.9436323261462536
79801,11004,0.8588952441109202,false,79801,11004,0.8588952441109202
79801,64151,0.8564065615660924,false,79801,64151,0.8564065615660924
79801,101927813,0.8362907470692189,false,79801,101927813,0.8362907470692189
7272,100874028,0.8836516538588326,false,7272,100874028,0.8836516538588326
7272,729533,0.86280887650691,false,7272,729533,0.86280887650691
7272,89958,0.9147612068170028,false,7272,89958,0.9147612068170028
7272,3832,0.9315410437595619,false,7272,3832,0.9315410437595619
7272,157570,0.8117274050420005,false,7272,157570,0.8117274050420005
7272,11130,0.8098785504592766,false,7272,11130,0.8098785504592766
7272,891,0.8866764159654928,false,7272,891,0.8866764159654928
7272,11004,0.8132430305385613,false,7272,11004,0.8132430305385613
7272,64151,0.8165044767611449,false,7272,64151,0.8165044767611449
7272,701,0.8480467414199433,false,7272,701,0.8480467414199433
105370960,84107,0.935933216830083,false,105370960,84107,0.935933216830083
105370960,2290,0.9301020270363349,false,105370960,2290,0.9301020270363349
105370960,6860,0.8018475311933164,false,105370960,6860,0.8018475311933164
105370960,7545,0.9511405578323295,false,105370960,7545,0.9511405578323295
105370960,339256,0.8299720456639899,false,105370960,339256,0.8299720456639899
105370960,107984763,0.9477970674245899,false,105370960,107984763,0.9477970674245899
105370960,58,0.9626588589028691,false,105370960,58,0.9626588589028691
105370960,105375622,0.9760750847126919,false,105370960,105375622,0.9760750847126919
105370960,107985513,0.8647329627166921,false,105370960,107985513,0.8647329627166921
105370960,347252,0.9324984016408975,false,105370960,347252,0.9324984016408975
105370960,55723,0.8206623142100397,false,105370960,55723,0.8206623142100397
105370960,6690,0.9484105594780463,false,105370960,6690,0.9484105594780463
105370960,107984129,0.9183924892054619,false,105370960,107984129,0.9183924892054619
105370960,389336,0.935129685130304,false,105370960,389336,0.935129685130304
105370960,100506827,0.8706394291980307,false,105370960,100506827,0.8706394291980307
105370960,4004,0.9778307155064055,false,105370960,4004,0.9778307155064055
105370960,81624,0.9388160589761052,false,105370960,81624,0.9388160589761052
105370960,100996301,0.9453206661462429,false,105370960,100996301,0.9453206661462429
144455,105374166,0.838655173410476,false,144455,105374166,0.838655173410476
144455,101927354,0.8144683086485438,false,144455,101927354,0.8144683086485438
144455,9493,0.8291975117813729,false,144455,9493,0.8291975117813729
144455,105376878,0.9165474281781547,false,144455,105376878,0.9165474281781547
144455,729533,0.8452030024015655,false,144455,729533,0.8452030024015655
144455,105370924,0.8363250438051696,false,144455,105370924,0.8363250438051696
144455,103689845,0.8004417864405445,false,144455,103689845,0.8004417864405445
144455,105378523,0.8724345642833905,false,144455,105378523,0.8724345642833905
144455,157570,0.8176803279949891,false,144455,157570,0.8176803279949891
144455,101929690,0.8056319695248402,false,144455,101929690,0.8056319695248402
144455,11130,0.8814556553620068,false,144455,11130,0.8814556553620068
144455,145873,0.8778148236511529,false,144455,145873,0.8778148236511529
144455,9388,0.8051867911805421,false,144455,9388,0.8051867911805421
144455,105377404,0.8014718061356064,false,144455,105377404,0.8014718061356064
144455,1301,0.8453736734915352,false,144455,1301,0.8453736734915352
144455,151760,0.8154199958414143,false,144455,151760,0.8154199958414143
144455,105370953,0.802550566825783,false,144455,105370953,0.802550566825783
144455,105371275,0.8791234647121496,false,144455,105371275,0.8791234647121496
144455,1630,0.8308288290275666,false,144455,1630,0.8308288290275666
144455,11004,0.8895187337399711,false,144455,11004,0.8895187337399711
144455,105372950,0.8200336287742105,false,144455,105372950,0.8200336287742105
144455,26150,0.9204963624279299,false,144455,26150,0.9204963624279299
79733,10024,0.8363507830824,false,79733,10024,0.8363507830824
79733,51203,0.8950701875433883,false,79733,51203,0.8950701875433883
79733,7546,0.8473023859060814,false,79733,7546,0.8473023859060814
79733,53820,0.9138781842483803,false,79733,53820,0.9138781842483803
79733,4751,0.8566910627089117,false,79733,4751,0.8566910627089117
79733,899,0.819289793596296,false,79733,899,0.819289793596296
79733,6790,0.8448556484125804,false,79733,6790,0.8448556484125804
79733,701,0.8090826974793011,false,79733,701,0.8090826974793011
2625,107985436,0.9041660269186869,false,2625,107985436,0.9041660269186869
2625,374946,0.9429267134309278,false,2625,374946,0.9429267134309278
2625,7546,0.8799845452585807,false,2625,7546,0.8799845452585807
2625,2301,0.8341715878390833,false,2625,2301,0.8341715878390833
2625,4166,0.8607524418444156,false,2625,4166,0.8607524418444156
2625,3664,0.8058545748745821,false,2625,3664,0.8058545748745821
2625,9212,0.9238604640036265,false,2625,9212,0.9238604640036265
2625,11001,0.9377549794190678,false,2625,11001,0.9377549794190678
2625,253650,0.9139816726419987,false,2625,253650,0.9139816726419987
2625,23566,0.8554446245021776,false,2625,23566,0.8554446245021776
9824,55165,0.843707395662345,false,9824,55165,0.843707395662345
9824,1033,0.8438618363824024,false,9824,1033,0.8438618363824024
9824,105369315,0.8508142718268741,false,9824,105369315,0.8508142718268741
9824,554282,0.8986505367478202,false,9824,554282,0.8986505367478202
9824,10721,0.8447386647766025,false,9824,10721,0.8447386647766025
9824,1870,0.8853812225462301,false,9824,1870,0.8853812225462301
9824,6860,0.89873115109022,false,9824,6860,0.89873115109022
9824,51203,0.8626664112661264,false,9824,51203,0.8626664112661264
9824,57082,0.9198564343200274,false,9824,57082,0.9198564343200274
9824,9055,0.8425433764078243,false,9824,9055,0.8425433764078243
9824,105375622,0.8451794404381026,false,9824,105375622,0.8451794404381026
9824,147841,0.814112426342993,false,9824,147841,0.814112426342993
9824,347252,0.8050605283649885,false,9824,347252,0.8050605283649885
9824,151648,0.8639135480784124,false,9824,151648,0.8639135480784124
9824,899,0.8097817569094917,false,9824,899,0.8097817569094917
9824,55723,0.8873946857428456,false,9824,55723,0.8873946857428456
9824,6790,0.8592821630183615,false,9824,6790,0.8592821630183615
9824,81624,0.9180866421443443,false,9824,81624,0.9180866421443443
9824,64151,0.8346899638593809,false,9824,64151,0.8346899638593809
9824,701,0.834774989496722,false,9824,701,0.834774989496722
9824,100288637,0.9576028357522913,false,9824,100288637,0.9576028357522913
63967,55165,0.8686762349331886,false,63967,55165,0.8686762349331886
63967,105369315,0.8046746384407474,false,63967,105369315,0.8046746384407474
63967,554282,0.8208800815963988,false,63967,554282,0.8208800815963988
63967,55143,0.8755594780740049,false,63967,55143,0.8755594780740049
63967,10721,0.8659872192893305,false,63967,10721,0.8659872192893305
63967,729533,0.8046880636122504,false,63967,729533,0.8046880636122504
63967,3832,0.8446711607729267,false,63967,3832,0.8446711607729267
63967,9055,0.8299066574969886,false,63967,9055,0.8299066574969886
63967,157570,0.8552859695557843,false,63967,157570,0.8552859695557843
63967,891,0.8165424320078017,false,63967,891,0.8165424320078017
63967,899,0.8392545149127699,false,63967,899,0.8392545149127699
63967,22974,0.8942901100927246,false,63967,22974,0.8942901100927246
63967,11004,0.8252984956096442,false,63967,11004,0.8252984956096442
63967,64151,0.9249551109573297,false,63967,64151,0.9249551109573297
63967,701,0.8348399266761913,false,63967,701,0.8348399266761913
84107,1033,0.8281560181390205,false,84107,1033,0.8281560181390205
84107,2290,0.9254679108888151,false,84107,2290,0.9254679108888151
84107,7545,0.979300355009354,false,84107,7545,0.979300355009354
84107,339256,0.8017750971465897,false,84107,339256,0.8017750971465897
84107,107984763,0.9631282659487868,false,84107,107984763,0.9631282659487868
84107,58,0.9676768857068574,false,84107,58,0.9676768857068574
84107,105375622,0.9257248820673999,false,84107,105375622,0.9257248820673999
84107,10874,0.9197238523258097,false,84107,10874,0.9197238523258097
84107,107985513,0.8538654096150524,false,84107,107985513,0.8538654096150524
84107,347252,0.9197303060635744,false,84107,347252,0.9197303060635744
84107,55723,0.8519398409307919,false,84107,55723,0.8519398409307919
84107,6690,0.9457629430745792,false,84107,6690,0.9457629430745792
84107,107984129,0.9623277209562718,false,84107,107984129,0.9623277209562718
84107,389336,0.9461820633985304,false,84107,389336,0.9461820633985304
84107,100506827,0.965461407752932,false,84107,100506827,0.965461407752932
84107,4004,0.9667439690199143,false,84107,4004,0.9667439690199143
84107,81624,0.9305229070333595,false,84107,81624,0.9305229070333595
84107,100288637,0.8599098040181389,false,84107,100288637,0.8599098040181389
84107,100996301,0.9713544151536265,false,84107,100996301,0.9713544151536265
10024,7546,0.8216747591201273,false,10024,7546,0.8216747591201273
10024,2301,0.8164726969478008,false,10024,2301,0.8164726969478008
10024,4166,0.8074477697159643,false,10024,4166,0.8074477697159643
10024,143662,0.8155909877983493,false,10024,143662,0.8155909877983493
10024,9212,0.8447602967268959,false,10024,9212,0.8447602967268959
105372613,2328,0.8575783474196821,false,105372613,2328,0.8575783474196821
105372613,105375610,0.8476450134950818,false,105372613,105375610,0.8476450134950818
105372613,284240,0.8688912300704471,false,105372613,284240,0.8688912300704471
389903,105374166,0.8276124628206561,false,389903,105374166,0.8276124628206561
389903,101927354,0.8850719856459945,false,389903,101927354,0.8850719856459945
389903,860,0.8147489078900524,false,389903,860,0.8147489078900524
389903,105376878,0.8325189542557551,false,389903,105376878,0.8325189542557551
389903,105370924,0.8252512942874308,false,389903,105370924,0.8252512942874308
389903,103689845,0.8517596283484488,false,389903,103689845,0.8517596283484488
389903,158511,0.9946901756308968,false,389903,158511,0.9946901756308968
389903,7477,0.9151856147909334,false,389903,7477,0.9151856147909334
389903,2019,0.8267588404110938,false,389903,2019,0.8267588404110938
389903,105375077,0.8673435512861402,false,389903,105375077,0.8673435512861402
389903,9388,0.9178438519703193,false,389903,9388,0.9178438519703193
389903,55240,0.8813071046858497,false,389903,55240,0.8813071046858497
389903,1301,0.813922188293614,false,389903,1301,0.813922188293614
389903,151760,0.8237527094124666,false,389903,151760,0.8237527094124666
389903,105370953,0.8026555037337564,false,389903,105370953,0.8026555037337564
389903,1630,0.8234683818806402,false,389903,1630,0.8234683818806402
389903,1573,0.9187178644025781,false,389903,1573,0.9187178644025781
389903,102723547,0.9874399288070043,false,389903,102723547,0.9874399288070043
105371050,1033,0.8222935563694741,false,105371050,1033,0.8222935563694741
105371050,105369315,0.8991614583324251,false,105371050,105369315,0.8991614583324251
105371050,100874028,0.830509740437757,false,105371050,100874028,0.830509740437757
105371050,9133,0.8123106701206023,false,105371050,9133,0.8123106701206023
105371050,1870,0.8326629207036923,false,105371050,1870,0.8326629207036923
105371050,57082,0.8155959625583514,false,105371050,57082,0.8155959625583514
105371050,891,0.8012363019502398,false,105371050,891,0.8012363019502398
105371050,6241,0.8162759279713323,false,105371050,6241,0.8162759279713323
105371050,147841,0.904924969313484,false,105371050,147841,0.904924969313484
105371050,151648,0.8752414494254172,false,105371050,151648,0.8752414494254172
105371050,899,0.9142650063425237,false,105371050,899,0.9142650063425237
105371050,55723,0.803519812819228,false,105371050,55723,0.803519812819228
105371050,201299,0.8611161791106933,false,105371050,201299,0.8611161791106933
105371050,6790,0.8598928628035951,false,105371050,6790,0.8598928628035951
105371050,55771,0.89221929478395,false,105371050,55771,0.89221929478395
6534,134285,0.9597465777375837,false,6534,134285,0.9597465777375837
6534,83648,0.9723413140522787,false,6534,83648,0.9723413140522787
6534,105377123,0.9252764408116119,false,6534,105377123,0.9252764408116119
6534,101928173,0.9786064778995395,false,6534,101928173,0.9786064778995395
6534,101060400,0.8372228042664054,false,6534,101060400,0.8372228042664054
6534,102467080,0.9187029388926767,false,6534,102467080,0.9187029388926767
105374166,101927354,0.897204977583731,false,105374166,101927354,0.897204977583731
105374166,53836,0.9177076957686846,false,105374166,53836,0.9177076957686846
105374166,860,0.9146446120786373,false,105374166,860,0.9146446120786373
105374166,105376878,0.8633897280051913,false,105374166,105376878,0.8633897280051913
105374166,105370924,0.9646856826442208,false,105374166,105370924,0.9646856826442208
105374166,103689845,0.9718735758733855,false,105374166,103689845,0.9718735758733855
105374166,158511,0.8585744541047025,false,105374166,158511,0.8585744541047025
105374166,131578,0.9328587859500393,false,105374166,131578,0.9328587859500393
105374166,7477,0.9628365131161972,false,105374166,7477,0.9628365131161972
105374166,105378523,0.9612615413861653,false,105374166,105378523,0.9612615413861653
105374166,101929690,0.8839651045139265,false,105374166,101929690,0.8839651045139265
105374166,11130,0.881774926054718,false,105374166,11130,0.881774926054718
105374166,145873,0.9086616865743554,false,105374166,145873,0.9086616865743554
105374166,103695435,0.8801781530783741,false,105374166,103695435,0.8801781530783741
105374166,81607,0.8892189799611702,false,105374166,81607,0.8892189799611702
105374166,9388,0.9557970707147143,false,105374166,9388,0.9557970707147143
105374166,105377404,0.9665779115983508,false,105374166,105377404,0.9665779115983508
105374166,55240,0.8349752542385505,false,105374166,55240,0.8349752542385505
105374166,1301,0.9563333996636185,false,105374166,1301,0.9563333996636185
105374166,151760,0.9744144353206649,false,105374166,151760,0.9744144353206649
105374166,105370953,0.9661707686013258,false,105374166,105370953,0.9661707686013258
105374166,105371275,0.9557681491013633,false,105374166,105371275,0.9557681491013633
105374166,1630,0.9777649412372944,false,105374166,1630,0.9777649412372944
105374166,11004,0.8183845575360341,false,105374166,11004,0.8183845575360341
105374166,1573,0.8494536345099145,false,105374166,1573,0.8494536345099145
105374166,105372950,0.9348833185959383,false,105374166,105372950,0.9348833185959383
105374166,26150,0.8715921984223644,false,105374166,26150,0.8715921984223644
105374166,102723547,0.9031274505998488,false,105374166,102723547,0.9031274505998488
105374166,102723834,0.8750325634616515,false,105374166,102723834,0.8750325634616515
101927354,53836,0.8547522383320085,false,101927354,53836,0.8547522383320085
101927354,860,0.9625424464400895,false,101927354,860,0.9625424464400895
101927354,105376878,0.9040014735990054,false,101927354,105376878,0.9040014735990054
101927354,105370924,0.9318194846673488,false,101927354,105370924,0.9318194846673488
101927354,103689845,0.9044047374732093,false,101927354,103689845,0.9044047374732093
101927354,158511,0.9106177540331364,false,101927354,158511,0.9106177540331364
101927354,131578,0.9480831424065296,false,101927354,131578,0.9480831424065296
101927354,7477,0.9576242564978097,false,101927354,7477,0.9576242564978097
101927354,105378523,0.8708737634199019,false,101927354,105378523,0.8708737634199019
101927354,101929690,0.9108811193483098,false,101927354,101929690,0.9108811193483098
101927354,145873,0.8541649930298978,false,101927354,145873,0.8541649930298978
101927354,105375077,0.9131728980819702,false,101927354,105375077,0.9131728980819702
101927354,81607,0.8871041845016808,false,101927354,81607,0.8871041845016808
101927354,9388,0.9481021179460206,false,101927354,9388,0.9481021179460206
101927354,105377404,0.8475662463619805,false,101927354,105377404,0.8475662463619805
101927354,55240,0.9671640396683079,false,101927354,55240,0.9671640396683079
101927354,1301,0.889313084649016,false,101927354,1301,0.889313084649016
101927354,151760,0.8973747390054023,false,101927354,151760,0.8973747390054023
101927354,105370953,0.8803922181954784,false,101927354,105370953,0.8803922181954784
101927354,105371275,0.8643866298947335,false,101927354,105371275,0.8643866298947335
101927354,1630,0.9203727841821554,false,101927354,1630,0.9203727841821554
101927354,11004,0.8185123821128707,false,101927354,11004,0.8185123821128707
101927354,1573,0.8938565912395497,false,101927354,1573,0.8938565912395497
101927354,105372950,0.945289427744995,false,101927354,105372950,0.945289427744995
101927354,26150,0.8606425815523374,false,101927354,26150,0.8606425815523374
101927354,102723547,0.9261512871573979,false,101927354,102723547,0.9261512871573979
101927354,102723834,0.8514311256549617,false,101927354,102723834,0.8514311256549617
55165,1033,0.924039255905614,false,55165,1033,0.924039255905614
55165,105369315,0.8498453887346219,false,55165,105369315,0.8498453887346219
55165,9493,0.9158449740466038,false,55165,9493,0.9158449740466038
55165,554282,0.8945186239411002,false,55165,554282,0.8945186239411002
55165,10721,0.8937383665331383,false,55165,10721,0.8937383665331383
55165,1870,0.8152112518756293,false,55165,1870,0.8152112518756293
55165,6860,0.8023188950185336,false,55165,6860,0.8023188950185336
55165,729533,0.9077003236718482,false,55165,729533,0.9077003236718482
55165,3832,0.8032280117057372,false,55165,3832,0.8032280117057372
55165,57082,0.8918092277352002,false,55165,57082,0.8918092277352002
55165,9055,0.8815852482686586,false,55165,9055,0.8815852482686586
55165,339256,0.831779844839756,false,55165,339256,0.831779844839756
55165,6241,0.8138093789515389,false,55165,6241,0.8138093789515389
55165,147841,0.8236994282131365,false,55165,147841,0.8236994282131365
55165,151648,0.8974852420406044,false,55165,151648,0.8974852420406044
55165,55723,0.8748488708021342,false,55165,55723,0.8748488708021342
55165,81624,0.8011977335652475,false,55165,81624,0.8011977335652475
55165,64151,0.8870058002514623,false,55165,64151,0.8870058002514623
55165,701,0.842580230367538,false,55165,701,0.842580230367538
1033,105369315,0.9013795896112895,false,1033,105369315,0.9013795896112895
1033,9493,0.9075907270319125,false,1033,9493,0.9075907270319125
1033,554282,0.9413628041977066,false,1033,554282,0.9413628041977066
1033,51203,0.8817191658878283,false,1033,51203,0.8817191658878283
1033,729533,0.9210820677099767,false,1033,729533,0.9210820677099767
1033,57082,0.9454516911875063,false,1033,57082,0.9454516911875063
1033,339256,0.8874770736506437,false,1033,339256,0.8874770736506437
1033,107984763,0.8210751395468527,false,1033,107984763,0.8210751395468527
1033,10874,0.8043896314169182,false,1033,10874,0.8043896314169182
1033,6241,0.8672827416906695,false,1033,6241,0.8672827416906695
1033,107985513,0.8831060181173844,false,1033,107985513,0.8831060181173844
1033,147841,0.8073876778624376,false,1033,147841,0.8073876778624376
1033,151648,0.8958180896423928,false,1033,151648,0.8958180896423928
1033,55723,0.9421564314807168,false,1033,55723,0.9421564314807168
1033,201299,0.8009063593514063,false,1033,201299,0.8009063593514063
1033,107984129,0.8613118461560002,false,1033,107984129,0.8613118461560002
1033,100506827,0.8309928220682296,false,1033,100506827,0.8309928220682296
1033,81624,0.8517576947812914,false,1033,81624,0.8517576947812914
1033,64151,0.8061025284798535,false,1033,64151,0.8061025284798535
1033,701,0.8348838062469787,false,1033,701,0.8348838062469787
1033,100288637,0.8229754391544472,false,1033,100288637,0.8229754391544472
1033,100996301,0.8236324586687813,false,1033,100996301,0.8236324586687813
105369315,554282,0.8873238606553108,false,105369315,554282,0.8873238606553108
105369315,1870,0.8469415814318284,false,105369315,1870,0.8469415814318284
105369315,51203,0.8129663736285309,false,105369315,51203,0.8129663736285309
105369315,729533,0.8462012787239617,false,105369315,729533,0.8462012787239617
105369315,57082,0.870744564229691,false,105369315,57082,0.870744564229691
105369315,6241,0.8188073624905947,false,105369315,6241,0.8188073624905947
105369315,147841,0.8187860781938789,false,105369315,147841,0.8187860781938789
105369315,151648,0.8747336857968117,false,105369315,151648,0.8747336857968117
105369315,899,0.88051831002413,false,105369315,899,0.88051831002413
105369315,55723,0.8393534914990055,false,105369315,55723,0.8393534914990055
105369315,107984129,0.8095114797830061,false,105369315,107984129,0.8095114797830061
105369315,6790,0.8385274012115709,false,105369315,6790,0.8385274012115709
105369315,55771,0.8197572009885614,false,105369315,55771,0.8197572009885614
9493,554282,0.8917449368942122,false,9493,554282,0.8917449368942122
9493,9133,0.8373957639962059,false,9493,9133,0.8373957639962059
9493,10721,0.8014238034902224,false,9493,10721,0.8014238034902224
9493,729533,0.9707046617131427,false,9493,729533,0.9707046617131427
9493,57082,0.8547609250663384,false,9493,57082,0.8547609250663384
9493,9055,0.848172765453458,false,9493,9055,0.848172765453458
9493,339256,0.8619235208919631,false,9493,339256,0.8619235208919631
9493,6241,0.9029095391723116,false,9493,6241,0.9029095391723116
9493,107985513,0.8371926581933842,false,9493,107985513,0.8371926581933842
9493,151648,0.8820251950639533,false,9493,151648,0.8820251950639533
9493,55723,0.8956359425076735,false,9493,55723,0.8956359425076735
9493,64151,0.8202799463188193,false,9493,64151,0.8202799463188193
9493,701,0.8666419203473275,false,9493,701,0.8666419203473275
53836,860,0.8752503358617796,false,53836,860,0.8752503358617796
53836,105370924,0.9087419237896163,false,53836,105370924,0.9087419237896163
53836,103689845,0.8976186015813983,false,53836,103689845,0.8976186015813983
53836,131578,0.8805978040789647,false,53836,131578,0.8805978040789647
53836,7477,0.9385168516188785,false,53836,7477,0.9385168516188785
53836,105378523,0.8832459659609708,false,53836,105378523,0.8832459659609708
53836,101929690,0.8262544514809648,false,53836,101929690,0.8262544514809648
53836,145873,0.872280326291071,false,53836,145873,0.872280326291071
53836,103695435,0.8042156110501893,false,53836,103695435,0.8042156110501893
53836,81607,0.9856802984984989,false,53836,81607,0.9856802984984989
53836,9388,0.9051459545763169,false,53836,9388,0.9051459545763169
53836,105377404,0.9175925190632207,false,53836,105377404,0.9175925190632207
53836,55240,0.8628415393824304,false,53836,55240,0.8628415393824304
53836,1301,0.8880950048454754,false,53836,1301,0.8880950048454754
53836,151760,0.9234965518318671,false,53836,151760,0.9234965518318671
53836,105370953,0.9322715955049294,false,53836,105370953,0.9322715955049294
53836,105371275,0.8916116623493822,false,53836,105371275,0.8916116623493822
53836,1630,0.9238726801269745,false,53836,1630,0.9238726801269745
53836,1573,0.8636598084065509,false,53836,1573,0.8636598084065509
53836,105372950,0.8864373636414533,false,53836,105372950,0.8864373636414533
53836,102723547,0.8426075925065701,false,53836,102723547,0.8426075925065701
53836,102723834,0.8206038280330916,false,53836,102723834,0.8206038280330916
100874028,9133,0.8901518914973718,false,100874028,9133,0.8901518914973718
100874028,1870,0.839730740363501,false,100874028,1870,0.839730740363501
100874028,729533,0.8589281330549302,false,100874028,729533,0.8589281330549302
100874028,89958,0.8838392254848894,false,100874028,89958,0.8838392254848894
100874028,3832,0.8836826763695937,false,100874028,3832,0.8836826763695937
100874028,891,0.8327998226710194,false,100874028,891,0.8327998226710194
100874028,6241,0.8684231302223767,false,100874028,6241,0.8684231302223767
100874028,147841,0.8686956198536866,false,100874028,147841,0.8686956198536866
100874028,151648,0.8612824146287461,false,100874028,151648,0.8612824146287461
100874028,899,0.8210165318554699,false,100874028,899,0.8210165318554699
100874028,6790,0.8127130407934192,false,100874028,6790,0.8127130407934192
100874028,113115,0.9025122417165625,false,100874028,113115,0.9025122417165625
554282,10721,0.8067703667396744,false,554282,10721,0.8067703667396744
554282,51203,0.9327851329656195,false,554282,51203,0.9327851329656195
554282,729533,0.9040355102094269,false,554282,729533,0.9040355102094269
554282,57082,0.9606755020538997,false,554282,57082,0.9606755020538997
554282,9055,0.8210149890992698,false,554282,9055,0.8210149890992698
554282,339256,0.8067277130260062,false,554282,339256,0.8067277130260062
554282,10874,0.8029873526074969,false,554282,10874,0.8029873526074969
554282,151648,0.8914815924458349,false,554282,151648,0.8914815924458349
554282,899,0.8160754605226163,false,554282,899,0.8160754605226163
554282,55723,0.9307258501091552,false,554282,55723,0.9307258501091552
554282,201299,0.8564248424089196,false,554282,201299,0.8564248424089196
554282,81624,0.824744097086347,false,554282,81624,0.824744097086347
554282,64151,0.884206638738371,false,554282,64151,0.884206638738371
554282,701,0.923200319492536,false,554282,701,0.923200319492536
554282,100288637,0.8602297581722342,false,554282,100288637,0.8602297581722342
9133,2290,0.8374647629146936,false,9133,2290,0.8374647629146936
9133,5101,0.9012568707962977,false,9133,5101,0.9012568707962977
9133,1870,0.8243916851894921,false,9133,1870,0.8243916851894921
9133,729533,0.8434133224343955,false,9133,729533,0.8434133224343955
9133,107984763,0.8421316172037389,false,9133,107984763,0.8421316172037389
9133,10874,0.8092892521052777,false,9133,10874,0.8092892521052777
9133,6241,0.9740221576760355,false,9133,6241,0.9740221576760355
9133,147841,0.8997150349905855,false,9133,147841,0.8997150349905855
9133,151648,0.8917554047591717,false,9133,151648,0.8917554047591717
9133,55723,0.8455065435850685,false,9133,55723,0.8455065435850685
9133,113115,0.8875037117263527,false,9133,113115,0.8875037117263527
9133,100996301,0.8187194935627646,false,9133,100996301,0.8187194935627646
2328,105375610,0.9037578783712661,false,2328,105375610,0.9037578783712661
2328,284240,0.9462547030927636,false,2328,284240,0.9462547030927636
55143,10721,0.8479251793417141,false,55143,10721,0.8479251793417141
55143,3161,0.9251256903424667,false,55143,3161,0.9251256903424667
55143,3832,0.8452274582244395,false,55143,3832,0.8452274582244395
55143,9055,0.835063874313777,false,55143,9055,0.835063874313777
55143,157570,0.9539737968200604,false,55143,157570,0.9539737968200604
55143,11130,0.8463104659396574,false,55143,11130,0.8463104659396574
55143,891,0.8425636206052161,false,55143,891,0.8425636206052161
55143,4751,0.8594461362910641,false,55143,4751,0.8594461362910641
55143,899,0.8067845092111606,false,55143,899,0.8067845092111606
55143,22974,0.9485553578093094,false,55143,22974,0.9485553578093094
55143,11004,0.8195993033248771,false,55143,11004,0.8195993033248771
55143,64151,0.923684651180722,false,55143,64151,0.923684651180722
55143,701,0.9044863526691355,false,55143,701,0.9044863526691355
55143,101927813,0.8520732457630036,false,55143,101927813,0.8520732457630036
10721,1870,0.8293536142707515,false,10721,1870,0.8293536142707515
10721,6860,0.8043037289084745,false,10721,6860,0.8043037289084745
10721,9055,0.964622140525529,false,10721,9055,0.964622140525529
10721,64151,0.8933207332183384,false,10721,64151,0.8933207332183384
10721,701,0.8347650407268696,false,10721,701,0.8347650407268696
134285,83648,0.9600713317400827,false,134285,83648,0.9600713317400827
134285,105377123,0.90493430684649,false,134285,105377123,0.90493430684649
134285,101928173,0.9420921131383052,false,134285,101928173,0.9420921131383052
134285,101060400,0.8223908926424862,false,134285,101060400,0.8223908926424862
134285,102467080,0.9019877819155951,false,134285,102467080,0.9019877819155951
860,105376878,0.8445284434644624,false,860,105376878,0.8445284434644624
860,105370924,0.9642472609494692,false,860,105370924,0.9642472609494692
860,103689845,0.897033625282018,false,860,103689845,0.897033625282018
860,158511,0.8449851108180492,false,860,158511,0.8449851108180492
860,131578,0.9730945381550943,false,860,131578,0.9730945381550943
860,7477,0.9408194275876699,false,860,7477,0.9408194275876699
860,105378523,0.8687903826401718,false,860,105378523,0.8687903826401718
860,101929690,0.9657271512968439,false,860,101929690,0.9657271512968439
860,145873,0.8218977586818708,false,860,145873,0.8218977586818708
860,103695435,0.8184970534198138,false,860,103695435,0.8184970534198138
860,105375077,0.8515495889352159,false,860,105375077,0.8515495889352159
860,81607,0.9108824645381729,false,860,81607,0.9108824645381729
860,9388,0.926999014380154,false,860,9388,0.926999014380154
860,105377404,0.8680186360064994,false,860,105377404,0.8680186360064994
860,55240,0.9415069058648513,false,860,55240,0.9415069058648513
860,1301,0.9407170838918208,false,860,1301,0.9407170838918208
860,151760,0.9104940950068903,false,860,151760,0.9104940950068903
860,105370953,0.9105538146790502,false,860,105370953,0.9105538146790502
860,105371275,0.8928308807129322,false,860,105371275,0.8928308807129322
860,1630,0.9502554459467772,false,860,1630,0.9502554459467772
860,1573,0.8429833178165669,false,860,1573,0.8429833178165669
860,105372950,0.9430776095595768,false,860,105372950,0.9430776095595768
860,26150,0.8403747848051678,false,860,26150,0.8403747848051678
860,102723547,0.8759400896114193,false,860,102723547,0.8759400896114193
860,102723834,0.8921491024307577,false,860,102723834,0.8921491024307577
105376878,105370924,0.8637361555210545,false,105376878,105370924,0.8637361555210545
105376878,103689845,0.8358028093714959,false,105376878,103689845,0.8358028093714959
105376878,158511,0.8475302828316517,false,105376878,158511,0.8475302828316517
105376878,131578,0.8369564804940849,false,105376878,131578,0.8369564804940849
105376878,7477,0.8792211112502956,false,105376878,7477,0.8792211112502956
105376878,105378523,0.8750874100614795,false,105376878,105378523,0.8750874100614795
105376878,101929690,0.8272136484162715,false,105376878,101929690,0.8272136484162715
105376878,145873,0.847955316580967,false,105376878,145873,0.847955316580967
105376878,9388,0.8589479740478266,false,105376878,9388,0.8589479740478266
105376878,55240,0.842908658721199,false,105376878,55240,0.842908658721199
105376878,1301,0.8377222729400516,false,105376878,1301,0.8377222729400516
105376878,151760,0.8377997874097926,false,105376878,151760,0.8377997874097926
105376878,105370953,0.8093558069976963,false,105376878,105370953,0.8093558069976963
105376878,105371275,0.8450445582957423,false,105376878,105371275,0.8450445582957423
105376878,1630,0.8529918783447539,false,105376878,1630,0.8529918783447539
105376878,11004,0.8104762509911242,false,105376878,11004,0.8104762509911242
105376878,1573,0.8643916991007152,false,105376878,1573,0.8643916991007152
105376878,105372950,0.8457686640768713,false,105376878,105372950,0.8457686640768713
105376878,26150,0.8605824893022607,false,105376878,26150,0.8605824893022607
105376878,102723547,0.8679406592008525,false,105376878,102723547,0.8679406592008525
2290,7545,0.9126601816912545,false,2290,7545,0.9126601816912545
2290,107984763,0.9679975451419873,false,2290,107984763,0.9679975451419873
2290,58,0.9652072836652279,false,2290,58,0.9652072836652279
2290,105375622,0.925462285289209,false,2290,105375622,0.925462285289209
2290,10874,0.8571969278784528,false,2290,10874,0.8571969278784528
2290,6241,0.8652156421400998,false,2290,6241,0.8652156421400998
2290,107985513,0.8585283154523493,false,2290,107985513,0.8585283154523493
2290,347252,0.893887257453477,false,2290,347252,0.893887257453477
2290,55723,0.8227481265425061,false,2290,55723,0.8227481265425061
2290,6690,0.9544340501210746,false,2290,6690,0.9544340501210746
2290,107984129,0.9027776027723645,false,2290,107984129,0.9027776027723645
2290,389336,0.952681992646088,false,2290,389336,0.952681992646088
2290,100506827,0.8450945739891321,false,2290,100506827,0.8450945739891321
2290,4004,0.9609612478031184,false,2290,4004,0.9609612478031184
2290,81624,0.9184488027200577,false,2290,81624,0.9184488027200577
2290,100996301,0.9826034257407844,false,2290,100996301,0.9826034257407844
5101,6241,0.8318562308909931,false,5101,6241,0.8318562308909931
5101,113115,0.8539655587621267,false,5101,113115,0.8539655587621267
5101,57167,0.8184593269474413,false,5101,57167,0.8184593269474413
105375610,284240,0.9347219940289594,false,105375610,284240,0.9347219940289594
1870,57082,0.8295338065758853,false,1870,57082,0.8295338065758853
1870,9055,0.8539657463880593,false,1870,9055,0.8539657463880593
1870,6241,0.822257340165812,false,1870,6241,0.822257340165812
1870,147841,0.9049059509091623,false,1870,147841,0.9049059509091623
1870,151648,0.9271749156069657,false,1870,151648,0.9271749156069657
1870,899,0.8684397442231797,false,1870,899,0.8684397442231797
1870,55723,0.8419234519429263,false,1870,55723,0.8419234519429263
1870,6790,0.8920746178625871,false,1870,6790,0.8920746178625871
1870,100288637,0.8377941862017595,false,1870,100288637,0.8377941862017595
4321,653149,0.8240474030008466,false,4321,653149,0.8240474030008466
4321,50615,0.828065431975279,false,4321,50615,0.828065431975279
4321,57624,0.8126705185931008,false,4321,57624,0.8126705185931008
4321,107986951,0.9685116607814983,false,4321,107986951,0.9685116607814983
107985436,374946,0.9155574749248161,false,107985436,374946,0.9155574749248161
107985436,2301,0.8495765490466342,false,107985436,2301,0.8495765490466342
107985436,4166,0.84406094888774,false,107985436,4166,0.84406094888774
107985436,3664,0.8409538014435459,false,107985436,3664,0.8409538014435459
107985436,9212,0.9034439409882119,false,107985436,9212,0.9034439409882119
107985436,11001,0.8556480060778572,false,107985436,11001,0.8556480060778572
107985436,253650,0.8467905701115982,false,107985436,253650,0.8467905701115982
6860,9055,0.8117700642253358,false,6860,9055,0.8117700642253358
6860,339256,0.8075844910816877,false,6860,339256,0.8075844910816877
6860,105375622,0.8714581190132269,false,6860,105375622,0.8714581190132269
6860,4004,0.8007109164710746,false,6860,4004,0.8007109164710746
6860,81624,0.9046103082835004,false,6860,81624,0.9046103082835004
6860,100288637,0.8517822135494342,false,6860,100288637,0.8517822135494342
3161,7546,0.8110701513903359,false,3161,7546,0.8110701513903359
3161,157570,0.903784425882149,false,3161,157570,0.903784425882149
3161,2301,0.8259370410407553,false,3161,2301,0.8259370410407553
3161,891,0.8392198252850732,false,3161,891,0.8392198252850732
3161,4751,0.8834924296012362,false,3161,4751,0.8834924296012362
3161,22974,0.9226892439794088,false,3161,22974,0.9226892439794088
3161,64151,0.8216474071315218,false,3161,64151,0.8216474071315218
3161,101927813,0.9085753008435329,false,3161,101927813,0.9085753008435329
51203,729533,0.8222156316241186,false,51203,729533,0.8222156316241186
51203,57082,0.9724862796050017,false,51203,57082,0.9724862796050017
51203,53820,0.8749929009848217,false,51203,53820,0.8749929009848217
51203,10874,0.86434079150856,false,51203,10874,0.86434079150856
51203,4751,0.8499602043368721,false,51203,4751,0.8499602043368721
51203,151648,0.8484020560232192,false,51203,151648,0.8484020560232192
51203,899,0.8572514288543744,false,51203,899,0.8572514288543744
51203,55723,0.9215727587420485,false,51203,55723,0.9215727587420485
51203,201299,0.8679991925891007,false,51203,201299,0.8679991925891007
51203,6790,0.8146494014455291,false,51203,6790,0.8146494014455291
51203,64151,0.8434142537720147,false,51203,64151,0.8434142537720147
51203,701,0.9220894880150426,false,51203,701,0.9220894880150426
51203,100288637,0.896926212671163,false,51203,100288637,0.896926212671163
647946,23566,0.8003684421574144,false,647946,23566,0.8003684421574144
729533,89958,0.8274802744670056,false,729533,89958,0.8274802744670056
729533,3832,0.8773011867446798,false,729533,3832,0.8773011867446798
729533,57082,0.8786628153844493,false,729533,57082,0.8786628153844493
729533,9055,0.8169925949505766,false,729533,9055,0.8169925949505766
729533,339256,0.8096418514329965,false,729533,339256,0.8096418514329965
729533,891,0.8139149512068796,false,729533,891,0.8139149512068796
729533,6241,0.9013911470124127,false,729533,6241,0.9013911470124127
729533,147841,0.8336960746969115,false,729533,147841,0.8336960746969115
729533,151648,0.8831673932776446,false,729533,151648,0.8831673932776446
729533,55723,0.8921981789358584,false,729533,55723,0.8921981789358584
729533,64151,0.8667056896328189,false,729533,64151,0.8667056896328189
729533,701,0.8980124786523815,false,729533,701,0.8980124786523815
653149,50615,0.875534827112275,false,653149,50615,0.875534827112275
653149,147741,0.8736699518480522,false,653149,147741,0.8736699518480522
653149,57624,0.964045463976645,false,653149,57624,0.964045463976645
653149,107986951,0.8972853035094924,false,653149,107986951,0.8972853035094924
89958,3832,0.8524048733366971,false,89958,3832,0.8524048733366971
89958,891,0.8556120685370392,false,89958,891,0.8556120685370392
89958,4751,0.8473639180720999,false,89958,4751,0.8473639180720999
89958,899,0.8581254622857603,false,89958,899,0.8581254622857603
89958,6790,0.808752089120045,false,89958,6790,0.808752089120045
105370924,103689845,0.9545506706088943,false,105370924,103689845,0.9545506706088943
105370924,158511,0.8541054252145467,false,105370924,158511,0.8541054252145467
105370924,131578,0.9689652048848086,false,105370924,131578,0.9689652048848086
105370924,7477,0.9621566811178024,false,105370924,7477,0.9621566811178024
105370924,105378523,0.9442067629359688,false,105370924,105378523,0.9442067629359688
105370924,101929690,0.9684860618401582,false,105370924,101929690,0.9684860618401582
105370924,11130,0.8281803233456941,false,105370924,11130,0.8281803233456941
105370924,145873,0.8782829987766114,false,105370924,145873,0.8782829987766114
105370924,103695435,0.8744205677423434,false,105370924,103695435,0.8744205677423434
105370924,81607,0.9102495795940826,false,105370924,81607,0.9102495795940826
105370924,9388,0.9511277413067584,false,105370924,9388,0.9511277413067584
105370924,105377404,0.9418385525467817,false,105370924,105377404,0.9418385525467817
105370924,55240,0.8827271056390023,false,105370924,55240,0.8827271056390023
105370924,101101772,0.8119899867883694,false,105370924,101101772,0.8119899867883694
105370924,1301,0.9753015909947585,false,105370924,1301,0.9753015909947585
105370924,151760,0.969369250781004,false,105370924,151760,0.969369250781004
105370924,105370953,0.9712911607171809,false,105370924,105370953,0.9712911607171809
105370924,105371275,0.9421354223240808,false,105370924,105371275,0.9421354223240808
105370924,1630,0.9944793158649583,false,105370924,1630,0.9944793158649583
105370924,1573,0.8554326152638824,false,105370924,1573,0.8554326152638824
105370924,105372950,0.9487152325771918,false,105370924,105372950,0.9487152325771918
105370924,26150,0.8597774915349412,false,105370924,26150,0.8597774915349412
105370924,102723547,0.8979999068351803,false,105370924,102723547,0.8979999068351803
105370924,102723834,0.8992609395577547,false,105370924,102723834,0.8992609395577547
56300,11130,0.8060200054987537,false,56300,11130,0.8060200054987537
56300,103695435,0.8315625896023744,false,56300,103695435,0.8315625896023744
374946,7546,0.8948473644288789,false,374946,7546,0.8948473644288789
374946,53820,0.8073112851072878,false,374946,53820,0.8073112851072878
374946,2301,0.9221667976620787,false,374946,2301,0.9221667976620787
374946,4166,0.9093243647723425,false,374946,4166,0.9093243647723425
374946,3664,0.8696411701370278,false,374946,3664,0.8696411701370278
374946,9212,0.9111322778242785,false,374946,9212,0.9111322778242785
374946,11001,0.8659211116785881,false,374946,11001,0.8659211116785881
374946,253650,0.9673399514885712,false,374946,253650,0.9673399514885712
374946,23566,0.8932123983554316,false,374946,23566,0.8932123983554316
103689845,158511,0.879452981380264,false,103689845,158511,0.879452981380264
103689845,131578,0.9225761639117461,false,103689845,131578,0.9225761639117461
103689845,7477,0.9604817364523137,false,103689845,7477,0.9604817364523137
103689845,105378523,0.9241628661917891,false,103689845,105378523,0.9241628661917891
103689845,101929690,0.8796947677484388,false,103689845,101929690,0.8796947677484388
103689845,11130,0.8512522006647628,false,103689845,11130,0.8512522006647628
103689845,145873,0.8781281697795581,false,103689845,145873,0.8781281697795581
103689845,103695435,0.8762413175122363,false,103689845,103695435,0.8762413175122363
103689845,81607,0.8745332286678881,false,103689845,81607,0.8745332286678881
103689845,9388,0.9502289845975522,false,103689845,9388,0.9502289845975522
103689845,105377404,0.9483786091507984,false,103689845,105377404,0.9483786091507984
103689845,55240,0.8463621469906453,false,103689845,55240,0.8463621469906453
103689845,1301,0.9297532123087658,false,103689845,1301,0.9297532123087658
103689845,151760,0.958597448003827,false,103689845,151760,0.958597448003827
103689845,105370953,0.9519812162885478,false,103689845,105370953,0.9519812162885478
103689845,105371275,0.9240267467944052,false,103689845,105371275,0.9240267467944052
103689845,1630,0.9631580048864761,false,103689845,1630,0.9631580048864761
103689845,1573,0.8571183816468182,false,103689845,1573,0.8571183816468182
103689845,105372950,0.930477917758796,false,103689845,105372950,0.930477917758796
103689845,26150,0.8633458788049313,false,103689845,26150,0.8633458788049313
103689845,102723547,0.917791868942388,false,103689845,102723547,0.917791868942388
103689845,102723834,0.8432876377325299,false,103689845,102723834,0.8432876377325299
158511,131578,0.8275683992580971,false,158511,131578,0.8275683992580971
158511,7477,0.9369229860102294,false,158511,7477,0.9369229860102294
158511,105378523,0.809610833836163,false,158511,105378523,0.809610833836163
158511,2019,0.82185033937866,false,158511,2019,0.82185033937866
158511,105375077,0.8673153560527792,false,158511,105375077,0.8673153560527792
158511,9388,0.9398673467812365,false,158511,9388,0.9398673467812365
158511,105377404,0.8192134837474171,false,158511,105377404,0.8192134837474171
158511,55240,0.8986783957166699,false,158511,55240,0.8986783957166699
158511,1301,0.8339376633243729,false,158511,1301,0.8339376633243729
158511,151760,0.8531796551398443,false,158511,151760,0.8531796551398443
158511,105370953,0.8281769695746118,false,158511,105370953,0.8281769695746118
158511,105371275,0.811413203234988,false,158511,105371275,0.811413203234988
158511,1630,0.8532035334122031,false,158511,1630,0.8532035334122031
158511,1573,0.9313459272799048,false,158511,1573,0.9313459272799048
158511,105372950,0.8154517435423635,false,158511,105372950,0.8154517435423635
158511,102723547,0.9933013779967717,false,158511,102723547,0.9933013779967717
7546,53820,0.8856867519336141,false,7546,53820,0.8856867519336141
7546,2301,0.9325513940261291,false,7546,2301,0.9325513940261291
7546,4751,0.824450420899055,false,7546,4751,0.824450420899055
7546,4166,0.9383324269418103,false,7546,4166,0.9383324269418103
7546,9212,0.8984059730467971,false,7546,9212,0.8984059730467971
7546,11001,0.8059176391121428,false,7546,11001,0.8059176391121428
7546,253650,0.8685613923897576,false,7546,253650,0.8685613923897576
3832,157570,0.8948196964063159,false,3832,157570,0.8948196964063159
3832,11130,0.8165206027646438,false,3832,11130,0.8165206027646438
3832,891,0.9370946244810119,false,3832,891,0.9370946244810119
3832,899,0.8191307086193921,false,3832,899,0.8191307086193921
3832,22974,0.8466145962789734,false,3832,22974,0.8466145962789734
3832,11004,0.8988149947604255,false,3832,11004,0.8988149947604255
3832,64151,0.8817670205166538,false,3832,64151,0.8817670205166538
3832,701,0.8217286639729541,false,3832,701,0.8217286639729541
131578,7477,0.9453302288525889,false,131578,7477,0.9453302288525889
131578,105378523,0.9152919117652822,false,131578,105378523,0.9152919117652822
131578,101929690,0.9415698327114065,false,131578,101929690,0.9415698327114065
131578,145873,0.868306324019713,false,131578,145873,0.868306324019713
131578,103695435,0.8469634636544611,false,131578,103695435,0.8469634636544611
131578,105375077,0.8466509090466744,false,131578,105375077,0.8466509090466744
131578,81607,0.8979093291520864,false,131578,81607,0.8979093291520864
131578,9388,0.9199712806766235,false,131578,9388,0.9199712806766235
131578,105377404,0.9073453817700579,false,131578,105377404,0.9073453817700579
131578,55240,0.8999709261211056,false,131578,55240,0.8999709261211056
131578,101101772,0.8203238837775106,false,131578,101101772,0.8203238837775106
131578,1301,0.9195460307123654,false,131578,1301,0.9195460307123654
131578,151760,0.9430631227368139,false,131578,151760,0.9430631227368139
131578,105370953,0.9505474352790757,false,131578,105370953,0.9505474352790757
131578,105371275,0.9017458338076741,false,131578,105371275,0.9017458338076741
131578,1630,0.9701711596006307,false,131578,1630,0.9701711596006307
131578,105372950,0.9724837215187752,false,131578,105372950,0.9724837215187752
131578,26150,0.8295533904858228,false,131578,26150,0.8295533904858228
131578,102723547,0.8696903527869231,false,131578,102723547,0.8696903527869231
131578,102723834,0.9424130516267396,false,131578,102723834,0.9424130516267396
57082,9055,0.821868327883538,false,57082,9055,0.821868327883538
57082,339256,0.8008654846484382,false,57082,339256,0.8008654846484382
57082,10874,0.8347240244113356,false,57082,10874,0.8347240244113356
57082,4751,0.8088883625440367,false,57082,4751,0.8088883625440367
57082,6241,0.8002973021692836,false,57082,6241,0.8002973021692836
57082,147841,0.8122792245123649,false,57082,147841,0.8122792245123649
57082,151648,0.9005272715421613,false,57082,151648,0.9005272715421613
57082,899,0.8645403371427632,false,57082,899,0.8645403371427632
57082,55723,0.9635649112649894,false,57082,55723,0.9635649112649894
57082,201299,0.8572794281439092,false,57082,201299,0.8572794281439092
57082,107984129,0.8037521550056772,false,57082,107984129,0.8037521550056772
57082,6790,0.8193418462033086,false,57082,6790,0.8193418462033086
57082,100506827,0.8141806565119564,false,57082,100506827,0.8141806565119564
57082,81624,0.8379379673552004,false,57082,81624,0.8379379673552004
57082,64151,0.8853223280468576,false,57082,64151,0.8853223280468576
57082,701,0.9238657293444146,false,57082,701,0.9238657293444146
57082,100288637,0.9228533384691567,false,57082,100288637,0.9228533384691567
7545,107984763,0.9558801922004183,false,7545,107984763,0.9558801922004183
7545,58,0.951382749958589,false,7545,58,0.951382749958589
7545,105375622,0.9136247697843917,false,7545,105375622,0.9136247697843917
7545,10874,0.847408279361838,false,7545,10874,0.847408279361838
7545,107985513,0.8377181254188988,false,7545,107985513,0.8377181254188988
7545,347252,0.8800848126078875,false,7545,347252,0.8800848126078875
7545,55723,0.8009421045378652,false,7545,55723,0.8009421045378652
7545,6690,0.9384633752183686,false,7545,6690,0.9384633752183686
7545,107984129,0.951767168659064,false,7545,107984129,0.951767168659064
7545,389336,0.9410358893688151,false,7545,389336,0.9410358893688151
7545,100506827,0.9436768817446968,false,7545,100506827,0.9436768817446968
7545,4004,0.9481483016989677,false,7545,4004,0.9481483016989677
7545,81624,0.9055605037256027,false,7545,81624,0.9055605037256027
7545,100996301,0.950194190170547,false,7545,100996301,0.950194190170547
7477,105378523,0.9283354105747134,false,7477,105378523,0.9283354105747134
7477,101929690,0.8903121062311127,false,7477,101929690,0.8903121062311127
7477,11130,0.8295232780068506,false,7477,11130,0.8295232780068506
7477,145873,0.8802924081569088,false,7477,145873,0.8802924081569088
7477,103695435,0.8649579184392776,false,7477,103695435,0.8649579184392776
7477,105375077,0.8501416219693095,false,7477,105375077,0.8501416219693095
7477,81607,0.9312488685993805,false,7477,81607,0.9312488685993805
7477,9388,0.9839696628312984,false,7477,9388,0.9839696628312984
7477,105377404,0.9421269114581451,false,7477,105377404,0.9421269114581451
7477,55240,0.9349810364402705,false,7477,55240,0.9349810364402705
7477,1301,0.934102524092703,false,7477,1301,0.934102524092703
7477,151760,0.9663019996307984,false,7477,151760,0.9663019996307984
7477,105370953,0.9531862229979019,false,7477,105370953,0.9531862229979019
7477,105371275,0.9250685034898203,false,7477,105371275,0.9250685034898203
7477,1630,0.9667748891447184,false,7477,1630,0.9667748891447184
7477,1573,0.9183689138159985,false,7477,1573,0.9183689138159985
7477,105372950,0.9476151569636799,false,7477,105372950,0.9476151569636799
7477,26150,0.836161729400728,false,7477,26150,0.836161729400728
7477,102723547,0.9646916293422317,false,7477,102723547,0.9646916293422317
7477,102723834,0.8600118141161288,false,7477,102723834,0.8600118141161288
9055,151648,0.8314338795706067,false,9055,151648,0.8314338795706067
9055,55723,0.8050424343303713,false,9055,55723,0.8050424343303713
9055,64151,0.8920216117324968,false,9055,64151,0.8920216117324968
9055,701,0.8834784259063447,false,9055,701,0.8834784259063447
53820,10874,0.8054282535721224,false,53820,10874,0.8054282535721224
53820,4751,0.8112557448251889,false,53820,4751,0.8112557448251889
53820,253650,0.8802091536090869,false,53820,253650,0.8802091536090869
339256,107984763,0.8011224596140629,false,339256,107984763,0.8011224596140629
339256,58,0.8558448852387714,false,339256,58,0.8558448852387714
339256,105375622,0.8372083237127783,false,339256,105375622,0.8372083237127783
339256,107985513,0.9874093615077295,false,339256,107985513,0.9874093615077295
339256,55723,0.8648438275622815,false,339256,55723,0.8648438275622815
339256,6690,0.8678072162446676,false,339256,6690,0.8678072162446676
339256,107984129,0.8074390084326258,false,339256,107984129,0.8074390084326258
339256,389336,0.8422036315798616,false,339256,389336,0.8422036315798616
339256,4004,0.8442418851948782,false,339256,4004,0.8442418851948782
339256,81624,0.8587782659827136,false,339256,81624,0.8587782659827136
339256,100996301,0.8379862800642898,false,339256,100996301,0.8379862800642898
107984763,58,0.9645086319758192,false,107984763,58,0.9645086319758192
107984763,105375622,0.9371693721993896,false,107984763,105375622,0.9371693721993896
107984763,10874,0.890817898729986,false,107984763,10874,0.890817898729986
107984763,6241,0.8703501237566927,false,107984763,6241,0.8703501237566927
107984763,107985513,0.859031782157905,false,107984763,107985513,0.859031782157905
107984763,147841,0.8204907464517727,false,107984763,147841,0.8204907464517727
107984763,347252,0.9123154276526678,false,107984763,347252,0.9123154276526678
107984763,151648,0.8414669632337454,false,107984763,151648,0.8414669632337454
107984763,55723,0.8705612095428014,false,107984763,55723,0.8705612095428014
107984763,6690,0.9355210043425704,false,107984763,6690,0.9355210043425704
107984763,107984129,0.9636545050133317,false,107984763,107984129,0.9636545050133317
107984763,389336,0.9289756708180753,false,107984763,389336,0.9289756708180753
107984763,100506827,0.9226689472334866,false,107984763,100506827,0.9226689472334866
107984763,4004,0.9677729652968258,false,107984763,4004,0.9677729652968258
107984763,81624,0.9224253559284954,false,107984763,81624,0.9224253559284954
107984763,100288637,0.8106174800831056,false,107984763,100288637,0.8106174800831056
107984763,100996301,0.9859952464411119,false,107984763,100996301,0.9859952464411119
58,105375622,0.9635587534342374,false,58,105375622,0.9635587534342374
58,10874,0.859168497664847,false,58,10874,0.859168497664847
58,107985513,0.9067066608558585,false,58,107985513,0.9067066608558585
58,347252,0.9437166859423664,false,58,347252,0.9437166859423664
58,55723,0.8382319770384024,false,58,55723,0.8382319770384024
58,6690,0.9834529099238061,false,58,6690,0.9834529099238061
58,107984129,0.9440550201374784,false,58,107984129,0.9440550201374784
58,389336,0.9766140664891524,false,58,389336,0.9766140664891524
58,100506827,0.9127465879297557,false,58,100506827,0.9127465879297557
58,4004,0.9927409328890702,false,58,4004,0.9927409328890702
58,81624,0.9499816411306298,false,58,81624,0.9499816411306298
58,100288637,0.8121684472949395,false,58,100288637,0.8121684472949395
58,100996301,0.9872691247531048,false,58,100996301,0.9872691247531048
105378523,101929690,0.8630936157744171,false,105378523,101929690,0.8630936157744171
105378523,11130,0.8833243427847097,false,105378523,11130,0.8833243427847097
105378523,145873,0.9307451086857718,false,105378523,145873,0.9307451086857718
105378523,103695435,0.9109348180779034,false,105378523,103695435,0.9109348180779034
105378523,81607,0.8521354923047003,false,105378523,81607,0.8521354923047003
105378523,9388,0.9157296350009874,false,105378523,9388,0.9157296350009874
105378523,105377404,0.9449117009524532,false,105378523,105377404,0.9449117009524532
105378523,1301,0.909700513098669,false,105378523,1301,0.909700513098669
105378523,151760,0.9774977622489556,false,105378523,151760,0.9774977622489556
105378523,105370953,0.9633513534619169,false,105378523,105370953,0.9633513534619169
105378523,105371275,0.926057142168322,false,105378523,105371275,0.926057142168322
105378523,1630,0.9598670604202364,false,105378523,1630,0.9598670604202364
105378523,11004,0.804459515533931,false,105378523,11004,0.804459515533931
105378523,1573,0.8002908657163045,false,105378523,1573,0.8002908657163045
105378523,105372950,0.921107034938775,false,105378523,105372950,0.921107034938775
105378523,26150,0.82769537940544,false,105378523,26150,0.82769537940544
105378523,102723547,0.8571031078207075,false,105378523,102723547,0.8571031078207075
105378523,102723834,0.8793451807565872,false,105378523,102723834,0.8793451807565872
157570,11130,0.8789122400437569,false,157570,11130,0.8789122400437569
157570,891,0.872334406120148,false,157570,891,0.872334406120148
157570,22974,0.9159903085562869,false,157570,22974,0.9159903085562869
157570,11004,0.9002897054674468,false,157570,11004,0.9002897054674468
157570,64151,0.8943323590944775,false,157570,64151,0.8943323590944775
157570,701,0.8369015352983907,false,157570,701,0.8369015352983907
157570,101927813,0.8045256439928763,false,157570,101927813,0.8045256439928763
157570,26150,0.8337960531981206,false,157570,26150,0.8337960531981206
101929690,145873,0.8050956324031474,false,101929690,145873,0.8050956324031474
101929690,103695435,0.8090958467733317,false,101929690,103695435,0.8090958467733317
101929690,81607,0.8639339440735683,false,101929690,81607,0.8639339440735683
101929690,9388,0.8816740756751561,false,101929690,9388,0.8816740756751561
101929690,105377404,0.8465749167751309,false,101929690,105377404,0.8465749167751309
101929690,55240,0.8735013878675927,false,101929690,55240,0.8735013878675927
101929690,101101772,0.8117622220536598,false,101929690,101101772,0.8117622220536598
101929690,1301,0.9402415360240233,false,101929690,1301,0.9402415360240233
101929690,151760,0.8921598768867391,false,101929690,151760,0.8921598768867391
101929690,105370953,0.8988765529263006,false,101929690,105370953,0.8988765529263006
101929690,105371275,0.872634573720015,false,101929690,105371275,0.872634573720015
101929690,1630,0.9411033492443623,false,101929690,1630,0.9411033492443623
101929690,1573,0.8010012375413861,false,101929690,1573,0.8010012375413861
101929690,105372950,0.9091460529464607,false,101929690,105372950,0.9091460529464607
101929690,26150,0.8434361074349987,false,101929690,26150,0.8434361074349987
101929690,102723547,0.8177401741994244,false,101929690,102723547,0.8177401741994244
101929690,102723834,0.8545684144649304,false,101929690,102723834,0.8545684144649304
105375622,10874,0.8002953075987712,false,105375622,10874,0.8002953075987712
105375622,107985513,0.8773240520651711,false,105375622,107985513,0.8773240520651711
105375622,347252,0.9394615022694748,false,105375622,347252,0.9394615022694748
105375622,55723,0.8373250784238115,false,105375622,55723,0.8373250784238115
105375622,6690,0.944024505284981,false,105375622,6690,0.944024505284981
105375622,107984129,0.9265759565734081,false,105375622,107984129,0.9265759565734081
105375622,389336,0.9350371096485613,false,105375622,389336,0.9350371096485613
105375622,100506827,0.8524676343560262,false,105375622,100506827,0.8524676343560262
105375622,4004,0.9762041248260956,false,105375622,4004,0.9762041248260956
105375622,81624,0.9747221295953785,false,105375622,81624,0.9747221295953785
105375622,100288637,0.852813357708312,false,105375622,100288637,0.852813357708312
105375622,100996301,0.9490582629388367,false,105375622,100996301,0.9490582629388367
50615,57624,0.8134270122065794,false,50615,57624,0.8134270122065794
50615,107986951,0.825214439318056,false,50615,107986951,0.825214439318056
11130,145873,0.840102168267385,false,11130,145873,0.840102168267385
11130,103695435,0.8577891646646782,false,11130,103695435,0.8577891646646782
11130,9388,0.8535099727977733,false,11130,9388,0.8535099727977733
11130,105377404,0.909276651518014,false,11130,105377404,0.909276651518014
11130,1301,0.8745144212408085,false,11130,1301,0.8745144212408085
11130,151760,0.8824234309473963,false,11130,151760,0.8824234309473963
11130,105370953,0.8712699755758845,false,11130,105370953,0.8712699755758845
11130,105371275,0.9442762292350996,false,11130,105371275,0.9442762292350996
11130,1630,0.8486198381595016,false,11130,1630,0.8486198381595016
11130,11004,0.9142624432181677,false,11130,11004,0.9142624432181677
11130,105372950,0.8278022175651955,false,11130,105372950,0.8278022175651955
11130,26150,0.8692562841014688,false,11130,26150,0.8692562841014688
554279,55771,0.8372353547068503,false,554279,55771,0.8372353547068503
5865,285643,0.8127936983679576,false,5865,285643,0.8127936983679576
80328,80329,0.8179743304120582,false,80328,80329,0.8179743304120582
145873,81607,0.856520580994077,false,145873,81607,0.856520580994077
145873,9388,0.887984819727158,false,145873,9388,0.887984819727158
145873,105377404,0.8884755260263082,false,145873,105377404,0.8884755260263082
145873,1301,0.8263557588532061,false,145873,1301,0.8263557588532061
145873,151760,0.894029504403625,false,145873,151760,0.894029504403625
145873,105370953,0.9030366261975994,false,145873,105370953,0.9030366261975994
145873,105371275,0.8467480619438709,false,145873,105371275,0.8467480619438709
145873,1630,0.894253516088859,false,145873,1630,0.894253516088859
145873,11004,0.8123674441970253,false,145873,11004,0.8123674441970253
145873,1573,0.803544150578455,false,145873,1573,0.803544150578455
145873,105372950,0.8935104884007182,false,145873,105372950,0.8935104884007182
145873,26150,0.8807725704094879,false,145873,26150,0.8807725704094879
145873,102723834,0.8250575059821549,false,145873,102723834,0.8250575059821549
10874,6241,0.8006476389154494,false,10874,6241,0.8006476389154494
10874,347252,0.8659821200173541,false,10874,347252,0.8659821200173541
10874,151648,0.8125979132038516,false,10874,151648,0.8125979132038516
10874,55723,0.8777264569562591,false,10874,55723,0.8777264569562591
10874,6690,0.844050751445581,false,10874,6690,0.844050751445581
10874,107984129,0.8826848713784988,false,10874,107984129,0.8826848713784988
10874,389336,0.8346839092509195,false,10874,389336,0.8346839092509195
10874,100506827,0.8884674387946727,false,10874,100506827,0.8884674387946727
10874,4004,0.8645660895763311,false,10874,4004,0.8645660895763311
10874,81624,0.8429694107237684,false,10874,81624,0.8429694107237684
10874,100288637,0.8663642846241159,false,10874,100288637,0.8663642846241159
10874,100996301,0.9037477953754521,false,10874,100996301,0.9037477953754521
2301,4166,0.9665130342215612,false,2301,4166,0.9665130342215612
2301,3664,0.8449842361870414,false,2301,3664,0.8449842361870414
2301,9212,0.8628923622880975,false,2301,9212,0.8628923622880975
2301,253650,0.8523219108374135,false,2301,253650,0.8523219108374135
103695435,9388,0.8453026096637477,false,103695435,9388,0.8453026096637477
103695435,105377404,0.8935785711189163,false,103695435,105377404,0.8935785711189163
103695435,1301,0.8613355633137793,false,103695435,1301,0.8613355633137793
103695435,151760,0.9404970638396901,false,103695435,151760,0.9404970638396901
103695435,105370953,0.9120373867929416,false,103695435,105370953,0.9120373867929416
103695435,105371275,0.8790207597819137,false,103695435,105371275,0.8790207597819137
103695435,1630,0.8852832915253444,false,103695435,1630,0.8852832915253444
103695435,105372950,0.8610423484670748,false,103695435,105372950,0.8610423484670748
103695435,102723547,0.8098798893851511,false,103695435,102723547,0.8098798893851511
891,4751,0.8950369132258781,false,891,4751,0.8950369132258781
891,899,0.8897723039748737,false,891,899,0.8897723039748737
891,22974,0.9109371142015362,false,891,22974,0.9109371142015362
891,6790,0.8088065557252039,false,891,6790,0.8088065557252039
891,64151,0.9010828760315344,false,891,64151,0.9010828760315344
891,701,0.8255844119910328,false,891,701,0.8255844119910328
4751,899,0.918470325221289,false,4751,899,0.918470325221289
4751,201299,0.8134386698931395,false,4751,201299,0.8134386698931395
4751,9212,0.8223963231472439,false,4751,9212,0.8223963231472439
4751,22974,0.9258145841559883,false,4751,22974,0.9258145841559883
4751,6790,0.8608959052920594,false,4751,6790,0.8608959052920594
4751,64151,0.8736672656995226,false,4751,64151,0.8736672656995226
4751,701,0.8665031759425249,false,4751,701,0.8665031759425249
6241,107985513,0.814948895793802,false,6241,107985513,0.814948895793802
6241,147841,0.9093031478600813,false,6241,147841,0.9093031478600813
6241,151648,0.9125558003955843,false,6241,151648,0.9125558003955843
6241,55723,0.8840000789166742,false,6241,55723,0.8840000789166742
6241,107984129,0.8071430798426108,false,6241,107984129,0.8071430798426108
6241,113115,0.8487988499509359,false,6241,113115,0.8487988499509359
6241,55771,0.8020083784203952,false,6241,55771,0.8020083784203952
6241,81624,0.8245019935499587,false,6241,81624,0.8245019935499587
6241,100996301,0.8595926007947389,false,6241,100996301,0.8595926007947389
107985513,347252,0.8228290250395682,false,107985513,347252,0.8228290250395682
107985513,55723,0.8608970617006861,false,107985513,55723,0.8608970617006861
107985513,6690,0.9112677652184178,false,107985513,6690,0.9112677652184178
107985513,107984129,0.8643499721184368,false,107985513,107984129,0.8643499721184368
107985513,389336,0.8921101757295773,false,107985513,389336,0.8921101757295773
107985513,100506827,0.8114749092988179,false,107985513,100506827,0.8114749092988179
107985513,4004,0.8900400651677693,false,107985513,4004,0.8900400651677693
107985513,81624,0.8883235521336451,false,107985513,81624,0.8883235521336451
107985513,100996301,0.89479463230115,false,107985513,100996301,0.89479463230115
147841,151648,0.9257788229608738,false,147841,151648,0.9257788229608738
147841,899,0.8194582584763188,false,147841,899,0.8194582584763188
147841,55723,0.8695733017815518,false,147841,55723,0.8695733017815518
147841,6790,0.8186690231809228,false,147841,6790,0.8186690231809228
147841,55771,0.8680780846010352,false,147841,55771,0.8680780846010352
83648,105377123,0.8992774965979111,false,83648,105377123,0.8992774965979111
83648,101928173,0.9658103049968845,false,83648,101928173,0.9658103049968845
83648,101060400,0.8499003824117276,false,83648,101060400,0.8499003824117276
83648,102467080,0.8462566248392938,false,83648,102467080,0.8462566248392938
105375077,9388,0.822204966728543,false,105375077,9388,0.822204966728543
105375077,55240,0.9233464630286312,false,105375077,55240,0.9233464630286312
105375077,105372950,0.8503316715687649,false,105375077,105372950,0.8503316715687649
105375077,102723547,0.8679593126092253,false,105375077,102723547,0.8679593126092253
81607,9388,0.8944805657233459,false,81607,9388,0.8944805657233459
81607,105377404,0.8800167525445038,false,81607,105377404,0.8800167525445038
81607,55240,0.9108527814072147,false,81607,55240,0.9108527814072147
81607,1301,0.8816008715758628,false,81607,1301,0.8816008715758628
81607,151760,0.9001367349091447,false,81607,151760,0.9001367349091447
81607,105370953,0.9097218039434423,false,81607,105370953,0.9097218039434423
81607,105371275,0.869455795934796,false,81607,105371275,0.869455795934796
81607,1630,0.9124584108430377,false,81607,1630,0.9124584108430377
81607,1573,0.864250512165782,false,81607,1573,0.864250512165782
81607,105372950,0.9015613267445088,false,81607,105372950,0.9015613267445088
81607,102723547,0.8278009335171506,false,81607,102723547,0.8278009335171506
81607,102723834,0.8176156026384306,false,81607,102723834,0.8176156026384306
105377123,101928173,0.9158146934765299,false,105377123,101928173,0.9158146934765299
105377123,101060400,0.9040805130645142,false,105377123,101060400,0.9040805130645142
105377123,102467080,0.9293418651010972,false,105377123,102467080,0.9293418651010972
347252,55723,0.8759627764927995,false,347252,55723,0.8759627764927995
347252,6690,0.928789877610062,false,347252,6690,0.928789877610062
347252,107984129,0.9085600409997203,false,347252,107984129,0.9085600409997203
347252,389336,0.9020716233175888,false,347252,389336,0.9020716233175888
347252,100506827,0.8817335508450068,false,347252,100506827,0.8817335508450068
347252,4004,0.959816928880833,false,347252,4004,0.959816928880833
347252,81624,0.9175052343151564,false,347252,81624,0.9175052343151564
347252,100288637,0.8740784450168849,false,347252,100288637,0.8740784450168849
347252,100996301,0.9256331451843471,false,347252,100996301,0.9256331451843471
151648,899,0.8347776134589252,false,151648,899,0.8347776134589252
151648,55723,0.9464476825214923,false,151648,55723,0.9464476825214923
151648,201299,0.8281325798613843,false,151648,201299,0.8281325798613843
151648,107984129,0.8494109249859663,false,151648,107984129,0.8494109249859663
151648,6790,0.8283923805293493,false,151648,6790,0.8283923805293493
151648,100506827,0.806385775711801,false,151648,100506827,0.806385775711801
151648,81624,0.8499502661326048,false,151648,81624,0.8499502661326048
151648,64151,0.8160982491509672,false,151648,64151,0.8160982491509672
151648,701,0.814213348891305,false,151648,701,0.814213348891305
151648,100288637,0.8357258772438186,false,151648,100288637,0.8357258772438186
151648,100996301,0.8249322483949415,false,151648,100996301,0.8249322483949415
9388,105377404,0.9386569134766957,false,9388,105377404,0.9386569134766957
9388,55240,0.9096339568817157,false,9388,55240,0.9096339568817157
9388,1301,0.9378567351702288,false,9388,1301,0.9378567351702288
9388,151760,0.9485940285873138,false,9388,151760,0.9485940285873138
9388,105370953,0.9383849384549335,false,9388,105370953,0.9383849384549335
9388,105371275,0.9184193893899223,false,9388,105371275,0.9184193893899223
9388,1630,0.9538690649193192,false,9388,1630,0.9538690649193192
9388,11004,0.8438902186285598,false,9388,11004,0.8438902186285598
9388,1573,0.9305069836755512,false,9388,1573,0.9305069836755512
9388,105372950,0.9223539793889245,false,9388,105372950,0.9223539793889245
9388,26150,0.8648695086090071,false,9388,26150,0.8648695086090071
9388,102723547,0.9636630894813971,false,9388,102723547,0.9636630894813971
9388,102723834,0.8319626636289572,false,9388,102723834,0.8319626636289572
147741,57624,0.8353641330764494,false,147741,57624,0.8353641330764494
4166,3664,0.8802763492321151,false,4166,3664,0.8802763492321151
4166,9212,0.8812357794354361,false,4166,9212,0.8812357794354361
4166,253650,0.8717166770014698,false,4166,253650,0.8717166770014698
105377404,1301,0.937171942047999,false,105377404,1301,0.937171942047999
105377404,151760,0.9779330665692111,false,105377404,151760,0.9779330665692111
105377404,105370953,0.972878954655259,false,105377404,105370953,0.972878954655259
105377404,105371275,0.9562947514970663,false,105377404,105371275,0.9562947514970663
105377404,1630,0.9606584482818523,false,105377404,1630,0.9606584482818523
105377404,11004,0.8041053865056931,false,105377404,11004,0.8041053865056931
105377404,1573,0.8009166925353698,false,105377404,1573,0.8009166925353698
105377404,105372950,0.9261908037064347,false,105377404,105372950,0.9261908037064347
105377404,26150,0.831829351759958,false,105377404,26150,0.831829351759958
105377404,102723547,0.8739584662937611,false,105377404,102723547,0.8739584662937611
105377404,102723834,0.8289815190390788,false,105377404,102723834,0.8289815190390788
899,201299,0.8439990066769258,false,899,201299,0.8439990066769258
899,22974,0.8984094575892021,false,899,22974,0.8984094575892021
899,6790,0.9329996919460398,false,899,6790,0.9329996919460398
899,64151,0.8924829793498157,false,899,64151,0.8924829793498157
899,701,0.8397101854927559,false,899,701,0.8397101854927559
55723,6690,0.8331652579703078,false,55723,6690,0.8331652579703078
55723,201299,0.8202734537342573,false,55723,201299,0.8202734537342573
55723,107984129,0.8701428544387129,false,55723,107984129,0.8701428544387129
55723,389336,0.8020878263861186,false,55723,389336,0.8020878263861186
55723,100506827,0.8508250479719157,false,55723,100506827,0.8508250479719157
55723,4004,0.8523401917786505,false,55723,4004,0.8523401917786505
55723,81624,0.8857634714317306,false,55723,81624,0.8857634714317306
55723,64151,0.8033774326087282,false,55723,64151,0.8033774326087282
55723,701,0.8645466356359215,false,55723,701,0.8645466356359215
55723,100288637,0.8903799849369425,false,55723,100288637,0.8903799849369425
55723,100996301,0.8695143877248298,false,55723,100996301,0.8695143877248298
55240,1301,0.8410413027472396,false,55240,1301,0.8410413027472396
55240,151760,0.8432168434932557,false,55240,151760,0.8432168434932557
55240,105370953,0.8302701588815989,false,55240,105370953,0.8302701588815989
55240,105371275,0.8026481771369283,false,55240,105371275,0.8026481771369283
55240,1630,0.8636461987587548,false,55240,1630,0.8636461987587548
55240,1573,0.9011782098058871,false,55240,1573,0.9011782098058871
55240,105372950,0.897044537962357,false,55240,105372950,0.897044537962357
55240,102723547,0.9068644351402685,false,55240,102723547,0.9068644351402685
6690,107984129,0.9236775281654533,false,6690,107984129,0.9236775281654533
6690,389336,0.9930123759439141,false,6690,389336,0.9930123759439141
6690,100506827,0.8719723978263394,false,6690,100506827,0.8719723978263394
6690,4004,0.9755491539062544,false,6690,4004,0.9755491539062544
6690,81624,0.9421971454246435,false,6690,81624,0.9421971454246435
6690,100996301,0.9722215282773018,false,6690,100996301,0.9722215282773018
3664,143662,0.9069604510376938,false,3664,143662,0.9069604510376938
3664,253650,0.8786881964960472,false,3664,253650,0.8786881964960472
201299,64151,0.8123654793628015,false,201299,64151,0.8123654793628015
201299,701,0.8036586035125771,false,201299,701,0.8036586035125771
9212,11001,0.8172934652835451,false,9212,11001,0.8172934652835451
9212,253650,0.858653592408223,false,9212,253650,0.858653592408223
9212,23566,0.8522847917670547,false,9212,23566,0.8522847917670547
101101772,105370953,0.8040719205140896,false,101101772,105370953,0.8040719205140896
101101772,1630,0.8197629989852976,false,101101772,1630,0.8197629989852976
101101772,102723834,0.9255496593187723,false,101101772,102723834,0.9255496593187723
22974,6790,0.813226379788145,false,22974,6790,0.813226379788145
22974,64151,0.9384970814816671,false,22974,64151,0.9384970814816671
22974,701,0.8597260358130524,false,22974,701,0.8597260358130524
22974,101927813,0.8368583162219234,false,22974,101927813,0.8368583162219234
107984129,389336,0.914377604515001,false,107984129,389336,0.914377604515001
107984129,100506827,0.9337786168385028,false,107984129,100506827,0.9337786168385028
107984129,4004,0.9396807975490014,false,107984129,4004,0.9396807975490014
107984129,81624,0.9185536353824736,false,107984129,81624,0.9185536353824736
107984129,100288637,0.8271140745210304,false,107984129,100288637,0.8271140745210304
107984129,100996301,0.9549495575095344,false,107984129,100996301,0.9549495575095344
11001,253650,0.8503764362052828,false,11001,253650,0.8503764362052828
1301,151760,0.9438928122792026,false,1301,151760,0.9438928122792026
1301,105370953,0.9412216800736628,false,1301,105370953,0.9412216800736628
1301,105371275,0.973680638330917,false,1301,105371275,0.973680638330917
1301,1630,0.9683740962131447,false,1301,1630,0.9683740962131447
1301,11004,0.8317718096987317,false,1301,11004,0.8317718096987317
1301,1573,0.8444340792252905,false,1301,1573,0.8444340792252905
1301,105372950,0.9057870269726958,false,1301,105372950,0.9057870269726958
1301,26150,0.8729762414010334,false,1301,26150,0.8729762414010334
1301,102723547,0.8807686646218794,false,1301,102723547,0.8807686646218794
1301,102723834,0.8406004922898603,false,1301,102723834,0.8406004922898603
101928173,101060400,0.8610319605887274,false,101928173,101060400,0.8610319605887274
101928173,102467080,0.9052490097698231,false,101928173,102467080,0.9052490097698231
6790,64151,0.843592938676445,false,6790,64151,0.843592938676445
6790,701,0.8015156081810777,false,6790,701,0.8015156081810777
6790,100288637,0.8138898322048201,false,6790,100288637,0.8138898322048201
389336,100506827,0.872176873213564,false,389336,100506827,0.872176873213564
389336,4004,0.9664107776326646,false,389336,4004,0.9664107776326646
389336,81624,0.9385111512117179,false,389336,81624,0.9385111512117179
389336,100996301,0.9686203922192771,false,389336,100996301,0.9686203922192771
151760,105370953,0.9865031510338774,false,151760,105370953,0.9865031510338774
151760,105371275,0.9502294602639063,false,151760,105371275,0.9502294602639063
151760,1630,0.9811718131194516,false,151760,1630,0.9811718131194516
151760,1573,0.8282380723779327,false,151760,1573,0.8282380723779327
151760,105372950,0.950659226166089,false,151760,105372950,0.950659226166089
151760,26150,0.8234842449680201,false,151760,26150,0.8234842449680201
151760,102723547,0.8990624251458551,false,151760,102723547,0.8990624251458551
151760,102723834,0.872460661862892,false,151760,102723834,0.872460661862892
101060400,102467080,0.8355902771005189,false,101060400,102467080,0.8355902771005189
57624,107986951,0.8779689990564258,false,57624,107986951,0.8779689990564258
100506827,4004,0.9064876214532946,false,100506827,4004,0.9064876214532946
100506827,81624,0.8661472899637177,false,100506827,81624,0.8661472899637177
100506827,100288637,0.8549305691524768,false,100506827,100288637,0.8549305691524768
100506827,100996301,0.9135172249601152,false,100506827,100996301,0.9135172249601152
113115,57167,0.8141597707768983,false,113115,57167,0.8141597707768983
4004,81624,0.953203509363879,false,4004,81624,0.953203509363879
4004,100288637,0.837121736123068,false,4004,100288637,0.837121736123068
4004,100996301,0.9830284005698289,false,4004,100996301,0.9830284005698289
105370953,105371275,0.9416865370764933,false,105370953,105371275,0.9416865370764933
105370953,1630,0.9856445206713671,false,105370953,1630,0.9856445206713671
105370953,1573,0.8180024036180792,false,105370953,1573,0.8180024036180792
105370953,105372950,0.9341724225951638,false,105370953,105372950,0.9341724225951638
105370953,26150,0.8178617184723855,false,105370953,26150,0.8178617184723855
105370953,102723547,0.8807467472851298,false,105370953,102723547,0.8807467472851298
105370953,102723834,0.9090257522496692,false,105370953,102723834,0.9090257522496692
105371275,1630,0.9488907956734013,false,105371275,1630,0.9488907956734013
105371275,11004,0.8656064732355092,false,105371275,11004,0.8656064732355092
105371275,1573,0.8019294253740562,false,105371275,1573,0.8019294253740562
105371275,105372950,0.914158017667811,false,105371275,105372950,0.914158017667811
105371275,26150,0.8824198095636439,false,105371275,26150,0.8824198095636439
105371275,102723547,0.8673742139372179,false,105371275,102723547,0.8673742139372179
105371275,102723834,0.8248913711975241,false,105371275,102723834,0.8248913711975241
1630,1573,0.8466719220447484,false,1630,1573,0.8466719220447484
1630,105372950,0.9481677841355517,false,1630,105372950,0.9481677841355517
1630,26150,0.8438372136324385,false,1630,26150,0.8438372136324385
1630,102723547,0.8994114527699975,false,1630,102723547,0.8994114527699975
1630,102723834,0.9201174462811043,false,1630,102723834,0.9201174462811043
11004,105372950,0.8246427519020295,false,11004,105372950,0.8246427519020295
11004,26150,0.9410683234922825,false,11004,26150,0.9410683234922825
1573,102723547,0.9326676804894082,false,1573,102723547,0.9326676804894082
81624,100288637,0.9063811178370192,false,81624,100288637,0.9063811178370192
81624,100996301,0.9484109909669644,false,81624,100996301,0.9484109909669644
64151,701,0.9534517150151596,false,64151,701,0.9534517150151596
253650,23566,0.8480632933514546,false,253650,23566,0.8480632933514546
105372950,26150,0.8765458122398745,false,105372950,26150,0.8765458122398745
105372950,102723547,0.8608514995682719,false,105372950,102723547,0.8608514995682719
105372950,102723834,0.8564070169960151,false,105372950,102723834,0.8564070169960151
100288637,100996301,0.8231518269038359,false,100288637,100996301,0.8231518269038359
