10721
105377043
85479
6664
2845
101060400
27299
4547
347252
27091
105372115
