8355
6865
101927760
105375027
338667
3754
91828
6273
100506071
574414
1813
