701
1749
4283
100874028
389336
100506655
3670
115019
100506895
101929690
27237
3227
105374986
