9768
201299
983
55872
7153
5347
3161
1063
51203
4751
374393
6241
55355
54443
729533
55165
3832
9055
4085
101927813
100507118
653820
55635
150468
55247
9787
