Interaction,name,Pearson,selected,shared interaction,shared name,Weight
9768,728833,0.7742249193273294,false,9768,728833,0.7742249193273294
9768,983,0.909132984662884,false,9768,983,0.909132984662884
9768,7272,0.8391148498873207,false,9768,7272,0.8391148498873207
9768,79801,0.7620718934740673,false,9768,79801,0.7620718934740673
9768,144455,0.9130337123903289,false,9768,144455,0.9130337123903289
9768,105374166,0.9242129188188096,false,9768,105374166,0.9242129188188096
9768,101927354,0.927369413355945,false,9768,101927354,0.927369413355945
9768,1033,0.8394319885349717,false,9768,1033,0.8394319885349717
9768,9493,0.8780689830285183,false,9768,9493,0.8780689830285183
9768,53836,0.9323219771662078,false,9768,53836,0.9323219771662078
9768,4085,0.7650297446520005,false,9768,4085,0.7650297446520005
9768,653820,0.9151159446057453,false,9768,653820,0.9151159446057453
9768,860,0.8878188366638433,false,9768,860,0.8878188366638433
9768,105376878,0.9558396373130398,false,9768,105376878,0.9558396373130398
9768,111216286,0.8731228985752466,false,9768,111216286,0.8731228985752466
9768,6273,0.9474056013342712,false,9768,6273,0.9474056013342712
9768,729533,0.8780486562396679,false,9768,729533,0.8780486562396679
9768,105370924,0.9166562802206912,false,9768,105370924,0.9166562802206912
9768,29128,0.9479298521004478,false,9768,29128,0.9479298521004478
9768,113130,0.7576149522030122,false,9768,113130,0.7576149522030122
9768,338376,0.8856554481264122,false,9768,338376,0.8856554481264122
9768,3832,0.8342659397436345,false,9768,3832,0.8342659397436345
9768,7477,0.9654444401290703,false,9768,7477,0.9654444401290703
9768,339256,0.8816567437953968,false,9768,339256,0.8816567437953968
9768,105378523,0.8997517381658527,false,9768,105378523,0.8997517381658527
9768,8549,0.8916685912993786,false,9768,8549,0.8916685912993786
9768,11130,0.8962651646929035,false,9768,11130,0.8962651646929035
9768,145873,0.8888120945203449,false,9768,145873,0.8888120945203449
9768,641,0.8862892920414265,false,9768,641,0.8862892920414265
9768,891,0.737080180918096,false,9768,891,0.737080180918096
9768,6241,0.758057928245525,false,9768,6241,0.758057928245525
9768,864,0.7012333129090533,false,9768,864,0.7012333129090533
9768,107985513,0.9271020315219747,false,9768,107985513,0.9271020315219747
9768,51802,0.876402000878112,false,9768,51802,0.876402000878112
9768,81607,0.8956418766302335,false,9768,81607,0.8956418766302335
9768,100506895,0.901330076234183,false,9768,100506895,0.901330076234183
9768,9388,0.9655341076771492,false,9768,9388,0.9655341076771492
9768,105377404,0.8951221079409619,false,9768,105377404,0.8951221079409619
9768,54101,0.8869503506908313,false,9768,54101,0.8869503506908313
9768,55240,0.9380880332126242,false,9768,55240,0.9380880332126242
9768,64843,0.9273425490620675,false,9768,64843,0.9273425490620675
9768,1301,0.8887755032399355,false,9768,1301,0.8887755032399355
9768,151760,0.9118854374318937,false,9768,151760,0.9118854374318937
9768,101927355,0.8875534904760825,false,9768,101927355,0.8875534904760825
9768,105370953,0.8696727578747057,false,9768,105370953,0.8696727578747057
9768,105371275,0.8839600923839886,false,9768,105371275,0.8839600923839886
9768,112802,0.8945051320730713,false,9768,112802,0.8945051320730713
9768,105375894,0.8868442242642744,false,9768,105375894,0.8868442242642744
9768,1630,0.8759056873382965,false,9768,1630,0.8759056873382965
9768,11004,0.919705603579764,false,9768,11004,0.919705603579764
9768,1573,0.9194801143738913,false,9768,1573,0.9194801143738913
9768,554202,0.9105711144447055,false,9768,554202,0.9105711144447055
9768,221150,0.895359735864319,false,9768,221150,0.895359735864319
9768,105372950,0.8669213159088377,false,9768,105372950,0.8669213159088377
9768,3670,0.9117627108517601,false,9768,3670,0.9117627108517601
100126311,115362,0.8559523065107701,false,100126311,115362,0.8559523065107701
100126311,941,0.9028953364966168,false,100126311,941,0.9028953364966168
100126311,10537,0.8701443522394751,false,100126311,10537,0.8701443522394751
100126311,27063,0.8786372616422423,false,100126311,27063,0.8786372616422423
100126311,55655,0.8903596573026742,false,100126311,55655,0.8903596573026742
100126311,26279,0.8786225820941823,false,100126311,26279,0.8786225820941823
100126311,89886,0.7295274935173682,false,100126311,89886,0.7295274935173682
100126311,9447,0.7780879953177458,false,100126311,9447,0.7780879953177458
100126311,344,0.9449490867851815,false,100126311,344,0.9449490867851815
100126311,4283,0.8643366552256055,false,100126311,4283,0.8643366552256055
100126311,84815,0.7870626963145466,false,100126311,84815,0.7870626963145466
100126311,10437,0.8896034588183943,false,100126311,10437,0.8896034588183943
100126311,85479,0.887119753035274,false,100126311,85479,0.887119753035274
100126311,84419,0.9867506933757457,false,100126311,84419,0.9867506933757457
100126311,79413,0.8761902980726705,false,100126311,79413,0.8761902980726705
100126311,10643,0.7852610790410339,false,100126311,10643,0.7852610790410339
100126311,100533990,0.9448593604794663,false,100126311,100533990,0.9448593604794663
100126311,3352,0.8687129436662471,false,100126311,3352,0.8687129436662471
100126311,387895,0.9165379221910317,false,100126311,387895,0.9165379221910317
100126311,27299,0.8843003674371375,false,100126311,27299,0.8843003674371375
100126311,2297,0.8205879420980007,false,100126311,2297,0.8205879420980007
100126311,50852,0.8725263350213529,false,100126311,50852,0.8725263350213529
100126311,3502,0.8803875218824588,false,100126311,3502,0.8803875218824588
100126311,389336,0.8867726185618121,false,100126311,389336,0.8867726185618121
100126311,28946,0.882623331279669,false,100126311,28946,0.882623331279669
100126311,152225,0.7339354010471492,false,100126311,152225,0.7339354010471492
100126311,366,0.8789682693791137,false,100126311,366,0.8789682693791137
100126311,6362,0.8827223862210882,false,100126311,6362,0.8827223862210882
100126311,3512,0.8819726265057111,false,100126311,3512,0.8819726265057111
100126311,1404,0.8661018073265222,false,100126311,1404,0.8661018073265222
100126311,102724714,0.8957458674142168,false,100126311,102724714,0.8957458674142168
100126311,28809,0.8682712354226945,false,100126311,28809,0.8682712354226945
100126311,109729169,0.8533620797420249,false,100126311,109729169,0.8533620797420249
728833,983,0.8428493015458859,false,728833,983,0.8428493015458859
728833,7272,0.9716999990878746,false,728833,7272,0.9716999990878746
728833,79801,0.9478523447937628,false,728833,79801,0.9478523447937628
728833,144455,0.8153260285075502,false,728833,144455,0.8153260285075502
728833,1033,0.9154967971245574,false,728833,1033,0.9154967971245574
728833,9493,0.9042493502982755,false,728833,9493,0.9042493502982755
728833,53836,0.7190813305137619,false,728833,53836,0.7190813305137619
728833,4085,0.8455875322086738,false,728833,4085,0.8455875322086738
728833,554282,0.9556137479184841,false,728833,554282,0.9556137479184841
728833,9133,0.7665056560294394,false,728833,9133,0.7665056560294394
728833,653820,0.943427383571643,false,728833,653820,0.943427383571643
728833,3161,0.8908884119011827,false,728833,3161,0.8908884119011827
728833,51203,0.8268298659511228,false,728833,51203,0.8268298659511228
728833,6273,0.7207657247751332,false,728833,6273,0.7207657247751332
728833,729533,0.9333534258827495,false,728833,729533,0.9333534258827495
728833,29128,0.8269552534699578,false,728833,29128,0.8269552534699578
728833,113130,0.7931137871689626,false,728833,113130,0.7931137871689626
728833,3832,0.9175923459286038,false,728833,3832,0.9175923459286038
728833,57082,0.919588004992247,false,728833,57082,0.919588004992247
728833,11065,0.8835851837085855,false,728833,11065,0.8835851837085855
728833,219970,0.7674327643169904,false,728833,219970,0.7674327643169904
728833,56992,0.8766087337049309,false,728833,56992,0.8766087337049309
728833,11130,0.864691160528179,false,728833,11130,0.864691160528179
728833,145873,0.7380671877674099,false,728833,145873,0.7380671877674099
728833,641,0.7074782216888095,false,728833,641,0.7074782216888095
728833,891,0.9089769203463981,false,728833,891,0.9089769203463981
728833,4751,0.8299119967026145,false,728833,4751,0.8299119967026145
728833,6241,0.7727292714311188,false,728833,6241,0.7727292714311188
728833,151648,0.8050098571837789,false,728833,151648,0.8050098571837789
728833,9388,0.7595212341724321,false,728833,9388,0.7595212341724321
728833,55789,0.8684993226441685,false,728833,55789,0.8684993226441685
728833,105377404,0.7117351030640339,false,728833,105377404,0.7117351030640339
728833,54101,0.7257094565255483,false,728833,54101,0.7257094565255483
728833,55723,0.8358175789654667,false,728833,55723,0.8358175789654667
728833,101927355,0.8142261930328105,false,728833,101927355,0.8142261930328105
728833,105371275,0.7004731572273847,false,728833,105371275,0.7004731572273847
728833,11004,0.8155489474951694,false,728833,11004,0.8155489474951694
728833,554202,0.701135354853516,false,728833,554202,0.701135354853516
728833,221150,0.8899328327926527,false,728833,221150,0.8899328327926527
728833,701,0.9628676768367262,false,728833,701,0.9628676768367262
102606463,79733,0.8015956124168508,false,102606463,79733,0.8015956124168508
102606463,2625,0.8723969418545279,false,102606463,2625,0.8723969418545279
102606463,10024,0.7533338779918235,false,102606463,10024,0.7533338779918235
102606463,106481742,0.8614259321273722,false,102606463,106481742,0.8614259321273722
102606463,100289137,0.7304418217153027,false,102606463,100289137,0.7304418217153027
102606463,5101,0.712656909332281,false,102606463,5101,0.712656909332281
102606463,100506411,0.797727259706466,false,102606463,100506411,0.797727259706466
102606463,3161,0.7817775551330807,false,102606463,3161,0.7817775551330807
102606463,51203,0.7450541552194846,false,102606463,51203,0.7450541552194846
102606463,374946,0.7889435486782762,false,102606463,374946,0.7889435486782762
102606463,53820,0.8038972546917765,false,102606463,53820,0.8038972546917765
102606463,5865,0.7099401961571751,false,102606463,5865,0.7099401961571751
102606463,10874,0.7979073221620998,false,102606463,10874,0.7979073221620998
102606463,2301,0.8558168908592299,false,102606463,2301,0.8558168908592299
102606463,4751,0.7548011863420558,false,102606463,4751,0.7548011863420558
102606463,107985017,0.7229035725544006,false,102606463,107985017,0.7229035725544006
102606463,55057,0.7538798762657674,false,102606463,55057,0.7538798762657674
102606463,56896,0.7985329398693228,false,102606463,56896,0.7985329398693228
102606463,27178,0.8273294621496068,false,102606463,27178,0.8273294621496068
102606463,4166,0.7976801954489797,false,102606463,4166,0.7976801954489797
102606463,55789,0.777428891109096,false,102606463,55789,0.777428891109096
102606463,55723,0.7330354931634046,false,102606463,55723,0.7330354931634046
102606463,3664,0.7553514062989282,false,102606463,3664,0.7553514062989282
102606463,9212,0.8466326641284563,false,102606463,9212,0.8466326641284563
102606463,11001,0.8670026583319268,false,102606463,11001,0.8670026583319268
102606463,253650,0.8080709962824402,false,102606463,253650,0.8080709962824402
102606463,9076,0.8177537303391411,false,102606463,9076,0.8177537303391411
102606463,23566,0.7011141878187287,false,102606463,23566,0.7011141878187287
983,7272,0.8657662715800821,false,983,7272,0.8657662715800821
983,79801,0.8066687523685567,false,983,79801,0.8066687523685567
983,144455,0.9169739306103408,false,983,144455,0.9169739306103408
983,105374166,0.8782430394410007,false,983,105374166,0.8782430394410007
983,101927354,0.7655112319552093,false,983,101927354,0.7655112319552093
983,1033,0.7947808753279051,false,983,1033,0.7947808753279051
983,9493,0.9279293340227952,false,983,9493,0.9279293340227952
983,53836,0.8901811536582581,false,983,53836,0.8901811536582581
983,4085,0.8364600895301341,false,983,4085,0.8364600895301341
983,554282,0.73004448226493,false,983,554282,0.73004448226493
983,653820,0.9360442264047445,false,983,653820,0.9360442264047445
983,860,0.784665074987926,false,983,860,0.784665074987926
983,105376878,0.8178502037445228,false,983,105376878,0.8178502037445228
983,111216286,0.8040824677511553,false,983,111216286,0.8040824677511553
983,3161,0.7093749182330755,false,983,3161,0.7093749182330755
983,6273,0.8779446294953007,false,983,6273,0.8779446294953007
983,729533,0.8750752555774545,false,983,729533,0.8750752555774545
983,105370924,0.8649896580514189,false,983,105370924,0.8649896580514189
983,56300,0.729352404664393,false,983,56300,0.729352404664393
983,29128,0.9165143252948303,false,983,29128,0.9165143252948303
983,338376,0.8476962108682123,false,983,338376,0.8476962108682123
983,3832,0.8449437989765237,false,983,3832,0.8449437989765237
983,57082,0.724065777912665,false,983,57082,0.724065777912665
983,11065,0.7641517560160859,false,983,11065,0.7641517560160859
983,7477,0.8537201287265709,false,983,7477,0.8537201287265709
983,339256,0.8698829271891813,false,983,339256,0.8698829271891813
983,105378523,0.9000892465827739,false,983,105378523,0.9000892465827739
983,56992,0.7356253712629532,false,983,56992,0.7356253712629532
983,8549,0.8415757799411291,false,983,8549,0.8415757799411291
983,11130,0.9524380184972884,false,983,11130,0.9524380184972884
983,145873,0.9121839322067417,false,983,145873,0.9121839322067417
983,641,0.8811241087761728,false,983,641,0.8811241087761728
983,57016,0.7407218481177071,false,983,57016,0.7407218481177071
983,9700,0.7328398757541147,false,983,9700,0.7328398757541147
983,891,0.7216375793686471,false,983,891,0.7216375793686471
983,107985513,0.843343578995926,false,983,107985513,0.843343578995926
983,51802,0.8321394793046496,false,983,51802,0.8321394793046496
983,81607,0.8169255900800382,false,983,81607,0.8169255900800382
983,100506895,0.8493714903315847,false,983,100506895,0.8493714903315847
983,151648,0.7009302737747354,false,983,151648,0.7009302737747354
983,9388,0.8911594609064047,false,983,9388,0.8911594609064047
983,105377404,0.8955205349614286,false,983,105377404,0.8955205349614286
983,54101,0.8618220718631786,false,983,54101,0.8618220718631786
983,55723,0.7574523270014358,false,983,55723,0.7574523270014358
983,55240,0.7556837406907917,false,983,55240,0.7556837406907917
983,64843,0.8138932062824891,false,983,64843,0.8138932062824891
983,1301,0.836971804318208,false,983,1301,0.836971804318208
983,151760,0.8826726030071089,false,983,151760,0.8826726030071089
983,101927355,0.8814734712107821,false,983,101927355,0.8814734712107821
983,105370953,0.8523160367294539,false,983,105370953,0.8523160367294539
983,105371275,0.8518436545072532,false,983,105371275,0.8518436545072532
983,112802,0.8371669481850554,false,983,112802,0.8371669481850554
983,105375894,0.903914934389292,false,983,105375894,0.903914934389292
983,1630,0.815577216044976,false,983,1630,0.815577216044976
983,11004,0.9194581823579246,false,983,11004,0.9194581823579246
983,1573,0.783532557775248,false,983,1573,0.783532557775248
983,554202,0.8664591835720968,false,983,554202,0.8664591835720968
983,221150,0.9256961000877866,false,983,221150,0.9256961000877866
983,701,0.8044771089330972,false,983,701,0.8044771089330972
983,105372950,0.7889667502618269,false,983,105372950,0.7889667502618269
983,3670,0.72605250378645,false,983,3670,0.72605250378645
8329,6534,0.7393369121720855,false,8329,6534,0.7393369121720855
8329,5133,0.8699209309361612,false,8329,5133,0.8699209309361612
8329,134285,0.8040750155979053,false,8329,134285,0.8040750155979053
8329,10537,0.7064239979942138,false,8329,10537,0.7064239979942138
8329,89886,0.899599838205344,false,8329,89886,0.899599838205344
8329,332,0.7385959570538035,false,8329,332,0.7385959570538035
8329,286676,0.8354868850182892,false,8329,286676,0.8354868850182892
8329,10437,0.8340427405968756,false,8329,10437,0.8340427405968756
8329,5865,0.7245336796716254,false,8329,5865,0.7245336796716254
8329,10643,0.7371306245328265,false,8329,10643,0.7371306245328265
8329,83648,0.8459247022510443,false,8329,83648,0.8459247022510443
8329,9156,0.7137399396927752,false,8329,9156,0.7137399396927752
8329,55765,0.9126139833383571,false,8329,55765,0.9126139833383571
8329,89858,0.8927455770639291,false,8329,89858,0.8927455770639291
8329,23286,0.7489013956583835,false,8329,23286,0.7489013956583835
8329,101928173,0.7824554505576606,false,8329,101928173,0.7824554505576606
8329,102724714,0.7353702103612934,false,8329,102724714,0.7353702103612934
1995,79733,0.8379410394698256,false,1995,79733,0.8379410394698256
1995,2625,0.8029102960988778,false,1995,2625,0.8029102960988778
1995,100048912,0.8703038775147934,false,1995,100048912,0.8703038775147934
1995,100289137,0.915500826529304,false,1995,100289137,0.915500826529304
1995,5101,0.8167216405548942,false,1995,5101,0.8167216405548942
1995,100506411,0.9294595512874028,false,1995,100506411,0.9294595512874028
1995,51203,0.7273891533513127,false,1995,51203,0.7273891533513127
1995,374946,0.8730767017179829,false,1995,374946,0.8730767017179829
1995,53820,0.8266609621024741,false,1995,53820,0.8266609621024741
1995,10874,0.9408201522715717,false,1995,10874,0.9408201522715717
1995,2301,0.7703731579340347,false,1995,2301,0.7703731579340347
1995,107985017,0.7202442256971188,false,1995,107985017,0.7202442256971188
1995,55057,0.8997281678399383,false,1995,55057,0.8997281678399383
1995,56896,0.9031394523129292,false,1995,56896,0.9031394523129292
1995,79056,0.7628530968351607,false,1995,79056,0.7628530968351607
1995,4166,0.7078430279225404,false,1995,4166,0.7078430279225404
1995,3664,0.8347502742366505,false,1995,3664,0.8347502742366505
1995,9212,0.7311330722691494,false,1995,9212,0.7311330722691494
1995,11001,0.7378789075987207,false,1995,11001,0.7378789075987207
1995,253650,0.9092587708665169,false,1995,253650,0.9092587708665169
1995,9076,0.8162985864869063,false,1995,9076,0.8162985864869063
1995,23566,0.8868751094960442,false,1995,23566,0.8868751094960442
7272,79801,0.9342077743408451,false,7272,79801,0.9342077743408451
7272,144455,0.8478848460015871,false,7272,144455,0.8478848460015871
7272,105374166,0.713620812324564,false,7272,105374166,0.713620812324564
7272,1033,0.955568647766396,false,7272,1033,0.955568647766396
7272,9493,0.8959817240992273,false,7272,9493,0.8959817240992273
7272,53836,0.7758476582743031,false,7272,53836,0.7758476582743031
7272,4085,0.8041617282999161,false,7272,4085,0.8041617282999161
7272,554282,0.9307857137497227,false,7272,554282,0.9307857137497227
7272,9133,0.7925963855758098,false,7272,9133,0.7925963855758098
7272,653820,0.9592028362655883,false,7272,653820,0.9592028362655883
7272,105376878,0.7220678382286893,false,7272,105376878,0.7220678382286893
7272,3161,0.8873809349537092,false,7272,3161,0.8873809349537092
7272,51203,0.8426838263312607,false,7272,51203,0.8426838263312607
7272,6273,0.785935551898724,false,7272,6273,0.785935551898724
7272,729533,0.9478366543032112,false,7272,729533,0.9478366543032112
7272,105370924,0.7159864006536248,false,7272,105370924,0.7159864006536248
7272,29128,0.848611086054479,false,7272,29128,0.848611086054479
7272,113130,0.8883891695510198,false,7272,113130,0.8883891695510198
7272,338376,0.7283981029994574,false,7272,338376,0.7283981029994574
7272,3832,0.9091878303484396,false,7272,3832,0.9091878303484396
7272,57082,0.9197435480497881,false,7272,57082,0.9197435480497881
7272,11065,0.8995667707732398,false,7272,11065,0.8995667707732398
7272,7477,0.7355199195301074,false,7272,7477,0.7355199195301074
7272,219970,0.81836685901173,false,7272,219970,0.81836685901173
7272,339256,0.7052113421213481,false,7272,339256,0.7052113421213481
7272,105378523,0.707551700199201,false,7272,105378523,0.707551700199201
7272,56992,0.8717354372160782,false,7272,56992,0.8717354372160782
7272,11130,0.905684208015863,false,7272,11130,0.905684208015863
7272,145873,0.7489739519588586,false,7272,145873,0.7489739519588586
7272,641,0.7108982323510721,false,7272,641,0.7108982323510721
7272,891,0.919590194177316,false,7272,891,0.919590194177316
7272,4751,0.8342075869780877,false,7272,4751,0.8342075869780877
7272,6241,0.7899504442088822,false,7272,6241,0.7899504442088822
7272,107985513,0.7128338643120627,false,7272,107985513,0.7128338643120627
7272,79056,0.7010752445168619,false,7272,79056,0.7010752445168619
7272,27178,0.7301842917166318,false,7272,27178,0.7301842917166318
7272,100506895,0.7113402166672719,false,7272,100506895,0.7113402166672719
7272,151648,0.8144462911668842,false,7272,151648,0.8144462911668842
7272,9388,0.7905629354901437,false,7272,9388,0.7905629354901437
7272,55789,0.8678196662280315,false,7272,55789,0.8678196662280315
7272,105377404,0.7584807251503031,false,7272,105377404,0.7584807251503031
7272,54101,0.7559229418486849,false,7272,54101,0.7559229418486849
7272,55723,0.8809165393320255,false,7272,55723,0.8809165393320255
7272,1301,0.7125850479809672,false,7272,1301,0.7125850479809672
7272,151760,0.7001132559933372,false,7272,151760,0.7001132559933372
7272,101927355,0.8747364769282722,false,7272,101927355,0.8747364769282722
7272,105371275,0.7734685593002112,false,7272,105371275,0.7734685593002112
7272,105375894,0.7086391399274785,false,7272,105375894,0.7086391399274785
7272,11004,0.8567224341720887,false,7272,11004,0.8567224341720887
7272,554202,0.7384964534551901,false,7272,554202,0.7384964534551901
7272,221150,0.8918620244930489,false,7272,221150,0.8918620244930489
7272,701,0.9383955138919995,false,7272,701,0.9383955138919995
79801,144455,0.8065448753917474,false,79801,144455,0.8065448753917474
79801,1033,0.9207413962904032,false,79801,1033,0.9207413962904032
79801,9493,0.8430241684986371,false,79801,9493,0.8430241684986371
79801,4085,0.7663600758261855,false,79801,4085,0.7663600758261855
79801,554282,0.8733079537020106,false,79801,554282,0.8733079537020106
79801,9133,0.7624653991002077,false,79801,9133,0.7624653991002077
79801,653820,0.9037366814167563,false,79801,653820,0.9037366814167563
79801,3161,0.9216275125819922,false,79801,3161,0.9216275125819922
79801,51203,0.7949390106739612,false,79801,51203,0.7949390106739612
79801,729533,0.9026951728594315,false,79801,729533,0.9026951728594315
79801,29128,0.8066613490037956,false,79801,29128,0.8066613490037956
79801,113130,0.8509282384318316,false,79801,113130,0.8509282384318316
79801,3832,0.937865055063568,false,79801,3832,0.937865055063568
79801,57082,0.910509785595873,false,79801,57082,0.910509785595873
79801,11065,0.9100495239688218,false,79801,11065,0.9100495239688218
79801,219970,0.7543960233076474,false,79801,219970,0.7543960233076474
79801,56992,0.8119358353570596,false,79801,56992,0.8119358353570596
79801,11130,0.8377390261680223,false,79801,11130,0.8377390261680223
79801,145873,0.7309389690165791,false,79801,145873,0.7309389690165791
79801,641,0.7368002862575834,false,79801,641,0.7368002862575834
79801,891,0.9306092024025711,false,79801,891,0.9306092024025711
79801,4751,0.8711704491959541,false,79801,4751,0.8711704491959541
79801,6241,0.7761180635016238,false,79801,6241,0.7761180635016238
79801,151648,0.7801574266728344,false,79801,151648,0.7801574266728344
79801,9388,0.7335725138023762,false,79801,9388,0.7335725138023762
79801,55789,0.8603451278624176,false,79801,55789,0.8603451278624176
79801,55723,0.8214081908778615,false,79801,55723,0.8214081908778615
79801,101927355,0.738591592055715,false,79801,101927355,0.738591592055715
79801,11004,0.8688892502449934,false,79801,11004,0.8688892502449934
79801,221150,0.894027378528907,false,79801,221150,0.894027378528907
79801,701,0.9032651933684366,false,79801,701,0.9032651933684366
144455,105374166,0.9156336616729972,false,144455,105374166,0.9156336616729972
144455,101927354,0.8777312382639664,false,144455,101927354,0.8777312382639664
144455,1033,0.8280215644214065,false,144455,1033,0.8280215644214065
144455,9493,0.9228843484194245,false,144455,9493,0.9228843484194245
144455,53836,0.9375550209489011,false,144455,53836,0.9375550209489011
144455,4085,0.8305868136775707,false,144455,4085,0.8305868136775707
144455,554282,0.7083258631717206,false,144455,554282,0.7083258631717206
144455,653820,0.9383826559948216,false,144455,653820,0.9383826559948216
144455,860,0.879560222881105,false,144455,860,0.879560222881105
144455,105376878,0.9110174883180856,false,144455,105376878,0.9110174883180856
144455,111216286,0.8925978330343116,false,144455,111216286,0.8925978330343116
144455,3161,0.7087703966126082,false,144455,3161,0.7087703966126082
144455,6273,0.9366526960662097,false,144455,6273,0.9366526960662097
144455,729533,0.8783921260840833,false,144455,729533,0.8783921260840833
144455,105370924,0.9356784662414619,false,144455,105370924,0.9356784662414619
144455,29128,0.9218651338129461,false,144455,29128,0.9218651338129461
144455,113130,0.7238484752654248,false,144455,113130,0.7238484752654248
144455,338376,0.8669899557488941,false,144455,338376,0.8669899557488941
144455,3832,0.789824782171846,false,144455,3832,0.789824782171846
144455,7477,0.9073730564870481,false,144455,7477,0.9073730564870481
144455,219970,0.7163479365511483,false,144455,219970,0.7163479365511483
144455,339256,0.9064834394584643,false,144455,339256,0.9064834394584643
144455,105378523,0.8937344911083827,false,144455,105378523,0.8937344911083827
144455,8549,0.9176222683528366,false,144455,8549,0.9176222683528366
144455,11130,0.9290081112987634,false,144455,11130,0.9290081112987634
144455,145873,0.9202337595647736,false,144455,145873,0.9202337595647736
144455,641,0.8094376454333679,false,144455,641,0.8094376454333679
144455,107985513,0.8984637307485238,false,144455,107985513,0.8984637307485238
144455,51802,0.7483019562864072,false,144455,51802,0.7483019562864072
144455,81607,0.9292178398021546,false,144455,81607,0.9292178398021546
144455,100506895,0.914850921587605,false,144455,100506895,0.914850921587605
144455,9388,0.9041889977811072,false,144455,9388,0.9041889977811072
144455,105377404,0.9163111154271103,false,144455,105377404,0.9163111154271103
144455,54101,0.872534921059918,false,144455,54101,0.872534921059918
144455,55240,0.8575625184592798,false,144455,55240,0.8575625184592798
144455,64843,0.8838006206306837,false,144455,64843,0.8838006206306837
144455,1301,0.9427663353415096,false,144455,1301,0.9427663353415096
144455,151760,0.9047912903507503,false,144455,151760,0.9047912903507503
144455,101927355,0.9089930870371458,false,144455,101927355,0.9089930870371458
144455,105370953,0.898323616798701,false,144455,105370953,0.898323616798701
144455,105371275,0.9345549665728399,false,144455,105371275,0.9345549665728399
144455,112802,0.9059289784015446,false,144455,112802,0.9059289784015446
144455,105375894,0.8916472345575186,false,144455,105375894,0.8916472345575186
144455,1630,0.9048287074215825,false,144455,1630,0.9048287074215825
144455,11004,0.9379834427480005,false,144455,11004,0.9379834427480005
144455,1573,0.8342548020722453,false,144455,1573,0.8342548020722453
144455,554202,0.9075613256590045,false,144455,554202,0.9075613256590045
144455,221150,0.8729484817522902,false,144455,221150,0.8729484817522902
144455,701,0.7509535532832844,false,144455,701,0.7509535532832844
144455,105372950,0.8869515327056053,false,144455,105372950,0.8869515327056053
144455,3670,0.7981902120428378,false,144455,3670,0.7981902120428378
79733,2625,0.8532479893739773,false,79733,2625,0.8532479893739773
79733,10024,0.8703182618218176,false,79733,10024,0.8703182618218176
79733,100048912,0.8718445334120304,false,79733,100048912,0.8718445334120304
79733,106481742,0.7933029497139088,false,79733,106481742,0.7933029497139088
79733,100289137,0.9073269082627494,false,79733,100289137,0.9073269082627494
79733,5101,0.8597760530979892,false,79733,5101,0.8597760530979892
79733,100506411,0.9121897325697599,false,79733,100506411,0.9121897325697599
79733,3161,0.8104515352553954,false,79733,3161,0.8104515352553954
79733,51203,0.8988311087886497,false,79733,51203,0.8988311087886497
79733,374946,0.9180217881978684,false,79733,374946,0.9180217881978684
79733,57082,0.7471987711788708,false,79733,57082,0.7471987711788708
79733,53820,0.9310728567817912,false,79733,53820,0.9310728567817912
79733,56992,0.7865734305581542,false,79733,56992,0.7865734305581542
79733,10874,0.8828468870365029,false,79733,10874,0.8828468870365029
79733,2301,0.9374675284434343,false,79733,2301,0.9374675284434343
79733,4751,0.8340661072827272,false,79733,4751,0.8340661072827272
79733,107985017,0.9065382879900331,false,79733,107985017,0.9065382879900331
79733,55057,0.8302962233847054,false,79733,55057,0.8302962233847054
79733,56896,0.9067531942289254,false,79733,56896,0.9067531942289254
79733,79056,0.7691286955905591,false,79733,79056,0.7691286955905591
79733,27178,0.8341327222635019,false,79733,27178,0.8341327222635019
79733,4166,0.8682010492783928,false,79733,4166,0.8682010492783928
79733,55789,0.8294545938008188,false,79733,55789,0.8294545938008188
79733,55723,0.7326957120356283,false,79733,55723,0.7326957120356283
79733,3664,0.8797661099178055,false,79733,3664,0.8797661099178055
79733,9212,0.8438265638587039,false,79733,9212,0.8438265638587039
79733,11001,0.784737356113002,false,79733,11001,0.784737356113002
79733,253650,0.9127694788639344,false,79733,253650,0.9127694788639344
79733,9076,0.8501149111878836,false,79733,9076,0.8501149111878836
79733,23566,0.9334125253220309,false,79733,23566,0.9334125253220309
2625,10024,0.734888929576315,false,2625,10024,0.734888929576315
2625,100048912,0.7320585589799039,false,2625,100048912,0.7320585589799039
2625,106481742,0.9057027098075217,false,2625,106481742,0.9057027098075217
2625,100289137,0.8549566194148936,false,2625,100289137,0.8549566194148936
2625,5101,0.9218575891879499,false,2625,5101,0.9218575891879499
2625,100506411,0.9551693503629722,false,2625,100506411,0.9551693503629722
2625,51203,0.7178877610761776,false,2625,51203,0.7178877610761776
2625,374946,0.9351897402319235,false,2625,374946,0.9351897402319235
2625,53820,0.9281859637930682,false,2625,53820,0.9281859637930682
2625,10874,0.9380032185313236,false,2625,10874,0.9380032185313236
2625,2301,0.855147221711574,false,2625,2301,0.855147221711574
2625,4751,0.721795389761871,false,2625,4751,0.721795389761871
2625,107985017,0.8300636863404076,false,2625,107985017,0.8300636863404076
2625,55057,0.8691145448577549,false,2625,55057,0.8691145448577549
2625,56896,0.9035137457362438,false,2625,56896,0.9035137457362438
2625,4166,0.8424213716202412,false,2625,4166,0.8424213716202412
2625,55789,0.7223730633966423,false,2625,55789,0.7223730633966423
2625,3664,0.8608869195747321,false,2625,3664,0.8608869195747321
2625,9212,0.9268939954490004,false,2625,9212,0.9268939954490004
2625,11001,0.9541029098393843,false,2625,11001,0.9541029098393843
2625,253650,0.9527890689906631,false,2625,253650,0.9527890689906631
2625,9076,0.9626704883665105,false,2625,9076,0.9626704883665105
2625,23566,0.8605564629107043,false,2625,23566,0.8605564629107043
10024,106481742,0.7771392677874708,false,10024,106481742,0.7771392677874708
10024,5101,0.716771316407125,false,10024,5101,0.716771316407125
10024,100506411,0.734981343183986,false,10024,100506411,0.734981343183986
10024,3161,0.7705349144168261,false,10024,3161,0.7705349144168261
10024,51203,0.8028411024939801,false,10024,51203,0.8028411024939801
10024,9096,0.7370878871469518,false,10024,9096,0.7370878871469518
10024,56300,0.722473838532138,false,10024,56300,0.722473838532138
10024,374946,0.797310055517555,false,10024,374946,0.797310055517555
10024,57082,0.718884605859197,false,10024,57082,0.718884605859197
10024,11065,0.7688651168319709,false,10024,11065,0.7688651168319709
10024,53820,0.7990869197934636,false,10024,53820,0.7990869197934636
10024,2301,0.8854629332791537,false,10024,2301,0.8854629332791537
10024,9700,0.7910792482185076,false,10024,9700,0.7910792482185076
10024,4751,0.7646379367375041,false,10024,4751,0.7646379367375041
10024,107985017,0.7255906140910879,false,10024,107985017,0.7255906140910879
10024,56896,0.8165800505023101,false,10024,56896,0.8165800505023101
10024,27178,0.8231825951798668,false,10024,27178,0.8231825951798668
10024,4166,0.8634783967105792,false,10024,4166,0.8634783967105792
10024,55789,0.7425978864865217,false,10024,55789,0.7425978864865217
10024,55723,0.7021439375046201,false,10024,55723,0.7021439375046201
10024,3664,0.8706467892052033,false,10024,3664,0.8706467892052033
10024,9212,0.8551535751807815,false,10024,9212,0.8551535751807815
10024,128239,0.7524712535392134,false,10024,128239,0.7524712535392134
10024,253650,0.75379072939534,false,10024,253650,0.75379072939534
10024,9076,0.715888056522694,false,10024,9076,0.715888056522694
10024,23566,0.8129335526505505,false,10024,23566,0.8129335526505505
115362,941,0.9618660430116305,false,115362,941,0.9618660430116305
115362,10537,0.952339602854853,false,115362,10537,0.952339602854853
115362,27063,0.9361786982183987,false,115362,27063,0.9361786982183987
115362,55655,0.95695336402227,false,115362,55655,0.95695336402227
115362,26279,0.9579890723396811,false,115362,26279,0.9579890723396811
115362,9447,0.8985464825894859,false,115362,9447,0.8985464825894859
115362,344,0.8307461422777026,false,115362,344,0.8307461422777026
115362,4283,0.9704757783277883,false,115362,4283,0.9704757783277883
115362,84815,0.8634087164744916,false,115362,84815,0.8634087164744916
115362,10437,0.752205123439945,false,115362,10437,0.752205123439945
115362,85479,0.9691368195785359,false,115362,85479,0.9691368195785359
115362,84419,0.90845764167084,false,115362,84419,0.90845764167084
115362,79413,0.9553020756171035,false,115362,79413,0.9553020756171035
115362,100533990,0.834012078190214,false,115362,100533990,0.834012078190214
115362,3352,0.891069328336382,false,115362,3352,0.891069328336382
115362,387895,0.9426372118731978,false,115362,387895,0.9426372118731978
115362,27299,0.9492272094846275,false,115362,27299,0.9492272094846275
115362,2297,0.7076508392371291,false,115362,2297,0.7076508392371291
115362,50852,0.9670304986980691,false,115362,50852,0.9670304986980691
115362,3502,0.9427405381771704,false,115362,3502,0.9427405381771704
115362,389336,0.9475357681841513,false,115362,389336,0.9475357681841513
115362,28946,0.9499697859170093,false,115362,28946,0.9499697859170093
115362,152225,0.8653921684033364,false,115362,152225,0.8653921684033364
115362,366,0.9407806727560217,false,115362,366,0.9407806727560217
115362,6362,0.9490083171027319,false,115362,6362,0.9490083171027319
115362,3512,0.9478956588749089,false,115362,3512,0.9478956588749089
115362,1404,0.9330850599571475,false,115362,1404,0.9330850599571475
115362,102724714,0.9280553790339602,false,115362,102724714,0.9280553790339602
115362,28809,0.9374873415888385,false,115362,28809,0.9374873415888385
115362,109729169,0.9280940170414704,false,115362,109729169,0.9280940170414704
100048912,100289137,0.9420655099170867,false,100048912,100289137,0.9420655099170867
100048912,5101,0.741511176769566,false,100048912,5101,0.741511176769566
100048912,100506411,0.8457306778619489,false,100048912,100506411,0.8457306778619489
100048912,51203,0.7808819007703238,false,100048912,51203,0.7808819007703238
100048912,374946,0.8184286098531273,false,100048912,374946,0.8184286098531273
100048912,53820,0.7944807838427539,false,100048912,53820,0.7944807838427539
100048912,56992,0.7242419795654897,false,100048912,56992,0.7242419795654897
100048912,10874,0.8539210247702681,false,100048912,10874,0.8539210247702681
100048912,2301,0.7087761323386174,false,100048912,2301,0.7087761323386174
100048912,4751,0.7098151412949828,false,100048912,4751,0.7098151412949828
100048912,107985017,0.8391105447862661,false,100048912,107985017,0.8391105447862661
100048912,55057,0.9019502446073467,false,100048912,55057,0.9019502446073467
100048912,56896,0.8311282830190895,false,100048912,56896,0.8311282830190895
100048912,79056,0.7464023418288235,false,100048912,79056,0.7464023418288235
100048912,3664,0.7119668762679567,false,100048912,3664,0.7119668762679567
100048912,11001,0.7289679709126435,false,100048912,11001,0.7289679709126435
100048912,253650,0.8476137327125769,false,100048912,253650,0.8476137327125769
100048912,9076,0.7011250213094462,false,100048912,9076,0.7011250213094462
100048912,23566,0.8544865893106667,false,100048912,23566,0.8544865893106667
6534,5133,0.7450140329763173,false,6534,5133,0.7450140329763173
6534,134285,0.9538411148055678,false,6534,134285,0.9538411148055678
6534,89886,0.7885166966810615,false,6534,89886,0.7885166966810615
6534,332,0.8243658961169817,false,6534,332,0.8243658961169817
6534,286676,0.8685816862159155,false,6534,286676,0.8685816862159155
6534,10437,0.7164877102411191,false,6534,10437,0.7164877102411191
6534,100130275,0.8151843635247356,false,6534,100130275,0.8151843635247356
6534,864,0.8467388896393919,false,6534,864,0.8467388896393919
6534,79191,0.8576261160849482,false,6534,79191,0.8576261160849482
6534,10643,0.8275722086867255,false,6534,10643,0.8275722086867255
6534,83648,0.9643123718655167,false,6534,83648,0.9643123718655167
6534,9156,0.8029461229675231,false,6534,9156,0.8029461229675231
6534,105377123,0.9174240651182397,false,6534,105377123,0.9174240651182397
6534,105373557,0.9431740845466852,false,6534,105373557,0.9431740845466852
6534,23562,0.812064112575133,false,6534,23562,0.812064112575133
6534,55765,0.758164440016071,false,6534,55765,0.758164440016071
6534,89858,0.8335533358042981,false,6534,89858,0.8335533358042981
6534,23286,0.9603308837478741,false,6534,23286,0.9603308837478741
6534,101928173,0.9801350923468418,false,6534,101928173,0.9801350923468418
6534,102467080,0.9282119453149663,false,6534,102467080,0.9282119453149663
6534,9232,0.8346500158249063,false,6534,9232,0.8346500158249063
105374166,101927354,0.9061847104747635,false,105374166,101927354,0.9061847104747635
105374166,9493,0.7969858122419086,false,105374166,9493,0.7969858122419086
105374166,53836,0.973118048499935,false,105374166,53836,0.973118048499935
105374166,653820,0.8377543767597718,false,105374166,653820,0.8377543767597718
105374166,860,0.8588351776306561,false,105374166,860,0.8588351776306561
105374166,105376878,0.9331041365791657,false,105374166,105376878,0.9331041365791657
105374166,111216286,0.9631998272083387,false,105374166,111216286,0.9631998272083387
105374166,6273,0.9757185648379879,false,105374166,6273,0.9757185648379879
105374166,729533,0.7353802223605399,false,105374166,729533,0.7353802223605399
105374166,105370924,0.9477125322024551,false,105374166,105370924,0.9477125322024551
105374166,29128,0.8426082005432192,false,105374166,29128,0.8426082005432192
105374166,338376,0.8657087589164733,false,105374166,338376,0.8657087589164733
105374166,7477,0.9754447812110775,false,105374166,7477,0.9754447812110775
105374166,339256,0.9605441273341642,false,105374166,339256,0.9605441273341642
105374166,105378523,0.9488476767315566,false,105374166,105378523,0.9488476767315566
105374166,8549,0.98146526800821,false,105374166,8549,0.98146526800821
105374166,11130,0.8909012687141196,false,105374166,11130,0.8909012687141196
105374166,145873,0.9353682793936338,false,105374166,145873,0.9353682793936338
105374166,641,0.7899127954437288,false,105374166,641,0.7899127954437288
105374166,107985513,0.9729468352968556,false,105374166,107985513,0.9729468352968556
105374166,51802,0.8468122559843888,false,105374166,51802,0.8468122559843888
105374166,81607,0.9604259068491651,false,105374166,81607,0.9604259068491651
105374166,100506895,0.9409424995610731,false,105374166,100506895,0.9409424995610731
105374166,9388,0.9172344946888419,false,105374166,9388,0.9172344946888419
105374166,105377404,0.9732723666231194,false,105374166,105377404,0.9732723666231194
105374166,54101,0.869337876502365,false,105374166,54101,0.869337876502365
105374166,55240,0.8610667392432986,false,105374166,55240,0.8610667392432986
105374166,64843,0.8952679140176806,false,105374166,64843,0.8952679140176806
105374166,1301,0.9538698470752283,false,105374166,1301,0.9538698470752283
105374166,151760,0.9822660660156974,false,105374166,151760,0.9822660660156974
105374166,101927355,0.8886161560149942,false,105374166,101927355,0.8886161560149942
105374166,105370953,0.9732445487753979,false,105374166,105370953,0.9732445487753979
105374166,105371275,0.947054840952532,false,105374166,105371275,0.947054840952532
105374166,112802,0.9846111003281329,false,105374166,112802,0.9846111003281329
105374166,105375894,0.9654769464846409,false,105374166,105375894,0.9654769464846409
105374166,1630,0.9765590111638887,false,105374166,1630,0.9765590111638887
105374166,11004,0.8451379450043203,false,105374166,11004,0.8451379450043203
105374166,1573,0.8741113779773704,false,105374166,1573,0.8741113779773704
105374166,554202,0.911394964530804,false,105374166,554202,0.911394964530804
105374166,221150,0.8243364304599051,false,105374166,221150,0.8243364304599051
105374166,105372950,0.9347480324196832,false,105374166,105372950,0.9347480324196832
105374166,3670,0.8973273253857552,false,105374166,3670,0.8973273253857552
101927354,9493,0.7398733027556291,false,101927354,9493,0.7398733027556291
101927354,53836,0.8837190433049897,false,101927354,53836,0.8837190433049897
101927354,653820,0.771777546709217,false,101927354,653820,0.771777546709217
101927354,860,0.8782726400076202,false,101927354,860,0.8782726400076202
101927354,105376878,0.9544064674269136,false,101927354,105376878,0.9544064674269136
101927354,111216286,0.9295052224424196,false,101927354,111216286,0.9295052224424196
101927354,6273,0.9076971517235958,false,101927354,6273,0.9076971517235958
101927354,729533,0.7186593357332457,false,101927354,729533,0.7186593357332457
101927354,105370924,0.8869182520210165,false,101927354,105370924,0.8869182520210165
101927354,29128,0.837366559467517,false,101927354,29128,0.837366559467517
101927354,338376,0.782865330010721,false,101927354,338376,0.782865330010721
101927354,7477,0.9565816255013915,false,101927354,7477,0.9565816255013915
101927354,339256,0.9021416871829276,false,101927354,339256,0.9021416871829276
101927354,105378523,0.8326871061386099,false,101927354,105378523,0.8326871061386099
101927354,8549,0.9193428348069547,false,101927354,8549,0.9193428348069547
101927354,11130,0.7881002627555063,false,101927354,11130,0.7881002627555063
101927354,145873,0.8497242051021019,false,101927354,145873,0.8497242051021019
101927354,641,0.807561848336919,false,101927354,641,0.807561848336919
101927354,864,0.7095770630962502,false,101927354,864,0.7095770630962502
101927354,107985513,0.9453985777910474,false,101927354,107985513,0.9453985777910474
101927354,51802,0.7930162490779312,false,101927354,51802,0.7930162490779312
101927354,81607,0.9504076919704173,false,101927354,81607,0.9504076919704173
101927354,100506895,0.8802366107316142,false,101927354,100506895,0.8802366107316142
101927354,9388,0.8869952290705255,false,101927354,9388,0.8869952290705255
101927354,105377404,0.8513671874776781,false,101927354,105377404,0.8513671874776781
101927354,54101,0.7797737258564178,false,101927354,54101,0.7797737258564178
101927354,55240,0.965273907819841,false,101927354,55240,0.965273907819841
101927354,64843,0.9238792771597317,false,101927354,64843,0.9238792771597317
101927354,1301,0.9086930853991237,false,101927354,1301,0.9086930853991237
101927354,151760,0.8954878958772675,false,101927354,151760,0.8954878958772675
101927354,101927355,0.7696552494940864,false,101927354,101927355,0.7696552494940864
101927354,105370953,0.8800546854952588,false,101927354,105370953,0.8800546854952588
101927354,105371275,0.8810108205825276,false,101927354,105371275,0.8810108205825276
101927354,112802,0.9192608857560646,false,101927354,112802,0.9192608857560646
101927354,105375894,0.840604929097992,false,101927354,105375894,0.840604929097992
101927354,1630,0.9190208095437149,false,101927354,1630,0.9190208095437149
101927354,11004,0.877346343863895,false,101927354,11004,0.877346343863895
101927354,1573,0.911684600451397,false,101927354,1573,0.911684600451397
101927354,554202,0.834921484192189,false,101927354,554202,0.834921484192189
101927354,221150,0.7998429216962674,false,101927354,221150,0.7998429216962674
101927354,105372950,0.9436449739116606,false,101927354,105372950,0.9436449739116606
101927354,3670,0.9264150425307567,false,101927354,3670,0.9264150425307567
1033,9493,0.8793850777873359,false,1033,9493,0.8793850777873359
1033,53836,0.7500479382922048,false,1033,53836,0.7500479382922048
1033,4085,0.7937407979466121,false,1033,4085,0.7937407979466121
1033,554282,0.8873445816886851,false,1033,554282,0.8873445816886851
1033,9133,0.872672105563823,false,1033,9133,0.872672105563823
1033,653820,0.9349807098852195,false,1033,653820,0.9349807098852195
1033,860,0.7194374997716116,false,1033,860,0.7194374997716116
1033,105376878,0.7671691766666243,false,1033,105376878,0.7671691766666243
1033,3161,0.8607507797866283,false,1033,3161,0.8607507797866283
1033,51203,0.7829773250385437,false,1033,51203,0.7829773250385437
1033,6273,0.7701853781588776,false,1033,6273,0.7701853781588776
1033,729533,0.9582402719332174,false,1033,729533,0.9582402719332174
1033,105370924,0.7232784975056787,false,1033,105370924,0.7232784975056787
1033,29128,0.8778877124200175,false,1033,29128,0.8778877124200175
1033,113130,0.9047373226626482,false,1033,113130,0.9047373226626482
1033,338376,0.7533997410859605,false,1033,338376,0.7533997410859605
1033,3832,0.9259401541212289,false,1033,3832,0.9259401541212289
1033,57082,0.8858102491416823,false,1033,57082,0.8858102491416823
1033,11065,0.8792237609903951,false,1033,11065,0.8792237609903951
1033,7477,0.7288471865988062,false,1033,7477,0.7288471865988062
1033,219970,0.8466758879092002,false,1033,219970,0.8466758879092002
1033,56992,0.7820872510310163,false,1033,56992,0.7820872510310163
1033,11130,0.8253686140970447,false,1033,11130,0.8253686140970447
1033,641,0.7083452312455154,false,1033,641,0.7083452312455154
1033,891,0.9449063872029076,false,1033,891,0.9449063872029076
1033,4751,0.8258770307409322,false,1033,4751,0.8258770307409322
1033,6241,0.8950854379130926,false,1033,6241,0.8950854379130926
1033,151648,0.8028593223513917,false,1033,151648,0.8028593223513917
1033,9388,0.8032975721178817,false,1033,9388,0.8032975721178817
1033,55789,0.8781210151438946,false,1033,55789,0.8781210151438946
1033,54101,0.7641009491368241,false,1033,54101,0.7641009491368241
1033,55723,0.781726335809492,false,1033,55723,0.781726335809492
1033,55240,0.7437022494079839,false,1033,55240,0.7437022494079839
1033,64843,0.7223575331040624,false,1033,64843,0.7223575331040624
1033,101927355,0.8379265630223701,false,1033,101927355,0.8379265630223701
1033,105371275,0.7273392265972161,false,1033,105371275,0.7273392265972161
1033,11004,0.8286372907414014,false,1033,11004,0.8286372907414014
1033,1573,0.7219852198820043,false,1033,1573,0.7219852198820043
1033,554202,0.7564938362912492,false,1033,554202,0.7564938362912492
1033,221150,0.8103482701417064,false,1033,221150,0.8103482701417064
1033,701,0.8589723761480393,false,1033,701,0.8589723761480393
9493,53836,0.8287882534899808,false,9493,53836,0.8287882534899808
9493,4085,0.9595424513758036,false,9493,4085,0.9595424513758036
9493,554282,0.840702172164836,false,9493,554282,0.840702172164836
9493,9133,0.7208963029597357,false,9493,9133,0.7208963029597357
9493,653820,0.959158970347628,false,9493,653820,0.959158970347628
9493,860,0.7892672911144848,false,9493,860,0.7892672911144848
9493,105376878,0.8080706926556165,false,9493,105376878,0.8080706926556165
9493,3161,0.7543302250555678,false,9493,3161,0.7543302250555678
9493,6273,0.8242107577395209,false,9493,6273,0.8242107577395209
9493,729533,0.9374162061365453,false,9493,729533,0.9374162061365453
9493,105370924,0.8427358386753477,false,9493,105370924,0.8427358386753477
9493,29128,0.9518881920675814,false,9493,29128,0.9518881920675814
9493,113130,0.7240617557473054,false,9493,113130,0.7240617557473054
9493,338376,0.8346233252351999,false,9493,338376,0.8346233252351999
9493,3832,0.8773606916193093,false,9493,3832,0.8773606916193093
9493,57082,0.7583961219507656,false,9493,57082,0.7583961219507656
9493,11065,0.7738815280524926,false,9493,11065,0.7738815280524926
9493,7477,0.7923920022056714,false,9493,7477,0.7923920022056714
9493,219970,0.7138780166209436,false,9493,219970,0.7138780166209436
9493,339256,0.780653239994748,false,9493,339256,0.780653239994748
9493,105378523,0.797229500831278,false,9493,105378523,0.797229500831278
9493,56992,0.7733865774311439,false,9493,56992,0.7733865774311439
9493,8549,0.7706924074287922,false,9493,8549,0.7706924074287922
9493,11130,0.8739875902055141,false,9493,11130,0.8739875902055141
9493,145873,0.8241900256981607,false,9493,145873,0.8241900256981607
9493,641,0.8513440217137129,false,9493,641,0.8513440217137129
9493,57016,0.7457600000856424,false,9493,57016,0.7457600000856424
9493,891,0.7969827722030909,false,9493,891,0.7969827722030909
9493,6241,0.7935705380078139,false,9493,6241,0.7935705380078139
9493,107985513,0.7908151127335256,false,9493,107985513,0.7908151127335256
9493,81607,0.7584649710180473,false,9493,81607,0.7584649710180473
9493,100506895,0.8043084166811232,false,9493,100506895,0.8043084166811232
9493,151648,0.7262477129090371,false,9493,151648,0.7262477129090371
9493,9388,0.8688493883512214,false,9493,9388,0.8688493883512214
9493,55789,0.7334388214555743,false,9493,55789,0.7334388214555743
9493,105377404,0.7953023279269118,false,9493,105377404,0.7953023279269118
9493,54101,0.830354056290434,false,9493,54101,0.830354056290434
9493,55723,0.7289224524104124,false,9493,55723,0.7289224524104124
9493,55240,0.7496837594899581,false,9493,55240,0.7496837594899581
9493,64843,0.8375137596310059,false,9493,64843,0.8375137596310059
9493,1301,0.8231197438955341,false,9493,1301,0.8231197438955341
9493,151760,0.769619762052711,false,9493,151760,0.769619762052711
9493,101927355,0.8495427705973205,false,9493,101927355,0.8495427705973205
9493,105370953,0.7461399791222464,false,9493,105370953,0.7461399791222464
9493,105371275,0.7956618712415952,false,9493,105371275,0.7956618712415952
9493,112802,0.7510987185242696,false,9493,112802,0.7510987185242696
9493,105375894,0.7716528694831353,false,9493,105375894,0.7716528694831353
9493,1630,0.7497167044446399,false,9493,1630,0.7497167044446399
9493,11004,0.8816786964528086,false,9493,11004,0.8816786964528086
9493,1573,0.8065046403343066,false,9493,1573,0.8065046403343066
9493,554202,0.8526143056847322,false,9493,554202,0.8526143056847322
9493,221150,0.864909794357011,false,9493,221150,0.864909794357011
9493,701,0.8431463973080565,false,9493,701,0.8431463973080565
53836,4085,0.7020772597987616,false,53836,4085,0.7020772597987616
53836,653820,0.8934345262663068,false,53836,653820,0.8934345262663068
53836,860,0.9138230164670919,false,53836,860,0.9138230164670919
53836,105376878,0.9250054526076027,false,53836,105376878,0.9250054526076027
53836,111216286,0.9229557250981915,false,53836,111216286,0.9229557250981915
53836,6273,0.9953873602442075,false,53836,6273,0.9953873602442075
53836,729533,0.8166855452464228,false,53836,729533,0.8166855452464228
53836,105370924,0.9778558901144246,false,53836,105370924,0.9778558901144246
53836,29128,0.8861774114667084,false,53836,29128,0.8861774114667084
53836,338376,0.9359250140929732,false,53836,338376,0.9359250140929732
53836,3832,0.7222273527952496,false,53836,3832,0.7222273527952496
53836,7477,0.9672266728312278,false,53836,7477,0.9672266728312278
53836,339256,0.904196927027577,false,53836,339256,0.904196927027577
53836,105378523,0.9769646859143096,false,53836,105378523,0.9769646859143096
53836,8549,0.9469261090772707,false,53836,8549,0.9469261090772707
53836,11130,0.9159730478096703,false,53836,11130,0.9159730478096703
53836,145873,0.9326695936535182,false,53836,145873,0.9326695936535182
53836,641,0.7530587769495106,false,53836,641,0.7530587769495106
53836,57016,0.7198891164732525,false,53836,57016,0.7198891164732525
53836,107985513,0.9301551850662709,false,53836,107985513,0.9301551850662709
53836,51802,0.8629821263177174,false,53836,51802,0.8629821263177174
53836,81607,0.9361946793628214,false,53836,81607,0.9361946793628214
53836,100506895,0.9747387885095105,false,53836,100506895,0.9747387885095105
53836,9388,0.953513903167883,false,53836,9388,0.953513903167883
53836,105377404,0.9689872009973917,false,53836,105377404,0.9689872009973917
53836,54101,0.9436330869072108,false,53836,54101,0.9436330869072108
53836,55240,0.87719037427879,false,53836,55240,0.87719037427879
53836,64843,0.8904644062836489,false,53836,64843,0.8904644062836489
53836,1301,0.9321259452098881,false,53836,1301,0.9321259452098881
53836,151760,0.9707790564494178,false,53836,151760,0.9707790564494178
53836,101927355,0.9559562024317431,false,53836,101927355,0.9559562024317431
53836,105370953,0.9379675356538346,false,53836,105370953,0.9379675356538346
53836,105371275,0.9342599515988068,false,53836,105371275,0.9342599515988068
53836,112802,0.9511045008449618,false,53836,112802,0.9511045008449618
53836,105375894,0.96148769741953,false,53836,105375894,0.96148769741953
53836,1630,0.9386094836559407,false,53836,1630,0.9386094836559407
53836,11004,0.8485170366065701,false,53836,11004,0.8485170366065701
53836,1573,0.8233409400139964,false,53836,1573,0.8233409400139964
53836,554202,0.9644950563252389,false,53836,554202,0.9644950563252389
53836,221150,0.828953860123375,false,53836,221150,0.828953860123375
53836,105372950,0.9059279051902934,false,53836,105372950,0.9059279051902934
53836,3670,0.8839350458534656,false,53836,3670,0.8839350458534656
106481742,100289137,0.8186180967579145,false,106481742,100289137,0.8186180967579145
106481742,5101,0.8527532054300794,false,106481742,5101,0.8527532054300794
106481742,100506411,0.8610703315022217,false,106481742,100506411,0.8610703315022217
106481742,51203,0.767217321397079,false,106481742,51203,0.767217321397079
106481742,374946,0.9007118339668063,false,106481742,374946,0.9007118339668063
106481742,53820,0.9016577726658777,false,106481742,53820,0.9016577726658777
106481742,10874,0.8053977013729384,false,106481742,10874,0.8053977013729384
106481742,2301,0.8303571372313331,false,106481742,2301,0.8303571372313331
106481742,4751,0.8264079696145613,false,106481742,4751,0.8264079696145613
106481742,107985017,0.7640467550118402,false,106481742,107985017,0.7640467550118402
106481742,55057,0.7225254785171437,false,106481742,55057,0.7225254785171437
106481742,56896,0.8410551970719475,false,106481742,56896,0.8410551970719475
106481742,27178,0.7295378635898558,false,106481742,27178,0.7295378635898558
106481742,4166,0.8481089029511414,false,106481742,4166,0.8481089029511414
106481742,55789,0.7354446893146854,false,106481742,55789,0.7354446893146854
106481742,3664,0.7601537791524581,false,106481742,3664,0.7601537791524581
106481742,9212,0.9443437095260335,false,106481742,9212,0.9443437095260335
106481742,11001,0.8059802058762331,false,106481742,11001,0.8059802058762331
106481742,253650,0.8888558679691256,false,106481742,253650,0.8888558679691256
106481742,9076,0.870160784549029,false,106481742,9076,0.870160784549029
106481742,23566,0.8218424017877434,false,106481742,23566,0.8218424017877434
100289137,5101,0.8944395344682412,false,100289137,5101,0.8944395344682412
100289137,100506411,0.9409982318058389,false,100289137,100506411,0.9409982318058389
100289137,51203,0.777164418357724,false,100289137,51203,0.777164418357724
100289137,374946,0.9081451482383189,false,100289137,374946,0.9081451482383189
100289137,53820,0.9022808221149117,false,100289137,53820,0.9022808221149117
100289137,10874,0.9205269868732183,false,100289137,10874,0.9205269868732183
100289137,2301,0.8170242068090042,false,100289137,2301,0.8170242068090042
100289137,4751,0.7401909671352399,false,100289137,4751,0.7401909671352399
100289137,107985017,0.8599099341105698,false,100289137,107985017,0.8599099341105698
100289137,55057,0.8922469508622328,false,100289137,55057,0.8922469508622328
100289137,56896,0.9305537948195205,false,100289137,56896,0.9305537948195205
100289137,4166,0.7274720358576151,false,100289137,4166,0.7274720358576151
100289137,3664,0.8225486138664746,false,100289137,3664,0.8225486138664746
100289137,9212,0.7814706469487617,false,100289137,9212,0.7814706469487617
100289137,11001,0.7768975101925509,false,100289137,11001,0.7768975101925509
100289137,253650,0.9605248858856126,false,100289137,253650,0.9605248858856126
100289137,9076,0.8558807834961415,false,100289137,9076,0.8558807834961415
100289137,23566,0.9415474003203095,false,100289137,23566,0.9415474003203095
4085,554282,0.8289061742068833,false,4085,554282,0.8289061742068833
4085,9133,0.7391968047388533,false,4085,9133,0.7391968047388533
4085,653820,0.8772092720184342,false,4085,653820,0.8772092720184342
4085,860,0.7349533948887321,false,4085,860,0.7349533948887321
4085,729533,0.8922386108368202,false,4085,729533,0.8922386108368202
4085,105370924,0.7531510428382274,false,4085,105370924,0.7531510428382274
4085,29128,0.895668954004361,false,4085,29128,0.895668954004361
4085,338376,0.7751456269726967,false,4085,338376,0.7751456269726967
4085,3832,0.8316433089057913,false,4085,3832,0.8316433089057913
4085,56992,0.7193475545536456,false,4085,56992,0.7193475545536456
4085,11130,0.726476697893983,false,4085,11130,0.726476697893983
4085,145873,0.744602180883343,false,4085,145873,0.744602180883343
4085,641,0.7674975817362489,false,4085,641,0.7674975817362489
4085,57016,0.7744286448208894,false,4085,57016,0.7744286448208894
4085,891,0.7231579488509104,false,4085,891,0.7231579488509104
4085,6241,0.7818735389265297,false,4085,6241,0.7818735389265297
4085,100506895,0.7149795931095508,false,4085,100506895,0.7149795931095508
4085,151648,0.7083766547381827,false,4085,151648,0.7083766547381827
4085,9388,0.7827809765157598,false,4085,9388,0.7827809765157598
4085,54101,0.7654131122704595,false,4085,54101,0.7654131122704595
4085,64843,0.7444395649670915,false,4085,64843,0.7444395649670915
4085,101927355,0.7282950053398479,false,4085,101927355,0.7282950053398479
4085,11004,0.783606473110818,false,4085,11004,0.783606473110818
4085,554202,0.7746581347481142,false,4085,554202,0.7746581347481142
4085,221150,0.7657523751682107,false,4085,221150,0.7657523751682107
4085,701,0.7897198371361643,false,4085,701,0.7897198371361643
5307,9096,0.8038489551248262,false,5307,9096,0.8038489551248262
5307,400618,0.7700561366623131,false,5307,400618,0.7700561366623131
5307,56300,0.7404580815700023,false,5307,56300,0.7404580815700023
5307,9700,0.7168850704815156,false,5307,9700,0.7168850704815156
5307,128239,0.7964702602686274,false,5307,128239,0.7964702602686274
941,5133,0.7244626973085829,false,941,5133,0.7244626973085829
941,10537,0.9835129664252067,false,941,10537,0.9835129664252067
941,27063,0.9721081840776122,false,941,27063,0.9721081840776122
941,55655,0.9751726245460648,false,941,55655,0.9751726245460648
941,26279,0.9549001325130803,false,941,26279,0.9549001325130803
941,89886,0.715800367514887,false,941,89886,0.715800367514887
941,9447,0.9160483459399883,false,941,9447,0.9160483459399883
941,344,0.9095400029271792,false,941,344,0.9095400029271792
941,4283,0.9835134388289203,false,941,4283,0.9835134388289203
941,84815,0.8752491309691114,false,941,84815,0.8752491309691114
941,10437,0.868622151113672,false,941,10437,0.868622151113672
941,85479,0.9591960429754522,false,941,85479,0.9591960429754522
941,84419,0.9411643354249754,false,941,84419,0.9411643354249754
941,79413,0.962534759056703,false,941,79413,0.962534759056703
941,100533990,0.9130715559458629,false,941,100533990,0.9130715559458629
941,3352,0.9124411855182273,false,941,3352,0.9124411855182273
941,387895,0.9389253850796214,false,941,387895,0.9389253850796214
941,27299,0.9612755773873907,false,941,27299,0.9612755773873907
941,2297,0.7656154310113371,false,941,2297,0.7656154310113371
941,50852,0.9693782527067788,false,941,50852,0.9693782527067788
941,3502,0.9685093044017485,false,941,3502,0.9685093044017485
941,389336,0.9490967653517569,false,941,389336,0.9490967653517569
941,28946,0.9728626503618759,false,941,28946,0.9728626503618759
941,152225,0.8499190486919759,false,941,152225,0.8499190486919759
941,366,0.9486434368645734,false,941,366,0.9486434368645734
941,6362,0.9594985716541308,false,941,6362,0.9594985716541308
941,3512,0.9710829678413456,false,941,3512,0.9710829678413456
941,1404,0.937035087525965,false,941,1404,0.937035087525965
941,102724714,0.9503850552344263,false,941,102724714,0.9503850552344263
941,28809,0.9428029270996771,false,941,28809,0.9428029270996771
941,109729169,0.9238556911388388,false,941,109729169,0.9238556911388388
5133,134285,0.7879403190146846,false,5133,134285,0.7879403190146846
5133,10537,0.7727081381245782,false,5133,10537,0.7727081381245782
5133,27063,0.7144436702724045,false,5133,27063,0.7144436702724045
5133,89886,0.8505402005640753,false,5133,89886,0.8505402005640753
5133,286676,0.7228007464536316,false,5133,286676,0.7228007464536316
5133,10437,0.8624111228053866,false,5133,10437,0.8624111228053866
5133,10643,0.7065422484798987,false,5133,10643,0.7065422484798987
5133,83648,0.8563623413241749,false,5133,83648,0.8563623413241749
5133,105377123,0.7403263795394488,false,5133,105377123,0.7403263795394488
5133,55765,0.9117002346146366,false,5133,55765,0.9117002346146366
5133,89858,0.9709427780688257,false,5133,89858,0.9709427780688257
5133,101928173,0.8189563026037536,false,5133,101928173,0.8189563026037536
5133,28946,0.717821397564482,false,5133,28946,0.717821397564482
5133,102724714,0.8494317224454323,false,5133,102724714,0.8494317224454323
554282,9133,0.8295188722219682,false,554282,9133,0.8295188722219682
554282,653820,0.869331159772993,false,554282,653820,0.869331159772993
554282,3161,0.8316618822689051,false,554282,3161,0.8316618822689051
554282,51203,0.859406607002264,false,554282,51203,0.859406607002264
554282,729533,0.9082057768255181,false,554282,729533,0.9082057768255181
554282,29128,0.7508757719189559,false,554282,29128,0.7508757719189559
554282,113130,0.7622673572400136,false,554282,113130,0.7622673572400136
554282,3832,0.8668487021483404,false,554282,3832,0.8668487021483404
554282,57082,0.9247666428028158,false,554282,57082,0.9247666428028158
554282,11065,0.8537805540202735,false,554282,11065,0.8537805540202735
554282,219970,0.8245350620191387,false,554282,219970,0.8245350620191387
554282,56992,0.9040328702621591,false,554282,56992,0.9040328702621591
554282,11130,0.7441300921230566,false,554282,11130,0.7441300921230566
554282,57016,0.7155083317636562,false,554282,57016,0.7155083317636562
554282,891,0.8733982455596776,false,554282,891,0.8733982455596776
554282,4751,0.8341308996390421,false,554282,4751,0.8341308996390421
554282,6241,0.7882138215046085,false,554282,6241,0.7882138215046085
554282,79056,0.7295090811533963,false,554282,79056,0.7295090811533963
554282,151648,0.8441963186662642,false,554282,151648,0.8441963186662642
554282,55789,0.8894083884244727,false,554282,55789,0.8894083884244727
554282,55723,0.7740211866137422,false,554282,55723,0.7740211866137422
554282,101927355,0.7531696549069424,false,554282,101927355,0.7531696549069424
554282,221150,0.746999240046022,false,554282,221150,0.746999240046022
554282,701,0.9485234242767827,false,554282,701,0.9485234242767827
9133,653820,0.7330100330253435,false,9133,653820,0.7330100330253435
9133,729533,0.8446629696753102,false,9133,729533,0.8446629696753102
9133,29128,0.7224230061735482,false,9133,29128,0.7224230061735482
9133,113130,0.8072451702959577,false,9133,113130,0.8072451702959577
9133,3832,0.8448055120543319,false,9133,3832,0.8448055120543319
9133,57082,0.8003405355297926,false,9133,57082,0.8003405355297926
9133,11065,0.8044298621299268,false,9133,11065,0.8044298621299268
9133,332,0.7580270428663483,false,9133,332,0.7580270428663483
9133,219970,0.7857829144346612,false,9133,219970,0.7857829144346612
9133,891,0.8970594716994453,false,9133,891,0.8970594716994453
9133,4751,0.7391725515722621,false,9133,4751,0.7391725515722621
9133,6241,0.9175590769208148,false,9133,6241,0.9175590769208148
9133,151648,0.8799524471916889,false,9133,151648,0.8799524471916889
9133,55789,0.7518188100325389,false,9133,55789,0.7518188100325389
9133,701,0.7273287148877,false,9133,701,0.7273287148877
134285,89886,0.8642670768017642,false,134285,89886,0.8642670768017642
134285,332,0.7831910890789813,false,134285,332,0.7831910890789813
134285,286676,0.8716824586236444,false,134285,286676,0.8716824586236444
134285,10437,0.7285350218210946,false,134285,10437,0.7285350218210946
134285,100130275,0.7373875241998101,false,134285,100130275,0.7373875241998101
134285,864,0.7797604722787074,false,134285,864,0.7797604722787074
134285,79191,0.7663163709612868,false,134285,79191,0.7663163709612868
134285,10643,0.7869067870597171,false,134285,10643,0.7869067870597171
134285,83648,0.9637266186624042,false,134285,83648,0.9637266186624042
134285,9156,0.7726879278498233,false,134285,9156,0.7726879278498233
134285,105377123,0.8764181412477675,false,134285,105377123,0.8764181412477675
134285,105373557,0.893371136933438,false,134285,105373557,0.893371136933438
134285,23562,0.7222240394402145,false,134285,23562,0.7222240394402145
134285,55765,0.7891689927691455,false,134285,55765,0.7891689927691455
134285,89858,0.8766683505823397,false,134285,89858,0.8766683505823397
134285,23286,0.9192495501790539,false,134285,23286,0.9192495501790539
134285,101928173,0.9521646423619583,false,134285,101928173,0.9521646423619583
134285,102467080,0.9342954387085366,false,134285,102467080,0.9342954387085366
134285,9232,0.805797003248716,false,134285,9232,0.805797003248716
653820,860,0.8174252438898019,false,653820,860,0.8174252438898019
653820,105376878,0.8354636609703067,false,653820,105376878,0.8354636609703067
653820,111216286,0.7559851674674855,false,653820,111216286,0.7559851674674855
653820,3161,0.8098422282780452,false,653820,3161,0.8098422282780452
653820,51203,0.7087906201561915,false,653820,51203,0.7087906201561915
653820,6273,0.8926477202849731,false,653820,6273,0.8926477202849731
653820,729533,0.9723555821178338,false,653820,729533,0.9723555821178338
653820,105370924,0.8668467882390686,false,653820,105370924,0.8668467882390686
653820,29128,0.9431596138656074,false,653820,29128,0.9431596138656074
653820,113130,0.7976517051696427,false,653820,113130,0.7976517051696427
653820,338376,0.8724085890674892,false,653820,338376,0.8724085890674892
653820,3832,0.9208212276730757,false,653820,3832,0.9208212276730757
653820,57082,0.8391692696834101,false,653820,57082,0.8391692696834101
653820,11065,0.8112791044470138,false,653820,11065,0.8112791044470138
653820,7477,0.8472772435894298,false,653820,7477,0.8472772435894298
653820,219970,0.8127749931107202,false,653820,219970,0.8127749931107202
653820,339256,0.8015803307532784,false,653820,339256,0.8015803307532784
653820,105378523,0.8520981130660611,false,653820,105378523,0.8520981130660611
653820,56992,0.7779409137318323,false,653820,56992,0.7779409137318323
653820,8549,0.8013726220385723,false,653820,8549,0.8013726220385723
653820,11130,0.9385249932609299,false,653820,11130,0.9385249932609299
653820,145873,0.8744115111806676,false,653820,145873,0.8744115111806676
653820,641,0.8013998402968499,false,653820,641,0.8013998402968499
653820,57016,0.7426689516175244,false,653820,57016,0.7426689516175244
653820,891,0.8481101924516579,false,653820,891,0.8481101924516579
653820,6241,0.8221419724523449,false,653820,6241,0.8221419724523449
653820,107985513,0.8151025841038441,false,653820,107985513,0.8151025841038441
653820,51802,0.7304372608479408,false,653820,51802,0.7304372608479408
653820,81607,0.7985394449146807,false,653820,81607,0.7985394449146807
653820,100506895,0.8536293427173938,false,653820,100506895,0.8536293427173938
653820,151648,0.7366700404570906,false,653820,151648,0.7366700404570906
653820,9388,0.9129902749401827,false,653820,9388,0.9129902749401827
653820,55789,0.7727684741172394,false,653820,55789,0.7727684741172394
653820,105377404,0.860904572807212,false,653820,105377404,0.860904572807212
653820,54101,0.8894476418774687,false,653820,54101,0.8894476418774687
653820,55723,0.7774217334384744,false,653820,55723,0.7774217334384744
653820,55240,0.7879847396235148,false,653820,55240,0.7879847396235148
653820,64843,0.819097129923159,false,653820,64843,0.819097129923159
653820,1301,0.8257510194063263,false,653820,1301,0.8257510194063263
653820,151760,0.8200628800610673,false,653820,151760,0.8200628800610673
653820,101927355,0.9333277498681967,false,653820,101927355,0.9333277498681967
653820,105370953,0.7919618112029875,false,653820,105370953,0.7919618112029875
653820,105371275,0.843807324008031,false,653820,105371275,0.843807324008031
653820,112802,0.7979194624836152,false,653820,112802,0.7979194624836152
653820,105375894,0.8287966479323743,false,653820,105375894,0.8287966479323743
653820,1630,0.7777410381973552,false,653820,1630,0.7777410381973552
653820,11004,0.904551171619104,false,653820,11004,0.904551171619104
653820,1573,0.7892970494436258,false,653820,1573,0.7892970494436258
653820,554202,0.8840031137108307,false,653820,554202,0.8840031137108307
653820,221150,0.9177459748271269,false,653820,221150,0.9177459748271269
653820,701,0.8898735622467798,false,653820,701,0.8898735622467798
653820,105372950,0.7458055917053387,false,653820,105372950,0.7458055917053387
653820,3670,0.7399176035922861,false,653820,3670,0.7399176035922861
860,105376878,0.9056588771756621,false,860,105376878,0.9056588771756621
860,111216286,0.8123271376517109,false,860,111216286,0.8123271376517109
860,6273,0.9043608828558962,false,860,6273,0.9043608828558962
860,729533,0.820646134605714,false,860,729533,0.820646134605714
860,105370924,0.9644506202644412,false,860,105370924,0.9644506202644412
860,29128,0.9113993687296529,false,860,29128,0.9113993687296529
860,338376,0.9559501974414623,false,860,338376,0.9559501974414623
860,3832,0.7259265690712785,false,860,3832,0.7259265690712785
860,7477,0.8907530519535216,false,860,7477,0.8907530519535216
860,219970,0.7502477517610204,false,860,219970,0.7502477517610204
860,339256,0.7572624267950249,false,860,339256,0.7572624267950249
860,105378523,0.9046503640565601,false,860,105378523,0.9046503640565601
860,8549,0.8189439446812996,false,860,8549,0.8189439446812996
860,11130,0.7570754966534774,false,860,11130,0.7570754966534774
860,145873,0.8561058039210032,false,860,145873,0.8561058039210032
860,641,0.7168865547620769,false,860,641,0.7168865547620769
860,57016,0.7516517669147397,false,860,57016,0.7516517669147397
860,6241,0.7421210331877991,false,860,6241,0.7421210331877991
860,107985513,0.8130054791721263,false,860,107985513,0.8130054791721263
860,51802,0.805569836363529,false,860,51802,0.805569836363529
860,81607,0.8436103276145036,false,860,81607,0.8436103276145036
860,100506895,0.9635990975292155,false,860,100506895,0.9635990975292155
860,9388,0.9343279129644767,false,860,9388,0.9343279129644767
860,105377404,0.8085861626517461,false,860,105377404,0.8085861626517461
860,54101,0.9422032380692736,false,860,54101,0.9422032380692736
860,55240,0.935189950813268,false,860,55240,0.935189950813268
860,64843,0.9101429981715622,false,860,64843,0.9101429981715622
860,1301,0.8332222456345436,false,860,1301,0.8332222456345436
860,151760,0.847705292968798,false,860,151760,0.847705292968798
860,101927355,0.8558897623897492,false,860,101927355,0.8558897623897492
860,105370953,0.7928140535973123,false,860,105370953,0.7928140535973123
860,105371275,0.7821965244931363,false,860,105371275,0.7821965244931363
860,112802,0.8147734085679961,false,860,112802,0.8147734085679961
860,105375894,0.8354345346923708,false,860,105375894,0.8354345346923708
860,1630,0.8260228771871282,false,860,1630,0.8260228771871282
860,11004,0.7877409285275064,false,860,11004,0.7877409285275064
860,1573,0.7525689219071098,false,860,1573,0.7525689219071098
860,554202,0.9649331853565299,false,860,554202,0.9649331853565299
860,221150,0.7066182791726956,false,860,221150,0.7066182791726956
860,105372950,0.8210033682288846,false,860,105372950,0.8210033682288846
860,3670,0.8688574420372491,false,860,3670,0.8688574420372491
10537,27063,0.989975056144047,false,10537,27063,0.989975056144047
10537,55655,0.9859596679008916,false,10537,55655,0.9859596679008916
10537,26279,0.9631117127073349,false,10537,26279,0.9631117127073349
10537,89886,0.7398551349849823,false,10537,89886,0.7398551349849823
10537,9447,0.867109691123561,false,10537,9447,0.867109691123561
10537,344,0.857516684354374,false,10537,344,0.857516684354374
10537,4283,0.9684977594653966,false,10537,4283,0.9684977594653966
10537,84815,0.8441807531165939,false,10537,84815,0.8441807531165939
10537,10437,0.8607015578178778,false,10537,10437,0.8607015578178778
10537,85479,0.9487161088610059,false,10537,85479,0.9487161088610059
10537,84419,0.9126356993970061,false,10537,84419,0.9126356993970061
10537,79413,0.9677427956045209,false,10537,79413,0.9677427956045209
10537,100533990,0.8615518321964218,false,10537,100533990,0.8615518321964218
10537,3352,0.9024030623592197,false,10537,3352,0.9024030623592197
10537,387895,0.9324889621145512,false,10537,387895,0.9324889621145512
10537,27299,0.9566754869036309,false,10537,27299,0.9566754869036309
10537,2297,0.7080052500897775,false,10537,2297,0.7080052500897775
10537,50852,0.9706834411925521,false,10537,50852,0.9706834411925521
10537,3502,0.9824673919336331,false,10537,3502,0.9824673919336331
10537,389336,0.9416514919514504,false,10537,389336,0.9416514919514504
10537,28946,0.9914952338239343,false,10537,28946,0.9914952338239343
10537,152225,0.8049106283628265,false,10537,152225,0.8049106283628265
10537,366,0.9450154495049456,false,10537,366,0.9450154495049456
10537,6362,0.9681000978664718,false,10537,6362,0.9681000978664718
10537,3512,0.9858090763914548,false,10537,3512,0.9858090763914548
10537,1404,0.9361815566815153,false,10537,1404,0.9361815566815153
10537,102724714,0.951320807037806,false,10537,102724714,0.951320807037806
10537,28809,0.9473214429540701,false,10537,28809,0.9473214429540701
10537,109729169,0.9295873181728018,false,10537,109729169,0.9295873181728018
105376878,111216286,0.918800151759919,false,105376878,111216286,0.918800151759919
105376878,6273,0.9463707265211337,false,105376878,6273,0.9463707265211337
105376878,729533,0.7870732698690422,false,105376878,729533,0.7870732698690422
105376878,105370924,0.9324824169534395,false,105376878,105370924,0.9324824169534395
105376878,29128,0.8971241286852304,false,105376878,29128,0.8971241286852304
105376878,113130,0.702635010487675,false,105376878,113130,0.702635010487675
105376878,338376,0.8626132906375407,false,105376878,338376,0.8626132906375407
105376878,3832,0.7036221486143818,false,105376878,3832,0.7036221486143818
105376878,7477,0.96994451166239,false,105376878,7477,0.96994451166239
105376878,339256,0.8788020186004378,false,105376878,339256,0.8788020186004378
105376878,105378523,0.8767222102657826,false,105376878,105378523,0.8767222102657826
105376878,8549,0.9201748285439173,false,105376878,8549,0.9201748285439173
105376878,11130,0.8177554753844409,false,105376878,11130,0.8177554753844409
105376878,145873,0.8584933865407276,false,105376878,145873,0.8584933865407276
105376878,641,0.8215799865535759,false,105376878,641,0.8215799865535759
105376878,864,0.7555080111070189,false,105376878,864,0.7555080111070189
105376878,107985513,0.9277330154335823,false,105376878,107985513,0.9277330154335823
105376878,51802,0.820158447967855,false,105376878,51802,0.820158447967855
105376878,81607,0.9364923244097498,false,105376878,81607,0.9364923244097498
105376878,100506895,0.9009267083321844,false,105376878,100506895,0.9009267083321844
105376878,9388,0.9261675153753187,false,105376878,9388,0.9261675153753187
105376878,105377404,0.8769277518265887,false,105376878,105377404,0.8769277518265887
105376878,54101,0.8495807711204233,false,105376878,54101,0.8495807711204233
105376878,55240,0.9647685346693199,false,105376878,55240,0.9647685346693199
105376878,64843,0.940581365553921,false,105376878,64843,0.940581365553921
105376878,1301,0.9313510452213526,false,105376878,1301,0.9313510452213526
105376878,151760,0.9088217450223403,false,105376878,151760,0.9088217450223403
105376878,101927355,0.8398450506563038,false,105376878,101927355,0.8398450506563038
105376878,105370953,0.8827794963277822,false,105376878,105370953,0.8827794963277822
105376878,105371275,0.9015067601544677,false,105376878,105371275,0.9015067601544677
105376878,112802,0.9173147252866112,false,105376878,112802,0.9173147252866112
105376878,105375894,0.861339506635958,false,105376878,105375894,0.861339506635958
105376878,1630,0.9132203540278331,false,105376878,1630,0.9132203540278331
105376878,11004,0.8734983626680234,false,105376878,11004,0.8734983626680234
105376878,1573,0.9263881559434144,false,105376878,1573,0.9263881559434144
105376878,554202,0.9025719708365357,false,105376878,554202,0.9025719708365357
105376878,221150,0.7796260166098281,false,105376878,221150,0.7796260166098281
105376878,105372950,0.8999675659642987,false,105376878,105372950,0.8999675659642987
105376878,3670,0.9501510824162359,false,105376878,3670,0.9501510824162359
27063,55655,0.9956235842469982,false,27063,55655,0.9956235842469982
27063,26279,0.9805752730954328,false,27063,26279,0.9805752730954328
27063,89886,0.7173973894656562,false,27063,89886,0.7173973894656562
27063,9447,0.86452542788445,false,27063,9447,0.86452542788445
27063,344,0.8648908627873383,false,27063,344,0.8648908627873383
27063,4283,0.9696556891086533,false,27063,4283,0.9696556891086533
27063,84815,0.8752236604794518,false,27063,84815,0.8752236604794518
27063,10437,0.8414454509845931,false,27063,10437,0.8414454509845931
27063,85479,0.9650087457423617,false,27063,85479,0.9650087457423617
27063,84419,0.9276322723696159,false,27063,84419,0.9276322723696159
27063,79413,0.9838868699659252,false,27063,79413,0.9838868699659252
27063,100533990,0.8671833642583692,false,27063,100533990,0.8671833642583692
27063,3352,0.9384281212809314,false,27063,3352,0.9384281212809314
27063,387895,0.9520030707567994,false,27063,387895,0.9520030707567994
27063,27299,0.9775221575363361,false,27063,27299,0.9775221575363361
27063,2297,0.7304456501254729,false,27063,2297,0.7304456501254729
27063,50852,0.9823873368748849,false,27063,50852,0.9823873368748849
27063,3502,0.9974682918770026,false,27063,3502,0.9974682918770026
27063,389336,0.9653178867135815,false,27063,389336,0.9653178867135815
27063,28946,0.9984392980772229,false,27063,28946,0.9984392980772229
27063,152225,0.8263540458587396,false,27063,152225,0.8263540458587396
27063,366,0.9710311064488123,false,27063,366,0.9710311064488123
27063,6362,0.9873531527844224,false,27063,6362,0.9873531527844224
27063,3512,0.9980651225941,false,27063,3512,0.9980651225941
27063,1404,0.9638330627642205,false,27063,1404,0.9638330627642205
27063,102724714,0.9281951904056015,false,27063,102724714,0.9281951904056015
27063,28809,0.9734712469028538,false,27063,28809,0.9734712469028538
27063,109729169,0.9594763774458009,false,27063,109729169,0.9594763774458009
55655,26279,0.9901778799432176,false,55655,26279,0.9901778799432176
55655,9447,0.8701375538856718,false,55655,9447,0.8701375538856718
55655,344,0.8721412387660092,false,55655,344,0.8721412387660092
55655,4283,0.9761699973001235,false,55655,4283,0.9761699973001235
55655,84815,0.8879921244605071,false,55655,84815,0.8879921244605071
55655,10437,0.8254089807033601,false,55655,10437,0.8254089807033601
55655,85479,0.9811363249345788,false,55655,85479,0.9811363249345788
55655,84419,0.9402686002501002,false,55655,84419,0.9402686002501002
55655,79413,0.9909920285926282,false,55655,79413,0.9909920285926282
55655,100533990,0.8742129725131743,false,55655,100533990,0.8742129725131743
55655,3352,0.9469596145544764,false,55655,3352,0.9469596145544764
55655,387895,0.9724391217031502,false,55655,387895,0.9724391217031502
55655,27299,0.9847850265157735,false,55655,27299,0.9847850265157735
55655,2297,0.7304721011566365,false,55655,2297,0.7304721011566365
55655,50852,0.9928199881411334,false,55655,50852,0.9928199881411334
55655,3502,0.997212923985585,false,55655,3502,0.997212923985585
55655,389336,0.9783690460569052,false,55655,389336,0.9783690460569052
55655,28946,0.9979084186327353,false,55655,28946,0.9979084186327353
55655,152225,0.8417186333991099,false,55655,152225,0.8417186333991099
55655,366,0.9804938070549495,false,55655,366,0.9804938070549495
55655,6362,0.9945114968376497,false,55655,6362,0.9945114968376497
55655,3512,0.9984211192299298,false,55655,3512,0.9984211192299298
55655,1404,0.9738374472029437,false,55655,1404,0.9738374472029437
55655,102724714,0.9351206321795388,false,55655,102724714,0.9351206321795388
55655,28809,0.9815672224027227,false,55655,28809,0.9815672224027227
55655,109729169,0.9693114692834365,false,55655,109729169,0.9693114692834365
5101,100506411,0.9443032073894703,false,5101,100506411,0.9443032073894703
5101,51203,0.7095995757051241,false,5101,51203,0.7095995757051241
5101,374946,0.9172019283185658,false,5101,374946,0.9172019283185658
5101,53820,0.937006250947907,false,5101,53820,0.937006250947907
5101,10874,0.9008436499716181,false,5101,10874,0.9008436499716181
5101,2301,0.8441265004525412,false,5101,2301,0.8441265004525412
5101,4751,0.7147585911155411,false,5101,4751,0.7147585911155411
5101,107985017,0.8595668630513397,false,5101,107985017,0.8595668630513397
5101,55057,0.7817897991627315,false,5101,55057,0.7817897991627315
5101,56896,0.8901689304658491,false,5101,56896,0.8901689304658491
5101,4166,0.8094016873765938,false,5101,4166,0.8094016873765938
5101,3664,0.8389843469831201,false,5101,3664,0.8389843469831201
5101,9212,0.8761172139357316,false,5101,9212,0.8761172139357316
5101,11001,0.8065921034168698,false,5101,11001,0.8065921034168698
5101,253650,0.9547339198364593,false,5101,253650,0.9547339198364593
5101,9076,0.9680337273698959,false,5101,9076,0.9680337273698959
5101,23566,0.9218343504200969,false,5101,23566,0.9218343504200969
26279,9447,0.8587957033980724,false,26279,9447,0.8587957033980724
26279,344,0.8371455029191187,false,26279,344,0.8371455029191187
26279,4283,0.9719423225424243,false,26279,4283,0.9719423225424243
26279,84815,0.9057760494156492,false,26279,84815,0.9057760494156492
26279,10437,0.7545156445247574,false,26279,10437,0.7545156445247574
26279,85479,0.9916248915722826,false,26279,85479,0.9916248915722826
26279,84419,0.9390526557016297,false,26279,84419,0.9390526557016297
26279,79413,0.9984936905709063,false,26279,79413,0.9984936905709063
26279,100533990,0.8380889121897181,false,26279,100533990,0.8380889121897181
26279,3352,0.9678908603571525,false,26279,3352,0.9678908603571525
26279,387895,0.9807380719312642,false,26279,387895,0.9807380719312642
26279,27299,0.9945412046692714,false,26279,27299,0.9945412046692714
26279,2297,0.7201976860846869,false,26279,2297,0.7201976860846869
26279,50852,0.9946092310873651,false,26279,50852,0.9946092310873651
26279,3502,0.9913358890800482,false,26279,3502,0.9913358890800482
26279,389336,0.9923782250890482,false,26279,389336,0.9923782250890482
26279,28946,0.9846168510245323,false,26279,28946,0.9846168510245323
26279,152225,0.8611503787223995,false,26279,152225,0.8611503787223995
26279,366,0.9944840043110905,false,26279,366,0.9944840043110905
26279,6362,0.9975286766254093,false,26279,6362,0.9975286766254093
26279,3512,0.9907837607366791,false,26279,3512,0.9907837607366791
26279,1404,0.9932711400605602,false,26279,1404,0.9932711400605602
26279,102724714,0.8897177122566672,false,26279,102724714,0.8897177122566672
26279,28809,0.9965446199053094,false,26279,28809,0.9965446199053094
26279,109729169,0.9912932496754658,false,26279,109729169,0.9912932496754658
89886,344,0.7449805992161589,false,89886,344,0.7449805992161589
89886,286676,0.852546075592366,false,89886,286676,0.852546075592366
89886,10437,0.9215050436474382,false,89886,10437,0.9215050436474382
89886,100130275,0.7030134820022372,false,89886,100130275,0.7030134820022372
89886,10643,0.8774589795228549,false,89886,10643,0.8774589795228549
89886,100533990,0.7490942010568579,false,89886,100533990,0.7490942010568579
89886,83648,0.8962270995688495,false,89886,83648,0.8962270995688495
89886,105373557,0.7561737317246117,false,89886,105373557,0.7561737317246117
89886,23562,0.7240491830761576,false,89886,23562,0.7240491830761576
89886,55765,0.7610496103553739,false,89886,55765,0.7610496103553739
89886,89858,0.8734173163471103,false,89886,89858,0.8734173163471103
89886,23286,0.7737781085124343,false,89886,23286,0.7737781085124343
89886,101928173,0.8303839366369358,false,89886,101928173,0.8303839366369358
89886,28946,0.7028639914257384,false,89886,28946,0.7028639914257384
89886,102724714,0.7708140842175176,false,89886,102724714,0.7708140842175176
111216286,6273,0.9333550593539085,false,111216286,6273,0.9333550593539085
111216286,105370924,0.8891764531798262,false,111216286,105370924,0.8891764531798262
111216286,29128,0.755031080077679,false,111216286,29128,0.755031080077679
111216286,338376,0.76375425623812,false,111216286,338376,0.76375425623812
111216286,7477,0.9495109755720236,false,111216286,7477,0.9495109755720236
111216286,339256,0.9667841566579661,false,111216286,339256,0.9667841566579661
111216286,105378523,0.8827961674823646,false,111216286,105378523,0.8827961674823646
111216286,8549,0.975622936546041,false,111216286,8549,0.975622936546041
111216286,11130,0.8479348599884364,false,111216286,11130,0.8479348599884364
111216286,145873,0.8997536020810573,false,111216286,145873,0.8997536020810573
111216286,641,0.7310976151947199,false,111216286,641,0.7310976151947199
111216286,107985513,0.9542690910941454,false,111216286,107985513,0.9542690910941454
111216286,51802,0.788085226757397,false,111216286,51802,0.788085226757397
111216286,81607,0.9834970663663174,false,111216286,81607,0.9834970663663174
111216286,100506895,0.8847346634842992,false,111216286,100506895,0.8847346634842992
111216286,9388,0.838687845808393,false,111216286,9388,0.838687845808393
111216286,105377404,0.9389647239678642,false,111216286,105377404,0.9389647239678642
111216286,54101,0.7745643085586109,false,111216286,54101,0.7745643085586109
111216286,55240,0.8635646832671554,false,111216286,55240,0.8635646832671554
111216286,64843,0.833152468199111,false,111216286,64843,0.833152468199111
111216286,1301,0.9393952862286701,false,111216286,1301,0.9393952862286701
111216286,151760,0.9575885467531742,false,111216286,151760,0.9575885467531742
111216286,101927355,0.8139133637911252,false,111216286,101927355,0.8139133637911252
111216286,105370953,0.960217852594904,false,111216286,105370953,0.960217852594904
111216286,105371275,0.9481847025376775,false,111216286,105371275,0.9481847025376775
111216286,112802,0.9803439483805619,false,111216286,112802,0.9803439483805619
111216286,105375894,0.9199525407904419,false,111216286,105375894,0.9199525407904419
111216286,1630,0.9682543149615649,false,111216286,1630,0.9682543149615649
111216286,11004,0.8565166458321005,false,111216286,11004,0.8565166458321005
111216286,1573,0.8356512586303708,false,111216286,1573,0.8356512586303708
111216286,554202,0.8236306801686433,false,111216286,554202,0.8236306801686433
111216286,221150,0.7872856612969571,false,111216286,221150,0.7872856612969571
111216286,105372950,0.9890209310565009,false,111216286,105372950,0.9890209310565009
111216286,3670,0.8745210946169018,false,111216286,3670,0.8745210946169018
9447,344,0.8622530943411614,false,9447,344,0.8622530943411614
9447,4283,0.9471462179672923,false,9447,4283,0.9471462179672923
9447,84815,0.8481593339816066,false,9447,84815,0.8481593339816066
9447,10437,0.7284680598454949,false,9447,10437,0.7284680598454949
9447,85479,0.9004250502336946,false,9447,85479,0.9004250502336946
9447,84419,0.8396963818040182,false,9447,84419,0.8396963818040182
9447,79413,0.8694868235536549,false,9447,79413,0.8694868235536549
9447,100533990,0.8632473100521929,false,9447,100533990,0.8632473100521929
9447,3352,0.829979524062657,false,9447,3352,0.829979524062657
9447,387895,0.8161767512633539,false,9447,387895,0.8161767512633539
9447,27299,0.8915652314843008,false,9447,27299,0.8915652314843008
9447,2297,0.8034626299241473,false,9447,2297,0.8034626299241473
9447,50852,0.8871603286469965,false,9447,50852,0.8871603286469965
9447,3502,0.8668949085788343,false,9447,3502,0.8668949085788343
9447,389336,0.8675764739411456,false,9447,389336,0.8675764739411456
9447,28946,0.8616727394764393,false,9447,28946,0.8616727394764393
9447,152225,0.9452008949046888,false,9447,152225,0.9452008949046888
9447,366,0.8744508561545062,false,9447,366,0.8744508561545062
9447,6362,0.8602479341819029,false,9447,6362,0.8602479341819029
9447,3512,0.8673883402391251,false,9447,3512,0.8673883402391251
9447,1404,0.8537331031315513,false,9447,1404,0.8537331031315513
9447,102724714,0.8447222364515797,false,9447,102724714,0.8447222364515797
9447,28809,0.8561573079361541,false,9447,28809,0.8561573079361541
9447,109729169,0.8427067352191371,false,9447,109729169,0.8427067352191371
100506411,51203,0.7973999464814474,false,100506411,51203,0.7973999464814474
100506411,374946,0.9712267149767423,false,100506411,374946,0.9712267149767423
100506411,53820,0.9587181202434514,false,100506411,53820,0.9587181202434514
100506411,10874,0.9857824618318709,false,100506411,10874,0.9857824618318709
100506411,2301,0.882424658866077,false,100506411,2301,0.882424658866077
100506411,4751,0.7469002497540951,false,100506411,4751,0.7469002497540951
100506411,107985017,0.85253717057479,false,100506411,107985017,0.85253717057479
100506411,55057,0.9087401233561249,false,100506411,55057,0.9087401233561249
100506411,56896,0.9448446312633355,false,100506411,56896,0.9448446312633355
100506411,27178,0.7313270323425893,false,100506411,27178,0.7313270323425893
100506411,4166,0.8496333020495319,false,100506411,4166,0.8496333020495319
100506411,55789,0.72946268638073,false,100506411,55789,0.72946268638073
100506411,3664,0.8817576965416828,false,100506411,3664,0.8817576965416828
100506411,9212,0.8882854859093832,false,100506411,9212,0.8882854859093832
100506411,11001,0.8859801193922099,false,100506411,11001,0.8859801193922099
100506411,253650,0.9901666758859476,false,100506411,253650,0.9901666758859476
100506411,9076,0.9554159282350161,false,100506411,9076,0.9554159282350161
100506411,23566,0.9354074381097573,false,100506411,23566,0.9354074381097573
3161,51203,0.9214680664161015,false,3161,51203,0.9214680664161015
3161,729533,0.7794655970965857,false,3161,729533,0.7794655970965857
3161,113130,0.8097930340513775,false,3161,113130,0.8097930340513775
3161,3832,0.7843594763066672,false,3161,3832,0.7843594763066672
3161,57082,0.9294058620273502,false,3161,57082,0.9294058620273502
3161,11065,0.9034414710150053,false,3161,11065,0.9034414710150053
3161,53820,0.748821604343247,false,3161,53820,0.748821604343247
3161,56992,0.890505947860191,false,3161,56992,0.890505947860191
3161,11130,0.7947046970513869,false,3161,11130,0.7947046970513869
3161,2301,0.8196500014183646,false,3161,2301,0.8196500014183646
3161,9700,0.752163774047974,false,3161,9700,0.752163774047974
3161,891,0.8751374862572157,false,3161,891,0.8751374862572157
3161,4751,0.9331929473409293,false,3161,4751,0.9331929473409293
3161,107985017,0.7525167963408369,false,3161,107985017,0.7525167963408369
3161,79056,0.7217884862429971,false,3161,79056,0.7217884862429971
3161,27178,0.8609717818595723,false,3161,27178,0.8609717818595723
3161,151648,0.7072215499667606,false,3161,151648,0.7072215499667606
3161,4166,0.7860024328576504,false,3161,4166,0.7860024328576504
3161,55789,0.9532995307959036,false,3161,55789,0.9532995307959036
3161,55723,0.9031140529412813,false,3161,55723,0.9031140529412813
3161,9212,0.7373823970796494,false,3161,9212,0.7373823970796494
3161,128239,0.7255581753232583,false,3161,128239,0.7255581753232583
3161,11004,0.7320952763669415,false,3161,11004,0.7320952763669415
3161,221150,0.7535040123140134,false,3161,221150,0.7535040123140134
3161,701,0.9110869444053085,false,3161,701,0.9110869444053085
51203,729533,0.7039484780301564,false,51203,729533,0.7039484780301564
51203,113130,0.7504969397268967,false,51203,113130,0.7504969397268967
51203,374946,0.8651210600053577,false,51203,374946,0.8651210600053577
51203,57082,0.9451320579926769,false,51203,57082,0.9451320579926769
51203,11065,0.8400926111912258,false,51203,11065,0.8400926111912258
51203,53820,0.8784580003272788,false,51203,53820,0.8784580003272788
51203,219970,0.70724144293731,false,51203,219970,0.70724144293731
51203,56992,0.9261434823068513,false,51203,56992,0.9261434823068513
51203,10874,0.7601069588209165,false,51203,10874,0.7601069588209165
51203,2301,0.8845405463991891,false,51203,2301,0.8845405463991891
51203,891,0.7910487360339113,false,51203,891,0.7910487360339113
51203,4751,0.9302955959243485,false,51203,4751,0.9302955959243485
51203,107985017,0.7941691123901774,false,51203,107985017,0.7941691123901774
51203,56896,0.7424889620340942,false,51203,56896,0.7424889620340942
51203,79056,0.8126095912216388,false,51203,79056,0.8126095912216388
51203,27178,0.8618826116202085,false,51203,27178,0.8618826116202085
51203,151648,0.7123661045962506,false,51203,151648,0.7123661045962506
51203,4166,0.8872509081253221,false,51203,4166,0.8872509081253221
51203,55789,0.9448760746473004,false,51203,55789,0.9448760746473004
51203,55723,0.8739070868451134,false,51203,55723,0.8739070868451134
51203,9212,0.7993243490378721,false,51203,9212,0.7993243490378721
51203,253650,0.7773909556698149,false,51203,253650,0.7773909556698149
51203,701,0.9103837247617519,false,51203,701,0.9103837247617519
51203,9076,0.7164994790840113,false,51203,9076,0.7164994790840113
51203,23566,0.8120872911770849,false,51203,23566,0.8120872911770849
9096,400618,0.878640431219947,false,9096,400618,0.878640431219947
9096,56300,0.7288551343781892,false,9096,56300,0.7288551343781892
9096,9700,0.7286046108649186,false,9096,9700,0.7286046108649186
9096,128239,0.8899505220106414,false,9096,128239,0.8899505220106414
6273,729533,0.8157034821928857,false,6273,729533,0.8157034821928857
6273,105370924,0.9681094953095889,false,6273,105370924,0.9681094953095889
6273,29128,0.8855425093207759,false,6273,29128,0.8855425093207759
6273,338376,0.9158331432273704,false,6273,338376,0.9158331432273704
6273,3832,0.724055694969249,false,6273,3832,0.724055694969249
6273,7477,0.9816167613818937,false,6273,7477,0.9816167613818937
6273,339256,0.9113448303591165,false,6273,339256,0.9113448303591165
6273,105378523,0.9602087742097161,false,6273,105378523,0.9602087742097161
6273,8549,0.9559877684831377,false,6273,8549,0.9559877684831377
6273,11130,0.9159984505114118,false,6273,11130,0.9159984505114118
6273,145873,0.9185857993178037,false,6273,145873,0.9185857993178037
6273,641,0.7671877217940297,false,6273,641,0.7671877217940297
6273,107985513,0.9462821182930856,false,6273,107985513,0.9462821182930856
6273,51802,0.8632313214806107,false,6273,51802,0.8632313214806107
6273,81607,0.9500970830938106,false,6273,81607,0.9500970830938106
6273,100506895,0.9617083557547014,false,6273,100506895,0.9617083557547014
6273,9388,0.9522361860164252,false,6273,9388,0.9522361860164252
6273,105377404,0.9667658735367257,false,6273,105377404,0.9667658735367257
6273,54101,0.9221229413769698,false,6273,54101,0.9221229413769698
6273,55240,0.8969150865380756,false,6273,55240,0.8969150865380756
6273,64843,0.9041948003272569,false,6273,64843,0.9041948003272569
6273,1301,0.9444907274631333,false,6273,1301,0.9444907274631333
6273,151760,0.9711779117727767,false,6273,151760,0.9711779117727767
6273,101927355,0.9481058300265471,false,6273,101927355,0.9481058300265471
6273,105370953,0.9440146487552027,false,6273,105370953,0.9440146487552027
6273,105371275,0.9490281368806776,false,6273,105371275,0.9490281368806776
6273,112802,0.9609088395396823,false,6273,112802,0.9609088395396823
6273,105375894,0.9528534229398433,false,6273,105375894,0.9528534229398433
6273,1630,0.9480065396269388,false,6273,1630,0.9480065396269388
6273,11004,0.8592457357672056,false,6273,11004,0.8592457357672056
6273,1573,0.8593466931649277,false,6273,1573,0.8593466931649277
6273,554202,0.9501920096102683,false,6273,554202,0.9501920096102683
6273,221150,0.8348388399985357,false,6273,221150,0.8348388399985357
6273,105372950,0.9150809800385414,false,6273,105372950,0.9150809800385414
6273,3670,0.9058788560579749,false,6273,3670,0.9058788560579749
729533,105370924,0.8152427556270063,false,729533,105370924,0.8152427556270063
729533,29128,0.9457062580686969,false,729533,29128,0.9457062580686969
729533,113130,0.8167336702903627,false,729533,113130,0.8167336702903627
729533,338376,0.8594695660835996,false,729533,338376,0.8594695660835996
729533,3832,0.9555186320573785,false,729533,3832,0.9555186320573785
729533,57082,0.8551742599782837,false,729533,57082,0.8551742599782837
729533,11065,0.8296451895394216,false,729533,11065,0.8296451895394216
729533,7477,0.7693014357930716,false,729533,7477,0.7693014357930716
729533,219970,0.8885021519508786,false,729533,219970,0.8885021519508786
729533,105378523,0.7778155254332693,false,729533,105378523,0.7778155254332693
729533,56992,0.7751819809897457,false,729533,56992,0.7751819809897457
729533,11130,0.8557973740040893,false,729533,11130,0.8557973740040893
729533,145873,0.7990798872451831,false,729533,145873,0.7990798872451831
729533,641,0.7587999562116855,false,729533,641,0.7587999562116855
729533,57016,0.7620422810826929,false,729533,57016,0.7620422810826929
729533,891,0.883989189295379,false,729533,891,0.883989189295379
729533,4751,0.7122178300604249,false,729533,4751,0.7122178300604249
729533,6241,0.9122406360680639,false,729533,6241,0.9122406360680639
729533,107985513,0.7091256628513779,false,729533,107985513,0.7091256628513779
729533,100506895,0.8069540457564304,false,729533,100506895,0.8069540457564304
729533,151648,0.812796210139817,false,729533,151648,0.812796210139817
729533,9388,0.879975321449683,false,729533,9388,0.879975321449683
729533,55789,0.788243191123425,false,729533,55789,0.788243191123425
729533,105377404,0.7425375506756439,false,729533,105377404,0.7425375506756439
729533,54101,0.8696904221253036,false,729533,54101,0.8696904221253036
729533,55723,0.7282388028337465,false,729533,55723,0.7282388028337465
729533,55240,0.7790153681363516,false,729533,55240,0.7790153681363516
729533,64843,0.7840045244483757,false,729533,64843,0.7840045244483757
729533,1301,0.7235537392828827,false,729533,1301,0.7235537392828827
729533,151760,0.7109138573701794,false,729533,151760,0.7109138573701794
729533,101927355,0.8827527871907375,false,729533,101927355,0.8827527871907375
729533,105371275,0.7312554342376278,false,729533,105371275,0.7312554342376278
729533,105375894,0.7261913705334785,false,729533,105375894,0.7261913705334785
729533,11004,0.8549915611789575,false,729533,11004,0.8549915611789575
729533,1573,0.7181998217216886,false,729533,1573,0.7181998217216886
729533,554202,0.8529392854774022,false,729533,554202,0.8529392854774022
729533,221150,0.8569800571554911,false,729533,221150,0.8569800571554911
729533,701,0.8727535062535516,false,729533,701,0.8727535062535516
400618,56300,0.8677546592420018,false,400618,56300,0.8677546592420018
400618,9700,0.8708344383557307,false,400618,9700,0.8708344383557307
400618,128239,0.8440687599977791,false,400618,128239,0.8440687599977791
105370924,29128,0.916131404878404,false,105370924,29128,0.916131404878404
105370924,338376,0.9631937081600237,false,105370924,338376,0.9631937081600237
105370924,3832,0.7102044800397825,false,105370924,3832,0.7102044800397825
105370924,7477,0.944839257605723,false,105370924,7477,0.944839257605723
105370924,339256,0.8641623597146241,false,105370924,339256,0.8641623597146241
105370924,105378523,0.9675297617839217,false,105370924,105378523,0.9675297617839217
105370924,8549,0.9195853011380061,false,105370924,8549,0.9195853011380061
105370924,11130,0.852081626910688,false,105370924,11130,0.852081626910688
105370924,145873,0.9162627728152102,false,105370924,145873,0.9162627728152102
105370924,641,0.7667515182697107,false,105370924,641,0.7667515182697107
105370924,57016,0.7435115079323746,false,105370924,57016,0.7435115079323746
105370924,107985513,0.9009379754415449,false,105370924,107985513,0.9009379754415449
105370924,51802,0.8446662290015534,false,105370924,51802,0.8446662290015534
105370924,81607,0.9143869080339652,false,105370924,81607,0.9143869080339652
105370924,100506895,0.9878657386651781,false,105370924,100506895,0.9878657386651781
105370924,9388,0.9560806049963473,false,105370924,9388,0.9560806049963473
105370924,105377404,0.9160226736113211,false,105370924,105377404,0.9160226736113211
105370924,54101,0.9543590266050729,false,105370924,54101,0.9543590266050729
105370924,55240,0.9010148279293598,false,105370924,55240,0.9010148279293598
105370924,64843,0.9314395094714951,false,105370924,64843,0.9314395094714951
105370924,1301,0.9252869254478066,false,105370924,1301,0.9252869254478066
105370924,151760,0.9381332304785925,false,105370924,151760,0.9381332304785925
105370924,101927355,0.9147839103160178,false,105370924,101927355,0.9147839103160178
105370924,105370953,0.9009648894553587,false,105370924,105370953,0.9009648894553587
105370924,105371275,0.8872036599234441,false,105370924,105371275,0.8872036599234441
105370924,112802,0.9143704887789709,false,105370924,112802,0.9143704887789709
105370924,105375894,0.9283942116211477,false,105370924,105375894,0.9283942116211477
105370924,1630,0.9200271005715878,false,105370924,1630,0.9200271005715878
105370924,11004,0.8256077966495782,false,105370924,11004,0.8256077966495782
105370924,1573,0.818249166147552,false,105370924,1573,0.818249166147552
105370924,554202,0.9882285228282357,false,105370924,554202,0.9882285228282357
105370924,221150,0.7706263272485715,false,105370924,221150,0.7706263272485715
105370924,105372950,0.8744897798937405,false,105370924,105372950,0.8744897798937405
105370924,3670,0.8874562981076171,false,105370924,3670,0.8874562981076171
56300,11065,0.714865718072579,false,56300,11065,0.714865718072579
56300,11130,0.8108666150014366,false,56300,11130,0.8108666150014366
56300,9700,0.9784245289858029,false,56300,9700,0.9784245289858029
56300,51802,0.7608095479995864,false,56300,51802,0.7608095479995864
56300,27178,0.776996656492248,false,56300,27178,0.776996656492248
56300,55723,0.7053218031447922,false,56300,55723,0.7053218031447922
56300,128239,0.8026998769809561,false,56300,128239,0.8026998769809561
56300,105371275,0.700411534848379,false,56300,105371275,0.700411534848379
56300,105375894,0.7313929418515351,false,56300,105375894,0.7313929418515351
29128,113130,0.7157852192561439,false,29128,113130,0.7157852192561439
29128,338376,0.9237111412450068,false,29128,338376,0.9237111412450068
29128,3832,0.9014202392009555,false,29128,3832,0.9014202392009555
29128,11065,0.7251008796031404,false,29128,11065,0.7251008796031404
29128,7477,0.8752633061609184,false,29128,7477,0.8752633061609184
29128,219970,0.7648248504867511,false,29128,219970,0.7648248504867511
29128,339256,0.781277125241194,false,29128,339256,0.781277125241194
29128,105378523,0.8744963696664045,false,29128,105378523,0.8744963696664045
29128,8549,0.8007124818248357,false,29128,8549,0.8007124818248357
29128,11130,0.8573827470565143,false,29128,11130,0.8573827470565143
29128,145873,0.8636321617075045,false,29128,145873,0.8636321617075045
29128,641,0.8855300043401033,false,29128,641,0.8855300043401033
29128,57016,0.7497775827316165,false,29128,57016,0.7497775827316165
29128,891,0.7721705820756608,false,29128,891,0.7721705820756608
29128,6241,0.8661386435955645,false,29128,6241,0.8661386435955645
29128,107985513,0.8230974200211902,false,29128,107985513,0.8230974200211902
29128,51802,0.8096340497095584,false,29128,51802,0.8096340497095584
29128,81607,0.8039801231430639,false,29128,81607,0.8039801231430639
29128,100506895,0.8902165031805858,false,29128,100506895,0.8902165031805858
29128,151648,0.7067844568316719,false,29128,151648,0.7067844568316719
29128,9388,0.9532483974596455,false,29128,9388,0.9532483974596455
29128,105377404,0.8159862603129128,false,29128,105377404,0.8159862603129128
29128,54101,0.9143466374884684,false,29128,54101,0.9143466374884684
29128,55240,0.8854241462960604,false,29128,55240,0.8854241462960604
29128,64843,0.9237045689450841,false,29128,64843,0.9237045689450841
29128,1301,0.8364747653432505,false,29128,1301,0.8364747653432505
29128,151760,0.8266456596294616,false,29128,151760,0.8266456596294616
29128,101927355,0.869069845354716,false,29128,101927355,0.869069845354716
29128,105370953,0.7794426295174978,false,29128,105370953,0.7794426295174978
29128,105371275,0.7988378604748183,false,29128,105371275,0.7988378604748183
29128,112802,0.7894042141381509,false,29128,112802,0.7894042141381509
29128,105375894,0.8254145154674172,false,29128,105375894,0.8254145154674172
29128,1630,0.7886779209337632,false,29128,1630,0.7886779209337632
29128,11004,0.89473064680471,false,29128,11004,0.89473064680471
29128,1573,0.845236784688846,false,29128,1573,0.845236784688846
29128,554202,0.9326033867823346,false,29128,554202,0.9326033867823346
29128,221150,0.8551802969410955,false,29128,221150,0.8551802969410955
29128,701,0.7260763092940807,false,29128,701,0.7260763092940807
29128,105372950,0.7492247917495379,false,29128,105372950,0.7492247917495379
29128,3670,0.8170335466642964,false,29128,3670,0.8170335466642964
113130,3832,0.7874567047784274,false,113130,3832,0.7874567047784274
113130,57082,0.80295969825466,false,113130,57082,0.80295969825466
113130,11065,0.8377018171065808,false,113130,11065,0.8377018171065808
113130,332,0.7191371729232271,false,113130,332,0.7191371729232271
113130,219970,0.738395388564106,false,113130,219970,0.738395388564106
113130,56992,0.7272074550182838,false,113130,56992,0.7272074550182838
113130,11130,0.7419111596250044,false,113130,11130,0.7419111596250044
113130,891,0.8833901541675278,false,113130,891,0.8833901541675278
113130,4751,0.8407684770921563,false,113130,4751,0.8407684770921563
113130,6241,0.7123128119904151,false,113130,6241,0.7123128119904151
113130,27178,0.7202142441908981,false,113130,27178,0.7202142441908981
113130,9156,0.7481627593934141,false,113130,9156,0.7481627593934141
113130,151648,0.7252510766885318,false,113130,151648,0.7252510766885318
113130,55789,0.7915805000278939,false,113130,55789,0.7915805000278939
113130,55723,0.8463405127546664,false,113130,55723,0.8463405127546664
113130,11004,0.8084110675415249,false,113130,11004,0.8084110675415249
113130,221150,0.7521948316231467,false,113130,221150,0.7521948316231467
113130,9232,0.7562694805977583,false,113130,9232,0.7562694805977583
113130,701,0.7495516308910507,false,113130,701,0.7495516308910507
374946,57082,0.709170809813361,false,374946,57082,0.709170809813361
374946,53820,0.9831687124915746,false,374946,53820,0.9831687124915746
374946,10874,0.929473250773817,false,374946,10874,0.929473250773817
374946,2301,0.900741851769149,false,374946,2301,0.900741851769149
374946,4751,0.8067730007012297,false,374946,4751,0.8067730007012297
374946,107985017,0.8285135902115869,false,374946,107985017,0.8285135902115869
374946,55057,0.858478682961245,false,374946,55057,0.858478682961245
374946,56896,0.9267127403253141,false,374946,56896,0.9267127403253141
374946,27178,0.7444554561021377,false,374946,27178,0.7444554561021377
374946,4166,0.9187199557963456,false,374946,4166,0.9187199557963456
374946,55789,0.7960989948561975,false,374946,55789,0.7960989948561975
374946,3664,0.8739810801465174,false,374946,3664,0.8739810801465174
374946,9212,0.915045018463641,false,374946,9212,0.915045018463641
374946,11001,0.8472356447518566,false,374946,11001,0.8472356447518566
374946,253650,0.9648265130577555,false,374946,253650,0.9648265130577555
374946,9076,0.9194002511894948,false,374946,9076,0.9194002511894948
374946,23566,0.9197719626501009,false,374946,23566,0.9197719626501009
338376,3832,0.7752684474035793,false,338376,3832,0.7752684474035793
338376,7477,0.8747866579735466,false,338376,7477,0.8747866579735466
338376,219970,0.7736885612634684,false,338376,219970,0.7736885612634684
338376,339256,0.73751609525344,false,338376,339256,0.73751609525344
338376,105378523,0.9455460786214536,false,338376,105378523,0.9455460786214536
338376,8549,0.7985266926434991,false,338376,8549,0.7985266926434991
338376,11130,0.8038578939462214,false,338376,11130,0.8038578939462214
338376,145873,0.8719567111871324,false,338376,145873,0.8719567111871324
338376,641,0.7172113274899087,false,338376,641,0.7172113274899087
338376,57016,0.8040840932646829,false,338376,57016,0.8040840932646829
338376,6241,0.7941986180206406,false,338376,6241,0.7941986180206406
338376,107985513,0.7904273061607678,false,338376,107985513,0.7904273061607678
338376,51802,0.8290809251012091,false,338376,51802,0.8290809251012091
338376,81607,0.7864907827493202,false,338376,81607,0.7864907827493202
338376,100506895,0.956174675560968,false,338376,100506895,0.956174675560968
338376,9388,0.9581122463801438,false,338376,9388,0.9581122463801438
338376,105377404,0.8420353716373098,false,338376,105377404,0.8420353716373098
338376,54101,0.9940595738025431,false,338376,54101,0.9940595738025431
338376,55240,0.8526930514041536,false,338376,55240,0.8526930514041536
338376,64843,0.869842832593285,false,338376,64843,0.869842832593285
338376,1301,0.8041731214288764,false,338376,1301,0.8041731214288764
338376,151760,0.8537308640633642,false,338376,151760,0.8537308640633642
338376,101927355,0.9138294173190995,false,338376,101927355,0.9138294173190995
338376,105370953,0.7833777855010339,false,338376,105370953,0.7833777855010339
338376,105371275,0.7695369457421644,false,338376,105371275,0.7695369457421644
338376,112802,0.7979386379285944,false,338376,112802,0.7979386379285944
338376,105375894,0.8634807332012484,false,338376,105375894,0.8634807332012484
338376,1630,0.7932631849149198,false,338376,1630,0.7932631849149198
338376,11004,0.7582698147112652,false,338376,11004,0.7582698147112652
338376,1573,0.7247737075228524,false,338376,1573,0.7247737075228524
338376,554202,0.991953035207707,false,338376,554202,0.991953035207707
338376,221150,0.7366124352165276,false,338376,221150,0.7366124352165276
338376,105372950,0.7485117186263209,false,338376,105372950,0.7485117186263209
338376,3670,0.8366696594938424,false,338376,3670,0.8366696594938424
3832,57082,0.854196726264499,false,3832,57082,0.854196726264499
3832,11065,0.8897871142176308,false,3832,11065,0.8897871142176308
3832,7477,0.7011934736044364,false,3832,7477,0.7011934736044364
3832,219970,0.8027589081007105,false,3832,219970,0.8027589081007105
3832,105378523,0.7115810946918898,false,3832,105378523,0.7115810946918898
3832,56992,0.7393887709206894,false,3832,56992,0.7393887709206894
3832,11130,0.8082886274890212,false,3832,11130,0.8082886274890212
3832,145873,0.7542487526324915,false,3832,145873,0.7542487526324915
3832,641,0.7983516640860784,false,3832,641,0.7983516640860784
3832,891,0.9278661968891506,false,3832,891,0.9278661968891506
3832,4751,0.722644685676483,false,3832,4751,0.722644685676483
3832,6241,0.9170577628107106,false,3832,6241,0.9170577628107106
3832,100506895,0.7051296651199251,false,3832,100506895,0.7051296651199251
3832,151648,0.8730323170247766,false,3832,151648,0.8730323170247766
3832,9388,0.8389795406702142,false,3832,9388,0.8389795406702142
3832,55789,0.7583729750170883,false,3832,55789,0.7583729750170883
3832,54101,0.7989851621841955,false,3832,54101,0.7989851621841955
3832,55240,0.72219154466559,false,3832,55240,0.72219154466559
3832,64843,0.724634879725315,false,3832,64843,0.724634879725315
3832,101927355,0.7721456784771499,false,3832,101927355,0.7721456784771499
3832,11004,0.8491225210663427,false,3832,11004,0.8491225210663427
3832,554202,0.7588767968824571,false,3832,554202,0.7588767968824571
3832,221150,0.8820558779371123,false,3832,221150,0.8820558779371123
3832,701,0.8422786388708511,false,3832,701,0.8422786388708511
57082,11065,0.9140400560482046,false,57082,11065,0.9140400560482046
57082,53820,0.7256195890573988,false,57082,53820,0.7256195890573988
57082,219970,0.8163821254922603,false,57082,219970,0.8163821254922603
57082,56992,0.9223266150843512,false,57082,56992,0.9223266150843512
57082,11130,0.7645939641024544,false,57082,11130,0.7645939641024544
57082,2301,0.7299997916550507,false,57082,2301,0.7299997916550507
57082,891,0.8999848903015747,false,57082,891,0.8999848903015747
57082,4751,0.9181414324013769,false,57082,4751,0.9181414324013769
57082,6241,0.7538868792633536,false,57082,6241,0.7538868792633536
57082,79056,0.7184131689512762,false,57082,79056,0.7184131689512762
57082,27178,0.7468369962494347,false,57082,27178,0.7468369962494347
57082,151648,0.8369323595141186,false,57082,151648,0.8369323595141186
57082,4166,0.77949279342997,false,57082,4166,0.77949279342997
57082,55789,0.9286220656938735,false,57082,55789,0.9286220656938735
57082,55723,0.8653058509786898,false,57082,55723,0.8653058509786898
57082,101927355,0.7279093527155025,false,57082,101927355,0.7279093527155025
57082,221150,0.7375304883407248,false,57082,221150,0.7375304883407248
57082,701,0.9655730425381595,false,57082,701,0.9655730425381595
11065,56992,0.8886501340581657,false,11065,56992,0.8886501340581657
11065,11130,0.7731320560643586,false,11065,11130,0.7731320560643586
11065,9700,0.7704048938141771,false,11065,9700,0.7704048938141771
11065,891,0.9466674366108119,false,11065,891,0.9466674366108119
11065,4751,0.8503140282661672,false,11065,4751,0.8503140282661672
11065,6241,0.7607330198454754,false,11065,6241,0.7607330198454754
11065,79056,0.7650344194883648,false,11065,79056,0.7650344194883648
11065,27178,0.7050666742975911,false,11065,27178,0.7050666742975911
11065,151648,0.9240923167471574,false,11065,151648,0.9240923167471574
11065,55789,0.875473665599726,false,11065,55789,0.875473665599726
11065,55723,0.8616309756850501,false,11065,55723,0.8616309756850501
11065,128239,0.7401801523832957,false,11065,128239,0.7401801523832957
11065,11004,0.761306372908395,false,11065,11004,0.761306372908395
11065,221150,0.7937847245583051,false,11065,221150,0.7937847245583051
11065,701,0.8700718608147424,false,11065,701,0.8700718608147424
53820,10874,0.9098813656456595,false,53820,10874,0.9098813656456595
53820,2301,0.9382828764338057,false,53820,2301,0.9382828764338057
53820,4751,0.8348841433349842,false,53820,4751,0.8348841433349842
53820,107985017,0.8605809937527836,false,53820,107985017,0.8605809937527836
53820,55057,0.8026884839875583,false,53820,55057,0.8026884839875583
53820,56896,0.9081120073912158,false,53820,56896,0.9081120073912158
53820,27178,0.8024510522356054,false,53820,27178,0.8024510522356054
53820,4166,0.9322266766234624,false,53820,4166,0.9322266766234624
53820,55789,0.8168076194009495,false,53820,55789,0.8168076194009495
53820,3664,0.8550520783213855,false,53820,3664,0.8550520783213855
53820,9212,0.9109939541394592,false,53820,9212,0.9109939541394592
53820,11001,0.8286309375827775,false,53820,11001,0.8286309375827775
53820,253650,0.9603737484865961,false,53820,253650,0.9603737484865961
53820,9076,0.9377827032206304,false,53820,9076,0.9377827032206304
53820,23566,0.9178039405510101,false,53820,23566,0.9178039405510101
7477,339256,0.9302119023605182,false,7477,339256,0.9302119023605182
7477,105378523,0.9326715591337813,false,7477,105378523,0.9326715591337813
7477,8549,0.9626087414164344,false,7477,8549,0.9626087414164344
7477,11130,0.8761543004554582,false,7477,11130,0.8761543004554582
7477,145873,0.9058324132445049,false,7477,145873,0.9058324132445049
7477,641,0.8202738215754132,false,7477,641,0.8202738215754132
7477,107985513,0.9728879810297254,false,7477,107985513,0.9728879810297254
7477,51802,0.8790986465161539,false,7477,51802,0.8790986465161539
7477,81607,0.9598216815640404,false,7477,81607,0.9598216815640404
7477,100506895,0.9345036057824687,false,7477,100506895,0.9345036057824687
7477,9388,0.9498303050060011,false,7477,9388,0.9498303050060011
7477,105377404,0.9464468621106007,false,7477,105377404,0.9464468621106007
7477,54101,0.8771427372992117,false,7477,54101,0.8771427372992117
7477,55240,0.9356448416362533,false,7477,55240,0.9356448416362533
7477,64843,0.9306519412010182,false,7477,64843,0.9306519412010182
7477,1301,0.9411336062731835,false,7477,1301,0.9411336062731835
7477,151760,0.9683182138281836,false,7477,151760,0.9683182138281836
7477,101927355,0.8809145977581307,false,7477,101927355,0.8809145977581307
7477,105370953,0.9397311011339715,false,7477,105370953,0.9397311011339715
7477,105371275,0.9328534302102315,false,7477,105371275,0.9328534302102315
7477,112802,0.9679217330095263,false,7477,112802,0.9679217330095263
7477,105375894,0.9336894507438845,false,7477,105375894,0.9336894507438845
7477,1630,0.9543166511711513,false,7477,1630,0.9543166511711513
7477,11004,0.8722367633464229,false,7477,11004,0.8722367633464229
7477,1573,0.9177089308524458,false,7477,1573,0.9177089308524458
7477,554202,0.9156126627548361,false,7477,554202,0.9156126627548361
7477,221150,0.8390023227576306,false,7477,221150,0.8390023227576306
7477,105372950,0.9361664909480506,false,7477,105372950,0.9361664909480506
7477,3670,0.9457625440940085,false,7477,3670,0.9457625440940085
332,286676,0.7487648593399726,false,332,286676,0.7487648593399726
332,891,0.7890200621268537,false,332,891,0.7890200621268537
332,864,0.7698145553551305,false,332,864,0.7698145553551305
332,79191,0.8366076897002626,false,332,79191,0.8366076897002626
332,83648,0.7488728744337004,false,332,83648,0.7488728744337004
332,9156,0.9453146876876991,false,332,9156,0.9453146876876991
332,105377123,0.7973354784327268,false,332,105377123,0.7973354784327268
332,105373557,0.7230939167225076,false,332,105373557,0.7230939167225076
332,55765,0.739301747522016,false,332,55765,0.739301747522016
332,23286,0.8197691158624317,false,332,23286,0.8197691158624317
332,101928173,0.7713428486938881,false,332,101928173,0.7713428486938881
332,102467080,0.7515272494437273,false,332,102467080,0.7515272494437273
332,9232,0.9392193916452468,false,332,9232,0.9392193916452468
344,4283,0.8804287668213864,false,344,4283,0.8804287668213864
344,84815,0.7647755239296699,false,344,84815,0.7647755239296699
344,10437,0.9121586831060993,false,344,10437,0.9121586831060993
344,85479,0.8697611311505441,false,344,85479,0.8697611311505441
344,84419,0.9414952637314655,false,344,84419,0.9414952637314655
344,79413,0.8434438560963078,false,344,79413,0.8434438560963078
344,10643,0.8150627126587161,false,344,10643,0.8150627126587161
344,100533990,0.9998561463323227,false,344,100533990,0.9998561463323227
344,3352,0.8244749152684246,false,344,3352,0.8244749152684246
344,387895,0.8640543652427117,false,344,387895,0.8640543652427117
344,27299,0.8636161307029511,false,344,27299,0.8636161307029511
344,2297,0.8349316886028493,false,344,2297,0.8349316886028493
344,50852,0.8609786489946314,false,344,50852,0.8609786489946314
344,3502,0.8597857506155707,false,344,3502,0.8597857506155707
344,389336,0.8472905592356237,false,344,389336,0.8472905592356237
344,28946,0.860483218621191,false,344,28946,0.860483218621191
344,152225,0.7876528161401534,false,344,152225,0.7876528161401534
344,366,0.8533537290699686,false,344,366,0.8533537290699686
344,6362,0.8565746231538952,false,344,6362,0.8565746231538952
344,3512,0.8608701816102808,false,344,3512,0.8608701816102808
344,1404,0.827728845708792,false,344,1404,0.827728845708792
344,102724714,0.9063452950812606,false,344,102724714,0.9063452950812606
344,28809,0.8324985193833951,false,344,28809,0.8324985193833951
344,109729169,0.8108077155075328,false,344,109729169,0.8108077155075328
219970,57016,0.7092550588486048,false,219970,57016,0.7092550588486048
219970,891,0.7270634429364696,false,219970,891,0.7270634429364696
219970,6241,0.840204794714928,false,219970,6241,0.840204794714928
219970,100506895,0.7122460681926992,false,219970,100506895,0.7122460681926992
219970,151648,0.7060852141070523,false,219970,151648,0.7060852141070523
219970,9388,0.7049740380487209,false,219970,9388,0.7049740380487209
219970,55789,0.7217713177189055,false,219970,55789,0.7217713177189055
219970,54101,0.7884174227421517,false,219970,54101,0.7884174227421517
219970,101927355,0.8136119208774032,false,219970,101927355,0.8136119208774032
219970,554202,0.743498102320781,false,219970,554202,0.743498102320781
219970,701,0.7722498606442824,false,219970,701,0.7722498606442824
4283,84815,0.89791152369646,false,4283,84815,0.89791152369646
4283,10437,0.7870015987625917,false,4283,10437,0.7870015987625917
4283,85479,0.9828576526489222,false,4283,85479,0.9828576526489222
4283,84419,0.9254577752226963,false,4283,84419,0.9254577752226963
4283,79413,0.9783743257967212,false,4283,79413,0.9783743257967212
4283,100533990,0.8821138104614866,false,4283,100533990,0.8821138104614866
4283,3352,0.9347878516293302,false,4283,3352,0.9347878516293302
4283,387895,0.9400462260243361,false,4283,387895,0.9400462260243361
4283,27299,0.9823612329544141,false,4283,27299,0.9823612329544141
4283,2297,0.7609353349083884,false,4283,2297,0.7609353349083884
4283,50852,0.9845435835322565,false,4283,50852,0.9845435835322565
4283,3502,0.9743709300111261,false,4283,3502,0.9743709300111261
4283,389336,0.9666503438034412,false,4283,389336,0.9666503438034412
4283,28946,0.9703691343127985,false,4283,28946,0.9703691343127985
4283,152225,0.9173186526442189,false,4283,152225,0.9173186526442189
4283,366,0.9728127399136569,false,4283,366,0.9728127399136569
4283,6362,0.972428933300635,false,4283,6362,0.972428933300635
4283,3512,0.9749007651758432,false,4283,3512,0.9749007651758432
4283,1404,0.9634945714631995,false,4283,1404,0.9634945714631995
4283,102724714,0.912510275222276,false,4283,102724714,0.912510275222276
4283,28809,0.9668514276618293,false,4283,28809,0.9668514276618293
4283,109729169,0.9554714078128145,false,4283,109729169,0.9554714078128145
84815,85479,0.9114667012857178,false,84815,85479,0.9114667012857178
84815,84419,0.8563724133105522,false,84815,84419,0.8563724133105522
84815,79413,0.9093831956680146,false,84815,79413,0.9093831956680146
84815,100533990,0.765244481550337,false,84815,100533990,0.765244481550337
84815,3352,0.8952068770983729,false,84815,3352,0.8952068770983729
84815,387895,0.9104810780211842,false,84815,387895,0.9104810780211842
84815,27299,0.9178700308203548,false,84815,27299,0.9178700308203548
84815,2297,0.7362731311457072,false,84815,2297,0.7362731311457072
84815,50852,0.9014974548693091,false,84815,50852,0.9014974548693091
84815,3502,0.8922201154734845,false,84815,3502,0.8922201154734845
84815,389336,0.9462290993350743,false,84815,389336,0.9462290993350743
84815,28946,0.8734043903108504,false,84815,28946,0.8734043903108504
84815,152225,0.848679003946396,false,84815,152225,0.848679003946396
84815,366,0.9202270497153726,false,84815,366,0.9202270497153726
84815,6362,0.9007470791688609,false,84815,6362,0.9007470791688609
84815,3512,0.8880345626173741,false,84815,3512,0.8880345626173741
84815,1404,0.9213965550968911,false,84815,1404,0.9213965550968911
84815,102724714,0.7566183656404413,false,84815,102724714,0.7566183656404413
84815,28809,0.9150691766455092,false,84815,28809,0.9150691766455092
84815,109729169,0.9099901837895564,false,84815,109729169,0.9099901837895564
339256,105378523,0.868994081677116,false,339256,105378523,0.868994081677116
339256,8549,0.9761271208476203,false,339256,8549,0.9761271208476203
339256,11130,0.8904701307494212,false,339256,11130,0.8904701307494212
339256,145873,0.9155107249888025,false,339256,145873,0.9155107249888025
339256,641,0.8100044400259716,false,339256,641,0.8100044400259716
339256,107985513,0.9742372352359909,false,339256,107985513,0.9742372352359909
339256,51802,0.7716183185286951,false,339256,51802,0.7716183185286951
339256,81607,0.962246225389414,false,339256,81607,0.962246225389414
339256,100506895,0.8556097362117194,false,339256,100506895,0.8556097362117194
339256,9388,0.8384744377926924,false,339256,9388,0.8384744377926924
339256,105377404,0.949649848949621,false,339256,105377404,0.949649848949621
339256,54101,0.751587333963803,false,339256,54101,0.751587333963803
339256,55240,0.8060079612689501,false,339256,55240,0.8060079612689501
339256,64843,0.8373737612597961,false,339256,64843,0.8373737612597961
339256,1301,0.9421585282640951,false,339256,1301,0.9421585282640951
339256,151760,0.9507826290661961,false,339256,151760,0.9507826290661961
339256,101927355,0.8054351509077246,false,339256,101927355,0.8054351509077246
339256,105370953,0.9619798044146971,false,339256,105370953,0.9619798044146971
339256,105371275,0.9468687767739632,false,339256,105371275,0.9468687767739632
339256,112802,0.9751250461996556,false,339256,112802,0.9751250461996556
339256,105375894,0.9230157087458862,false,339256,105375894,0.9230157087458862
339256,1630,0.9630139976323271,false,339256,1630,0.9630139976323271
339256,11004,0.8900444226218126,false,339256,11004,0.8900444226218126
339256,1573,0.8709316882751894,false,339256,1573,0.8709316882751894
339256,554202,0.8008881842401948,false,339256,554202,0.8008881842401948
339256,221150,0.8655818140886498,false,339256,221150,0.8655818140886498
339256,105372950,0.9548594433054671,false,339256,105372950,0.9548594433054671
339256,3670,0.81889922154662,false,339256,3670,0.81889922154662
286676,10437,0.8164010376184054,false,286676,10437,0.8164010376184054
286676,5865,0.8265714123381507,false,286676,5865,0.8265714123381507
286676,100130275,0.7766841437691879,false,286676,100130275,0.7766841437691879
286676,864,0.7261600082914004,false,286676,864,0.7261600082914004
286676,79191,0.8378733517557185,false,286676,79191,0.8378733517557185
286676,10643,0.8521755011604778,false,286676,10643,0.8521755011604778
286676,83648,0.901489723242009,false,286676,83648,0.901489723242009
286676,9156,0.7344537622293729,false,286676,9156,0.7344537622293729
286676,105377123,0.7057404501178309,false,286676,105377123,0.7057404501178309
286676,105373557,0.8400255073116645,false,286676,105373557,0.8400255073116645
286676,23562,0.7708761191497261,false,286676,23562,0.7708761191497261
286676,55765,0.7530996666324554,false,286676,55765,0.7530996666324554
286676,89858,0.8150953913767497,false,286676,89858,0.8150953913767497
286676,23286,0.9204192483830544,false,286676,23286,0.9204192483830544
286676,101928173,0.8678953295961273,false,286676,101928173,0.8678953295961273
286676,102467080,0.7397697179758127,false,286676,102467080,0.7397697179758127
286676,9232,0.8031692885496232,false,286676,9232,0.8031692885496232
105378523,8549,0.9098064003427216,false,105378523,8549,0.9098064003427216
105378523,11130,0.888207858751351,false,105378523,11130,0.888207858751351
105378523,145873,0.9393101869697065,false,105378523,145873,0.9393101869697065
105378523,641,0.7717710598866093,false,105378523,641,0.7717710598866093
105378523,57016,0.7309150316933863,false,105378523,57016,0.7309150316933863
105378523,107985513,0.8848393735973598,false,105378523,107985513,0.8848393735973598
105378523,51802,0.9074996121058136,false,105378523,51802,0.9074996121058136
105378523,81607,0.8842081947407462,false,105378523,81607,0.8842081947407462
105378523,100506895,0.9694702704969482,false,105378523,100506895,0.9694702704969482
105378523,9388,0.9457145868161793,false,105378523,9388,0.9457145868161793
105378523,105377404,0.9444492911469449,false,105378523,105377404,0.9444492911469449
105378523,54101,0.9529087169867368,false,105378523,54101,0.9529087169867368
105378523,55240,0.8360063874299697,false,105378523,55240,0.8360063874299697
105378523,64843,0.8754760492648349,false,105378523,64843,0.8754760492648349
105378523,1301,0.8810366251640337,false,105378523,1301,0.8810366251640337
105378523,151760,0.961327344560781,false,105378523,151760,0.961327344560781
105378523,101927355,0.9139961077841972,false,105378523,101927355,0.9139961077841972
105378523,105370953,0.9185661185584152,false,105378523,105370953,0.9185661185584152
105378523,105371275,0.8740620474492367,false,105378523,105371275,0.8740620474492367
105378523,112802,0.9140929533982639,false,105378523,112802,0.9140929533982639
105378523,105375894,0.9753562576051018,false,105378523,105375894,0.9753562576051018
105378523,1630,0.9035489914930078,false,105378523,1630,0.9035489914930078
105378523,11004,0.8146334175475679,false,105378523,11004,0.8146334175475679
105378523,1573,0.7683307300790083,false,105378523,1573,0.7683307300790083
105378523,554202,0.9639322274447903,false,105378523,554202,0.9639322274447903
105378523,221150,0.8078782018744177,false,105378523,221150,0.8078782018744177
105378523,105372950,0.862890231940194,false,105378523,105372950,0.862890231940194
105378523,3670,0.8540623033242113,false,105378523,3670,0.8540623033242113
10437,85479,0.7492119901055704,false,10437,85479,0.7492119901055704
10437,84419,0.8550420883991283,false,10437,84419,0.8550420883991283
10437,79413,0.762005279130498,false,10437,79413,0.762005279130498
10437,10643,0.9103027906011788,false,10437,10643,0.9103027906011788
10437,100533990,0.9165403117422339,false,10437,100533990,0.9165403117422339
10437,83648,0.8248705573477175,false,10437,83648,0.8248705573477175
10437,3352,0.7088847913338835,false,10437,3352,0.7088847913338835
10437,387895,0.7693786150306974,false,10437,387895,0.7693786150306974
10437,27299,0.7599835900802059,false,10437,27299,0.7599835900802059
10437,2297,0.7420788893234882,false,10437,2297,0.7420788893234882
10437,23562,0.7793890958365567,false,10437,23562,0.7793890958365567
10437,55765,0.7269796833976058,false,10437,55765,0.7269796833976058
10437,50852,0.7724210440144443,false,10437,50852,0.7724210440144443
10437,89858,0.833455641211774,false,10437,89858,0.833455641211774
10437,3502,0.8118033191473869,false,10437,3502,0.8118033191473869
10437,23286,0.7041701347443535,false,10437,23286,0.7041701347443535
10437,101928173,0.7579613345382823,false,10437,101928173,0.7579613345382823
10437,389336,0.7410167879467359,false,10437,389336,0.7410167879467359
10437,28946,0.8361049924425773,false,10437,28946,0.8361049924425773
10437,366,0.7399738207958498,false,10437,366,0.7399738207958498
10437,6362,0.778977977744263,false,10437,6362,0.778977977744263
10437,3512,0.8178956645763248,false,10437,3512,0.8178956645763248
10437,1404,0.7132733422021151,false,10437,1404,0.7132733422021151
10437,102724714,0.9222905399656294,false,10437,102724714,0.9222905399656294
10437,28809,0.7310334666611764,false,10437,28809,0.7310334666611764
56992,11130,0.7535738505398566,false,56992,11130,0.7535738505398566
56992,2301,0.7176465607473337,false,56992,2301,0.7176465607473337
56992,891,0.7946215261266911,false,56992,891,0.7946215261266911
56992,4751,0.8291145309983173,false,56992,4751,0.8291145309983173
56992,79056,0.8848811864145675,false,56992,79056,0.8848811864145675
56992,27178,0.7512192787130308,false,56992,27178,0.7512192787130308
56992,151648,0.8187727652210912,false,56992,151648,0.8187727652210912
56992,4166,0.711200460715096,false,56992,4166,0.711200460715096
56992,55789,0.900183630343184,false,56992,55789,0.900183630343184
56992,55723,0.8995684284329826,false,56992,55723,0.8995684284329826
56992,128239,0.7199649230396906,false,56992,128239,0.7199649230396906
56992,701,0.944026676427408,false,56992,701,0.944026676427408
8549,11130,0.8830894507238602,false,8549,11130,0.8830894507238602
8549,145873,0.899290679742313,false,8549,145873,0.899290679742313
8549,641,0.7816986812607295,false,8549,641,0.7816986812607295
8549,107985513,0.9815837995973122,false,8549,107985513,0.9815837995973122
8549,51802,0.8151202322679804,false,8549,51802,0.8151202322679804
8549,81607,0.987105008212639,false,8549,81607,0.987105008212639
8549,100506895,0.9049782739320407,false,8549,100506895,0.9049782739320407
8549,9388,0.8698128252033058,false,8549,9388,0.8698128252033058
8549,105377404,0.9668873742299009,false,8549,105377404,0.9668873742299009
8549,54101,0.8012624821216074,false,8549,54101,0.8012624821216074
8549,55240,0.8453534543794208,false,8549,55240,0.8453534543794208
8549,64843,0.888407799029624,false,8549,64843,0.888407799029624
8549,1301,0.9815128885894453,false,8549,1301,0.9815128885894453
8549,151760,0.9798289141340748,false,8549,151760,0.9798289141340748
8549,101927355,0.8479169258981266,false,8549,101927355,0.8479169258981266
8549,105370953,0.9849220898435012,false,8549,105370953,0.9849220898435012
8549,105371275,0.9736038952339752,false,8549,105371275,0.9736038952339752
8549,112802,0.9978101056433185,false,8549,112802,0.9978101056433185
8549,105375894,0.9476574482326974,false,8549,105375894,0.9476574482326974
8549,1630,0.9952961337672233,false,8549,1630,0.9952961337672233
8549,11004,0.8519959749286243,false,8549,11004,0.8519959749286243
8549,1573,0.8847693313887409,false,8549,1573,0.8847693313887409
8549,554202,0.8623321504869043,false,8549,554202,0.8623321504869043
8549,221150,0.8077404281942182,false,8549,221150,0.8077404281942182
8549,105372950,0.9557797675216648,false,8549,105372950,0.9557797675216648
8549,3670,0.864869765891917,false,8549,3670,0.864869765891917
11130,145873,0.8889908364218625,false,11130,145873,0.8889908364218625
11130,641,0.7946617198376261,false,11130,641,0.7946617198376261
11130,9700,0.8145664574483036,false,11130,9700,0.8145664574483036
11130,891,0.7336950829045413,false,11130,891,0.7336950829045413
11130,107985513,0.8705094046157447,false,11130,107985513,0.8705094046157447
11130,51802,0.815985501591378,false,11130,51802,0.815985501591378
11130,81607,0.8732549439519338,false,11130,81607,0.8732549439519338
11130,27178,0.7436356409909245,false,11130,27178,0.7436356409909245
11130,100506895,0.8513778580990098,false,11130,100506895,0.8513778580990098
11130,9388,0.8624428868229587,false,11130,9388,0.8624428868229587
11130,105377404,0.9399915942745551,false,11130,105377404,0.9399915942745551
11130,54101,0.8301860932837927,false,11130,54101,0.8301860932837927
11130,55723,0.8138326433703569,false,11130,55723,0.8138326433703569
11130,55240,0.7494461737348852,false,11130,55240,0.7494461737348852
11130,64843,0.7868709261919855,false,11130,64843,0.7868709261919855
11130,1301,0.8764765245016339,false,11130,1301,0.8764765245016339
11130,151760,0.9114201660770629,false,11130,151760,0.9114201660770629
11130,101927355,0.9310568947851726,false,11130,101927355,0.9310568947851726
11130,105370953,0.902683285296977,false,11130,105370953,0.902683285296977
11130,105371275,0.9300715117906714,false,11130,105371275,0.9300715117906714
11130,112802,0.886073925834421,false,11130,112802,0.886073925834421
11130,105375894,0.9230883489752322,false,11130,105375894,0.9230883489752322
11130,1630,0.8611998154550322,false,11130,1630,0.8611998154550322
11130,11004,0.9129095851730713,false,11130,11004,0.9129095851730713
11130,1573,0.7759670765912146,false,11130,1573,0.7759670765912146
11130,554202,0.8396942968351443,false,11130,554202,0.8396942968351443
11130,221150,0.9282344275038943,false,11130,221150,0.9282344275038943
11130,701,0.8295734059918556,false,11130,701,0.8295734059918556
11130,105372950,0.8395761181170526,false,11130,105372950,0.8395761181170526
11130,3670,0.7173371733076707,false,11130,3670,0.7173371733076707
5865,55765,0.7148739877155171,false,5865,55765,0.7148739877155171
5865,9212,0.7169896180484672,false,5865,9212,0.7169896180484672
5865,11001,0.7045164006624518,false,5865,11001,0.7045164006624518
5865,9232,0.7275294669382781,false,5865,9232,0.7275294669382781
100130275,79191,0.7879795156869178,false,100130275,79191,0.7879795156869178
100130275,10643,0.8514426683006114,false,100130275,10643,0.8514426683006114
100130275,83648,0.7845077705505141,false,100130275,83648,0.7845077705505141
100130275,105373557,0.9255628470060561,false,100130275,105373557,0.9255628470060561
100130275,23562,0.8977640123398187,false,100130275,23562,0.8977640123398187
100130275,23286,0.8667453664577285,false,100130275,23286,0.8667453664577285
100130275,101928173,0.8408985660848952,false,100130275,101928173,0.8408985660848952
100130275,102467080,0.7436989431800841,false,100130275,102467080,0.7436989431800841
85479,84419,0.947631318610366,false,85479,84419,0.947631318610366
85479,79413,0.9904232720850442,false,85479,79413,0.9904232720850442
85479,100533990,0.8700789934517226,false,85479,100533990,0.8700789934517226
85479,3352,0.9614015188893533,false,85479,3352,0.9614015188893533
85479,387895,0.9786408480062128,false,85479,387895,0.9786408480062128
85479,27299,0.9937125762263929,false,85479,27299,0.9937125762263929
85479,2297,0.751774010615716,false,85479,2297,0.751774010615716
85479,50852,0.9939822069124548,false,85479,50852,0.9939822069124548
85479,3502,0.9782832246288823,false,85479,3502,0.9782832246288823
85479,389336,0.9904425586837653,false,85479,389336,0.9904425586837653
85479,28946,0.970051318197413,false,85479,28946,0.970051318197413
85479,152225,0.9020756538371146,false,85479,152225,0.9020756538371146
85479,366,0.9928850044239631,false,85479,366,0.9928850044239631
85479,6362,0.9893307782452727,false,85479,6362,0.9893307782452727
85479,3512,0.9779393527501961,false,85479,3512,0.9779393527501961
85479,1404,0.9875709875285786,false,85479,1404,0.9875709875285786
85479,102724714,0.8952129776245434,false,85479,102724714,0.8952129776245434
85479,28809,0.9888377535570138,false,85479,28809,0.9888377535570138
85479,109729169,0.9839002889696183,false,85479,109729169,0.9839002889696183
145873,641,0.8036984444413147,false,145873,641,0.8036984444413147
145873,57016,0.7174858213967447,false,145873,57016,0.7174858213967447
145873,107985513,0.8894673802098213,false,145873,107985513,0.8894673802098213
145873,51802,0.7862617030822369,false,145873,51802,0.7862617030822369
145873,81607,0.8831907631000792,false,145873,81607,0.8831907631000792
145873,100506895,0.9309506155202666,false,145873,100506895,0.9309506155202666
145873,9388,0.9221542863835013,false,145873,9388,0.9221542863835013
145873,105377404,0.9291230704805856,false,145873,105377404,0.9291230704805856
145873,54101,0.8972869442670067,false,145873,54101,0.8972869442670067
145873,55240,0.8174130957276186,false,145873,55240,0.8174130957276186
145873,64843,0.8434457139470202,false,145873,64843,0.8434457139470202
145873,1301,0.8573671724572854,false,145873,1301,0.8573671724572854
145873,151760,0.9148837480900092,false,145873,151760,0.9148837480900092
145873,101927355,0.8555437841841997,false,145873,101927355,0.8555437841841997
145873,105370953,0.9038022818940633,false,145873,105370953,0.9038022818940633
145873,105371275,0.8552645693984052,false,145873,105371275,0.8552645693984052
145873,112802,0.9027123711391793,false,145873,112802,0.9027123711391793
145873,105375894,0.9345028892796519,false,145873,105375894,0.9345028892796519
145873,1630,0.8891647798626184,false,145873,1630,0.8891647798626184
145873,11004,0.8878112606727352,false,145873,11004,0.8878112606727352
145873,1573,0.779875249162552,false,145873,1573,0.779875249162552
145873,554202,0.8963683206298975,false,145873,554202,0.8963683206298975
145873,221150,0.8974731974177187,false,145873,221150,0.8974731974177187
145873,105372950,0.8868551028417808,false,145873,105372950,0.8868551028417808
145873,3670,0.8182342983484012,false,145873,3670,0.8182342983484012
641,107985513,0.8205768845550697,false,641,107985513,0.8205768845550697
641,51802,0.8097949460145561,false,641,51802,0.8097949460145561
641,81607,0.7613283396789602,false,641,81607,0.7613283396789602
641,100506895,0.7297274781263008,false,641,100506895,0.7297274781263008
641,9388,0.8407813832590486,false,641,9388,0.8407813832590486
641,105377404,0.7629878714950334,false,641,105377404,0.7629878714950334
641,54101,0.7101793040640556,false,641,54101,0.7101793040640556
641,55240,0.7883008609885722,false,641,55240,0.7883008609885722
641,64843,0.8821678786931996,false,641,64843,0.8821678786931996
641,1301,0.7883828052166835,false,641,1301,0.7883828052166835
641,151760,0.7919672251647981,false,641,151760,0.7919672251647981
641,105370953,0.7723940296310735,false,641,105370953,0.7723940296310735
641,105371275,0.7466849810492827,false,641,105371275,0.7466849810492827
641,112802,0.7678568903412456,false,641,112802,0.7678568903412456
641,105375894,0.786351868999626,false,641,105375894,0.786351868999626
641,1630,0.7644140817657769,false,641,1630,0.7644140817657769
641,11004,0.8887167659831973,false,641,11004,0.8887167659831973
641,1573,0.8963806971918247,false,641,1573,0.8963806971918247
641,554202,0.7521501546512666,false,641,554202,0.7521501546512666
641,221150,0.8669708650985467,false,641,221150,0.8669708650985467
641,105372950,0.7185826884649282,false,641,105372950,0.7185826884649282
641,3670,0.7476284274713715,false,641,3670,0.7476284274713715
84419,79413,0.9379170392546032,false,84419,79413,0.9379170392546032
84419,10643,0.700085518497428,false,84419,10643,0.700085518497428
84419,100533990,0.9411158849488199,false,84419,100533990,0.9411158849488199
84419,3352,0.9303717697146713,false,84419,3352,0.9303717697146713
84419,387895,0.9593428672448135,false,84419,387895,0.9593428672448135
84419,27299,0.9463767814127542,false,84419,27299,0.9463767814127542
84419,2297,0.8242328261563182,false,84419,2297,0.8242328261563182
84419,50852,0.9338106391573822,false,84419,50852,0.9338106391573822
84419,3502,0.9348724451952423,false,84419,3502,0.9348724451952423
84419,389336,0.9467545265478647,false,84419,389336,0.9467545265478647
84419,28946,0.9306547324712053,false,84419,28946,0.9306547324712053
84419,152225,0.8163171878483224,false,84419,152225,0.8163171878483224
84419,366,0.9429739173447792,false,84419,366,0.9429739173447792
84419,6362,0.9406227409282236,false,84419,6362,0.9406227409282236
84419,3512,0.9348542956706285,false,84419,3512,0.9348542956706285
84419,1404,0.9334859782123245,false,84419,1404,0.9334859782123245
84419,102724714,0.9038201754312254,false,84419,102724714,0.9038201754312254
84419,28809,0.9340583246284333,false,84419,28809,0.9340583246284333
84419,109729169,0.9230241848913332,false,84419,109729169,0.9230241848913332
10874,2301,0.842122959028045,false,10874,2301,0.842122959028045
10874,107985017,0.8385301937787767,false,10874,107985017,0.8385301937787767
10874,55057,0.9396284622281225,false,10874,55057,0.9396284622281225
10874,56896,0.9216559833548185,false,10874,56896,0.9216559833548185
10874,27178,0.7064043387620068,false,10874,27178,0.7064043387620068
10874,4166,0.7948695818292019,false,10874,4166,0.7948695818292019
10874,55789,0.7047512398712861,false,10874,55789,0.7047512398712861
10874,3664,0.8523513795336903,false,10874,3664,0.8523513795336903
10874,9212,0.8424494672800446,false,10874,9212,0.8424494672800446
10874,11001,0.9093747373206726,false,10874,11001,0.9093747373206726
10874,253650,0.9647826426279056,false,10874,253650,0.9647826426279056
10874,9076,0.9340095066443038,false,10874,9076,0.9340095066443038
10874,23566,0.8957320360139315,false,10874,23566,0.8957320360139315
2301,9700,0.7069182566260833,false,2301,9700,0.7069182566260833
2301,4751,0.8041322244891123,false,2301,4751,0.8041322244891123
2301,107985017,0.795543024497286,false,2301,107985017,0.795543024497286
2301,55057,0.7137629751749888,false,2301,55057,0.7137629751749888
2301,56896,0.8889515294169945,false,2301,56896,0.8889515294169945
2301,27178,0.9416042443972779,false,2301,27178,0.9416042443972779
2301,4166,0.9504185748974517,false,2301,4166,0.9504185748974517
2301,55789,0.8206054322263133,false,2301,55789,0.8206054322263133
2301,55723,0.7316250370051731,false,2301,55723,0.7316250370051731
2301,3664,0.887803661055977,false,2301,3664,0.887803661055977
2301,9212,0.8735333815542199,false,2301,9212,0.8735333815542199
2301,11001,0.7515560613023472,false,2301,11001,0.7515560613023472
2301,253650,0.8881605774215395,false,2301,253650,0.8881605774215395
2301,9076,0.8852619431416798,false,2301,9076,0.8852619431416798
2301,23566,0.8557481132420887,false,2301,23566,0.8557481132420887
57016,100506895,0.7826707431729057,false,57016,100506895,0.7826707431729057
57016,9388,0.7387279372572997,false,57016,9388,0.7387279372572997
57016,54101,0.8058216484767557,false,57016,54101,0.8058216484767557
57016,101927355,0.7723690536725253,false,57016,101927355,0.7723690536725253
57016,554202,0.7824720093919201,false,57016,554202,0.7824720093919201
9700,51802,0.7400124925581999,false,9700,51802,0.7400124925581999
9700,27178,0.8223614525168554,false,9700,27178,0.8223614525168554
9700,55723,0.7647678792511765,false,9700,55723,0.7647678792511765
9700,128239,0.8138367991089842,false,9700,128239,0.8138367991089842
9700,105371275,0.7074952835941994,false,9700,105371275,0.7074952835941994
9700,105375894,0.7131658500446902,false,9700,105375894,0.7131658500446902
891,4751,0.873954265368915,false,891,4751,0.873954265368915
891,6241,0.8543667413756006,false,891,6241,0.8543667413756006
891,9156,0.7628595429286985,false,891,9156,0.7628595429286985
891,151648,0.8844228622363288,false,891,151648,0.8844228622363288
891,55789,0.8682860993700352,false,891,55789,0.8682860993700352
891,55723,0.8054879417580701,false,891,55723,0.8054879417580701
891,11004,0.7564747020296261,false,891,11004,0.7564747020296261
891,221150,0.7992324691890824,false,891,221150,0.7992324691890824
891,701,0.8502675292287376,false,891,701,0.8502675292287376
4751,107985017,0.844760805164486,false,4751,107985017,0.844760805164486
4751,27178,0.7902892845681955,false,4751,27178,0.7902892845681955
4751,4166,0.7975855530910692,false,4751,4166,0.7975855530910692
4751,55789,0.9386891281405119,false,4751,55789,0.9386891281405119
4751,55723,0.8392928269545014,false,4751,55723,0.8392928269545014
4751,9212,0.8501003861315722,false,4751,9212,0.8501003861315722
4751,253650,0.7373656221557426,false,4751,253650,0.7373656221557426
4751,701,0.8552545916217302,false,4751,701,0.8552545916217302
4751,23566,0.8122213027730338,false,4751,23566,0.8122213027730338
79413,100533990,0.8444586127110694,false,79413,100533990,0.8444586127110694
79413,3352,0.970713061061474,false,79413,3352,0.970713061061474
79413,387895,0.9756232133272156,false,79413,387895,0.9756232133272156
79413,27299,0.996733738736153,false,79413,27299,0.996733738736153
79413,2297,0.721335108739944,false,79413,2297,0.721335108739944
79413,50852,0.9952389556312523,false,79413,50852,0.9952389556312523
79413,3502,0.9935449346271762,false,79413,3502,0.9935449346271762
79413,389336,0.9915202014239501,false,79413,389336,0.9915202014239501
79413,28946,0.985741343253674,false,79413,28946,0.985741343253674
79413,152225,0.8688353245179475,false,79413,152225,0.8688353245179475
79413,366,0.9952118552937936,false,79413,366,0.9952118552937936
79413,6362,0.9972321661704966,false,79413,6362,0.9972321661704966
79413,3512,0.9925087874901256,false,79413,3512,0.9925087874901256
79413,1404,0.9941131149945794,false,79413,1404,0.9941131149945794
79413,102724714,0.8879961347284806,false,79413,102724714,0.8879961347284806
79413,28809,0.9967885987658535,false,79413,28809,0.9967885987658535
79413,109729169,0.9898902186635019,false,79413,109729169,0.9898902186635019
107985017,55057,0.7738382875680688,false,107985017,55057,0.7738382875680688
107985017,56896,0.7752584161364681,false,107985017,56896,0.7752584161364681
107985017,4166,0.7213199289587483,false,107985017,4166,0.7213199289587483
107985017,55789,0.7941294704254416,false,107985017,55789,0.7941294704254416
107985017,3664,0.7087305978273736,false,107985017,3664,0.7087305978273736
107985017,9212,0.8161404518049785,false,107985017,9212,0.8161404518049785
107985017,11001,0.8070640151419816,false,107985017,11001,0.8070640151419816
107985017,253650,0.8491243000725156,false,107985017,253650,0.8491243000725156
107985017,9076,0.8187169922143817,false,107985017,9076,0.8187169922143817
107985017,23566,0.9012583421461814,false,107985017,23566,0.9012583421461814
6241,151648,0.8295914483748915,false,6241,151648,0.8295914483748915
6241,9388,0.7884428500608788,false,6241,9388,0.7884428500608788
6241,54101,0.7888612310500578,false,6241,54101,0.7888612310500578
6241,55240,0.7077919446177761,false,6241,55240,0.7077919446177761
6241,101927355,0.7136643682236093,false,6241,101927355,0.7136643682236093
6241,554202,0.753363743129392,false,6241,554202,0.753363743129392
864,79191,0.7049376362185044,false,864,79191,0.7049376362185044
864,83648,0.807826966298262,false,864,83648,0.807826966298262
864,9156,0.7726202739636624,false,864,9156,0.7726202739636624
864,105377123,0.8026220490993327,false,864,105377123,0.8026220490993327
864,23562,0.7091916471368117,false,864,23562,0.7091916471368117
864,55240,0.7878529545766758,false,864,55240,0.7878529545766758
864,89858,0.7174563699305594,false,864,89858,0.7174563699305594
864,23286,0.7231281382297444,false,864,23286,0.7231281382297444
864,64843,0.7349192646113237,false,864,64843,0.7349192646113237
864,101928173,0.7728927264822647,false,864,101928173,0.7728927264822647
864,102467080,0.7361826170655484,false,864,102467080,0.7361826170655484
864,1573,0.7766270869769647,false,864,1573,0.7766270869769647
864,9232,0.7356348917525001,false,864,9232,0.7356348917525001
864,3670,0.7396552063729187,false,864,3670,0.7396552063729187
107985513,51802,0.8123457035840714,false,107985513,51802,0.8123457035840714
107985513,81607,0.9684901132394725,false,107985513,81607,0.9684901132394725
107985513,100506895,0.8886400179458309,false,107985513,100506895,0.8886400179458309
107985513,9388,0.8907596308237092,false,107985513,9388,0.8907596308237092
107985513,105377404,0.9414140747253207,false,107985513,105377404,0.9414140747253207
107985513,54101,0.7928866448223166,false,107985513,54101,0.7928866448223166
107985513,55240,0.870897276310455,false,107985513,55240,0.870897276310455
107985513,64843,0.9054394239901452,false,107985513,64843,0.9054394239901452
107985513,1301,0.9589930347982126,false,107985513,1301,0.9589930347982126
107985513,151760,0.9583151903968271,false,107985513,151760,0.9583151903968271
107985513,101927355,0.8329228347096537,false,107985513,101927355,0.8329228347096537
107985513,105370953,0.9560267993279019,false,107985513,105370953,0.9560267993279019
107985513,105371275,0.946842192855774,false,107985513,105371275,0.946842192855774
107985513,112802,0.9820055853202116,false,107985513,112802,0.9820055853202116
107985513,105375894,0.9182226499695032,false,107985513,105375894,0.9182226499695032
107985513,1630,0.9749925229844791,false,107985513,1630,0.9749925229844791
107985513,11004,0.8628465569138092,false,107985513,11004,0.8628465569138092
107985513,1573,0.9304577842275138,false,107985513,1573,0.9304577842275138
107985513,554202,0.849637290924826,false,107985513,554202,0.849637290924826
107985513,221150,0.8440166449583525,false,107985513,221150,0.8440166449583525
107985513,105372950,0.9404278376818583,false,107985513,105372950,0.9404278376818583
107985513,3670,0.8987869459669345,false,107985513,3670,0.8987869459669345
79191,10643,0.7247347921231376,false,79191,10643,0.7247347921231376
79191,83648,0.7531339426651112,false,79191,83648,0.7531339426651112
79191,9156,0.785672113442042,false,79191,9156,0.785672113442042
79191,105377123,0.71138978665726,false,79191,105377123,0.71138978665726
79191,105373557,0.8690168215245949,false,79191,105373557,0.8690168215245949
79191,23562,0.7788929026012874,false,79191,23562,0.7788929026012874
79191,23286,0.9164425037600425,false,79191,23286,0.9164425037600425
79191,101928173,0.7970827800156134,false,79191,101928173,0.7970827800156134
79191,102467080,0.7738068724910823,false,79191,102467080,0.7738068724910823
79191,9232,0.8926401896392219,false,79191,9232,0.8926401896392219
10643,100533990,0.816610638716117,false,10643,100533990,0.816610638716117
10643,83648,0.8494924016051157,false,10643,83648,0.8494924016051157
10643,2297,0.702891200772868,false,10643,2297,0.702891200772868
10643,105373557,0.8426872319880058,false,10643,105373557,0.8426872319880058
10643,23562,0.9299065586559675,false,10643,23562,0.9299065586559675
10643,89858,0.7218793739462782,false,10643,89858,0.7218793739462782
10643,23286,0.8463702461670497,false,10643,23286,0.8463702461670497
10643,101928173,0.8383142233948316,false,10643,101928173,0.8383142233948316
10643,102724714,0.7209926996538515,false,10643,102724714,0.7209926996538515
100533990,3352,0.8235981342326707,false,100533990,3352,0.8235981342326707
100533990,387895,0.864793908721319,false,100533990,387895,0.864793908721319
100533990,27299,0.8638542612219298,false,100533990,27299,0.8638542612219298
100533990,2297,0.8331228645384446,false,100533990,2297,0.8331228645384446
100533990,50852,0.8624862946219936,false,100533990,50852,0.8624862946219936
100533990,3502,0.8614100849118076,false,100533990,3502,0.8614100849118076
100533990,389336,0.8477064349881774,false,100533990,389336,0.8477064349881774
100533990,28946,0.8629887430352496,false,100533990,28946,0.8629887430352496
100533990,152225,0.7849085452429165,false,100533990,152225,0.7849085452429165
100533990,366,0.8532196899249311,false,100533990,366,0.8532196899249311
100533990,6362,0.8575795764914884,false,100533990,6362,0.8575795764914884
100533990,3512,0.8627625425725161,false,100533990,3512,0.8627625425725161
100533990,1404,0.8274541381621306,false,100533990,1404,0.8274541381621306
100533990,102724714,0.910974175021437,false,100533990,102724714,0.910974175021437
100533990,28809,0.832562282784383,false,100533990,28809,0.832562282784383
100533990,109729169,0.8102627824137831,false,100533990,109729169,0.8102627824137831
55057,56896,0.8886910262694738,false,55057,56896,0.8886910262694738
55057,79056,0.7235061656204412,false,55057,79056,0.7235061656204412
55057,3664,0.8074005438228807,false,55057,3664,0.8074005438228807
55057,9212,0.7212758998044662,false,55057,9212,0.7212758998044662
55057,11001,0.8988041279634457,false,55057,11001,0.8988041279634457
55057,253650,0.8941574046709075,false,55057,253650,0.8941574046709075
55057,9076,0.8124741383374628,false,55057,9076,0.8124741383374628
55057,23566,0.8053087797877875,false,55057,23566,0.8053087797877875
83648,9156,0.7502214495883104,false,83648,9156,0.7502214495883104
83648,105377123,0.8645215483833059,false,83648,105377123,0.8645215483833059
83648,105373557,0.9072544745141088,false,83648,105373557,0.9072544745141088
83648,23562,0.7821315163117956,false,83648,23562,0.7821315163117956
83648,55765,0.8240805067789555,false,83648,55765,0.8240805067789555
83648,89858,0.9265454518811634,false,83648,89858,0.9265454518811634
83648,23286,0.9268357156234455,false,83648,23286,0.9268357156234455
83648,101928173,0.9743173067386746,false,83648,101928173,0.9743173067386746
83648,102467080,0.8831363887654912,false,83648,102467080,0.8831363887654912
83648,9232,0.773270324564879,false,83648,9232,0.773270324564879
56896,27178,0.7448411599462297,false,56896,27178,0.7448411599462297
56896,4166,0.8313554352120701,false,56896,4166,0.8313554352120701
56896,3664,0.9648122595982807,false,56896,3664,0.9648122595982807
56896,9212,0.8355027031567825,false,56896,9212,0.8355027031567825
56896,11001,0.8128576110406507,false,56896,11001,0.8128576110406507
56896,253650,0.9666115515153497,false,56896,253650,0.9666115515153497
56896,9076,0.9030669850539371,false,56896,9076,0.9030669850539371
56896,23566,0.8988615767661181,false,56896,23566,0.8988615767661181
3352,387895,0.9495704964015571,false,3352,387895,0.9495704964015571
3352,27299,0.9745636234399832,false,3352,27299,0.9745636234399832
3352,2297,0.7440353048831453,false,3352,2297,0.7440353048831453
3352,50852,0.9548544678204807,false,3352,50852,0.9548544678204807
3352,3502,0.9558027027692334,false,3352,3502,0.9558027027692334
3352,389336,0.9709288106767713,false,3352,389336,0.9709288106767713
3352,28946,0.9362510034921108,false,3352,28946,0.9362510034921108
3352,152225,0.8651050603053237,false,3352,152225,0.8651050603053237
3352,366,0.9778472815293534,false,3352,366,0.9778472815293534
3352,6362,0.9651212890443639,false,3352,6362,0.9651212890443639
3352,3512,0.9509517822654149,false,3352,3512,0.9509517822654149
3352,1404,0.9810961975177731,false,3352,1404,0.9810961975177731
3352,102724714,0.8088802710824828,false,3352,102724714,0.8088802710824828
3352,28809,0.9780639948327883,false,3352,28809,0.9780639948327883
3352,109729169,0.9752072060994034,false,3352,109729169,0.9752072060994034
387895,27299,0.97217427023453,false,387895,27299,0.97217427023453
387895,2297,0.7266385996204338,false,387895,2297,0.7266385996204338
387895,50852,0.9758771866609286,false,387895,50852,0.9758771866609286
387895,3502,0.9651512843620154,false,387895,3502,0.9651512843620154
387895,389336,0.9862978837339852,false,387895,389336,0.9862978837339852
387895,28946,0.9595121363906253,false,387895,28946,0.9595121363906253
387895,152225,0.8178859464068141,false,387895,152225,0.8178859464068141
387895,366,0.9766888560217822,false,387895,366,0.9766888560217822
387895,6362,0.9802507312026888,false,387895,6362,0.9802507312026888
387895,3512,0.965373385403775,false,387895,3512,0.965373385403775
387895,1404,0.9747376768235402,false,387895,1404,0.9747376768235402
387895,102724714,0.8924888077844955,false,387895,102724714,0.8924888077844955
387895,28809,0.9754414056531447,false,387895,28809,0.9754414056531447
387895,109729169,0.9695860436782323,false,387895,109729169,0.9695860436782323
27299,2297,0.7532013562236793,false,27299,2297,0.7532013562236793
27299,50852,0.9930392325838716,false,27299,50852,0.9930392325838716
27299,3502,0.9889780049465604,false,27299,3502,0.9889780049465604
27299,389336,0.9927692007438521,false,27299,389336,0.9927692007438521
27299,28946,0.9774960125463118,false,27299,28946,0.9774960125463118
27299,152225,0.8923829461616833,false,27299,152225,0.8923829461616833
27299,366,0.9985713738718999,false,27299,366,0.9985713738718999
27299,6362,0.994193629841612,false,27299,6362,0.994193629841612
27299,3512,0.986875506933403,false,27299,3512,0.986875506933403
27299,1404,0.9953930865858489,false,27299,1404,0.9953930865858489
27299,102724714,0.8791394336280939,false,27299,102724714,0.8791394336280939
27299,28809,0.9966928358808277,false,27299,28809,0.9966928358808277
27299,109729169,0.9908727561699174,false,27299,109729169,0.9908727561699174
51802,81607,0.7962830393158924,false,51802,81607,0.7962830393158924
51802,100506895,0.8418846278306669,false,51802,100506895,0.8418846278306669
51802,9388,0.8651870838315866,false,51802,9388,0.8651870838315866
51802,105377404,0.842919433849234,false,51802,105377404,0.842919433849234
51802,54101,0.826035627074965,false,51802,54101,0.826035627074965
51802,55240,0.8144775681112889,false,51802,55240,0.8144775681112889
51802,64843,0.8355427507982719,false,51802,64843,0.8355427507982719
51802,1301,0.7819413950379137,false,51802,1301,0.7819413950379137
51802,151760,0.9019843543628624,false,51802,151760,0.9019843543628624
51802,101927355,0.7915229448398601,false,51802,101927355,0.7915229448398601
51802,105370953,0.8384796411142019,false,51802,105370953,0.8384796411142019
51802,105371275,0.7877842366032877,false,51802,105371275,0.7877842366032877
51802,112802,0.824667539882489,false,51802,112802,0.824667539882489
51802,105375894,0.9058325970996474,false,51802,105375894,0.9058325970996474
51802,1630,0.8076064115012319,false,51802,1630,0.8076064115012319
51802,11004,0.7594354101661245,false,51802,11004,0.7594354101661245
51802,1573,0.7585414881287617,false,51802,1573,0.7585414881287617
51802,554202,0.847612028059267,false,51802,554202,0.847612028059267
51802,221150,0.7441927239345416,false,51802,221150,0.7441927239345416
51802,105372950,0.780715457473031,false,51802,105372950,0.780715457473031
51802,3670,0.805540843901501,false,51802,3670,0.805540843901501
81607,100506895,0.9030020111615844,false,81607,100506895,0.9030020111615844
81607,9388,0.8592280648432745,false,81607,9388,0.8592280648432745
81607,105377404,0.9416776666542419,false,81607,105377404,0.9416776666542419
81607,54101,0.7891247106247954,false,81607,54101,0.7891247106247954
81607,55240,0.8864412350593727,false,81607,55240,0.8864412350593727
81607,64843,0.8851355256843926,false,81607,64843,0.8851355256843926
81607,1301,0.9775530370710943,false,81607,1301,0.9775530370710943
81607,151760,0.9618100572064723,false,81607,151760,0.9618100572064723
81607,101927355,0.8435976088279309,false,81607,101927355,0.8435976088279309
81607,105370953,0.9667134001047858,false,81607,105370953,0.9667134001047858
81607,105371275,0.9745446150329095,false,81607,105371275,0.9745446150329095
81607,112802,0.9849900911532112,false,81607,112802,0.9849900911532112
81607,105375894,0.9198603721279373,false,81607,105375894,0.9198603721279373
81607,1630,0.9839337047361574,false,81607,1630,0.9839337047361574
81607,11004,0.8760978070366484,false,81607,11004,0.8760978070366484
81607,1573,0.8734201691028951,false,81607,1573,0.8734201691028951
81607,554202,0.8515845855368511,false,81607,554202,0.8515845855368511
81607,221150,0.7996633187703935,false,81607,221150,0.7996633187703935
81607,105372950,0.9787818053156344,false,81607,105372950,0.9787818053156344
81607,3670,0.8695528755575558,false,81607,3670,0.8695528755575558
79056,151648,0.7211988814239317,false,79056,151648,0.7211988814239317
79056,55789,0.7632149803205743,false,79056,55789,0.7632149803205743
79056,55723,0.8267736536274044,false,79056,55723,0.8267736536274044
79056,701,0.7309056178375588,false,79056,701,0.7309056178375588
27178,4166,0.8671931612587598,false,27178,4166,0.8671931612587598
27178,55789,0.8011170523410489,false,27178,55789,0.8011170523410489
27178,55723,0.8470824719100283,false,27178,55723,0.8470824719100283
27178,3664,0.7383923225740963,false,27178,3664,0.7383923225740963
27178,9212,0.7691962219930143,false,27178,9212,0.7691962219930143
27178,105371275,0.7006615876008149,false,27178,105371275,0.7006615876008149
27178,253650,0.7356743853974478,false,27178,253650,0.7356743853974478
27178,701,0.7194808041540254,false,27178,701,0.7194808041540254
27178,9076,0.747373283765493,false,27178,9076,0.747373283765493
27178,23566,0.720805742186242,false,27178,23566,0.720805742186242
9156,105377123,0.7653833459404401,false,9156,105377123,0.7653833459404401
9156,105373557,0.7209888646585849,false,9156,105373557,0.7209888646585849
9156,23286,0.7640691444106215,false,9156,23286,0.7640691444106215
9156,101928173,0.7477737575979068,false,9156,101928173,0.7477737575979068
9156,102467080,0.7829291730864275,false,9156,102467080,0.7829291730864275
9156,9232,0.9547105118859108,false,9156,9232,0.9547105118859108
105377123,105373557,0.7898761662954934,false,105377123,105373557,0.7898761662954934
105377123,55765,0.8123620308821312,false,105377123,55765,0.8123620308821312
105377123,89858,0.8264517157087118,false,105377123,89858,0.8264517157087118
105377123,23286,0.8420237161507281,false,105377123,23286,0.8420237161507281
105377123,101928173,0.9053324025209936,false,105377123,101928173,0.9053324025209936
105377123,102467080,0.9137994676922961,false,105377123,102467080,0.9137994676922961
105377123,9232,0.7583578486268546,false,105377123,9232,0.7583578486268546
100506895,9388,0.9487969773573638,false,100506895,9388,0.9487969773573638
100506895,105377404,0.9140642471185595,false,100506895,105377404,0.9140642471185595
100506895,54101,0.9566702757144662,false,100506895,54101,0.9566702757144662
100506895,55240,0.8865976645230668,false,100506895,55240,0.8865976645230668
100506895,64843,0.9073605297342481,false,100506895,64843,0.9073605297342481
100506895,1301,0.8935958005664907,false,100506895,1301,0.8935958005664907
100506895,151760,0.9321710063761246,false,100506895,151760,0.9321710063761246
100506895,101927355,0.9160503872346468,false,100506895,101927355,0.9160503872346468
100506895,105370953,0.9012465283607943,false,100506895,105370953,0.9012465283607943
100506895,105371275,0.8684834312912664,false,100506895,105371275,0.8684834312912664
100506895,112802,0.9063087901882969,false,100506895,112802,0.9063087901882969
100506895,105375894,0.9366878861772667,false,100506895,105375894,0.9366878861772667
100506895,1630,0.9119539612165267,false,100506895,1630,0.9119539612165267
100506895,11004,0.8069930700182766,false,100506895,11004,0.8069930700182766
100506895,1573,0.7742245018928134,false,100506895,1573,0.7742245018928134
100506895,554202,0.9780312751583708,false,100506895,554202,0.9780312751583708
100506895,221150,0.7793822058075496,false,100506895,221150,0.7793822058075496
100506895,105372950,0.8783070865515865,false,100506895,105372950,0.8783070865515865
100506895,3670,0.8707563297965644,false,100506895,3670,0.8707563297965644
2297,50852,0.7165005571131272,false,2297,50852,0.7165005571131272
2297,3502,0.7307785885374569,false,2297,3502,0.7307785885374569
2297,389336,0.7471522862459138,false,2297,389336,0.7471522862459138
2297,28946,0.7236117496917096,false,2297,28946,0.7236117496917096
2297,152225,0.8071298575186738,false,2297,152225,0.8071298575186738
2297,366,0.7425712711595952,false,2297,366,0.7425712711595952
2297,6362,0.7209601252477588,false,2297,6362,0.7209601252477588
2297,3512,0.7290409297260274,false,2297,3512,0.7290409297260274
2297,1404,0.7197178617313202,false,2297,1404,0.7197178617313202
2297,102724714,0.7300291822886527,false,2297,102724714,0.7300291822886527
2297,28809,0.7207899186092246,false,2297,28809,0.7207899186092246
2297,109729169,0.7322496164759023,false,2297,109729169,0.7322496164759023
151648,55789,0.7392653118651495,false,151648,55789,0.7392653118651495
151648,55723,0.707171743397361,false,151648,55723,0.707171743397361
151648,701,0.7895207803649889,false,151648,701,0.7895207803649889
9388,105377404,0.895259515101664,false,9388,105377404,0.895259515101664
9388,54101,0.9624872102944985,false,9388,54101,0.9624872102944985
9388,55240,0.9170498220394661,false,9388,55240,0.9170498220394661
9388,64843,0.9307634781106224,false,9388,64843,0.9307634781106224
9388,1301,0.8593360024963509,false,9388,1301,0.8593360024963509
9388,151760,0.9030126565197473,false,9388,151760,0.9030126565197473
9388,101927355,0.8999396142690367,false,9388,101927355,0.8999396142690367
9388,105370953,0.8469472196368598,false,9388,105370953,0.8469472196368598
9388,105371275,0.8344161521512026,false,9388,105371275,0.8344161521512026
9388,112802,0.8721731566848686,false,9388,112802,0.8721731566848686
9388,105375894,0.8960206291272302,false,9388,105375894,0.8960206291272302
9388,1630,0.8577251786920791,false,9388,1630,0.8577251786920791
9388,11004,0.8647196978113084,false,9388,11004,0.8647196978113084
9388,1573,0.8623596350434326,false,9388,1573,0.8623596350434326
9388,554202,0.9669732245318756,false,9388,554202,0.9669732245318756
9388,221150,0.8637077564492052,false,9388,221150,0.8637077564492052
9388,105372950,0.8287851577300651,false,9388,105372950,0.8287851577300651
9388,3670,0.9055969059449537,false,9388,3670,0.9055969059449537
105373557,23562,0.8735704929508334,false,105373557,23562,0.8735704929508334
105373557,89858,0.7249815348274269,false,105373557,89858,0.7249815348274269
105373557,23286,0.9576423803228534,false,105373557,23286,0.9576423803228534
105373557,101928173,0.9504883500665993,false,105373557,101928173,0.9504883500665993
105373557,102467080,0.8939970876354222,false,105373557,102467080,0.8939970876354222
105373557,9232,0.803289234621346,false,105373557,9232,0.803289234621346
23562,23286,0.8126834579990019,false,23562,23286,0.8126834579990019
23562,101928173,0.8037257946624965,false,23562,101928173,0.8037257946624965
4166,55789,0.8438305846249273,false,4166,55789,0.8438305846249273
4166,3664,0.8410803608231623,false,4166,3664,0.8410803608231623
4166,9212,0.8947789608849375,false,4166,9212,0.8947789608849375
4166,11001,0.73982758046364,false,4166,11001,0.73982758046364
4166,253650,0.8403978991805953,false,4166,253650,0.8403978991805953
4166,9076,0.8579560128156042,false,4166,9076,0.8579560128156042
4166,23566,0.7884286002129451,false,4166,23566,0.7884286002129451
55789,55723,0.8237032190418532,false,55789,55723,0.8237032190418532
55789,9212,0.8064813610454231,false,55789,9212,0.8064813610454231
55789,11001,0.7155324412861932,false,55789,11001,0.7155324412861932
55789,701,0.8945753896691119,false,55789,701,0.8945753896691119
55789,23566,0.7226883911368749,false,55789,23566,0.7226883911368749
105377404,54101,0.8613910713192775,false,105377404,54101,0.8613910713192775
105377404,55240,0.7994443692281622,false,105377404,55240,0.7994443692281622
105377404,64843,0.8375051157565491,false,105377404,64843,0.8375051157565491
105377404,1301,0.9338824947614395,false,105377404,1301,0.9338824947614395
105377404,151760,0.9802514041522945,false,105377404,151760,0.9802514041522945
105377404,101927355,0.9127598006854284,false,105377404,101927355,0.9127598006854284
105377404,105370953,0.9673402328471793,false,105377404,105370953,0.9673402328471793
105377404,105371275,0.9565983941680732,false,105377404,105371275,0.9565983941680732
105377404,112802,0.9719847494064128,false,105377404,112802,0.9719847494064128
105377404,105375894,0.9722424205099764,false,105377404,105375894,0.9722424205099764
105377404,1630,0.9517489028755163,false,105377404,1630,0.9517489028755163
105377404,11004,0.8560572111686264,false,105377404,11004,0.8560572111686264
105377404,1573,0.8242562555538637,false,105377404,1573,0.8242562555538637
105377404,554202,0.8860282217116101,false,105377404,554202,0.8860282217116101
105377404,221150,0.8594562608607691,false,105377404,221150,0.8594562608607691
105377404,105372950,0.9178726755416743,false,105377404,105372950,0.9178726755416743
105377404,3670,0.8102922836964209,false,105377404,3670,0.8102922836964209
55765,89858,0.9336659996615955,false,55765,89858,0.9336659996615955
55765,23286,0.7550312976547158,false,55765,23286,0.7550312976547158
55765,101928173,0.8193291991789419,false,55765,101928173,0.8193291991789419
50852,3502,0.9907138844680062,false,50852,3502,0.9907138844680062
50852,389336,0.9867363348109811,false,50852,389336,0.9867363348109811
50852,28946,0.9857362296380152,false,50852,28946,0.9857362296380152
50852,152225,0.8724176174814017,false,50852,152225,0.8724176174814017
50852,366,0.9911330023641155,false,50852,366,0.9911330023641155
50852,6362,0.9962650304108841,false,50852,6362,0.9962650304108841
50852,3512,0.9909053316049151,false,50852,3512,0.9909053316049151
50852,1404,0.9859420912165445,false,50852,1404,0.9859420912165445
50852,102724714,0.9095946759729046,false,50852,102724714,0.9095946759729046
50852,28809,0.990100789720366,false,50852,28809,0.990100789720366
50852,109729169,0.9812949783598504,false,50852,109729169,0.9812949783598504
54101,55240,0.841863031323247,false,54101,55240,0.841863031323247
54101,64843,0.8464132405906627,false,54101,64843,0.8464132405906627
54101,1301,0.7936023037154183,false,54101,1301,0.7936023037154183
54101,151760,0.8603760030095536,false,54101,151760,0.8603760030095536
54101,101927355,0.9273440323687383,false,54101,101927355,0.9273440323687383
54101,105370953,0.79078645787162,false,54101,105370953,0.79078645787162
54101,105371275,0.7759976130787132,false,54101,105371275,0.7759976130787132
54101,112802,0.8049709540065817,false,54101,112802,0.8049709540065817
54101,105375894,0.8756484438762205,false,54101,105375894,0.8756484438762205
54101,1630,0.7916494670410198,false,54101,1630,0.7916494670410198
54101,11004,0.7778881797913771,false,54101,11004,0.7778881797913771
54101,1573,0.7101601424905333,false,54101,1573,0.7101601424905333
54101,554202,0.983938989376938,false,54101,554202,0.983938989376938
54101,221150,0.7758715023380838,false,54101,221150,0.7758715023380838
54101,105372950,0.7632654606539183,false,54101,105372950,0.7632654606539183
54101,3670,0.826622265038727,false,54101,3670,0.826622265038727
55723,11004,0.7353203499942936,false,55723,11004,0.7353203499942936
55723,221150,0.7666652370338265,false,55723,221150,0.7666652370338265
55723,701,0.8751779423311001,false,55723,701,0.8751779423311001
55240,64843,0.9212933107507528,false,55240,64843,0.9212933107507528
55240,1301,0.8500090234869468,false,55240,1301,0.8500090234869468
55240,151760,0.8498977895146019,false,55240,151760,0.8498977895146019
55240,101927355,0.7886306706598938,false,55240,101927355,0.7886306706598938
55240,105370953,0.7997923364826922,false,55240,105370953,0.7997923364826922
55240,105371275,0.8147302182188795,false,55240,105371275,0.8147302182188795
55240,112802,0.8459774205541138,false,55240,112802,0.8459774205541138
55240,105375894,0.7977430622314426,false,55240,105375894,0.7977430622314426
55240,1630,0.8413383335176299,false,55240,1630,0.8413383335176299
55240,11004,0.8533295987607907,false,55240,11004,0.8533295987607907
55240,1573,0.8702756091713075,false,55240,1573,0.8702756091713075
55240,554202,0.8791242676041113,false,55240,554202,0.8791242676041113
55240,221150,0.7531838171622389,false,55240,221150,0.7531838171622389
55240,105372950,0.8778038608143501,false,55240,105372950,0.8778038608143501
55240,3670,0.9366681325573712,false,55240,3670,0.9366681325573712
3664,9212,0.8142089071960361,false,3664,9212,0.8142089071960361
3664,11001,0.7595848997651881,false,3664,11001,0.7595848997651881
3664,253650,0.8971829153933044,false,3664,253650,0.8971829153933044
3664,9076,0.862275868303491,false,3664,9076,0.862275868303491
3664,23566,0.847816696362176,false,3664,23566,0.847816696362176
89858,23286,0.7899877267455766,false,89858,23286,0.7899877267455766
89858,101928173,0.8883251624966667,false,89858,101928173,0.8883251624966667
89858,102467080,0.7508784442761389,false,89858,102467080,0.7508784442761389
89858,102724714,0.7436343084959302,false,89858,102724714,0.7436343084959302
3502,389336,0.9795936525158558,false,3502,389336,0.9795936525158558
3502,28946,0.9968186131448729,false,3502,28946,0.9968186131448729
3502,152225,0.844609126095982,false,3502,152225,0.844609126095982
3502,366,0.9851138767253026,false,3502,366,0.9851138767253026
3502,6362,0.9956283117998956,false,3502,6362,0.9956283117998956
3502,3512,0.9996755985344252,false,3502,3512,0.9996755985344252
3502,1404,0.9801250372470963,false,3502,1404,0.9801250372470963
3502,102724714,0.9128801575617279,false,3502,102724714,0.9128801575617279
3502,28809,0.9872396948894874,false,3502,28809,0.9872396948894874
3502,109729169,0.9763611909289757,false,3502,109729169,0.9763611909289757
9212,11001,0.8305457297452344,false,9212,11001,0.8305457297452344
9212,253650,0.8842045475919009,false,9212,253650,0.8842045475919009
9212,9076,0.8963354095106458,false,9212,9076,0.8963354095106458
9212,23566,0.8758071119219301,false,9212,23566,0.8758071119219301
23286,101928173,0.9585189456423564,false,23286,101928173,0.9585189456423564
23286,102467080,0.8734027483922846,false,23286,102467080,0.8734027483922846
23286,9232,0.8497109394240955,false,23286,9232,0.8497109394240955
64843,1301,0.9117559999186222,false,64843,1301,0.9117559999186222
64843,151760,0.881392107868454,false,64843,151760,0.881392107868454
64843,101927355,0.7891245237938025,false,64843,101927355,0.7891245237938025
64843,105370953,0.8641798142241205,false,64843,105370953,0.8641798142241205
64843,105371275,0.8418763908815664,false,64843,105371275,0.8418763908815664
64843,112802,0.8760170261194816,false,64843,112802,0.8760170261194816
64843,105375894,0.8585299787692279,false,64843,105375894,0.8585299787692279
64843,1630,0.8975952306395781,false,64843,1630,0.8975952306395781
64843,11004,0.8294707291847128,false,64843,11004,0.8294707291847128
64843,1573,0.9288952105767655,false,64843,1573,0.9288952105767655
64843,554202,0.9109505193428808,false,64843,554202,0.9109505193428808
64843,221150,0.7735323085609698,false,64843,221150,0.7735323085609698
64843,105372950,0.8192628049635613,false,64843,105372950,0.8192628049635613
64843,3670,0.8946663983433016,false,64843,3670,0.8946663983433016
11001,253650,0.8654318245221987,false,11001,253650,0.8654318245221987
11001,9076,0.8815754771977378,false,11001,9076,0.8815754771977378
11001,23566,0.7456931013294361,false,11001,23566,0.7456931013294361
1301,151760,0.9493428250989111,false,1301,151760,0.9493428250989111
1301,101927355,0.8543637697493506,false,1301,101927355,0.8543637697493506
1301,105370953,0.958658263819014,false,1301,105370953,0.958658263819014
1301,105371275,0.9766297163216298,false,1301,105371275,0.9766297163216298
1301,112802,0.9698662479364898,false,1301,112802,0.9698662479364898
1301,105375894,0.9111553679704659,false,1301,105375894,0.9111553679704659
1301,1630,0.9794686343785011,false,1301,1630,0.9794686343785011
1301,11004,0.8549356111526479,false,1301,11004,0.8549356111526479
1301,1573,0.8969432417461712,false,1301,1573,0.8969432417461712
1301,554202,0.8708296677367471,false,1301,554202,0.8708296677367471
1301,221150,0.7781988992941447,false,1301,221150,0.7781988992941447
1301,105372950,0.9177680849847556,false,1301,105372950,0.9177680849847556
1301,3670,0.8435891928574879,false,1301,3670,0.8435891928574879
101928173,102467080,0.9121822412708519,false,101928173,102467080,0.9121822412708519
101928173,9232,0.7889663726455446,false,101928173,9232,0.7889663726455446
389336,28946,0.9681858258827535,false,389336,28946,0.9681858258827535
389336,152225,0.8725100470766326,false,389336,152225,0.8725100470766326
389336,366,0.994560527066925,false,389336,366,0.994560527066925
389336,6362,0.989478251995844,false,389336,6362,0.989478251995844
389336,3512,0.9777721654394562,false,389336,3512,0.9777721654394562
389336,1404,0.9937029111018951,false,389336,1404,0.9937029111018951
389336,102724714,0.8691718895582307,false,389336,102724714,0.8691718895582307
389336,28809,0.9933391438141856,false,389336,28809,0.9933391438141856
389336,109729169,0.9884073963764328,false,389336,109729169,0.9884073963764328
151760,101927355,0.8874768095621458,false,151760,101927355,0.8874768095621458
151760,105370953,0.9804507918826613,false,151760,105370953,0.9804507918826613
151760,105371275,0.9551785691736215,false,151760,105371275,0.9551785691736215
151760,112802,0.9835174734306241,false,151760,112802,0.9835174734306241
151760,105375894,0.9847787826395081,false,151760,105375894,0.9847787826395081
151760,1630,0.9719342922222766,false,151760,1630,0.9719342922222766
151760,11004,0.850569807058485,false,151760,11004,0.850569807058485
151760,1573,0.8451246198605767,false,151760,1573,0.8451246198605767
151760,554202,0.9011714711176932,false,151760,554202,0.9011714711176932
151760,221150,0.8231664390407333,false,151760,221150,0.8231664390407333
151760,105372950,0.9408713619982265,false,151760,105372950,0.9408713619982265
151760,3670,0.8656825846046677,false,151760,3670,0.8656825846046677
101927355,105370953,0.8488857429722717,false,101927355,105370953,0.8488857429722717
101927355,105371275,0.8899595555313391,false,101927355,105371275,0.8899595555313391
101927355,112802,0.8545306371603122,false,101927355,112802,0.8545306371603122
101927355,105375894,0.8912513079910561,false,101927355,105375894,0.8912513079910561
101927355,1630,0.8340256918887516,false,101927355,1630,0.8340256918887516
101927355,11004,0.8057926977228497,false,101927355,11004,0.8057926977228497
101927355,1573,0.7194624685633958,false,101927355,1573,0.7194624685633958
101927355,554202,0.9270786696881036,false,101927355,554202,0.9270786696881036
101927355,221150,0.8096960663579091,false,101927355,221150,0.8096960663579091
101927355,701,0.7824257820449467,false,101927355,701,0.7824257820449467
101927355,105372950,0.800143295788659,false,101927355,105372950,0.800143295788659
101927355,3670,0.7739797464423274,false,101927355,3670,0.7739797464423274
105370953,105371275,0.9668983678873295,false,105370953,105371275,0.9668983678873295
105370953,112802,0.9864648201323306,false,105370953,112802,0.9864648201323306
105370953,105375894,0.9732833698729305,false,105370953,105375894,0.9732833698729305
105370953,1630,0.9870855932932286,false,105370953,1630,0.9870855932932286
105370953,11004,0.8335696655630468,false,105370953,11004,0.8335696655630468
105370953,1573,0.8394372388465658,false,105370953,1573,0.8394372388465658
105370953,554202,0.8474054337480267,false,105370953,554202,0.8474054337480267
105370953,221150,0.8098115756390292,false,105370953,221150,0.8098115756390292
105370953,105372950,0.9349879124979573,false,105370953,105372950,0.9349879124979573
105370953,3670,0.8266825843578156,false,105370953,3670,0.8266825843578156
105371275,112802,0.9715952561516409,false,105371275,112802,0.9715952561516409
105371275,105375894,0.9235356643375596,false,105371275,105375894,0.9235356643375596
105371275,1630,0.9638586051981678,false,105371275,1630,0.9638586051981678
105371275,11004,0.8706712026711847,false,105371275,11004,0.8706712026711847
105371275,1573,0.8530835580375081,false,105371275,1573,0.8530835580375081
105371275,554202,0.834922006473197,false,105371275,554202,0.834922006473197
105371275,221150,0.816712877119145,false,105371275,221150,0.816712877119145
105371275,105372950,0.9301428211780272,false,105371275,105372950,0.9301428211780272
105371275,3670,0.8099069690142493,false,105371275,3670,0.8099069690142493
112802,105375894,0.9530518450043346,false,112802,105375894,0.9530518450043346
112802,1630,0.9926125408523991,false,112802,1630,0.9926125408523991
112802,11004,0.8460111461840756,false,112802,11004,0.8460111461840756
112802,1573,0.8761405706810332,false,112802,1573,0.8761405706810332
112802,554202,0.859279192248751,false,112802,554202,0.859279192248751
112802,221150,0.8127105647064251,false,112802,221150,0.8127105647064251
112802,105372950,0.9609126583884575,false,112802,105372950,0.9609126583884575
112802,3670,0.8733268778843022,false,112802,3670,0.8733268778843022
28946,152225,0.8245114773792515,false,28946,152225,0.8245114773792515
28946,366,0.9713764674316284,false,28946,366,0.9713764674316284
28946,6362,0.9891399494427154,false,28946,6362,0.9891399494427154
28946,3512,0.9984159783764117,false,28946,3512,0.9984159783764117
28946,1404,0.9644326924717191,false,28946,1404,0.9644326924717191
28946,102724714,0.9373126187906977,false,28946,102724714,0.9373126187906977
28946,28809,0.9742162259818894,false,28946,28809,0.9742162259818894
28946,109729169,0.9607434009034058,false,28946,109729169,0.9607434009034058
105375894,1630,0.9448534156854476,false,105375894,1630,0.9448534156854476
105375894,11004,0.8311836991651971,false,105375894,11004,0.8311836991651971
105375894,1573,0.7887974612459439,false,105375894,1573,0.7887974612459439
105375894,554202,0.9032577510621832,false,105375894,554202,0.9032577510621832
105375894,221150,0.8329989130530948,false,105375894,221150,0.8329989130530948
105375894,105372950,0.8979123275403987,false,105375894,105372950,0.8979123275403987
105375894,3670,0.8187539168583718,false,105375894,3670,0.8187539168583718
1630,11004,0.8235847511239305,false,1630,11004,0.8235847511239305
1630,1573,0.8743224864675402,false,1630,1573,0.8743224864675402
1630,554202,0.8602324890387092,false,1630,554202,0.8602324890387092
1630,221150,0.7784238819996093,false,1630,221150,0.7784238819996093
1630,105372950,0.9474878480815437,false,1630,105372950,0.9474878480815437
1630,3670,0.8627539633946064,false,1630,3670,0.8627539633946064
152225,366,0.885053854048985,false,152225,366,0.885053854048985
152225,6362,0.8530949170555358,false,152225,6362,0.8530949170555358
152225,3512,0.8411902977722511,false,152225,3512,0.8411902977722511
152225,1404,0.8757488843485647,false,152225,1404,0.8757488843485647
152225,102724714,0.7434368517329983,false,152225,102724714,0.7434368517329983
152225,28809,0.8702892750428289,false,152225,28809,0.8702892750428289
152225,109729169,0.8792724907636517,false,152225,109729169,0.8792724907636517
102467080,9232,0.8178430014739082,false,102467080,9232,0.8178430014739082
366,6362,0.9941190341290037,false,366,6362,0.9941190341290037
366,3512,0.9824103840912038,false,366,3512,0.9824103840912038
366,1404,0.9982080654200823,false,366,1404,0.9982080654200823
366,102724714,0.8643254332274003,false,366,102724714,0.8643254332274003
366,28809,0.9986269390393652,false,366,28809,0.9986269390393652
366,109729169,0.9948221976034205,false,366,109729169,0.9948221976034205
11004,1573,0.8431902056556008,false,11004,1573,0.8431902056556008
11004,554202,0.7955493145015748,false,11004,554202,0.7955493145015748
11004,221150,0.9437161246879829,false,11004,221150,0.9437161246879829
11004,701,0.73087527204362,false,11004,701,0.73087527204362
11004,105372950,0.8705227581260211,false,11004,105372950,0.8705227581260211
11004,3670,0.7636861133770118,false,11004,3670,0.7636861133770118
1573,554202,0.7808832386302577,false,1573,554202,0.7808832386302577
1573,221150,0.8054945635578149,false,1573,221150,0.8054945635578149
1573,105372950,0.8110205715883213,false,1573,105372950,0.8110205715883213
1573,3670,0.8789289235629171,false,1573,3670,0.8789289235629171
6362,3512,0.9948704321302436,false,6362,3512,0.9948704321302436
6362,1404,0.99067750665707,false,6362,1404,0.99067750665707
6362,102724714,0.8998056148824388,false,6362,102724714,0.8998056148824388
6362,28809,0.9952721561341932,false,6362,28809,0.9952721561341932
6362,109729169,0.987547317048143,false,6362,109729169,0.987547317048143
554202,221150,0.7620620664096136,false,554202,221150,0.7620620664096136
554202,105372950,0.8066997145860633,false,554202,105372950,0.8066997145860633
554202,3670,0.8645588899380972,false,554202,3670,0.8645588899380972
3512,1404,0.9768373882054137,false,3512,1404,0.9768373882054137
3512,102724714,0.9215116501650535,false,3512,102724714,0.9215116501650535
3512,28809,0.9846072002205608,false,3512,28809,0.9846072002205608
3512,109729169,0.9731118933445606,false,3512,109729169,0.9731118933445606
1404,102724714,0.842433305964081,false,1404,102724714,0.842433305964081
1404,28809,0.9989250016992794,false,1404,28809,0.9989250016992794
1404,109729169,0.9965980270004205,false,1404,109729169,0.9965980270004205
221150,701,0.8038069664910716,false,221150,701,0.8038069664910716
221150,105372950,0.795243064715003,false,221150,105372950,0.795243064715003
221150,3670,0.712458864379291,false,221150,3670,0.712458864379291
253650,9076,0.9560571829991463,false,253650,9076,0.9560571829991463
253650,23566,0.9384890783543979,false,253650,23566,0.9384890783543979
102724714,28809,0.8586095242005598,false,102724714,28809,0.8586095242005598
102724714,109729169,0.8340213614973759,false,102724714,109729169,0.8340213614973759
105372950,3670,0.8525013703029996,false,105372950,3670,0.8525013703029996
9076,23566,0.8637432140804424,false,9076,23566,0.8637432140804424
28809,109729169,0.9964602813723178,false,28809,109729169,0.9964602813723178
