9096
79413
107985017
50852
29851
11001
105376878
102723834
219527
107984851
176
2834
