101927687
3502
105371927
25818
285987
5650
729442
4004
28946
101929707
2328
105371152
339256
58
134285
28809
5653
2019
54101
