10595
1749
338005
1029
105375027
151760
3754
345079
107985627
1813
105371737
27237
389336
50615
186
