79733
3053
9076
9955
91828
6422
109729169
5650
11075
5798
6534
