28755
100652791
9447
1301
1995
4318
122042
105377043
3783
105370953
80714
105369315
554202
131578
9388
26289
860
109729184
8549
5101
