Interaction,name,Pearson,selected,shared interaction,shared name,Weight
983,144455,0.9375659300654257,false,983,144455,0.9375659300654257
983,100874530,0.771379810296535,false,983,100874530,0.771379810296535
983,157313,0.9143975615145461,false,983,157313,0.9143975615145461
983,105374166,0.8384613206623833,false,983,105374166,0.8384613206623833
983,101927354,0.787686812879452,false,983,101927354,0.787686812879452
983,53836,0.7175585794369322,false,983,53836,0.7175585794369322
983,4085,0.8755652391951669,false,983,4085,0.8755652391951669
983,57451,0.883843761679112,false,983,57451,0.883843761679112
983,860,0.7455332767776895,false,983,860,0.7455332767776895
983,100192378,0.8124359299015786,false,983,100192378,0.8124359299015786
983,105376878,0.8266840970741502,false,983,105376878,0.8266840970741502
983,111216286,0.8136696163763703,false,983,111216286,0.8136696163763703
983,63898,0.8141667377308672,false,983,63898,0.8141667377308672
983,105370924,0.8020398616023741,false,983,105370924,0.8020398616023741
983,29128,0.8832591105583989,false,983,29128,0.8832591105583989
983,103689845,0.7755380251361093,false,983,103689845,0.7755380251361093
983,131578,0.7628557560915786,false,983,131578,0.7628557560915786
983,7477,0.7920555118300718,false,983,7477,0.7920555118300718
983,107985492,0.7832534850196915,false,983,107985492,0.7832534850196915
983,5008,0.7006527416902484,false,983,5008,0.7006527416902484
983,157570,0.8500006609822548,false,983,157570,0.8500006609822548
983,101929690,0.7774481215394966,false,983,101929690,0.7774481215394966
983,11130,0.9452728950550674,false,983,11130,0.9452728950550674
983,145873,0.9000535712071979,false,983,145873,0.9000535712071979
983,55872,0.8938834784663078,false,983,55872,0.8938834784663078
983,9348,0.8637365690460147,false,983,9348,0.8637365690460147
983,81607,0.7040293074978887,false,983,81607,0.7040293074978887
983,9388,0.8111213841411092,false,983,9388,0.8111213841411092
983,55635,0.8633884074354279,false,983,55635,0.8633884074354279
983,105377508,0.7043896822546261,false,983,105377508,0.7043896822546261
983,55240,0.700423617759891,false,983,55240,0.700423617759891
983,64843,0.7848185232100707,false,983,64843,0.7848185232100707
983,1301,0.7601801689215565,false,983,1301,0.7601801689215565
983,151760,0.8343771388048258,false,983,151760,0.8343771388048258
983,29991,0.7656783859746257,false,983,29991,0.7656783859746257
983,105371275,0.8556646974987613,false,983,105371275,0.8556646974987613
983,105375894,0.835610124150785,false,983,105375894,0.835610124150785
983,1630,0.7963235485662827,false,983,1630,0.7963235485662827
983,11004,0.8688549823720537,false,983,11004,0.8688549823720537
983,221150,0.9480800420041086,false,983,221150,0.9480800420041086
983,105372950,0.7724007196683943,false,983,105372950,0.7724007196683943
983,26150,0.9311465686004415,false,983,26150,0.9311465686004415
983,80329,0.8279445603356994,false,983,80329,0.8279445603356994
983,102723547,0.738225998995017,false,983,102723547,0.738225998995017
983,148645,0.7556790681055862,false,983,148645,0.7556790681055862
8329,55423,0.810608911384704,false,8329,55423,0.810608911384704
8329,6534,0.8533288614618888,false,8329,6534,0.8533288614618888
8329,29851,0.7984403950364566,false,8329,29851,0.7984403950364566
8329,5133,0.8273395389670001,false,8329,5133,0.8273395389670001
8329,10537,0.8136757679563483,false,8329,10537,0.8136757679563483
8329,8345,0.9479467714500821,false,8329,8345,0.9479467714500821
8329,89886,0.8805183857849066,false,8329,89886,0.8805183857849066
8329,101927750,0.8489503174611723,false,8329,101927750,0.8489503174611723
8329,4321,0.8321706048937871,false,8329,4321,0.8321706048937871
8329,10642,0.8699463349011731,false,8329,10642,0.8699463349011731
8329,91828,0.8405317191390378,false,8329,91828,0.8405317191390378
8329,4283,0.8076064404992706,false,8329,4283,0.8076064404992706
8329,10437,0.8538699118269488,false,8329,10437,0.8538699118269488
8329,284266,0.848878279858279,false,8329,284266,0.848878279858279
8329,79413,0.8384119208662173,false,8329,79413,0.8384119208662173
8329,10643,0.8765176753456618,false,8329,10643,0.8765176753456618
8329,83648,0.8386452998829432,false,8329,83648,0.8386452998829432
8329,27299,0.8565825328633447,false,8329,27299,0.8565825328633447
8329,105377123,0.8288935584913982,false,8329,105377123,0.8288935584913982
8329,105373557,0.8640548783626094,false,8329,105373557,0.8640548783626094
8329,26289,0.7646321100323517,false,8329,26289,0.7646321100323517
8329,89858,0.8693515200347569,false,8329,89858,0.8693515200347569
8329,3502,0.865650788815355,false,8329,3502,0.865650788815355
8329,101928173,0.8618761153433918,false,8329,101928173,0.8618761153433918
8329,101060400,0.8663367052065176,false,8329,101060400,0.8663367052065176
8329,28946,0.8357309468522843,false,8329,28946,0.8357309468522843
8329,102467080,0.764321115643835,false,8329,102467080,0.764321115643835
8329,107986951,0.7607583006508467,false,8329,107986951,0.7607583006508467
8329,6362,0.7301727244994998,false,8329,6362,0.7301727244994998
8329,3512,0.853331626883641,false,8329,3512,0.853331626883641
8329,28809,0.8728211505517607,false,8329,28809,0.8728211505517607
144455,100874530,0.7265416388267062,false,144455,100874530,0.7265416388267062
144455,157313,0.9159476844861115,false,144455,157313,0.9159476844861115
144455,105374166,0.8572322212717248,false,144455,105374166,0.8572322212717248
144455,101927354,0.827430853509998,false,144455,101927354,0.827430853509998
144455,53836,0.7298075777249909,false,144455,53836,0.7298075777249909
144455,4085,0.8230673996936759,false,144455,4085,0.8230673996936759
144455,57451,0.8438304295194153,false,144455,57451,0.8438304295194153
144455,860,0.7766235121125323,false,144455,860,0.7766235121125323
144455,100192378,0.8417126113316795,false,144455,100192378,0.8417126113316795
144455,105376878,0.883454483382588,false,144455,105376878,0.883454483382588
144455,111216286,0.834126739250867,false,144455,111216286,0.834126739250867
144455,63898,0.8185959864939186,false,144455,63898,0.8185959864939186
144455,105370924,0.8256863971591875,false,144455,105370924,0.8256863971591875
144455,29128,0.8523915675529172,false,144455,29128,0.8523915675529172
144455,103689845,0.7447037405463046,false,144455,103689845,0.7447037405463046
144455,158511,0.7059055708105385,false,144455,158511,0.7059055708105385
144455,131578,0.8080978707850316,false,144455,131578,0.8080978707850316
144455,7477,0.8089518454001695,false,144455,7477,0.8089518454001695
144455,107985492,0.8083307140986778,false,144455,107985492,0.8083307140986778
144455,5008,0.713034751746587,false,144455,5008,0.713034751746587
144455,157570,0.8281815423614161,false,144455,157570,0.8281815423614161
144455,101929690,0.8014942120897497,false,144455,101929690,0.8014942120897497
144455,11130,0.9159088762513836,false,144455,11130,0.9159088762513836
144455,145873,0.9037393246890928,false,144455,145873,0.9037393246890928
144455,55872,0.8811326580864174,false,144455,55872,0.8811326580864174
144455,9348,0.9279817228402382,false,144455,9348,0.9279817228402382
144455,81607,0.738699818052753,false,144455,81607,0.738699818052753
144455,9388,0.8003012449175783,false,144455,9388,0.8003012449175783
144455,55635,0.8436247702473938,false,144455,55635,0.8436247702473938
144455,55240,0.7179505324401813,false,144455,55240,0.7179505324401813
144455,64843,0.8013154250285511,false,144455,64843,0.8013154250285511
144455,1301,0.767762449864233,false,144455,1301,0.767762449864233
144455,151760,0.8291062337431672,false,144455,151760,0.8291062337431672
144455,29991,0.7725526093523457,false,144455,29991,0.7725526093523457
144455,105371275,0.8922911796812835,false,144455,105371275,0.8922911796812835
144455,105375894,0.7981911000811625,false,144455,105375894,0.7981911000811625
144455,1630,0.8328888326956849,false,144455,1630,0.8328888326956849
144455,11004,0.8121416796420714,false,144455,11004,0.8121416796420714
144455,221150,0.9262129554066795,false,144455,221150,0.9262129554066795
144455,105372950,0.7615404768869268,false,144455,105372950,0.7615404768869268
144455,26150,0.9316291971187973,false,144455,26150,0.9316291971187973
144455,80329,0.8670633928460223,false,144455,80329,0.8670633928460223
144455,102723547,0.753729076243574,false,144455,102723547,0.753729076243574
144455,148645,0.733531999122095,false,144455,148645,0.733531999122095
144455,102723834,0.7538616932304715,false,144455,102723834,0.7538616932304715
100874530,157313,0.8283601601693892,false,100874530,157313,0.8283601601693892
100874530,105374166,0.742509900010139,false,100874530,105374166,0.742509900010139
100874530,101927354,0.826882774920731,false,100874530,101927354,0.826882774920731
100874530,4085,0.835728421923555,false,100874530,4085,0.835728421923555
100874530,57451,0.8980469749580086,false,100874530,57451,0.8980469749580086
100874530,860,0.7551873334705453,false,100874530,860,0.7551873334705453
100874530,100192378,0.7429260233234637,false,100874530,100192378,0.7429260233234637
100874530,105376878,0.7634465455883603,false,100874530,105376878,0.7634465455883603
100874530,111216286,0.7306246533434478,false,100874530,111216286,0.7306246533434478
100874530,105370924,0.7499167050256451,false,100874530,105370924,0.7499167050256451
100874530,29128,0.8863266098086608,false,100874530,29128,0.8863266098086608
100874530,103689845,0.7312437508009162,false,100874530,103689845,0.7312437508009162
100874530,158511,0.8919572556641105,false,100874530,158511,0.8919572556641105
100874530,131578,0.7166455072111503,false,100874530,131578,0.7166455072111503
100874530,7477,0.8098530232952367,false,100874530,7477,0.8098530232952367
100874530,107985492,0.8108727025388981,false,100874530,107985492,0.8108727025388981
100874530,731220,0.7869041267756093,false,100874530,731220,0.7869041267756093
100874530,5008,0.7196518397293834,false,100874530,5008,0.7196518397293834
100874530,157570,0.8333727099462503,false,100874530,157570,0.8333727099462503
100874530,101929690,0.7344007045793663,false,100874530,101929690,0.7344007045793663
100874530,11130,0.7830856791107196,false,100874530,11130,0.7830856791107196
100874530,145873,0.7402473558027893,false,100874530,145873,0.7402473558027893
100874530,55872,0.8468157330151659,false,100874530,55872,0.8468157330151659
100874530,9388,0.8739882304224513,false,100874530,9388,0.8739882304224513
100874530,55635,0.7401820626646195,false,100874530,55635,0.7401820626646195
100874530,105377508,0.9007965578791934,false,100874530,105377508,0.9007965578791934
100874530,55240,0.8168972020934454,false,100874530,55240,0.8168972020934454
100874530,64843,0.8619726606000462,false,100874530,64843,0.8619726606000462
100874530,1301,0.7248553575804068,false,100874530,1301,0.7248553575804068
100874530,151760,0.7223851736739214,false,100874530,151760,0.7223851736739214
100874530,29991,0.8542395756474324,false,100874530,29991,0.8542395756474324
100874530,105371275,0.7403830236531741,false,100874530,105371275,0.7403830236531741
100874530,105375894,0.7193175119951004,false,100874530,105375894,0.7193175119951004
100874530,1630,0.7214523692557638,false,100874530,1630,0.7214523692557638
100874530,11004,0.8233895928255428,false,100874530,11004,0.8233895928255428
100874530,221150,0.8109463509457102,false,100874530,221150,0.8109463509457102
100874530,105372950,0.700710840297484,false,100874530,105372950,0.700710840297484
100874530,26150,0.8378323962206118,false,100874530,26150,0.8378323962206118
100874530,80329,0.8572778084633184,false,100874530,80329,0.8572778084633184
100874530,102723547,0.8802992509374106,false,100874530,102723547,0.8802992509374106
100874530,148645,0.7498817707100814,false,100874530,148645,0.7498817707100814
55423,6534,0.8843503706283062,false,55423,6534,0.8843503706283062
55423,29851,0.9956752575929185,false,55423,29851,0.9956752575929185
55423,5133,0.9879063967064067,false,55423,5133,0.9879063967064067
55423,10537,0.9851155486599478,false,55423,10537,0.9851155486599478
55423,8345,0.9117191265366447,false,55423,8345,0.9117191265366447
55423,89886,0.8677831707765773,false,55423,89886,0.8677831707765773
55423,101927750,0.724431217411747,false,55423,101927750,0.724431217411747
55423,4321,0.8845874067301932,false,55423,4321,0.8845874067301932
55423,10642,0.9252764123878865,false,55423,10642,0.9252764123878865
55423,91828,0.9076969529121326,false,55423,91828,0.9076969529121326
55423,4283,0.934212429153374,false,55423,4283,0.934212429153374
55423,10437,0.9598050091663454,false,55423,10437,0.9598050091663454
55423,284266,0.9158267010488271,false,55423,284266,0.9158267010488271
55423,79413,0.9636130949380062,false,55423,79413,0.9636130949380062
55423,10643,0.9294478983029821,false,55423,10643,0.9294478983029821
55423,83648,0.8896370941143962,false,55423,83648,0.8896370941143962
55423,27299,0.9524626956466709,false,55423,27299,0.9524626956466709
55423,105377123,0.9020844555737082,false,55423,105377123,0.9020844555737082
55423,105373557,0.9449330072847665,false,55423,105373557,0.9449330072847665
55423,26289,0.7426027675252612,false,55423,26289,0.7426027675252612
55423,89858,0.9461345615631694,false,55423,89858,0.9461345615631694
55423,3502,0.9453590052380068,false,55423,3502,0.9453590052380068
55423,101928173,0.9515766267722042,false,55423,101928173,0.9515766267722042
55423,101060400,0.92611472776308,false,55423,101060400,0.92611472776308
55423,28946,0.9815148191008847,false,55423,28946,0.9815148191008847
55423,102467080,0.8334256116220448,false,55423,102467080,0.8334256116220448
55423,107986951,0.8381910017202557,false,55423,107986951,0.8381910017202557
55423,6362,0.937180406496926,false,55423,6362,0.937180406496926
55423,3512,0.9685664079652136,false,55423,3512,0.9685664079652136
55423,28809,0.941725744963913,false,55423,28809,0.941725744963913
100505994,5265,0.8584072173419071,false,100505994,5265,0.8584072173419071
100505994,55655,0.9075722966549756,false,100505994,55655,0.9075722966549756
100505994,6768,0.8662882174665294,false,100505994,6768,0.8662882174665294
100505994,344,0.7083248739299287,false,100505994,344,0.7083248739299287
100505994,286676,0.8513383328688274,false,100505994,286676,0.8513383328688274
100505994,84419,0.848913752330866,false,100505994,84419,0.848913752330866
100505994,55765,0.9200463797444671,false,100505994,55765,0.9200463797444671
100505994,3914,0.8682781130285225,false,100505994,3914,0.8682781130285225
157313,105374166,0.7033761628107441,false,157313,105374166,0.7033761628107441
157313,101927354,0.7213591583644955,false,157313,101927354,0.7213591583644955
157313,4085,0.8947088013382024,false,157313,4085,0.8947088013382024
157313,57451,0.828677876442279,false,157313,57451,0.828677876442279
157313,105376878,0.7599047974097691,false,157313,105376878,0.7599047974097691
157313,29128,0.8408478072548657,false,157313,29128,0.8408478072548657
157313,157570,0.954917309268577,false,157313,157570,0.954917309268577
157313,11130,0.8793617477071726,false,157313,11130,0.8793617477071726
157313,145873,0.8186832037097754,false,157313,145873,0.8186832037097754
157313,55872,0.9726416678075278,false,157313,55872,0.9726416678075278
157313,9348,0.7940418273189215,false,157313,9348,0.7940418273189215
157313,9388,0.7367387660391784,false,157313,9388,0.7367387660391784
157313,55635,0.9120625913250895,false,157313,55635,0.9120625913250895
157313,64843,0.7178084217168054,false,157313,64843,0.7178084217168054
157313,105371275,0.7592476739169866,false,157313,105371275,0.7592476739169866
157313,11004,0.8425411763902857,false,157313,11004,0.8425411763902857
157313,221150,0.9793988122667987,false,157313,221150,0.9793988122667987
157313,26150,0.8933184313540518,false,157313,26150,0.8933184313540518
157313,80329,0.7931016187529308,false,157313,80329,0.7931016187529308
157313,148645,0.7494433152086496,false,157313,148645,0.7494433152086496
6534,29851,0.8492265435892842,false,6534,29851,0.8492265435892842
6534,5133,0.9052085933930641,false,6534,5133,0.9052085933930641
6534,10537,0.8809023217897327,false,6534,10537,0.8809023217897327
6534,8345,0.9464390282603348,false,6534,8345,0.9464390282603348
6534,89886,0.8834130657329153,false,6534,89886,0.8834130657329153
6534,101927750,0.7518887616967332,false,6534,101927750,0.7518887616967332
6534,4321,0.9613583459873677,false,6534,4321,0.9613583459873677
6534,10642,0.9544847907636816,false,6534,10642,0.9544847907636816
6534,91828,0.9553220223785993,false,6534,91828,0.9553220223785993
6534,4283,0.8217915824264548,false,6534,4283,0.8217915824264548
6534,10437,0.9582874619761659,false,6534,10437,0.9582874619761659
6534,284266,0.9552539830122126,false,6534,284266,0.9552539830122126
6534,79413,0.829286458265257,false,6534,79413,0.829286458265257
6534,10643,0.9789184326845044,false,6534,10643,0.9789184326845044
6534,83648,0.9701348634482674,false,6534,83648,0.9701348634482674
6534,27299,0.9374486461532717,false,6534,27299,0.9374486461532717
6534,105377123,0.9855205283340839,false,6534,105377123,0.9855205283340839
6534,105373557,0.9655027734332361,false,6534,105373557,0.9655027734332361
6534,26289,0.9383450072421253,false,6534,26289,0.9383450072421253
6534,89858,0.9613586918007843,false,6534,89858,0.9613586918007843
6534,3502,0.9523143473297417,false,6534,3502,0.9523143473297417
6534,101928173,0.9623210961002182,false,6534,101928173,0.9623210961002182
6534,101060400,0.9579911118043996,false,6534,101060400,0.9579911118043996
6534,28946,0.9173884048127147,false,6534,28946,0.9173884048127147
6534,102467080,0.9180828552267237,false,6534,102467080,0.9180828552267237
6534,107986951,0.9146714999601597,false,6534,107986951,0.9146714999601597
6534,6362,0.8524919376470336,false,6534,6362,0.8524919376470336
6534,3512,0.9410036158456422,false,6534,3512,0.9410036158456422
6534,28809,0.9510304418682334,false,6534,28809,0.9510304418682334
105374166,101927354,0.9520651247499958,false,105374166,101927354,0.9520651247499958
105374166,53836,0.8617836504049021,false,105374166,53836,0.8617836504049021
105374166,4085,0.7271960083690423,false,105374166,4085,0.7271960083690423
105374166,57451,0.8884432716692303,false,105374166,57451,0.8884432716692303
105374166,860,0.9278428251182409,false,105374166,860,0.9278428251182409
105374166,100192378,0.9867509306810204,false,105374166,100192378,0.9867509306810204
105374166,105376878,0.8216544989252859,false,105374166,105376878,0.8216544989252859
105374166,111216286,0.9948026896724079,false,105374166,111216286,0.9948026896724079
105374166,63898,0.824973756856208,false,105374166,63898,0.824973756856208
105374166,105370924,0.9613438905231755,false,105374166,105370924,0.9613438905231755
105374166,29128,0.8128246402686492,false,105374166,29128,0.8128246402686492
105374166,103689845,0.8537227175288404,false,105374166,103689845,0.8537227175288404
105374166,158511,0.8642271533348491,false,105374166,158511,0.8642271533348491
105374166,131578,0.9681363221470027,false,105374166,131578,0.9681363221470027
105374166,7477,0.972281478592555,false,105374166,7477,0.972281478592555
105374166,107985492,0.9013464831515626,false,105374166,107985492,0.9013464831515626
105374166,731220,0.8175559928471778,false,105374166,731220,0.8175559928471778
105374166,5008,0.8978637738516274,false,105374166,5008,0.8978637738516274
105374166,101929690,0.9352108335535396,false,105374166,101929690,0.9352108335535396
105374166,11130,0.8580429909908476,false,105374166,11130,0.8580429909908476
105374166,145873,0.9144129261846803,false,105374166,145873,0.9144129261846803
105374166,55872,0.7267409854239378,false,105374166,55872,0.7267409854239378
105374166,9348,0.8271821937922538,false,105374166,9348,0.8271821937922538
105374166,81607,0.9133587714328707,false,105374166,81607,0.9133587714328707
105374166,9388,0.9185204170041882,false,105374166,9388,0.9185204170041882
105374166,105377508,0.8349039846257007,false,105374166,105377508,0.8349039846257007
105374166,55240,0.8925665547673135,false,105374166,55240,0.8925665547673135
105374166,64843,0.9006584670542752,false,105374166,64843,0.9006584670542752
105374166,1301,0.8377725451463574,false,105374166,1301,0.8377725451463574
105374166,151760,0.9814607327374287,false,105374166,151760,0.9814607327374287
105374166,29991,0.9077971755342562,false,105374166,29991,0.9077971755342562
105374166,105371275,0.9588790820872563,false,105374166,105371275,0.9588790820872563
105374166,105375894,0.9225143952683732,false,105374166,105375894,0.9225143952683732
105374166,1630,0.9888637300905824,false,105374166,1630,0.9888637300905824
105374166,11004,0.7044673467752385,false,105374166,11004,0.7044673467752385
105374166,221150,0.7277726888246769,false,105374166,221150,0.7277726888246769
105374166,105372950,0.8371081470117296,false,105374166,105372950,0.8371081470117296
105374166,26150,0.9107904299718408,false,105374166,26150,0.9107904299718408
105374166,80329,0.8786432281288161,false,105374166,80329,0.8786432281288161
105374166,102723547,0.9111067620671879,false,105374166,102723547,0.9111067620671879
105374166,148645,0.7986650530964319,false,105374166,148645,0.7986650530964319
105374166,102723834,0.8794133962224863,false,105374166,102723834,0.8794133962224863
101927354,53836,0.8203047029912339,false,101927354,53836,0.8203047029912339
101927354,4085,0.7112578803149766,false,101927354,4085,0.7112578803149766
101927354,57451,0.9030518434102551,false,101927354,57451,0.9030518434102551
101927354,860,0.9245346616735509,false,101927354,860,0.9245346616735509
101927354,100192378,0.947904462729258,false,101927354,100192378,0.947904462729258
101927354,105376878,0.8341443971059482,false,101927354,105376878,0.8341443971059482
101927354,111216286,0.9360387397367481,false,101927354,111216286,0.9360387397367481
101927354,63898,0.78778247155967,false,101927354,63898,0.78778247155967
101927354,105370924,0.9204447566383487,false,101927354,105370924,0.9204447566383487
101927354,29128,0.8288827208345894,false,101927354,29128,0.8288827208345894
101927354,103689845,0.8011237591223682,false,101927354,103689845,0.8011237591223682
101927354,158511,0.9492628357462112,false,101927354,158511,0.9492628357462112
101927354,131578,0.9395695495003089,false,101927354,131578,0.9395695495003089
101927354,7477,0.9774094311295719,false,101927354,7477,0.9774094311295719
101927354,107985492,0.8661061263265634,false,101927354,107985492,0.8661061263265634
101927354,731220,0.9140463861153354,false,101927354,731220,0.9140463861153354
101927354,5008,0.8980218355889406,false,101927354,5008,0.8980218355889406
101927354,101929690,0.8943370056957881,false,101927354,101929690,0.8943370056957881
101927354,11130,0.8046530562812901,false,101927354,11130,0.8046530562812901
101927354,145873,0.8610726007220225,false,101927354,145873,0.8610726007220225
101927354,55872,0.7308118736800644,false,101927354,55872,0.7308118736800644
101927354,9348,0.8437087643130908,false,101927354,9348,0.8437087643130908
101927354,81607,0.8953848607449537,false,101927354,81607,0.8953848607449537
101927354,9388,0.931471180864896,false,101927354,9388,0.931471180864896
101927354,105377508,0.9066966093244918,false,101927354,105377508,0.9066966093244918
101927354,55240,0.9481320543524828,false,101927354,55240,0.9481320543524828
101927354,64843,0.9508388235623078,false,101927354,64843,0.9508388235623078
101927354,1301,0.7925748346735204,false,101927354,1301,0.7925748346735204
101927354,151760,0.9312437896838772,false,101927354,151760,0.9312437896838772
101927354,29991,0.952919991883291,false,101927354,29991,0.952919991883291
101927354,105371275,0.9116698359512044,false,101927354,105371275,0.9116698359512044
101927354,105375894,0.8479278301038613,false,101927354,105375894,0.8479278301038613
101927354,1630,0.9512372224910639,false,101927354,1630,0.9512372224910639
101927354,221150,0.7390084323588217,false,101927354,221150,0.7390084323588217
101927354,105372950,0.777521839142051,false,101927354,105372950,0.777521839142051
101927354,26150,0.8676181157798957,false,101927354,26150,0.8676181157798957
101927354,80329,0.9510553997077047,false,101927354,80329,0.9510553997077047
101927354,102723547,0.969227822086841,false,101927354,102723547,0.969227822086841
101927354,148645,0.7676585189860137,false,101927354,148645,0.7676585189860137
101927354,102723834,0.8658173780564621,false,101927354,102723834,0.8658173780564621
29851,5133,0.9747842656720259,false,29851,5133,0.9747842656720259
29851,10537,0.9798952628276508,false,29851,10537,0.9798952628276508
29851,8345,0.8879181062110639,false,29851,8345,0.8879181062110639
29851,89886,0.8385498684846105,false,29851,89886,0.8385498684846105
29851,4321,0.8498671174002327,false,29851,4321,0.8498671174002327
29851,10642,0.8942187705212266,false,29851,10642,0.8942187705212266
29851,91828,0.8750921898867248,false,29851,91828,0.8750921898867248
29851,4283,0.9334250035054233,false,29851,4283,0.9334250035054233
29851,10437,0.933837436848302,false,29851,10437,0.933837436848302
29851,284266,0.8793169643285015,false,29851,284266,0.8793169643285015
29851,79413,0.9715821104061715,false,29851,79413,0.9715821104061715
29851,10643,0.9007855273138073,false,29851,10643,0.9007855273138073
29851,83648,0.855105190435126,false,29851,83648,0.855105190435126
29851,27299,0.9325461485872488,false,29851,27299,0.9325461485872488
29851,105377123,0.8634678285806726,false,29851,105377123,0.8634678285806726
29851,105373557,0.9156613773116954,false,29851,105373557,0.9156613773116954
29851,26289,0.7077597020847475,false,29851,26289,0.7077597020847475
29851,89858,0.9204932336141579,false,29851,89858,0.9204932336141579
29851,3502,0.9180068337556574,false,29851,3502,0.9180068337556574
29851,101928173,0.9238765124028578,false,29851,101928173,0.9238765124028578
29851,101060400,0.8947817894861496,false,29851,101060400,0.8947817894861496
29851,28946,0.9678491228742614,false,29851,28946,0.9678491228742614
29851,102467080,0.7875682411813051,false,29851,102467080,0.7875682411813051
29851,107986951,0.7929080231199142,false,29851,107986951,0.7929080231199142
29851,6362,0.9139102862247009,false,29851,6362,0.9139102862247009
29851,3512,0.9473851898018941,false,29851,3512,0.9473851898018941
29851,28809,0.9133872074000181,false,29851,28809,0.9133872074000181
53836,57451,0.8418411707469782,false,53836,57451,0.8418411707469782
53836,860,0.9316416474316389,false,53836,860,0.9316416474316389
53836,100192378,0.8993992730032316,false,53836,100192378,0.8993992730032316
53836,105376878,0.8042462530879938,false,53836,105376878,0.8042462530879938
53836,111216286,0.8748021099207056,false,53836,111216286,0.8748021099207056
53836,63898,0.8320355213440304,false,53836,63898,0.8320355213440304
53836,105370924,0.9236772674966826,false,53836,105370924,0.9236772674966826
53836,29128,0.8147951230498088,false,53836,29128,0.8147951230498088
53836,103689845,0.8953900132867247,false,53836,103689845,0.8953900132867247
53836,158511,0.7444100331752544,false,53836,158511,0.7444100331752544
53836,131578,0.8748345734576979,false,53836,131578,0.8748345734576979
53836,7477,0.8978335640189583,false,53836,7477,0.8978335640189583
53836,107985492,0.8879487829800213,false,53836,107985492,0.8879487829800213
53836,731220,0.7091067363059491,false,53836,731220,0.7091067363059491
53836,5008,0.9672891610149421,false,53836,5008,0.9672891610149421
53836,101929690,0.9224107407382823,false,53836,101929690,0.9224107407382823
53836,11130,0.8031627276429872,false,53836,11130,0.8031627276429872
53836,145873,0.8562766807610026,false,53836,145873,0.8562766807610026
53836,9348,0.7022688525346569,false,53836,9348,0.7022688525346569
53836,81607,0.9295826123062415,false,53836,81607,0.9295826123062415
53836,9388,0.9084784451419601,false,53836,9388,0.9084784451419601
53836,105377508,0.7883779201797083,false,53836,105377508,0.7883779201797083
53836,55240,0.8996625327217271,false,53836,55240,0.8996625327217271
53836,64843,0.8491473281625788,false,53836,64843,0.8491473281625788
53836,1301,0.9222457835182527,false,53836,1301,0.9222457835182527
53836,151760,0.8630590993680293,false,53836,151760,0.8630590993680293
53836,29991,0.8862745100317377,false,53836,29991,0.8862745100317377
53836,105371275,0.8517830161781929,false,53836,105371275,0.8517830161781929
53836,105375894,0.8843058803747701,false,53836,105375894,0.8843058803747701
53836,1630,0.870903919476954,false,53836,1630,0.870903919476954
53836,11004,0.7504429442835827,false,53836,11004,0.7504429442835827
53836,105372950,0.9182609681443161,false,53836,105372950,0.9182609681443161
53836,26150,0.7747444680225749,false,53836,26150,0.7747444680225749
53836,80329,0.7249167103496469,false,53836,80329,0.7249167103496469
53836,102723547,0.7737351848751935,false,53836,102723547,0.7737351848751935
53836,102723834,0.7917287813899864,false,53836,102723834,0.7917287813899864
4085,57451,0.8270936636845575,false,4085,57451,0.8270936636845575
4085,860,0.7102140521676897,false,4085,860,0.7102140521676897
4085,100192378,0.7166231067211051,false,4085,100192378,0.7166231067211051
4085,105376878,0.7586925663380457,false,4085,105376878,0.7586925663380457
4085,63898,0.7819250629820276,false,4085,63898,0.7819250629820276
4085,105370924,0.7439566243222203,false,4085,105370924,0.7439566243222203
4085,29128,0.9033454886506934,false,4085,29128,0.9033454886506934
4085,103689845,0.8238995668218566,false,4085,103689845,0.8238995668218566
4085,7477,0.7104094301254019,false,4085,7477,0.7104094301254019
4085,107985492,0.7576769133526705,false,4085,107985492,0.7576769133526705
4085,157570,0.8591321871583745,false,4085,157570,0.8591321871583745
4085,101929690,0.7385655812612475,false,4085,101929690,0.7385655812612475
4085,11130,0.8704039877177501,false,4085,11130,0.8704039877177501
4085,145873,0.8159841003365649,false,4085,145873,0.8159841003365649
4085,55872,0.909448719000736,false,4085,55872,0.909448719000736
4085,9348,0.7308405332175402,false,4085,9348,0.7308405332175402
4085,9388,0.8110766133391899,false,4085,9388,0.8110766133391899
4085,55635,0.9067691439438137,false,4085,55635,0.9067691439438137
4085,105377508,0.7132968298072119,false,4085,105377508,0.7132968298072119
4085,64843,0.7539693679389496,false,4085,64843,0.7539693679389496
4085,1301,0.7750163290327581,false,4085,1301,0.7750163290327581
4085,29991,0.7208246273025573,false,4085,29991,0.7208246273025573
4085,105371275,0.7371100125338947,false,4085,105371275,0.7371100125338947
4085,105375894,0.7406319320151924,false,4085,105375894,0.7406319320151924
4085,11004,0.907054067890523,false,4085,11004,0.907054067890523
4085,221150,0.9111523037824109,false,4085,221150,0.9111523037824109
4085,105372950,0.7769603893356636,false,4085,105372950,0.7769603893356636
4085,26150,0.9077224226521747,false,4085,26150,0.9077224226521747
4085,80329,0.7354778278893669,false,4085,80329,0.7354778278893669
5133,10537,0.9702148786752056,false,5133,10537,0.9702148786752056
5133,8345,0.931478861459262,false,5133,8345,0.931478861459262
5133,89886,0.8948008657962755,false,5133,89886,0.8948008657962755
5133,101927750,0.7833162460415042,false,5133,101927750,0.7833162460415042
5133,4321,0.9158081497442095,false,5133,4321,0.9158081497442095
5133,10642,0.9560004953370951,false,5133,10642,0.9560004953370951
5133,91828,0.9471960921603685,false,5133,91828,0.9471960921603685
5133,4283,0.8889716087008954,false,5133,4283,0.8889716087008954
5133,10437,0.9754812318027588,false,5133,10437,0.9754812318027588
5133,284266,0.9511966561219202,false,5133,284266,0.9511966561219202
5133,79413,0.9369228368757588,false,5133,79413,0.9369228368757588
5133,10643,0.9469524636080316,false,5133,10643,0.9469524636080316
5133,83648,0.9278337062797489,false,5133,83648,0.9278337062797489
5133,27299,0.945129214368002,false,5133,27299,0.945129214368002
5133,105377123,0.9331892915024493,false,5133,105377123,0.9331892915024493
5133,105373557,0.969131965565255,false,5133,105373557,0.969131965565255
5133,26289,0.7387372385146108,false,5133,26289,0.7387372385146108
5133,89858,0.9665885969185392,false,5133,89858,0.9665885969185392
5133,3502,0.9722011940199418,false,5133,3502,0.9722011940199418
5133,101928173,0.9740358124249286,false,5133,101928173,0.9740358124249286
5133,101060400,0.9585942658867576,false,5133,101060400,0.9585942658867576
5133,28946,0.9952736729178023,false,5133,28946,0.9952736729178023
5133,102467080,0.8758815722333946,false,5133,102467080,0.8758815722333946
5133,107986951,0.8712172976473205,false,5133,107986951,0.8712172976473205
5133,6362,0.9613085704023463,false,5133,6362,0.9613085704023463
5133,3512,0.989989110258891,false,5133,3512,0.989989110258891
5133,28809,0.9701452794873099,false,5133,28809,0.9701452794873099
57451,860,0.9033154764418561,false,57451,860,0.9033154764418561
57451,100192378,0.9058060779811834,false,57451,100192378,0.9058060779811834
57451,105376878,0.8603570689270291,false,57451,105376878,0.8603570689270291
57451,111216286,0.8827734723460946,false,57451,111216286,0.8827734723460946
57451,63898,0.745270932834541,false,57451,63898,0.745270932834541
57451,105370924,0.9171131936538945,false,57451,105370924,0.9171131936538945
57451,29128,0.9394657467981828,false,57451,29128,0.9394657467981828
57451,103689845,0.8656320495448864,false,57451,103689845,0.8656320495448864
57451,158511,0.8764277163427586,false,57451,158511,0.8764277163427586
57451,131578,0.877214833330874,false,57451,131578,0.877214833330874
57451,7477,0.9218737922392768,false,57451,7477,0.9218737922392768
57451,107985492,0.8814411984622395,false,57451,107985492,0.8814411984622395
57451,731220,0.7927545879632732,false,57451,731220,0.7927545879632732
57451,5008,0.8622234605596599,false,57451,5008,0.8622234605596599
57451,157570,0.793718895952262,false,57451,157570,0.793718895952262
57451,101929690,0.9046596589231584,false,57451,101929690,0.9046596589231584
57451,11130,0.9003469596756406,false,57451,11130,0.9003469596756406
57451,145873,0.908993892987417,false,57451,145873,0.908993892987417
57451,55872,0.8050957179379283,false,57451,55872,0.8050957179379283
57451,9348,0.7958512562843193,false,57451,9348,0.7958512562843193
57451,81607,0.8052039296978325,false,57451,81607,0.8052039296978325
57451,9388,0.9687055464025985,false,57451,9388,0.9687055464025985
57451,55635,0.7756913442937738,false,57451,55635,0.7756913442937738
57451,105377508,0.9037990230016686,false,57451,105377508,0.9037990230016686
57451,55240,0.8868199995739902,false,57451,55240,0.8868199995739902
57451,64843,0.9471519884701872,false,57451,64843,0.9471519884701872
57451,1301,0.8794576398087919,false,57451,1301,0.8794576398087919
57451,151760,0.9018434733354593,false,57451,151760,0.9018434733354593
57451,29991,0.9316441003449919,false,57451,29991,0.9316441003449919
57451,105371275,0.8721461280773434,false,57451,105371275,0.8721461280773434
57451,105375894,0.9170307407619522,false,57451,105375894,0.9170307407619522
57451,1630,0.8840883124135721,false,57451,1630,0.8840883124135721
57451,11004,0.8884782262975933,false,57451,11004,0.8884782262975933
57451,221150,0.8604981404652978,false,57451,221150,0.8604981404652978
57451,105372950,0.8830030532319898,false,57451,105372950,0.8830030532319898
57451,26150,0.8830952813816105,false,57451,26150,0.8830952813816105
57451,80329,0.8752859891434832,false,57451,80329,0.8752859891434832
57451,102723547,0.8876427457367438,false,57451,102723547,0.8876427457367438
57451,148645,0.81347035429512,false,57451,148645,0.81347035429512
57451,102723834,0.7700510354340536,false,57451,102723834,0.7700510354340536
5265,55655,0.9633814832347817,false,5265,55655,0.9633814832347817
5265,6768,0.9841923671232914,false,5265,6768,0.9841923671232914
5265,344,0.8527723251009354,false,5265,344,0.8527723251009354
5265,286676,0.8484328364478773,false,5265,286676,0.8484328364478773
5265,84419,0.9281775517375563,false,5265,84419,0.9281775517375563
5265,100533990,0.847077741987044,false,5265,100533990,0.847077741987044
5265,55765,0.944518562078975,false,5265,55765,0.944518562078975
5265,3914,0.8537971866482928,false,5265,3914,0.8537971866482928
860,100192378,0.9617351796702994,false,860,100192378,0.9617351796702994
860,105376878,0.8646341680218139,false,860,105376878,0.8646341680218139
860,111216286,0.9278302127714044,false,860,111216286,0.9278302127714044
860,63898,0.8044123384411367,false,860,63898,0.8044123384411367
860,105370924,0.9839099271937357,false,860,105370924,0.9839099271937357
860,29128,0.8803358347783029,false,860,29128,0.8803358347783029
860,103689845,0.9268719572549905,false,860,103689845,0.9268719572549905
860,158511,0.8732683794173132,false,860,158511,0.8732683794173132
860,131578,0.9715174939295614,false,860,131578,0.9715174939295614
860,7477,0.9579840192382034,false,860,7477,0.9579840192382034
860,107985492,0.9269495507729687,false,860,107985492,0.9269495507729687
860,731220,0.8883800625455965,false,860,731220,0.8883800625455965
860,5008,0.9522184704449549,false,860,5008,0.9522184704449549
860,101929690,0.9879662901862583,false,860,101929690,0.9879662901862583
860,11130,0.8236635392040432,false,860,11130,0.8236635392040432
860,145873,0.8690664544825637,false,860,145873,0.8690664544825637
860,9348,0.7691423967404974,false,860,9348,0.7691423967404974
860,81607,0.8887087420340433,false,860,81607,0.8887087420340433
860,9388,0.9652269527045043,false,860,9388,0.9652269527045043
860,105377508,0.9016108552815226,false,860,105377508,0.9016108552815226
860,55240,0.9472522165485558,false,860,55240,0.9472522165485558
860,64843,0.9672059784446911,false,860,64843,0.9672059784446911
860,1301,0.9413003034651335,false,860,1301,0.9413003034651335
860,151760,0.920642553028863,false,860,151760,0.920642553028863
860,29991,0.9603782085717053,false,860,29991,0.9603782085717053
860,105371275,0.8933739155340946,false,860,105371275,0.8933739155340946
860,105375894,0.9386297400194661,false,860,105375894,0.9386297400194661
860,1630,0.9472402726753862,false,860,1630,0.9472402726753862
860,11004,0.7756107477427384,false,860,11004,0.7756107477427384
860,105372950,0.9327851360827231,false,860,105372950,0.9327851360827231
860,26150,0.8194492650688008,false,860,26150,0.8194492650688008
860,80329,0.8379824150799856,false,860,80329,0.8379824150799856
860,102723547,0.8911103608260212,false,860,102723547,0.8911103608260212
860,102723834,0.9214257085392904,false,860,102723834,0.9214257085392904
10537,8345,0.9116169846552178,false,10537,8345,0.9116169846552178
10537,89886,0.8936029624887094,false,10537,89886,0.8936029624887094
10537,101927750,0.7160269272412275,false,10537,101927750,0.7160269272412275
10537,4321,0.8848926431103429,false,10537,4321,0.8848926431103429
10537,10642,0.9279625888271439,false,10537,10642,0.9279625888271439
10537,91828,0.919977170054494,false,10537,91828,0.919977170054494
10537,4283,0.9392095275192636,false,10537,4283,0.9392095275192636
10537,10437,0.95601697976466,false,10537,10437,0.95601697976466
10537,284266,0.9136105093857387,false,10537,284266,0.9136105093857387
10537,79413,0.9702458358009216,false,10537,79413,0.9702458358009216
10537,10643,0.9234102774601477,false,10537,10643,0.9234102774601477
10537,83648,0.9048598591488216,false,10537,83648,0.9048598591488216
10537,27299,0.9725162686674272,false,10537,27299,0.9725162686674272
10537,105377123,0.8920874572672436,false,10537,105377123,0.8920874572672436
10537,105373557,0.9403662853406402,false,10537,105373557,0.9403662853406402
10537,26289,0.7396537423360404,false,10537,26289,0.7396537423360404
10537,89858,0.952683939332816,false,10537,89858,0.952683939332816
10537,3502,0.9426356711716056,false,10537,3502,0.9426356711716056
10537,101928173,0.9461835668844549,false,10537,101928173,0.9461835668844549
10537,101060400,0.9309237671034288,false,10537,101060400,0.9309237671034288
10537,28946,0.9619271555608088,false,10537,28946,0.9619271555608088
10537,102467080,0.8204061975433025,false,10537,102467080,0.8204061975433025
10537,107986951,0.821895281666804,false,10537,107986951,0.821895281666804
10537,6362,0.8949885925829338,false,10537,6362,0.8949885925829338
10537,3512,0.9591650161797487,false,10537,3512,0.9591650161797487
10537,28809,0.9393144153810438,false,10537,28809,0.9393144153810438
100192378,105376878,0.8241845381534949,false,100192378,105376878,0.8241845381534949
100192378,111216286,0.9890631455282825,false,100192378,111216286,0.9890631455282825
100192378,63898,0.7889360272282187,false,100192378,63898,0.7889360272282187
100192378,105370924,0.9865629213195651,false,100192378,105370924,0.9865629213195651
100192378,29128,0.8347813407564196,false,100192378,29128,0.8347813407564196
100192378,103689845,0.8801355851847956,false,100192378,103689845,0.8801355851847956
100192378,158511,0.8650241260303637,false,100192378,158511,0.8650241260303637
100192378,131578,0.9874826039022753,false,100192378,131578,0.9874826039022753
100192378,7477,0.979001256241875,false,100192378,7477,0.979001256241875
100192378,107985492,0.9280589285770314,false,100192378,107985492,0.9280589285770314
100192378,731220,0.8326565650259108,false,100192378,731220,0.8326565650259108
100192378,5008,0.9197822934677874,false,100192378,5008,0.9197822934677874
100192378,101929690,0.9677907729823728,false,100192378,101929690,0.9677907729823728
100192378,11130,0.8755828597625329,false,100192378,11130,0.8755828597625329
100192378,145873,0.9010122645664789,false,100192378,145873,0.9010122645664789
100192378,55872,0.7092395266694129,false,100192378,55872,0.7092395266694129
100192378,9348,0.7957091775320979,false,100192378,9348,0.7957091775320979
100192378,81607,0.9218116862941077,false,100192378,81607,0.9218116862941077
100192378,9388,0.9423084933245844,false,100192378,9388,0.9423084933245844
100192378,105377508,0.8521558827337125,false,100192378,105377508,0.8521558827337125
100192378,55240,0.9096250417754121,false,100192378,55240,0.9096250417754121
100192378,64843,0.9255941766507211,false,100192378,64843,0.9255941766507211
100192378,1301,0.8896746558677519,false,100192378,1301,0.8896746558677519
100192378,151760,0.986281507320372,false,100192378,151760,0.986281507320372
100192378,29991,0.926689075292265,false,100192378,29991,0.926689075292265
100192378,105371275,0.967876990088644,false,100192378,105371275,0.967876990088644
100192378,105375894,0.9527402100048198,false,100192378,105375894,0.9527402100048198
100192378,1630,0.9963897075482285,false,100192378,1630,0.9963897075482285
100192378,11004,0.7332436695595234,false,100192378,11004,0.7332436695595234
100192378,221150,0.7117343839851091,false,100192378,221150,0.7117343839851091
100192378,105372950,0.8809494859209797,false,100192378,105372950,0.8809494859209797
100192378,26150,0.8804433590847276,false,100192378,26150,0.8804433590847276
100192378,80329,0.8613374157845161,false,100192378,80329,0.8613374157845161
100192378,102723547,0.9090618695054745,false,100192378,102723547,0.9090618695054745
100192378,148645,0.7717296381831373,false,100192378,148645,0.7717296381831373
100192378,102723834,0.9073280748448258,false,100192378,102723834,0.9073280748448258
105376878,111216286,0.8022916674563138,false,105376878,111216286,0.8022916674563138
105376878,63898,0.8646992842585821,false,105376878,63898,0.8646992842585821
105376878,105370924,0.8618489808799769,false,105376878,105370924,0.8618489808799769
105376878,29128,0.9192696612738565,false,105376878,29128,0.9192696612738565
105376878,103689845,0.8528493629374551,false,105376878,103689845,0.8528493629374551
105376878,158511,0.80839535865051,false,105376878,158511,0.80839535865051
105376878,131578,0.808727899631233,false,105376878,131578,0.808727899631233
105376878,7477,0.8413118196442857,false,105376878,7477,0.8413118196442857
105376878,107985492,0.8632525937437958,false,105376878,107985492,0.8632525937437958
105376878,731220,0.7599454653267596,false,105376878,731220,0.7599454653267596
105376878,5008,0.7990243568331022,false,105376878,5008,0.7990243568331022
105376878,101929690,0.8649160396742414,false,105376878,101929690,0.8649160396742414
105376878,11130,0.8117391563456003,false,105376878,11130,0.8117391563456003
105376878,145873,0.8396191099425966,false,105376878,145873,0.8396191099425966
105376878,9348,0.9216073338749768,false,105376878,9348,0.9216073338749768
105376878,81607,0.719520985174168,false,105376878,81607,0.719520985174168
105376878,9388,0.8709617997895202,false,105376878,9388,0.8709617997895202
105376878,55635,0.7285807543695337,false,105376878,55635,0.7285807543695337
105376878,105377508,0.8558272276435155,false,105376878,105377508,0.8558272276435155
105376878,55240,0.8393112541868594,false,105376878,55240,0.8393112541868594
105376878,64843,0.8911802874349886,false,105376878,64843,0.8911802874349886
105376878,1301,0.8710277110243404,false,105376878,1301,0.8710277110243404
105376878,151760,0.7848120246860112,false,105376878,151760,0.7848120246860112
105376878,29991,0.8923496845447206,false,105376878,29991,0.8923496845447206
105376878,105371275,0.8092217197947285,false,105376878,105371275,0.8092217197947285
105376878,105375894,0.7997632008156653,false,105376878,105375894,0.7997632008156653
105376878,1630,0.7954290713743982,false,105376878,1630,0.7954290713743982
105376878,11004,0.8585497495525255,false,105376878,11004,0.8585497495525255
105376878,221150,0.8158383803902652,false,105376878,221150,0.8158383803902652
105376878,105372950,0.8681399070318053,false,105376878,105372950,0.8681399070318053
105376878,26150,0.8406027703373096,false,105376878,26150,0.8406027703373096
105376878,80329,0.8908695187641081,false,105376878,80329,0.8908695187641081
105376878,102723547,0.8096216617023737,false,105376878,102723547,0.8096216617023737
105376878,102723834,0.7553714853235235,false,105376878,102723834,0.7553714853235235
55655,6768,0.977873278169942,false,55655,6768,0.977873278169942
55655,344,0.749070300432407,false,55655,344,0.749070300432407
55655,286676,0.8618446558596656,false,55655,286676,0.8618446558596656
55655,84419,0.8791652474960043,false,55655,84419,0.8791652474960043
55655,100533990,0.7366489113414946,false,55655,100533990,0.7366489113414946
55655,55765,0.9388714525388797,false,55655,55765,0.9388714525388797
55655,3914,0.9138766233294034,false,55655,3914,0.9138766233294034
8345,89886,0.9380685537250762,false,8345,89886,0.9380685537250762
8345,101927750,0.8480237231399351,false,8345,101927750,0.8480237231399351
8345,4321,0.9300041660933629,false,8345,4321,0.9300041660933629
8345,10642,0.9735936802308749,false,8345,10642,0.9735936802308749
8345,91828,0.9477937945407029,false,8345,91828,0.9477937945407029
8345,4283,0.8746836788873098,false,8345,4283,0.8746836788873098
8345,10437,0.9552853987403329,false,8345,10437,0.9552853987403329
8345,284266,0.9647797963694259,false,8345,284266,0.9647797963694259
8345,79413,0.8824735248492742,false,8345,79413,0.8824735248492742
8345,10643,0.9742145876243127,false,8345,10643,0.9742145876243127
8345,83648,0.9386482698353732,false,8345,83648,0.9386482698353732
8345,27299,0.9567669586307551,false,8345,27299,0.9567669586307551
8345,105377123,0.9363421400842251,false,8345,105377123,0.9363421400842251
8345,105373557,0.9705580394390616,false,8345,105373557,0.9705580394390616
8345,26289,0.8298174817950552,false,8345,26289,0.8298174817950552
8345,89858,0.97211628549846,false,8345,89858,0.97211628549846
8345,3502,0.9716683924319687,false,8345,3502,0.9716683924319687
8345,101928173,0.9675252921245643,false,8345,101928173,0.9675252921245643
8345,101060400,0.9718180137674753,false,8345,101060400,0.9718180137674753
8345,28946,0.9416365847486755,false,8345,28946,0.9416365847486755
8345,102467080,0.8774375285649502,false,8345,102467080,0.8774375285649502
8345,107986951,0.8911327319763005,false,8345,107986951,0.8911327319763005
8345,6362,0.8620396130653238,false,8345,6362,0.8620396130653238
8345,3512,0.9603934808267339,false,8345,3512,0.9603934808267339
8345,28809,0.9746863435912382,false,8345,28809,0.9746863435912382
89886,101927750,0.84724838584686,false,89886,101927750,0.84724838584686
89886,4321,0.9117858206050579,false,89886,4321,0.9117858206050579
89886,10642,0.9473056316700807,false,89886,10642,0.9473056316700807
89886,91828,0.9243453223153049,false,89886,91828,0.9243453223153049
89886,4283,0.8191425543895344,false,89886,4283,0.8191425543895344
89886,10437,0.9035525637063813,false,89886,10437,0.9035525637063813
89886,284266,0.9355381797316149,false,89886,284266,0.9355381797316149
89886,79413,0.8548410734859213,false,89886,79413,0.8548410734859213
89886,10643,0.9046047080822055,false,89886,10643,0.9046047080822055
89886,83648,0.919625212426045,false,89886,83648,0.919625212426045
89886,27299,0.9158571080257525,false,89886,27299,0.9158571080257525
89886,105377123,0.8930737194547163,false,89886,105377123,0.8930737194547163
89886,105373557,0.9333880157047038,false,89886,105373557,0.9333880157047038
89886,26289,0.7304933898329915,false,89886,26289,0.7304933898329915
89886,89858,0.9245204166943803,false,89886,89858,0.9245204166943803
89886,3502,0.9413942824241841,false,89886,3502,0.9413942824241841
89886,101928173,0.9345447155294219,false,89886,101928173,0.9345447155294219
89886,101060400,0.9443823922714639,false,89886,101060400,0.9443823922714639
89886,28946,0.9000683678958796,false,89886,28946,0.9000683678958796
89886,102467080,0.9023123612563485,false,89886,102467080,0.9023123612563485
89886,107986951,0.8080511310273474,false,89886,107986951,0.8080511310273474
89886,6362,0.8025532787302598,false,89886,6362,0.8025532787302598
89886,3512,0.9243302516902763,false,89886,3512,0.9243302516902763
89886,28809,0.946152758861357,false,89886,28809,0.946152758861357
111216286,63898,0.7946530869315639,false,111216286,63898,0.7946530869315639
111216286,105370924,0.965385550629211,false,111216286,105370924,0.965385550629211
111216286,29128,0.7961849854417803,false,111216286,29128,0.7961849854417803
111216286,103689845,0.8495099827113658,false,111216286,103689845,0.8495099827113658
111216286,158511,0.8524151660443545,false,111216286,158511,0.8524151660443545
111216286,131578,0.9684768048132543,false,111216286,131578,0.9684768048132543
111216286,7477,0.9708739911618333,false,111216286,7477,0.9708739911618333
111216286,107985492,0.9172354205412755,false,111216286,107985492,0.9172354205412755
111216286,731220,0.8054550497408028,false,111216286,731220,0.8054550497408028
111216286,5008,0.9059195059318934,false,111216286,5008,0.9059195059318934
111216286,101929690,0.9396524331760185,false,111216286,101929690,0.9396524331760185
111216286,11130,0.852352059168462,false,111216286,11130,0.852352059168462
111216286,145873,0.9043409744803798,false,111216286,145873,0.9043409744803798
111216286,55872,0.7061450594494058,false,111216286,55872,0.7061450594494058
111216286,9348,0.7835137383153209,false,111216286,9348,0.7835137383153209
111216286,81607,0.9213166103161166,false,111216286,81607,0.9213166103161166
111216286,9388,0.916730993662716,false,111216286,9388,0.916730993662716
111216286,105377508,0.8270996510698965,false,111216286,105377508,0.8270996510698965
111216286,55240,0.8901854811855225,false,111216286,55240,0.8901854811855225
111216286,64843,0.8881586092576811,false,111216286,64843,0.8881586092576811
111216286,1301,0.8464579458524493,false,111216286,1301,0.8464579458524493
111216286,151760,0.9837594264389813,false,111216286,151760,0.9837594264389813
111216286,29991,0.9013030415953471,false,111216286,29991,0.9013030415953471
111216286,105371275,0.9615995483955794,false,111216286,105371275,0.9615995483955794
111216286,105375894,0.9305884936254175,false,111216286,105375894,0.9305884936254175
111216286,1630,0.9891423853473232,false,111216286,1630,0.9891423853473232
111216286,105372950,0.8426950076122822,false,111216286,105372950,0.8426950076122822
111216286,26150,0.8955956621767838,false,111216286,26150,0.8955956621767838
111216286,80329,0.8496974826358061,false,111216286,80329,0.8496974826358061
111216286,102723547,0.9035731254108623,false,111216286,102723547,0.9035731254108623
111216286,148645,0.8149200177013162,false,111216286,148645,0.8149200177013162
111216286,102723834,0.8726432863932201,false,111216286,102723834,0.8726432863932201
101927750,4321,0.7543114444097739,false,101927750,4321,0.7543114444097739
101927750,10642,0.8107555580242165,false,101927750,10642,0.8107555580242165
101927750,91828,0.7907957627867838,false,101927750,91828,0.7907957627867838
101927750,4283,0.7117332601829216,false,101927750,4283,0.7117332601829216
101927750,10437,0.7886609092336779,false,101927750,10437,0.7886609092336779
101927750,284266,0.8230169388416246,false,101927750,284266,0.8230169388416246
101927750,79413,0.7449805497519535,false,101927750,79413,0.7449805497519535
101927750,10643,0.791643181022085,false,101927750,10643,0.791643181022085
101927750,83648,0.779017528497952,false,101927750,83648,0.779017528497952
101927750,27299,0.7552986108397823,false,101927750,27299,0.7552986108397823
101927750,105377123,0.7829077957952195,false,101927750,105377123,0.7829077957952195
101927750,105373557,0.798112364107644,false,101927750,105373557,0.798112364107644
101927750,89858,0.7811032968709274,false,101927750,89858,0.7811032968709274
101927750,3502,0.8081407901091276,false,101927750,3502,0.8081407901091276
101927750,101928173,0.7980836203796521,false,101927750,101928173,0.7980836203796521
101927750,101060400,0.8133490348283797,false,101927750,101060400,0.8133490348283797
101927750,28946,0.7673151853562057,false,101927750,28946,0.7673151853562057
101927750,102467080,0.7429166444889191,false,101927750,102467080,0.7429166444889191
101927750,107986951,0.7822004810474881,false,101927750,107986951,0.7822004810474881
101927750,6362,0.7725425651592565,false,101927750,6362,0.7725425651592565
101927750,3512,0.7952197766842365,false,101927750,3512,0.7952197766842365
101927750,28809,0.825742698446801,false,101927750,28809,0.825742698446801
4321,10642,0.9740708252225048,false,4321,10642,0.9740708252225048
4321,91828,0.9618168209367911,false,4321,91828,0.9618168209367911
4321,4283,0.7764623626376717,false,4321,4283,0.7764623626376717
4321,10437,0.9453433173599393,false,4321,10437,0.9453433173599393
4321,284266,0.969484872993791,false,4321,284266,0.969484872993791
4321,79413,0.8230447024125671,false,4321,79413,0.8230447024125671
4321,10643,0.9522036444479216,false,4321,10643,0.9522036444479216
4321,83648,0.9719910701512888,false,4321,83648,0.9719910701512888
4321,27299,0.913963567522858,false,4321,27299,0.913963567522858
4321,105377123,0.9711861511905642,false,4321,105377123,0.9711861511905642
4321,105373557,0.9745832233332977,false,4321,105373557,0.9745832233332977
4321,26289,0.844801245593936,false,4321,26289,0.844801245593936
4321,89858,0.9539687934465179,false,4321,89858,0.9539687934465179
4321,3502,0.9684961852869614,false,4321,3502,0.9684961852869614
4321,101928173,0.9751098035018182,false,4321,101928173,0.9751098035018182
4321,101060400,0.9699873841714624,false,4321,101060400,0.9699873841714624
4321,28946,0.9344283916084051,false,4321,28946,0.9344283916084051
4321,102467080,0.9715755801220876,false,4321,102467080,0.9715755801220876
4321,107986951,0.8463484634553136,false,4321,107986951,0.8463484634553136
4321,6362,0.8510204115873544,false,4321,6362,0.8510204115873544
4321,3512,0.954047424413111,false,4321,3512,0.954047424413111
4321,28809,0.9674468154507436,false,4321,28809,0.9674468154507436
63898,105370924,0.8042780119783515,false,63898,105370924,0.8042780119783515
63898,29128,0.815342535624169,false,63898,29128,0.815342535624169
63898,103689845,0.8412992030046708,false,63898,103689845,0.8412992030046708
63898,131578,0.762752623901894,false,63898,131578,0.762752623901894
63898,7477,0.8023879490107874,false,63898,7477,0.8023879490107874
63898,107985492,0.7794336222722804,false,63898,107985492,0.7794336222722804
63898,5008,0.8241366686618737,false,63898,5008,0.8241366686618737
63898,101929690,0.7979055870197129,false,63898,101929690,0.7979055870197129
63898,11130,0.7629537748156592,false,63898,11130,0.7629537748156592
63898,145873,0.8543289764133323,false,63898,145873,0.8543289764133323
63898,9348,0.8653749536770032,false,63898,9348,0.8653749536770032
63898,81607,0.7915822522360806,false,63898,81607,0.7915822522360806
63898,9388,0.7998984732938336,false,63898,9388,0.7998984732938336
63898,105377508,0.7183962243989468,false,63898,105377508,0.7183962243989468
63898,55240,0.796202564327036,false,63898,55240,0.796202564327036
63898,64843,0.7706707828028154,false,63898,64843,0.7706707828028154
63898,1301,0.7830306333267526,false,63898,1301,0.7830306333267526
63898,151760,0.7506409752421933,false,63898,151760,0.7506409752421933
63898,29991,0.8008477017405637,false,63898,29991,0.8008477017405637
63898,105371275,0.7737551621418512,false,63898,105371275,0.7737551621418512
63898,105375894,0.7374342866012269,false,63898,105375894,0.7374342866012269
63898,1630,0.7701443943560643,false,63898,1630,0.7701443943560643
63898,11004,0.739238098270371,false,63898,11004,0.739238098270371
63898,221150,0.7393236026850185,false,63898,221150,0.7393236026850185
63898,105372950,0.7955122284220666,false,63898,105372950,0.7955122284220666
63898,26150,0.8631823243718917,false,63898,26150,0.8631823243718917
63898,80329,0.7911405753626622,false,63898,80329,0.7911405753626622
63898,102723547,0.7211670766933121,false,63898,102723547,0.7211670766933121
63898,102723834,0.7000880296441604,false,63898,102723834,0.7000880296441604
10642,91828,0.9845879715843306,false,10642,91828,0.9845879715843306
10642,4283,0.8348107099330399,false,10642,4283,0.8348107099330399
10642,10437,0.9731520212488033,false,10642,10437,0.9731520212488033
10642,284266,0.995917638663257,false,10642,284266,0.995917638663257
10642,79413,0.8637760112926546,false,10642,79413,0.8637760112926546
10642,10643,0.974955060295273,false,10642,10643,0.974955060295273
10642,83648,0.9755611477925167,false,10642,83648,0.9755611477925167
10642,27299,0.9561228402090168,false,10642,27299,0.9561228402090168
10642,105377123,0.9669839266833635,false,10642,105377123,0.9669839266833635
10642,105373557,0.9960255579634322,false,10642,105373557,0.9960255579634322
10642,26289,0.8034284343780613,false,10642,26289,0.8034284343780613
10642,89858,0.9886037338629212,false,10642,89858,0.9886037338629212
10642,3502,0.9979034900507636,false,10642,3502,0.9979034900507636
10642,101928173,0.9946421445011566,false,10642,101928173,0.9946421445011566
10642,101060400,0.9987293495202522,false,10642,101060400,0.9987293495202522
10642,28946,0.9676738889479933,false,10642,28946,0.9676738889479933
10642,102467080,0.9403335240803606,false,10642,102467080,0.9403335240803606
10642,107986951,0.8958728347398225,false,10642,107986951,0.8958728347398225
10642,6362,0.8987321599363526,false,10642,6362,0.8987321599363526
10642,3512,0.9869293720593664,false,10642,3512,0.9869293720593664
10642,28809,0.9980270879385336,false,10642,28809,0.9980270879385336
105370924,29128,0.8791046482263706,false,105370924,29128,0.8791046482263706
105370924,103689845,0.9354241656858875,false,105370924,103689845,0.9354241656858875
105370924,158511,0.853807705004402,false,105370924,158511,0.853807705004402
105370924,131578,0.9805926809154906,false,105370924,131578,0.9805926809154906
105370924,7477,0.9641942384208012,false,105370924,7477,0.9641942384208012
105370924,107985492,0.9452592588637355,false,105370924,107985492,0.9452592588637355
105370924,731220,0.8330257628335449,false,105370924,731220,0.8330257628335449
105370924,5008,0.9260101284994608,false,105370924,5008,0.9260101284994608
105370924,101929690,0.9951499382676426,false,105370924,101929690,0.9951499382676426
105370924,11130,0.8741797488207669,false,105370924,11130,0.8741797488207669
105370924,145873,0.8996021900489082,false,105370924,145873,0.8996021900489082
105370924,9348,0.7870199254125947,false,105370924,9348,0.7870199254125947
105370924,81607,0.8875524541430124,false,105370924,81607,0.8875524541430124
105370924,9388,0.9630059098970485,false,105370924,9388,0.9630059098970485
105370924,105377508,0.875221206891079,false,105370924,105377508,0.875221206891079
105370924,55240,0.9120976571734615,false,105370924,55240,0.9120976571734615
105370924,64843,0.9437813571540313,false,105370924,64843,0.9437813571540313
105370924,1301,0.9467117557292857,false,105370924,1301,0.9467117557292857
105370924,151760,0.9592520812182723,false,105370924,151760,0.9592520812182723
105370924,29991,0.9396376277085197,false,105370924,29991,0.9396376277085197
105370924,105371275,0.9381097318068439,false,105370924,105371275,0.9381097318068439
105370924,105375894,0.9695848215822463,false,105370924,105375894,0.9695848215822463
105370924,1630,0.9730588362677957,false,105370924,1630,0.9730588362677957
105370924,11004,0.7953938044822719,false,105370924,11004,0.7953938044822719
105370924,221150,0.7138152265797667,false,105370924,221150,0.7138152265797667
105370924,105372950,0.9425076180950607,false,105370924,105372950,0.9425076180950607
105370924,26150,0.8665550549996203,false,105370924,26150,0.8665550549996203
105370924,80329,0.8373220162761283,false,105370924,80329,0.8373220162761283
105370924,102723547,0.8867356600958298,false,105370924,102723547,0.8867356600958298
105370924,148645,0.7273936824837854,false,105370924,148645,0.7273936824837854
105370924,102723834,0.9063657867415538,false,105370924,102723834,0.9063657867415538
91828,4283,0.7977442521993077,false,91828,4283,0.7977442521993077
91828,10437,0.972929377539351,false,91828,10437,0.972929377539351
91828,284266,0.9826294492255724,false,91828,284266,0.9826294492255724
91828,79413,0.8473387381045013,false,91828,79413,0.8473387381045013
91828,10643,0.9675138026550543,false,91828,10643,0.9675138026550543
91828,83648,0.9922022924306896,false,91828,83648,0.9922022924306896
91828,27299,0.943514182692043,false,91828,27299,0.943514182692043
91828,105377123,0.9692531150092621,false,91828,105377123,0.9692531150092621
91828,105373557,0.9821044604732327,false,91828,105373557,0.9821044604732327
91828,26289,0.8040872866617482,false,91828,26289,0.8040872866617482
91828,89858,0.9878287252442686,false,91828,89858,0.9878287252442686
91828,3502,0.9832178188013591,false,91828,3502,0.9832178188013591
91828,101928173,0.9801648898184322,false,91828,101928173,0.9801648898184322
91828,101060400,0.991239518957368,false,91828,101060400,0.991239518957368
91828,28946,0.952220163788995,false,91828,28946,0.952220163788995
91828,102467080,0.9201041720126579,false,91828,102467080,0.9201041720126579
91828,107986951,0.9049687910466647,false,91828,107986951,0.9049687910466647
91828,6362,0.8941224991852726,false,91828,6362,0.8941224991852726
91828,3512,0.9766440686976483,false,91828,3512,0.9766440686976483
91828,28809,0.9818593393439561,false,91828,28809,0.9818593393439561
29128,103689845,0.9145434976445607,false,29128,103689845,0.9145434976445607
29128,158511,0.824775905472772,false,29128,158511,0.824775905472772
29128,131578,0.8167326589698444,false,29128,131578,0.8167326589698444
29128,7477,0.847309203333332,false,29128,7477,0.847309203333332
29128,107985492,0.8913546589663336,false,29128,107985492,0.8913546589663336
29128,731220,0.7579868812657804,false,29128,731220,0.7579868812657804
29128,5008,0.8059345332019634,false,29128,5008,0.8059345332019634
29128,157570,0.7725104100342942,false,29128,157570,0.7725104100342942
29128,101929690,0.8855606078014512,false,29128,101929690,0.8855606078014512
29128,11130,0.9099614580602348,false,29128,11130,0.9099614580602348
29128,145873,0.8541334584186254,false,29128,145873,0.8541334584186254
29128,55872,0.8206913092881564,false,29128,55872,0.8206913092881564
29128,9348,0.8144014271034118,false,29128,9348,0.8144014271034118
29128,81607,0.7035258718945279,false,29128,81607,0.7035258718945279
29128,9388,0.9326050536365024,false,29128,9388,0.9326050536365024
29128,55635,0.8350043135237089,false,29128,55635,0.8350043135237089
29128,105377508,0.8883697233447531,false,29128,105377508,0.8883697233447531
29128,55240,0.8402154118238261,false,29128,55240,0.8402154118238261
29128,64843,0.9218737981696886,false,29128,64843,0.9218737981696886
29128,1301,0.9195155347431639,false,29128,1301,0.9195155347431639
29128,151760,0.8019060083654731,false,29128,151760,0.8019060083654731
29128,29991,0.9017874708361328,false,29128,29991,0.9017874708361328
29128,105371275,0.8243760180938775,false,29128,105371275,0.8243760180938775
29128,105375894,0.8708578068702524,false,29128,105375894,0.8708578068702524
29128,1630,0.7997368913518743,false,29128,1630,0.7997368913518743
29128,11004,0.9676259452874193,false,29128,11004,0.9676259452874193
29128,221150,0.8846330512928158,false,29128,221150,0.8846330512928158
29128,105372950,0.9123270507700589,false,29128,105372950,0.9123270507700589
29128,26150,0.8822167334473683,false,29128,26150,0.8822167334473683
29128,80329,0.8557219336223695,false,29128,80329,0.8557219336223695
29128,102723547,0.8236617771662909,false,29128,102723547,0.8236617771662909
29128,102723834,0.7358284381227552,false,29128,102723834,0.7358284381227552
6768,344,0.7879662941629426,false,6768,344,0.7879662941629426
6768,286676,0.8582569686074332,false,6768,286676,0.8582569686074332
6768,84419,0.8962944520664283,false,6768,84419,0.8962944520664283
6768,100533990,0.7792703728114065,false,6768,100533990,0.7792703728114065
6768,55765,0.9402863559943718,false,6768,55765,0.9402863559943718
6768,3914,0.8810961109376808,false,6768,3914,0.8810961109376808
103689845,158511,0.7783425212598862,false,103689845,158511,0.7783425212598862
103689845,131578,0.867313645822859,false,103689845,131578,0.867313645822859
103689845,7477,0.867414535933185,false,103689845,7477,0.867414535933185
103689845,107985492,0.9031763856269672,false,103689845,107985492,0.9031763856269672
103689845,731220,0.7301106713665864,false,103689845,731220,0.7301106713665864
103689845,5008,0.85689950896078,false,103689845,5008,0.85689950896078
103689845,101929690,0.9481119953767673,false,103689845,101929690,0.9481119953767673
103689845,11130,0.8403080166278193,false,103689845,11130,0.8403080166278193
103689845,145873,0.8289828225444,false,103689845,145873,0.8289828225444
103689845,9348,0.7336281021477327,false,103689845,9348,0.7336281021477327
103689845,81607,0.7584644437139464,false,103689845,81607,0.7584644437139464
103689845,9388,0.9316188441703919,false,103689845,9388,0.9316188441703919
103689845,55635,0.7084377638543307,false,103689845,55635,0.7084377638543307
103689845,105377508,0.8542179859326545,false,103689845,105377508,0.8542179859326545
103689845,55240,0.8428233336314039,false,103689845,55240,0.8428233336314039
103689845,64843,0.8825710309124145,false,103689845,64843,0.8825710309124145
103689845,1301,0.9722071627876847,false,103689845,1301,0.9722071627876847
103689845,151760,0.8379566605522158,false,103689845,151760,0.8379566605522158
103689845,29991,0.889251267665189,false,103689845,29991,0.889251267665189
103689845,105371275,0.8246347250624688,false,103689845,105371275,0.8246347250624688
103689845,105375894,0.915322127867662,false,103689845,105375894,0.915322127867662
103689845,1630,0.8469042645713454,false,103689845,1630,0.8469042645713454
103689845,11004,0.8725693437007058,false,103689845,11004,0.8725693437007058
103689845,221150,0.7045983658503346,false,103689845,221150,0.7045983658503346
103689845,105372950,0.9782758951774871,false,103689845,105372950,0.9782758951774871
103689845,26150,0.8252748650892715,false,103689845,26150,0.8252748650892715
103689845,80329,0.7492709022585944,false,103689845,80329,0.7492709022585944
103689845,102723547,0.7883705737932869,false,103689845,102723547,0.7883705737932869
103689845,102723834,0.7745793221956563,false,103689845,102723834,0.7745793221956563
158511,131578,0.850550904794572,false,158511,131578,0.850550904794572
158511,7477,0.9376756693848838,false,158511,7477,0.9376756693848838
158511,107985492,0.8590825607433111,false,158511,107985492,0.8590825607433111
158511,731220,0.9315244500812738,false,158511,731220,0.9315244500812738
158511,5008,0.8422295163428425,false,158511,5008,0.8422295163428425
158511,101929690,0.8314806845138387,false,158511,101929690,0.8314806845138387
158511,11130,0.7287251923289683,false,158511,11130,0.7287251923289683
158511,145873,0.7274907188763544,false,158511,145873,0.7274907188763544
158511,9348,0.7520887162650945,false,158511,9348,0.7520887162650945
158511,81607,0.7916213126172373,false,158511,81607,0.7916213126172373
158511,9388,0.9143009140869874,false,158511,9388,0.9143009140869874
158511,105377508,0.9758360109450189,false,158511,105377508,0.9758360109450189
158511,55240,0.947978319241086,false,158511,55240,0.947978319241086
158511,64843,0.9320559066832399,false,158511,64843,0.9320559066832399
158511,1301,0.7641220643661365,false,158511,1301,0.7641220643661365
158511,151760,0.8497024175712405,false,158511,151760,0.8497024175712405
158511,29991,0.9608641130777237,false,158511,29991,0.9608641130777237
158511,105371275,0.8278763183587098,false,158511,105371275,0.8278763183587098
158511,105375894,0.7756158651472111,false,158511,105375894,0.7756158651472111
158511,1630,0.8566546727139923,false,158511,1630,0.8566546727139923
158511,105372950,0.7366147378762393,false,158511,105372950,0.7366147378762393
158511,26150,0.7896002959337738,false,158511,26150,0.7896002959337738
158511,80329,0.9415966728106874,false,158511,80329,0.9415966728106874
158511,102723547,0.9915460168820734,false,158511,102723547,0.9915460168820734
158511,102723834,0.7399611241567826,false,158511,102723834,0.7399611241567826
131578,7477,0.958326503690446,false,131578,7477,0.958326503690446
131578,107985492,0.9048809912696386,false,131578,107985492,0.9048809912696386
131578,731220,0.873953718730821,false,131578,731220,0.873953718730821
131578,5008,0.9100674776798497,false,131578,5008,0.9100674776798497
131578,101929690,0.9722477517014987,false,131578,101929690,0.9722477517014987
131578,11130,0.8326821316193839,false,131578,11130,0.8326821316193839
131578,145873,0.8812706542319971,false,131578,145873,0.8812706542319971
131578,9348,0.7686705862243421,false,131578,9348,0.7686705862243421
131578,81607,0.8951173542394678,false,131578,81607,0.8951173542394678
131578,9388,0.9247886259925487,false,131578,9388,0.9247886259925487
131578,105377508,0.8406910897784207,false,131578,105377508,0.8406910897784207
131578,55240,0.899493154047376,false,131578,55240,0.899493154047376
131578,64843,0.934968788855991,false,131578,64843,0.934968788855991
131578,1301,0.8787519555833081,false,131578,1301,0.8787519555833081
131578,151760,0.9618028624868784,false,131578,151760,0.9618028624868784
131578,29991,0.913725487649899,false,131578,29991,0.913725487649899
131578,105371275,0.9347072449535277,false,131578,105371275,0.9347072449535277
131578,105375894,0.9446784905675625,false,131578,105375894,0.9446784905675625
131578,1630,0.9894539984037309,false,131578,1630,0.9894539984037309
131578,11004,0.7010708319041482,false,131578,11004,0.7010708319041482
131578,105372950,0.8703384739003049,false,131578,105372950,0.8703384739003049
131578,26150,0.8430804446405565,false,131578,26150,0.8430804446405565
131578,80329,0.8354756770375487,false,131578,80329,0.8354756770375487
131578,102723547,0.8906953578666729,false,131578,102723547,0.8906953578666729
131578,148645,0.726113011589662,false,131578,148645,0.726113011589662
131578,102723834,0.9583324239473646,false,131578,102723834,0.9583324239473646
7477,107985492,0.9271836243334465,false,7477,107985492,0.9271836243334465
7477,731220,0.8813284057285993,false,7477,731220,0.8813284057285993
7477,5008,0.945104920842317,false,7477,5008,0.945104920842317
7477,101929690,0.9412082753761409,false,7477,101929690,0.9412082753761409
7477,11130,0.8388845005636152,false,7477,11130,0.8388845005636152
7477,145873,0.8738548551905205,false,7477,145873,0.8738548551905205
7477,55872,0.7044189656883766,false,7477,55872,0.7044189656883766
7477,9348,0.8035886067481556,false,7477,9348,0.8035886067481556
7477,81607,0.9326511078404873,false,7477,81607,0.9326511078404873
7477,9388,0.9634070557214586,false,7477,9388,0.9634070557214586
7477,105377508,0.9199031307589636,false,7477,105377508,0.9199031307589636
7477,55240,0.9669313500304099,false,7477,55240,0.9669313500304099
7477,64843,0.9480550782867718,false,7477,64843,0.9480550782867718
7477,1301,0.8672178557319076,false,7477,1301,0.8672178557319076
7477,151760,0.9655177944740324,false,7477,151760,0.9655177944740324
7477,29991,0.9721519500943979,false,7477,29991,0.9721519500943979
7477,105371275,0.9416467417496781,false,7477,105371275,0.9416467417496781
7477,105375894,0.9081320446703847,false,7477,105375894,0.9081320446703847
7477,1630,0.9716423341952459,false,7477,1630,0.9716423341952459
7477,11004,0.7263665984876945,false,7477,11004,0.7263665984876945
7477,221150,0.7049038881185188,false,7477,221150,0.7049038881185188
7477,105372950,0.8536691865983301,false,7477,105372950,0.8536691865983301
7477,26150,0.8710341419283804,false,7477,26150,0.8710341419283804
7477,80329,0.912568716431173,false,7477,80329,0.912568716431173
7477,102723547,0.9637606107998334,false,7477,102723547,0.9637606107998334
7477,148645,0.7694652094220965,false,7477,148645,0.7694652094220965
7477,102723834,0.8559503201692249,false,7477,102723834,0.8559503201692249
107985492,731220,0.7967007553451918,false,107985492,731220,0.7967007553451918
107985492,5008,0.8897220767055062,false,107985492,5008,0.8897220767055062
107985492,101929690,0.9374572987148576,false,107985492,101929690,0.9374572987148576
107985492,11130,0.8858885790918634,false,107985492,11130,0.8858885790918634
107985492,145873,0.823486001042963,false,107985492,145873,0.823486001042963
107985492,55872,0.741526887483835,false,107985492,55872,0.741526887483835
107985492,9348,0.7252753983340324,false,107985492,9348,0.7252753983340324
107985492,81607,0.8393273165560369,false,107985492,81607,0.8393273165560369
107985492,9388,0.9329644688236529,false,107985492,9388,0.9329644688236529
107985492,55635,0.7288504155222093,false,107985492,55635,0.7288504155222093
107985492,105377508,0.8858678857381365,false,107985492,105377508,0.8858678857381365
107985492,55240,0.8970299902383778,false,107985492,55240,0.8970299902383778
107985492,64843,0.8946354801534961,false,107985492,64843,0.8946354801534961
107985492,1301,0.9356929700642935,false,107985492,1301,0.9356929700642935
107985492,151760,0.8937038263079569,false,107985492,151760,0.8937038263079569
107985492,29991,0.9216826557835736,false,107985492,29991,0.9216826557835736
107985492,105371275,0.9328393178380291,false,107985492,105371275,0.9328393178380291
107985492,105375894,0.9067141060095706,false,107985492,105375894,0.9067141060095706
107985492,1630,0.9019016041560637,false,107985492,1630,0.9019016041560637
107985492,11004,0.8258708030027949,false,107985492,11004,0.8258708030027949
107985492,105372950,0.9028479296444681,false,107985492,105372950,0.9028479296444681
107985492,26150,0.8772140188264009,false,107985492,26150,0.8772140188264009
107985492,80329,0.8360958055937994,false,107985492,80329,0.8360958055937994
107985492,102723547,0.8911769232834562,false,107985492,102723547,0.8911769232834562
107985492,148645,0.7012751411238372,false,107985492,148645,0.7012751411238372
107985492,102723834,0.7976959314252615,false,107985492,102723834,0.7976959314252615
344,286676,0.7088553025722976,false,344,286676,0.7088553025722976
344,84419,0.7986142760208599,false,344,84419,0.7986142760208599
344,100533990,0.9993012197643654,false,344,100533990,0.9993012197643654
344,55765,0.7565692419283099,false,344,55765,0.7565692419283099
344,3914,0.7576206794846673,false,344,3914,0.7576206794846673
344,107986951,0.798347750954435,false,344,107986951,0.798347750954435
731220,5008,0.8346614042176828,false,731220,5008,0.8346614042176828
731220,101929690,0.8339778696490399,false,731220,101929690,0.8339778696490399
731220,81607,0.7568646538882027,false,731220,81607,0.7568646538882027
731220,9388,0.8547838899623658,false,731220,9388,0.8547838899623658
731220,105377508,0.9123510222968276,false,731220,105377508,0.9123510222968276
731220,55240,0.9174178066584139,false,731220,55240,0.9174178066584139
731220,64843,0.9305772156857551,false,731220,64843,0.9305772156857551
731220,1301,0.728744461745306,false,731220,1301,0.728744461745306
731220,151760,0.793394836733118,false,731220,151760,0.793394836733118
731220,29991,0.9132952132266831,false,731220,29991,0.9132952132266831
731220,105371275,0.7511199317207891,false,731220,105371275,0.7511199317207891
731220,105375894,0.7551439423346613,false,731220,105375894,0.7551439423346613
731220,1630,0.837488977304316,false,731220,1630,0.837488977304316
731220,105372950,0.7036998987663561,false,731220,105372950,0.7036998987663561
731220,80329,0.8565727987256228,false,731220,80329,0.8565727987256228
731220,102723547,0.9210966887174027,false,731220,102723547,0.9210966887174027
731220,102723834,0.8586257931329668,false,731220,102723834,0.8586257931329668
4283,10437,0.8878132816006605,false,4283,10437,0.8878132816006605
4283,284266,0.8281048841983766,false,4283,284266,0.8281048841983766
4283,79413,0.9521255805741624,false,4283,79413,0.9521255805741624
4283,10643,0.8747277453058002,false,4283,10643,0.8747277453058002
4283,83648,0.783010818264293,false,4283,83648,0.783010818264293
4283,27299,0.9422310878218477,false,4283,27299,0.9422310878218477
4283,105377123,0.8116464119365002,false,4283,105377123,0.8116464119365002
4283,105373557,0.8561784750888294,false,4283,105373557,0.8561784750888294
4283,26289,0.7576600117933733,false,4283,26289,0.7576600117933733
4283,89858,0.8676481412852952,false,4283,89858,0.8676481412852952
4283,3502,0.8513371239564904,false,4283,3502,0.8513371239564904
4283,101928173,0.8614059661031567,false,4283,101928173,0.8614059661031567
4283,101060400,0.8339836222956281,false,4283,101060400,0.8339836222956281
4283,28946,0.8721884280217631,false,4283,28946,0.8721884280217631
4283,102467080,0.710292292012545,false,4283,102467080,0.710292292012545
4283,107986951,0.8026528978875717,false,4283,107986951,0.8026528978875717
4283,6362,0.8304081602224133,false,4283,6362,0.8304081602224133
4283,3512,0.8671613026892891,false,4283,3512,0.8671613026892891
4283,28809,0.8529739223006063,false,4283,28809,0.8529739223006063
286676,84419,0.7575517389277524,false,286676,84419,0.7575517389277524
286676,55765,0.9003926409179505,false,286676,55765,0.9003926409179505
286676,3914,0.897825083641879,false,286676,3914,0.897825083641879
5008,101929690,0.9194489396258035,false,5008,101929690,0.9194489396258035
5008,11130,0.7630666986536072,false,5008,11130,0.7630666986536072
5008,145873,0.8599562277254058,false,5008,145873,0.8599562277254058
5008,9348,0.707550047940473,false,5008,9348,0.707550047940473
5008,81607,0.9599572910106172,false,5008,81607,0.9599572910106172
5008,9388,0.9310034213657158,false,5008,9388,0.9310034213657158
5008,105377508,0.8550509103021108,false,5008,105377508,0.8550509103021108
5008,55240,0.964778578133514,false,5008,55240,0.964778578133514
5008,64843,0.901591251379428,false,5008,64843,0.901591251379428
5008,1301,0.8702028762651496,false,5008,1301,0.8702028762651496
5008,151760,0.8852510232930558,false,5008,151760,0.8852510232930558
5008,29991,0.9340945272487118,false,5008,29991,0.9340945272487118
5008,105371275,0.8551848565283776,false,5008,105371275,0.8551848565283776
5008,105375894,0.868814348313754,false,5008,105375894,0.868814348313754
5008,1630,0.9039373798075944,false,5008,1630,0.9039373798075944
5008,105372950,0.8618754805133181,false,5008,105372950,0.8618754805133181
5008,26150,0.7917127291715169,false,5008,26150,0.7917127291715169
5008,80329,0.7948009886409989,false,5008,80329,0.7948009886409989
5008,102723547,0.8641283292014051,false,5008,102723547,0.8641283292014051
5008,102723834,0.8354394730337379,false,5008,102723834,0.8354394730337379
157570,11130,0.8725323977739314,false,157570,11130,0.8725323977739314
157570,145873,0.747801354354276,false,157570,145873,0.747801354354276
157570,55872,0.9832195793851439,false,157570,55872,0.9832195793851439
157570,9388,0.7075166022491685,false,157570,9388,0.7075166022491685
157570,55635,0.8758333693270403,false,157570,55635,0.8758333693270403
157570,105371275,0.7659220407300519,false,157570,105371275,0.7659220407300519
157570,11004,0.7752471312698853,false,157570,11004,0.7752471312698853
157570,221150,0.8952364686272484,false,157570,221150,0.8952364686272484
157570,26150,0.8601592702846323,false,157570,26150,0.8601592702846323
157570,80329,0.7226439782888214,false,157570,80329,0.7226439782888214
157570,148645,0.7830104607651075,false,157570,148645,0.7830104607651075
10437,284266,0.9741616616231912,false,10437,284266,0.9741616616231912
10437,79413,0.9034200294022698,false,10437,79413,0.9034200294022698
10437,10643,0.9765264573510627,false,10437,10643,0.9765264573510627
10437,83648,0.9651314433506714,false,10437,83648,0.9651314433506714
10437,27299,0.9713331671146028,false,10437,27299,0.9713331671146028
10437,105377123,0.976677494288926,false,10437,105377123,0.976677494288926
10437,105373557,0.9867480115434879,false,10437,105373557,0.9867480115434879
10437,26289,0.8298315373701245,false,10437,26289,0.8298315373701245
10437,89858,0.9889366489859593,false,10437,89858,0.9889366489859593
10437,3502,0.9799121726671232,false,10437,3502,0.9799121726671232
10437,101928173,0.9867434072063362,false,10437,101928173,0.9867434072063362
10437,101060400,0.9776857986205517,false,10437,101060400,0.9776857986205517
10437,28946,0.970639824288003,false,10437,28946,0.970639824288003
10437,102467080,0.9048085847638729,false,10437,102467080,0.9048085847638729
10437,107986951,0.9298391852469745,false,10437,107986951,0.9298391852469745
10437,6362,0.9460985477645791,false,10437,6362,0.9460985477645791
10437,3512,0.9838552753262138,false,10437,3512,0.9838552753262138
10437,28809,0.9791315113876384,false,10437,28809,0.9791315113876384
101929690,11130,0.8556149671524533,false,101929690,11130,0.8556149671524533
101929690,145873,0.887000485246516,false,101929690,145873,0.887000485246516
101929690,9348,0.7660947186161945,false,101929690,9348,0.7660947186161945
101929690,81607,0.8587206136037698,false,101929690,81607,0.8587206136037698
101929690,9388,0.957029085839618,false,101929690,9388,0.957029085839618
101929690,105377508,0.8698005190042597,false,101929690,105377508,0.8698005190042597
101929690,55240,0.9004931604902473,false,101929690,55240,0.9004931604902473
101929690,64843,0.9442097715485658,false,101929690,64843,0.9442097715485658
101929690,1301,0.9616680426740314,false,101929690,1301,0.9616680426740314
101929690,151760,0.9314966079576401,false,101929690,151760,0.9314966079576401
101929690,29991,0.9309312419825219,false,101929690,29991,0.9309312419825219
101929690,105371275,0.9070562263361711,false,101929690,105371275,0.9070562263361711
101929690,105375894,0.9681762322037669,false,101929690,105375894,0.9681762322037669
101929690,1630,0.9514160257885305,false,101929690,1630,0.9514160257885305
101929690,11004,0.8076718509911406,false,101929690,11004,0.8076718509911406
101929690,105372950,0.9598266204230793,false,101929690,105372950,0.9598266204230793
101929690,26150,0.8411590987225124,false,101929690,26150,0.8411590987225124
101929690,80329,0.8073134511810387,false,101929690,80329,0.8073134511810387
101929690,102723547,0.8588783192645852,false,101929690,102723547,0.8588783192645852
101929690,102723834,0.9139179654466547,false,101929690,102723834,0.9139179654466547
11130,145873,0.8710393516365645,false,11130,145873,0.8710393516365645
11130,55872,0.8956589714457522,false,11130,55872,0.8956589714457522
11130,9348,0.7860549466658552,false,11130,9348,0.7860549466658552
11130,81607,0.7626269238481653,false,11130,81607,0.7626269238481653
11130,9388,0.8652625805024048,false,11130,9388,0.8652625805024048
11130,55635,0.8651085349123427,false,11130,55635,0.8651085349123427
11130,105377508,0.74558456581965,false,11130,105377508,0.74558456581965
11130,55240,0.7517942671253983,false,11130,55240,0.7517942671253983
11130,64843,0.8245972660100207,false,11130,64843,0.8245972660100207
11130,1301,0.8663294324092915,false,11130,1301,0.8663294324092915
11130,151760,0.877254662599966,false,11130,151760,0.877254662599966
11130,29991,0.810041937604389,false,11130,29991,0.810041937604389
11130,105371275,0.929480912102497,false,11130,105371275,0.929480912102497
11130,105375894,0.9032275206420621,false,11130,105375894,0.9032275206420621
11130,1630,0.8525951145251124,false,11130,1630,0.8525951145251124
11130,11004,0.8953738861329371,false,11130,11004,0.8953738861329371
11130,221150,0.889140975419184,false,11130,221150,0.889140975419184
11130,105372950,0.8497738222957969,false,11130,105372950,0.8497738222957969
11130,26150,0.9167513328058098,false,11130,26150,0.9167513328058098
11130,80329,0.8094680848615334,false,11130,80329,0.8094680848615334
11130,102723547,0.7756478771852885,false,11130,102723547,0.7756478771852885
11130,148645,0.7240269518984525,false,11130,148645,0.7240269518984525
11130,102723834,0.7346878067495539,false,11130,102723834,0.7346878067495539
145873,55872,0.7835713889886279,false,145873,55872,0.7835713889886279
145873,9348,0.8351302100301693,false,145873,9348,0.8351302100301693
145873,81607,0.8468355862775736,false,145873,81607,0.8468355862775736
145873,9388,0.890277800903313,false,145873,9388,0.890277800903313
145873,55635,0.8159488261747363,false,145873,55635,0.8159488261747363
145873,105377508,0.737969711219573,false,145873,105377508,0.737969711219573
145873,55240,0.8066957947308226,false,145873,55240,0.8066957947308226
145873,64843,0.858949759606942,false,145873,64843,0.858949759606942
145873,1301,0.8253242452412739,false,145873,1301,0.8253242452412739
145873,151760,0.8833167012271435,false,145873,151760,0.8833167012271435
145873,29991,0.828583556903373,false,145873,29991,0.828583556903373
145873,105371275,0.8654249903916427,false,145873,105371275,0.8654249903916427
145873,105375894,0.8879590544255546,false,145873,105375894,0.8879590544255546
145873,1630,0.8931316905551577,false,145873,1630,0.8931316905551577
145873,11004,0.8090240509893899,false,145873,11004,0.8090240509893899
145873,221150,0.8502664519295272,false,145873,221150,0.8502664519295272
145873,105372950,0.849653047001276,false,145873,105372950,0.849653047001276
145873,26150,0.9298005877746229,false,145873,26150,0.9298005877746229
145873,80329,0.7953685554194809,false,145873,80329,0.7953685554194809
145873,102723547,0.7711227587519814,false,145873,102723547,0.7711227587519814
145873,148645,0.8292994606795125,false,145873,148645,0.8292994606795125
145873,102723834,0.8192827287968601,false,145873,102723834,0.8192827287968601
55872,9348,0.7270231968451832,false,55872,9348,0.7270231968451832
55872,9388,0.739872503652184,false,55872,9388,0.739872503652184
55872,55635,0.8942053080464673,false,55872,55635,0.8942053080464673
55872,64843,0.7007349303823435,false,55872,64843,0.7007349303823435
55872,151760,0.7025116748132335,false,55872,151760,0.7025116748132335
55872,105371275,0.7993108164196765,false,55872,105371275,0.7993108164196765
55872,11004,0.8098204078545438,false,55872,11004,0.8098204078545438
55872,221150,0.9289554585742197,false,55872,221150,0.9289554585742197
55872,26150,0.9149552749823613,false,55872,26150,0.9149552749823613
55872,80329,0.7851431193633359,false,55872,80329,0.7851431193633359
55872,102723547,0.7160914476220712,false,55872,102723547,0.7160914476220712
55872,148645,0.7577590057298027,false,55872,148645,0.7577590057298027
84419,100533990,0.7999782195595603,false,84419,100533990,0.7999782195595603
84419,55765,0.9004530045473359,false,84419,55765,0.9004530045473359
84419,3914,0.7519716541483307,false,84419,3914,0.7519716541483307
284266,79413,0.8436316269613336,false,284266,79413,0.8436316269613336
284266,10643,0.9760211799235722,false,284266,10643,0.9760211799235722
284266,83648,0.9713807483231018,false,284266,83648,0.9713807483231018
284266,27299,0.9501769186919259,false,284266,27299,0.9501769186919259
284266,105377123,0.9737112488797944,false,284266,105377123,0.9737112488797944
284266,105373557,0.9934305949582356,false,284266,105373557,0.9934305949582356
284266,26289,0.8081160321316176,false,284266,26289,0.8081160321316176
284266,89858,0.9834535676083199,false,284266,89858,0.9834535676083199
284266,3502,0.9935099840555697,false,284266,3502,0.9935099840555697
284266,101928173,0.9914001730086767,false,284266,101928173,0.9914001730086767
284266,101060400,0.995697721372984,false,284266,101060400,0.995697721372984
284266,28946,0.9593247790895059,false,284266,28946,0.9593247790895059
284266,102467080,0.9463532919390103,false,284266,102467080,0.9463532919390103
284266,107986951,0.9231676413738693,false,284266,107986951,0.9231676413738693
284266,6362,0.9146832787450848,false,284266,6362,0.9146832787450848
284266,3512,0.9817063670747661,false,284266,3512,0.9817063670747661
284266,28809,0.9945944706071874,false,284266,28809,0.9945944706071874
79413,10643,0.8742810805329454,false,79413,10643,0.8742810805329454
79413,83648,0.8384598669877766,false,79413,83648,0.8384598669877766
79413,27299,0.9266616522145669,false,79413,27299,0.9266616522145669
79413,105377123,0.8314620074875568,false,79413,105377123,0.8314620074875568
79413,105373557,0.880952742019097,false,79413,105373557,0.880952742019097
79413,26289,0.7141857816956831,false,79413,26289,0.7141857816956831
79413,89858,0.8903751911309682,false,79413,89858,0.8903751911309682
79413,3502,0.8846884553149931,false,79413,3502,0.8846884553149931
79413,101928173,0.8907801202071386,false,79413,101928173,0.8907801202071386
79413,101060400,0.8659790458830642,false,79413,101060400,0.8659790458830642
79413,28946,0.9235502257337791,false,79413,28946,0.9235502257337791
79413,102467080,0.7395378973518779,false,79413,102467080,0.7395378973518779
79413,107986951,0.7448364653085767,false,79413,107986951,0.7448364653085767
79413,6362,0.8462770715352819,false,79413,6362,0.8462770715352819
79413,3512,0.9097141996567624,false,79413,3512,0.9097141996567624
79413,28809,0.884660426952613,false,79413,28809,0.884660426952613
9348,81607,0.7126671446095345,false,9348,81607,0.7126671446095345
9348,9388,0.7767626728155549,false,9348,9388,0.7767626728155549
9348,105377508,0.7381846014623328,false,9348,105377508,0.7381846014623328
9348,55240,0.7544152502230274,false,9348,55240,0.7544152502230274
9348,64843,0.8121111766197446,false,9348,64843,0.8121111766197446
9348,1301,0.718051495188455,false,9348,1301,0.718051495188455
9348,151760,0.784482243225984,false,9348,151760,0.784482243225984
9348,29991,0.8052006292805411,false,9348,29991,0.8052006292805411
9348,105371275,0.8038744874742365,false,9348,105371275,0.8038744874742365
9348,105375894,0.7200664177616335,false,9348,105375894,0.7200664177616335
9348,1630,0.7884537500066151,false,9348,1630,0.7884537500066151
9348,11004,0.7290067845352106,false,9348,11004,0.7290067845352106
9348,221150,0.8541728093220942,false,9348,221150,0.8541728093220942
9348,105372950,0.726276127221233,false,9348,105372950,0.726276127221233
9348,26150,0.8396931782011801,false,9348,26150,0.8396931782011801
9348,80329,0.910477473707467,false,9348,80329,0.910477473707467
9348,102723547,0.768234898282094,false,9348,102723547,0.768234898282094
9348,102723834,0.7254719968917896,false,9348,102723834,0.7254719968917896
10643,83648,0.959503641569254,false,10643,83648,0.959503641569254
10643,27299,0.9688952492358835,false,10643,27299,0.9688952492358835
10643,105377123,0.9694779650132708,false,10643,105377123,0.9694779650132708
10643,105373557,0.9810057669493691,false,10643,105373557,0.9810057669493691
10643,26289,0.8846412013349022,false,10643,26289,0.8846412013349022
10643,89858,0.9850621194815532,false,10643,89858,0.9850621194815532
10643,3502,0.9759671033111293,false,10643,3502,0.9759671033111293
10643,101928173,0.978781535445547,false,10643,101928173,0.978781535445547
10643,101060400,0.9771359877667686,false,10643,101060400,0.9771359877667686
10643,28946,0.9540258975149718,false,10643,28946,0.9540258975149718
10643,102467080,0.9069207853683736,false,10643,102467080,0.9069207853683736
10643,107986951,0.9376475074366324,false,10643,107986951,0.9376475074366324
10643,6362,0.8975776049158637,false,10643,6362,0.8975776049158637
10643,3512,0.9717633971396555,false,10643,3512,0.9717633971396555
10643,28809,0.9753791122584622,false,10643,28809,0.9753791122584622
100533990,55765,0.747497243663854,false,100533990,55765,0.747497243663854
100533990,3914,0.7402919581066197,false,100533990,3914,0.7402919581066197
100533990,107986951,0.8100229765871553,false,100533990,107986951,0.8100229765871553
83648,27299,0.933051115579041,false,83648,27299,0.933051115579041
83648,105377123,0.9787649015669934,false,83648,105377123,0.9787649015669934
83648,105373557,0.9761419465574467,false,83648,105373557,0.9761419465574467
83648,26289,0.841561377255312,false,83648,26289,0.841561377255312
83648,89858,0.9767337695587496,false,83648,89858,0.9767337695587496
83648,3502,0.9725103593693687,false,83648,3502,0.9725103593693687
83648,101928173,0.9742576183234251,false,83648,101928173,0.9742576183234251
83648,101060400,0.9821076463504621,false,83648,101060400,0.9821076463504621
83648,28946,0.9356884305057493,false,83648,28946,0.9356884305057493
83648,102467080,0.9273080474033318,false,83648,102467080,0.9273080474033318
83648,107986951,0.8869820064647076,false,83648,107986951,0.8869820064647076
83648,6362,0.8671973395459115,false,83648,6362,0.8671973395459115
83648,3512,0.9622912387848706,false,83648,3512,0.9622912387848706
83648,28809,0.971389279565939,false,83648,28809,0.971389279565939
27299,105377123,0.9305605201993943,false,27299,105377123,0.9305605201993943
27299,105373557,0.9630143465277187,false,27299,105373557,0.9630143465277187
27299,26289,0.8355091557173082,false,27299,26289,0.8355091557173082
27299,89858,0.9765020167719098,false,27299,89858,0.9765020167719098
27299,3502,0.9597992051298053,false,27299,3502,0.9597992051298053
27299,101928173,0.9628484974852515,false,27299,101928173,0.9628484974852515
27299,101060400,0.9583978931506735,false,27299,101060400,0.9583978931506735
27299,28946,0.9427306956611581,false,27299,28946,0.9427306956611581
27299,102467080,0.8544286348635508,false,27299,102467080,0.8544286348635508
27299,107986951,0.8970092809071541,false,27299,107986951,0.8970092809071541
27299,6362,0.8776962479400111,false,27299,6362,0.8776962479400111
27299,3512,0.958492907458379,false,27299,3512,0.958492907458379
27299,28809,0.9590208242360845,false,27299,28809,0.9590208242360845
81607,9388,0.86094210336482,false,81607,9388,0.86094210336482
81607,105377508,0.7550177279466184,false,81607,105377508,0.7550177279466184
81607,55240,0.9112173766394114,false,81607,55240,0.9112173766394114
81607,64843,0.823184799424142,false,81607,64843,0.823184799424142
81607,1301,0.776611806380239,false,81607,1301,0.776611806380239
81607,151760,0.9084012345920002,false,81607,151760,0.9084012345920002
81607,29991,0.8672305521534329,false,81607,29991,0.8672305521534329
81607,105371275,0.894022144029046,false,81607,105371275,0.894022144029046
81607,105375894,0.8274028673343843,false,81607,105375894,0.8274028673343843
81607,1630,0.9192881572802645,false,81607,1630,0.9192881572802645
81607,105372950,0.7624418333526432,false,81607,105372950,0.7624418333526432
81607,26150,0.7890554357948241,false,81607,26150,0.7890554357948241
81607,80329,0.7854114660030639,false,81607,80329,0.7854114660030639
81607,102723547,0.8390462870218995,false,81607,102723547,0.8390462870218995
81607,148645,0.7126349347740396,false,81607,148645,0.7126349347740396
81607,102723834,0.8129924149723876,false,81607,102723834,0.8129924149723876
105377123,105373557,0.9796095124592071,false,105377123,105373557,0.9796095124592071
105377123,26289,0.8844185589748761,false,105377123,26289,0.8844185589748761
105377123,89858,0.9665639620191996,false,105377123,89858,0.9665639620191996
105377123,3502,0.9674725058281093,false,105377123,3502,0.9674725058281093
105377123,101928173,0.9780317880801951,false,105377123,101928173,0.9780317880801951
105377123,101060400,0.9707048592829036,false,105377123,101060400,0.9707048592829036
105377123,28946,0.9380451083769864,false,105377123,28946,0.9380451083769864
105377123,102467080,0.9473212984023146,false,105377123,102467080,0.9473212984023146
105377123,107986951,0.9270660997516932,false,105377123,107986951,0.9270660997516932
105377123,6362,0.9083973162712479,false,105377123,6362,0.9083973162712479
105377123,3512,0.9598022392764274,false,105377123,3512,0.9598022392764274
105377123,28809,0.9672604130100428,false,105377123,28809,0.9672604130100428
9388,55635,0.7102207056968937,false,9388,55635,0.7102207056968937
9388,105377508,0.9452921742042389,false,9388,105377508,0.9452921742042389
9388,55240,0.9496174343812003,false,9388,55240,0.9496174343812003
9388,64843,0.9710904889825935,false,9388,64843,0.9710904889825935
9388,1301,0.9326732191943184,false,9388,1301,0.9326732191943184
9388,151760,0.9123686850155291,false,9388,151760,0.9123686850155291
9388,29991,0.9747096284234352,false,9388,29991,0.9747096284234352
9388,105371275,0.8889440818444367,false,9388,105371275,0.8889440818444367
9388,105375894,0.9254163347628206,false,9388,105375894,0.9254163347628206
9388,1630,0.9198747915807169,false,9388,1630,0.9198747915807169
9388,11004,0.8536387648694556,false,9388,11004,0.8536387648694556
9388,221150,0.7704572236186092,false,9388,221150,0.7704572236186092
9388,105372950,0.9271326703134748,false,9388,105372950,0.9271326703134748
9388,26150,0.8759882151271293,false,9388,26150,0.8759882151271293
9388,80329,0.8741764107762144,false,9388,80329,0.8741764107762144
9388,102723547,0.9235085560452753,false,9388,102723547,0.9235085560452753
9388,148645,0.7521858927231155,false,9388,148645,0.7521858927231155
9388,102723834,0.820526507205531,false,9388,102723834,0.820526507205531
105373557,26289,0.8255251796291443,false,105373557,26289,0.8255251796291443
105373557,89858,0.9916441476624954,false,105373557,89858,0.9916441476624954
105373557,3502,0.9978019038421209,false,105373557,3502,0.9978019038421209
105373557,101928173,0.999486493147086,false,105373557,101928173,0.999486493147086
105373557,101060400,0.9956368268338224,false,105373557,101060400,0.9956368268338224
105373557,28946,0.9775348781653443,false,105373557,28946,0.9775348781653443
105373557,102467080,0.9406082039737858,false,105373557,102467080,0.9406082039737858
105373557,107986951,0.9081541431233717,false,105373557,107986951,0.9081541431233717
105373557,6362,0.9214591286287421,false,105373557,6362,0.9214591286287421
105373557,3512,0.992314239730445,false,105373557,3512,0.992314239730445
105373557,28809,0.9971151002296204,false,105373557,28809,0.9971151002296204
26289,105377508,0.7439299460225575,false,26289,105377508,0.7439299460225575
26289,89858,0.8243792835920517,false,26289,89858,0.8243792835920517
26289,3502,0.7975882189142678,false,26289,3502,0.7975882189142678
26289,101928173,0.8205870528591033,false,26289,101928173,0.8205870528591033
26289,101060400,0.8069483585705555,false,26289,101060400,0.8069483585705555
26289,28946,0.7531660900657178,false,26289,28946,0.7531660900657178
26289,102467080,0.7907835142497532,false,26289,102467080,0.7907835142497532
26289,107986951,0.8287598144022583,false,26289,107986951,0.8287598144022583
26289,3512,0.7810326397130886,false,26289,3512,0.7810326397130886
26289,28809,0.7964587366755544,false,26289,28809,0.7964587366755544
55765,3914,0.819054721261114,false,55765,3914,0.819054721261114
55635,1301,0.7301589997513386,false,55635,1301,0.7301589997513386
55635,105371275,0.7009667020323399,false,55635,105371275,0.7009667020323399
55635,105375894,0.7098906437426791,false,55635,105375894,0.7098906437426791
55635,11004,0.9029761153658086,false,55635,11004,0.9029761153658086
55635,221150,0.898139609662715,false,55635,221150,0.898139609662715
55635,105372950,0.7331407194889252,false,55635,105372950,0.7331407194889252
55635,26150,0.8667067417681577,false,55635,26150,0.8667067417681577
55635,148645,0.7019881656999117,false,55635,148645,0.7019881656999117
105377508,55240,0.9476678463485887,false,105377508,55240,0.9476678463485887
105377508,64843,0.9521005314757,false,105377508,64843,0.9521005314757
105377508,1301,0.8464123434686868,false,105377508,1301,0.8464123434686868
105377508,151760,0.8250368723726792,false,105377508,151760,0.8250368723726792
105377508,29991,0.9759182378864181,false,105377508,29991,0.9759182378864181
105377508,105371275,0.7974412333158833,false,105377508,105371275,0.7974412333158833
105377508,105375894,0.8124134393671952,false,105377508,105375894,0.8124134393671952
105377508,1630,0.8289797839962547,false,105377508,1630,0.8289797839962547
105377508,11004,0.7769764010234176,false,105377508,11004,0.7769764010234176
105377508,105372950,0.8269402792878863,false,105377508,105372950,0.8269402792878863
105377508,26150,0.7771019802210993,false,105377508,26150,0.7771019802210993
105377508,80329,0.9033227104455877,false,105377508,80329,0.9033227104455877
105377508,102723547,0.9557406259851087,false,105377508,102723547,0.9557406259851087
105377508,102723834,0.7306993532615722,false,105377508,102723834,0.7306993532615722
55240,64843,0.9482114945433741,false,55240,64843,0.9482114945433741
55240,1301,0.847964488865565,false,55240,1301,0.847964488865565
55240,151760,0.8782276822716424,false,55240,151760,0.8782276822716424
55240,29991,0.984493366423126,false,55240,29991,0.984493366423126
55240,105371275,0.8528786453338523,false,55240,105371275,0.8528786453338523
55240,105375894,0.8340390294964735,false,55240,105375894,0.8340390294964735
55240,1630,0.8945147883343075,false,55240,1630,0.8945147883343075
55240,11004,0.7040279390025221,false,55240,11004,0.7040279390025221
55240,105372950,0.8275463048779307,false,55240,105372950,0.8275463048779307
55240,26150,0.792603254148477,false,55240,26150,0.792603254148477
55240,80329,0.8931947771918236,false,55240,80329,0.8931947771918236
55240,102723547,0.9498435399232854,false,55240,102723547,0.9498435399232854
55240,102723834,0.8118381652814513,false,55240,102723834,0.8118381652814513
89858,3502,0.9907041761490952,false,89858,3502,0.9907041761490952
89858,101928173,0.9898733763458809,false,89858,101928173,0.9898733763458809
89858,101060400,0.9923121436200741,false,89858,101060400,0.9923121436200741
89858,28946,0.9710934449134893,false,89858,28946,0.9710934449134893
89858,102467080,0.9041870090510232,false,89858,102467080,0.9041870090510232
89858,107986951,0.9169305056353645,false,89858,107986951,0.9169305056353645
89858,6362,0.9113552929528015,false,89858,6362,0.9113552929528015
89858,3512,0.9882853872342501,false,89858,3512,0.9882853872342501
89858,28809,0.988922311260871,false,89858,28809,0.988922311260871
3502,101928173,0.9976953476427934,false,3502,101928173,0.9976953476427934
3502,101060400,0.9974396243658463,false,3502,101060400,0.9974396243658463
3502,28946,0.9813498162552372,false,3502,28946,0.9813498162552372
3502,102467080,0.9324671319219201,false,3502,102467080,0.9324671319219201
3502,107986951,0.8963493965352809,false,3502,107986951,0.8963493965352809
3502,6362,0.9180700412438072,false,3502,6362,0.9180700412438072
3502,3512,0.9950093596291648,false,3502,3512,0.9950093596291648
3502,28809,0.9994640869308253,false,3502,28809,0.9994640869308253
64843,1301,0.8925237451534428,false,64843,1301,0.8925237451534428
64843,151760,0.8930713824665182,false,64843,151760,0.8930713824665182
64843,29991,0.977299824326214,false,64843,29991,0.977299824326214
64843,105371275,0.8627832742474724,false,64843,105371275,0.8627832742474724
64843,105375894,0.8998637816907908,false,64843,105375894,0.8998637816907908
64843,1630,0.9123927416966704,false,64843,1630,0.9123927416966704
64843,11004,0.8122671451962435,false,64843,11004,0.8122671451962435
64843,221150,0.7612134398262723,false,64843,221150,0.7612134398262723
64843,105372950,0.8834654044580165,false,64843,105372950,0.8834654044580165
64843,26150,0.8334010260867973,false,64843,26150,0.8334010260867973
64843,80329,0.9090356161517507,false,64843,80329,0.9090356161517507
64843,102723547,0.9319492778996934,false,64843,102723547,0.9319492778996934
64843,102723834,0.8824010292511154,false,64843,102723834,0.8824010292511154
1301,151760,0.8431475544128677,false,1301,151760,0.8431475544128677
1301,29991,0.8932927520845703,false,1301,29991,0.8932927520845703
1301,105371275,0.8507245636386357,false,1301,105371275,0.8507245636386357
1301,105375894,0.9303357413864808,false,1301,105375894,0.9303357413864808
1301,1630,0.8521640593658248,false,1301,1630,0.8521640593658248
1301,11004,0.8889883018972501,false,1301,11004,0.8889883018972501
1301,221150,0.7020625222465371,false,1301,221150,0.7020625222465371
1301,105372950,0.9915625751648768,false,1301,105372950,0.9915625751648768
1301,26150,0.8005053293951263,false,1301,26150,0.8005053293951263
1301,80329,0.743429179057356,false,1301,80329,0.743429179057356
1301,102723547,0.7802132163790202,false,1301,102723547,0.7802132163790202
1301,102723834,0.8010174011805401,false,1301,102723834,0.8010174011805401
101928173,101060400,0.9940069548932207,false,101928173,101060400,0.9940069548932207
101928173,28946,0.9816640161961531,false,101928173,28946,0.9816640161961531
101928173,102467080,0.9410976169688482,false,101928173,102467080,0.9410976169688482
101928173,107986951,0.9005861680442456,false,101928173,107986951,0.9005861680442456
101928173,6362,0.9244254468438232,false,101928173,6362,0.9244254468438232
101928173,3512,0.9941675151744209,false,101928173,3512,0.9941675151744209
101928173,28809,0.9969168171920095,false,101928173,28809,0.9969168171920095
151760,29991,0.9010786900101737,false,151760,29991,0.9010786900101737
151760,105371275,0.9646633398064962,false,151760,105371275,0.9646633398064962
151760,105375894,0.9502074166771991,false,151760,105375894,0.9502074166771991
151760,1630,0.9853517475476159,false,151760,1630,0.9853517475476159
151760,11004,0.7052627381238812,false,151760,11004,0.7052627381238812
151760,221150,0.7088330000546164,false,151760,221150,0.7088330000546164
151760,105372950,0.8401231714508738,false,151760,105372950,0.8401231714508738
151760,26150,0.8616219430571156,false,151760,26150,0.8616219430571156
151760,80329,0.8530501970388427,false,151760,80329,0.8530501970388427
151760,102723547,0.8975790737859825,false,151760,102723547,0.8975790737859825
151760,148645,0.7931934763086531,false,151760,148645,0.7931934763086531
151760,102723834,0.8654895823140073,false,151760,102723834,0.8654895823140073
101060400,28946,0.9675619679444365,false,101060400,28946,0.9675619679444365
101060400,102467080,0.9331195122415237,false,101060400,102467080,0.9331195122415237
101060400,107986951,0.9057735361365843,false,101060400,107986951,0.9057735361365843
101060400,6362,0.9039651388358004,false,101060400,6362,0.9039651388358004
101060400,3512,0.9880899035776693,false,101060400,3512,0.9880899035776693
101060400,28809,0.9973994815750147,false,101060400,28809,0.9973994815750147
29991,105371275,0.8764232680904602,false,29991,105371275,0.8764232680904602
29991,105375894,0.8789598286382004,false,29991,105375894,0.8789598286382004
29991,1630,0.9072049821957879,false,29991,1630,0.9072049821957879
29991,11004,0.7859402479624952,false,29991,11004,0.7859402479624952
29991,221150,0.7120955090401172,false,29991,221150,0.7120955090401172
29991,105372950,0.8777690673758605,false,29991,105372950,0.8777690673758605
29991,26150,0.8267036010741237,false,29991,26150,0.8267036010741237
29991,80329,0.9232837992829077,false,29991,80329,0.9232837992829077
29991,102723547,0.9598925612823876,false,29991,102723547,0.9598925612823876
29991,102723834,0.8203132378493345,false,29991,102723834,0.8203132378493345
105371275,105375894,0.9110262471601633,false,105371275,105375894,0.9110262471601633
105371275,1630,0.9618994542115165,false,105371275,1630,0.9618994542115165
105371275,11004,0.7396858320158876,false,105371275,11004,0.7396858320158876
105371275,221150,0.7552989005942647,false,105371275,221150,0.7552989005942647
105371275,105372950,0.8231496826156646,false,105371275,105372950,0.8231496826156646
105371275,26150,0.906434229461682,false,105371275,26150,0.906434229461682
105371275,80329,0.871728833901107,false,105371275,80329,0.871728833901107
105371275,102723547,0.8856240943897912,false,105371275,102723547,0.8856240943897912
105371275,148645,0.763429901249808,false,105371275,148645,0.763429901249808
105371275,102723834,0.8383850855053127,false,105371275,102723834,0.8383850855053127
28946,102467080,0.8923749838177225,false,28946,102467080,0.8923749838177225
28946,107986951,0.8596592044920215,false,28946,107986951,0.8596592044920215
28946,6362,0.9441373984496004,false,28946,6362,0.9441373984496004
28946,3512,0.9945415684291601,false,28946,3512,0.9945415684291601
28946,28809,0.9782117201519804,false,28946,28809,0.9782117201519804
105375894,1630,0.9370054644427436,false,105375894,1630,0.9370054644427436
105375894,11004,0.8225642644737592,false,105375894,11004,0.8225642644737592
105375894,221150,0.7236527945685732,false,105375894,221150,0.7236527945685732
105375894,105372950,0.9368354156319902,false,105375894,105372950,0.9368354156319902
105375894,26150,0.8370376953491618,false,105375894,26150,0.8370376953491618
105375894,80329,0.7606583017695959,false,105375894,80329,0.7606583017695959
105375894,102723547,0.8142964613438092,false,105375894,102723547,0.8142964613438092
105375894,148645,0.7271879552151497,false,105375894,148645,0.7271879552151497
105375894,102723834,0.8704942932444603,false,105375894,102723834,0.8704942932444603
1630,105372950,0.8442685062466839,false,1630,105372950,0.8442685062466839
1630,26150,0.8704895301181789,false,1630,26150,0.8704895301181789
1630,80329,0.8554791891014913,false,1630,80329,0.8554791891014913
1630,102723547,0.9045775795803505,false,1630,102723547,0.9045775795803505
1630,148645,0.7773699136502346,false,1630,148645,0.7773699136502346
1630,102723834,0.9194998602852028,false,1630,102723834,0.9194998602852028
102467080,107986951,0.8390554369766706,false,102467080,107986951,0.8390554369766706
102467080,6362,0.8439836112009378,false,102467080,6362,0.8439836112009378
102467080,3512,0.9142514777275691,false,102467080,3512,0.9142514777275691
102467080,28809,0.9328273111909963,false,102467080,28809,0.9328273111909963
107986951,6362,0.9072158678654209,false,107986951,6362,0.9072158678654209
107986951,3512,0.8908589356229483,false,107986951,3512,0.8908589356229483
107986951,28809,0.8989731814608567,false,107986951,28809,0.8989731814608567
11004,221150,0.8853143193255951,false,11004,221150,0.8853143193255951
11004,105372950,0.8910215948917685,false,11004,105372950,0.8910215948917685
11004,26150,0.8316557895137222,false,11004,26150,0.8316557895137222
11004,80329,0.7275577885928635,false,11004,80329,0.7275577885928635
6362,3512,0.9401114402852176,false,6362,3512,0.9401114402852176
6362,28809,0.917989501528798,false,6362,28809,0.917989501528798
3512,28809,0.9932560077985392,false,3512,28809,0.9932560077985392
221150,105372950,0.7094598626601935,false,221150,105372950,0.7094598626601935
221150,26150,0.8893498689890551,false,221150,26150,0.8893498689890551
221150,80329,0.8107433148791574,false,221150,80329,0.8107433148791574
221150,148645,0.711880288107887,false,221150,148645,0.711880288107887
105372950,26150,0.795960834464972,false,105372950,26150,0.795960834464972
105372950,80329,0.7194627462221309,false,105372950,80329,0.7194627462221309
105372950,102723547,0.7510768480522019,false,105372950,102723547,0.7510768480522019
105372950,102723834,0.7941817589341807,false,105372950,102723834,0.7941817589341807
26150,80329,0.8639273913764134,false,26150,80329,0.8639273913764134
26150,102723547,0.8344003860120651,false,26150,102723547,0.8344003860120651
26150,148645,0.8205913373426107,false,26150,148645,0.8205913373426107
26150,102723834,0.7384427525272517,false,26150,102723834,0.7384427525272517
80329,102723547,0.9478181880035981,false,80329,102723547,0.9478181880035981
80329,102723834,0.7497011058855402,false,80329,102723834,0.7497011058855402
102723547,148645,0.7411762316472782,false,102723547,148645,0.7411762316472782
102723547,102723834,0.7784479159853099,false,102723547,102723834,0.7784479159853099
