130367
218
26226
83481
149465
64073
9228
10071
400578
109729127
28824
4585
195814
277
1043
