999
114569
284111
92086
7080
64073
138428
3856
3229
22943
277
22941
84059
10071
1746
4680
54897
9228
84700
50964
112268252
