4062
1381
7080
8153
56896
105
3229
1746
57524
7060
