2537
4852
632
128602
3249
24150
654433
1555
158798
85349
128218
