340596
4062
3780
9699
1028
10568
100129940
4892
7546
4222
57524
7060
100419743
