3780
9356
6751
1381
1515
1028
7080
8153
105
3229
399726
1746
4222
57524
441581
7060
