284680
4318
6097
10331
10551
54769
1152
164312
109729184
1513
284266
54
105377033
100996506
727897
1471
155465
