1577
10529
388555
503645
60494
1285
33
105373265
306
4057
200879
105372793
112268422
65217
649946
503640
