10586
340596
6751
57111
1381
1028
10568
4892
105
57526
6441
4222
448831
441581
1080
7060
