81832
3780
9211
4892
441151
8153
105
54084
255189
5053
57524
886
767567
255928
