632
9476
390083
24150
285429
100158262
361
10599
100133669
196335
89765
2160
89
440590
