100820829
6751
57111
1381
1028
10568
2065
57526
105
6441
7546
4222
448831
255189
57524
441581
255928
7060
