1381
57530
654412
4057
11081
57524
6496
5340
8153
160728
255928
246
441151
644649
5225
102723382
100419743
56896
399726
27134
